motif	top_case_zscore	high_case_counts	all_counts
AAGGC	48.21	HG00595:48.21	48.21
ACAGGGTCCCAGAGC	3.50	HG00595:9.81	0.82,0.82,4.07,5.82,4.99,0.83,2.50,1.67,0.84,0.80,2.51,3.35,5.96,6.73,0.82,0.82,3.26,8.05,1.64,5.97,0.85,5.75,0.80,0.81,3.22,1.69,1.70,8.64,9.81,0.84,5.78,4.89,0.79,5.08,1.63,5.04,0.84,1.68,0.85,5.20,0.86,2.49,4.14,3.21,2.54,0.83,2.52,8.38,2.83,3.45,4.99,6.69,0.84,3.41,2.53,0.86,4.16,3.27,3.27,4.03,1.79,2.61,1.74,4.83,5.75,0.81,5.70,0.85,1.64,7.47,2.57,4.27,3.31,2.50,3.46,0.84,1.64,2.43,5.96,0.83,1.66,0.84,0.85,0.79,2.61,2.62,4.15,0.83,0.86,1.65,2.47,2.56,0.82,1.71,5.91,0.85,1.74,3.38,4.28,1.68,0.85,0.82,1.65,0.84,0.78,2.51,0.83,0.84,1.71,0.84,3.15,1.66,3.39,1.69
AAACCCACAGACAAC	3.39	HG00595:7.35	0.82,0.82,2.44,1.66,0.83,0.83,0.83,2.50,1.67,2.39,0.84,2.51,1.66,4.21,0.82,0.82,0.81,2.41,1.64,4.27,2.56,1.73,1.64,4.01,0.83,4.03,0.84,0.97,0.84,2.55,0.86,7.35,1.68,2.48,0.79,0.84,2.52,0.86,1.66,0.80,1.65,1.69,0.83,0.78,0.85,1.68,0.82,3.78,2.59,0.84,0.83,0.84,1.68,0.82,0.84,0.84,0.86,2.50,4.09,1.73,1.68,0.81,1.74,2.61,3.28,1.63,0.85,2.49,2.57,0.83,4.16,0.82,1.62,2.50,6.00,4.12,1.68,1.66,0.83,1.67,4.26,2.36,2.57,3.34,1.74,3.35,2.62,0.83,0.86,1.65,0.86,1.71,3.28,0.86,0.84,0.85,3.49,3.38,3.38,1.71,1.68,1.69,0.82,1.68,0.78,0.83,0.85,0.81,0.85,1.66,2.54
AATGGTGAGGAGCACTGGGG	3.27	HG00595:5.72	0.83,0.83,0.84,1.65,0.80,0.85,0.97,1.70,0.86,5.72,1.68,1.65,2.37,0.85,0.81,1.72,0.84,0.84,3.47,2.49,2.41,1.65,0.84,0.82,0.86,1.63,0.86,0.82,2.69,1.74,4.85,2.44,0.82,0.86,4.92,0.83,0.86,1.62,2.55,1.74,3.36,0.84,0.81,0.83
AACCCTAACCCTCACCCT	2.72	HG00595:9.81	0.82,5.84,0.83,1.67,0.83,3.34,1.60,1.67,2.51,0.83,0.85,2.52,0.82,4.11,2.44,4.02,0.82,0.85,1.73,3.29,2.40,1.67,1.62,0.81,5.05,1.94,5.10,2.59,9.81,3.35,1.65,3.26,7.10,2.54,3.26,1.72,0.84,1.68,1.70,4.34,1.66,0.83,7.23,0.83,6.61,9.38,4.86,0.85,1.68,4.12,0.94,0.84,5.82,2.46,4.19,4.21,1.72,4.16,2.45,3.33,5.18,1.68,4.08,1.69,4.84,0.90,6.08,5.22,2.43,5.64,2.46,1.63,4.89,23.00,3.32,2.57,3.28,6.83,0.83,2.50,0.86,2.51,2.46,1.62,5.96,7.50,4.28,5.77,0.83,1.66,0.84,3.41,4.72,1.67,0.84,0.87,4.15,2.57,3.43,1.65,2.47,2.56,3.28,0.84,2.57,0.86,1.67,3.38,1.70,1.74,5.07,1.71,3.36,5.08,0.82,0.82,2.52,13.20,0.84,3.37,0.85,4.73,0.81,0.83,2.49,10.18,5.08
AACCTCCATAACCTCCCT	2.12	HG00595:22.88	18.78,4.08,13.03,9.98,10.85,9.98,7.48,6.66,18.37,7.52,8.77,15.87,5.03,4.16,5.96,2.52,17.27,12.33,6.52,18.51,16.41,7.68,9.40,1.73,5.75,2.40,7.51,6.49,13.70,6.73,7.74,8.43,7.66,18.14,22.88,8.39,7.43,8.14,17.35,11.01,12.22,12.88,5.88,11.77,16.81,4.25,13.01,4.29,23.20,1.65,11.25,5.78,0.85,4.13,7.03,18.65,29.90,6.71,7.54,14.83,16.99,10.36,20.18,18.30,11.71,9.23,10.22,16.43,1.67,8.42,3.44,14.14,8.17,1.67,6.90,21.01,5.72,14.32,8.88,2.69,6.95,7.83,20.22,7.25,18.06,24.45,6.51,5.98,12.32,15.78,11.15,9.85,2.56,14.06,34.14,6.05,5.86,5.75,4.86,7.66,14.99,3.43,11.54,5.03,14.08,10.77,0.84,11.93,20.43,4.29,9.20,8.70,13.39,10.48,3.32,6.85,1.65,5.14,16.55,8.22,8.53,12.31,8.39,3.43,5.14,7.52,5.91,7.64,13.96,9.31,2.54,9.41,0.84,1.69,9.00,10.92,9.32,7.54,1.66,8.43,11.11,15.04,5.52,21.15,11.04,4.14,7.48,8.49,5.93
AACCAGGCGCACACCCAG	2.01	HG00595:3.27	0.81,0.83,0.83,1.67,0.84,1.61,1.94,0.84,0.85,3.27,0.85,2.44,0.78,0.85,0.94,1.63,0.84,0.90,0.82,0.83,0.86,0.82,1.70,1.67,0.82,0.79,0.86,0.84,0.82,0.82,0.86,0.84,0.87,0.85,0.84,0.85,0.82,0.84,0.85,0.83
AAGGAAGGAAGGAAGGAGGG	1.84	HG00595:2.45	0.82,0.85,2.45,1.58,0.86,0.83,0.84,0.90,0.85,0.84,0.83
ACACCAGACAGTCCCC	1.75	HG00595:2.45	1.63,2.45,0.84,1.69,0.83,2.43,1.71,0.83,0.84
ACAGGGGAGATGGAGG	1.74	HG00595:3.27	0.82,0.83,2.50,1.67,0.84,0.84,0.83,1.63,0.80,0.82,0.82,0.81,1.70,0.86,3.27,0.83,1.63,0.86,0.84,0.84,0.83,0.80,0.85,0.83,0.81,0.85,0.84,0.84,0.84,0.83,0.82,0.84,1.79,0.87,1.62,0.82,0.81,0.85,0.83,1.72,0.82,0.85,0.81,0.83,1.67,0.87,0.84,0.78,0.84,0.79,2.44,0.85
AAAG	1.56	HG00595:28.60	4.90,4.90,3.26,5.82,10.02,27.46,7.48,3.33,6.68,3.34,5.58,6.68,5.86,12.48,1.70,15.99,15.63,2.47,6.52,7.24,5.75,2.56,8.54,6.06,10.69,9.61,5.01,9.74,4.84,5.05,14.52,11.81,31.47,12.96,28.60,28.51,6.60,13.03,22.87,6.77,8.15,21.46,4.20,15.13,16.81,16.16,5.20,7.72,14.91,13.23,10.45,1.65,6.77,7.44,7.03,14.59,2.56,11.75,1.68,3.30,5.66,4.32,6.73,4.99,10.04,6.71,6.81,2.51,3.37,9.47,7.49,5.72,13.32,5.18,8.40,16.33,40.44,13.72,9.86,2.61,18.27,8.90,7.25,12.32,12.22,12.21,4.27,9.86,15.78,16.30,21.33,9.39,24.82,11.66,14.70,12.56,9.86,36.48,4.25,11.66,3.43,2.47,2.52,2.48,5.80,3.35,4.26,3.93,2.57,15.05,4.35,2.51,7.86,16.60,3.31,5.14,3.31,1.64,1.71,7.39,2.52,6.85,0.84,4.22,5.09,5.23,1.69,4.23,1.71,5.88,0.85,17.17,0.82,3.36,0.78,6.70,9.98,10.96,5.98,3.34,3.15,4.88,6.79,3.31,1.66,1.70,3.39
AACGAGTGAGTGAGGAGAGG	1.46	HG00595:5.72	1.63,4.92,6.75,0.86,5.72,3.26,1.69,8.41,2.57,6.43,1.65,3.30,1.67,1.73,5.72,8.88,2.69,2.43,3.26,0.82,2.56,0.83,1.67,3.46,0.82,3.24,5.13
AAATGGACTACAACCACGCC	1.14	HG00595:40.86	28.56,13.84,9.98,27.54,19.14,11.66,22.54,38.45,15.16,19.21,26.80,19.14,18.72,44.60,36.19,25.48,35.04,7.24,36.11,38.40,29.90,33.74,15.62,13.62,39.23,23.54,15.31,15.98,13.55,26.14,42.33,40.86,33.54,8.25,11.40,26.03,16.94,13.04,16.31,0.84,14.29,27.21,12.86,18.20,23.30,4.95,28.91,20.27,18.79,26.01,36.86,28.84,14.16,0.86,38.67,23.29,29.29,13.42,11.50,10.89,16.84,18.93,33.28,35.14,16.39,41.17,11.43,16.14,0.90,40.84,19.14,20.14,0.82,20.35,31.62,13.13,21.35,19.03,30.99,9.86,19.46,14.99,25.71,45.56,0.85,24.85,25.08,16.54,11.71,0.87,19.92,7.70,40.55,20.68,26.31,25.60,27.09,13.43,36.84,19.41,12.73,15.70,24.53,11.84,14.55,17.65,31.36,11.64,38.26,10.96,17.94,10.87,25.23,17.90,21.23,21.62,25.40
