motif	top_case_zscore	high_case_counts	all_counts
AAGAAGGTGGTGGGAG	6.59	HG00371:42.71	13.88,0.82,19.12,0.83,19.15,1.67,0.80,2.47,15.62,1.61,1.71,0.82,42.71,17.36,2.52,4.18,21.29,6.74,8.52,1.71,2.57,4.20,1.67
AAGAAGATGGTGGGAG	5.57	HG00371:5.64	0.82,0.84,5.64,3.31,0.84
AAATG	4.82	HG00371:4.84	0.85,4.84,7.56,2.53
AAAGGTGTGTGTGGGTGG	4.16	HG00371:17.73	5.71,6.53,8.96,3.33,8.35,7.49,6.65,3.33,9.18,8.36,4.79,12.53,4.19,2.50,4.25,7.57,6.58,4.93,9.78,2.41,15.59,10.25,9.52,6.58,6.41,6.68,1.62,17.73,5.05,9.68,15.18,11.91,9.50,13.07,5.87,4.95,12.21,15.77,8.47,8.15,7.73,10.08,5.04,7.57,9.35,6.94,6.00,7.46,4.96,12.05,2.48,3.39,0.83,12.50,8.92,4.27,9.23,11.73,13.18,9.44,2.59,2.52,9.98,6.69,2.52,3.41,14.78,7.54,8.42,10.33,5.82,8.99,4.16,1.73,10.92,6.53,5.90,13.72,8.07,9.56,9.57,12.13,9.67,9.03,10.59,11.40,5.98,11.50,4.15,6.86,9.85,11.96,8.27,14.16,8.64,5.86,6.57,12.97,10.21,9.16,1.71,2.47,4.14,10.77,3.35,8.57,9.20,10.45,5.02,10.48,1.66,4.14,2.57,6.62,2.47,8.53,6.57,3.36,0.86,3.43,2.51,10.13,4.24,7.85,6.77,5.07,6.85,6.72,9.00,9.90,13.20,5.02,5.82,0.84,10.25,4.18,22.08,12.20,6.79,0.83,8.31,8.49,5.08
AACATATATATATGG	3.10	HG00371:4.03	4.03,0.86,0.82,0.81,0.81,0.81,1.71,7.67,0.86,0.86,3.34,6.54,1.69
AAATAAATACTGTATTTAT	2.26	HG00371:16.92	12.47,17.55,13.36,3.33,3.40,15.15,5.75,5.70,23.80,10.24,6.83,0.82,13.80,16.92,2.52,8.71,6.75,2.59,0.82,2.52,15.47,7.62,4.07,1.68,0.84,5.04,0.85,5.14,0.83,9.64,4.13,11.33,16.41,1.68,1.68,7.66,4.93,5.05,4.09,5.00,2.42,6.95,6.96,9.70,6.44,9.97,0.86,4.19,4.11,5.96,1.67,4.18,6.62,2.46,1.71,1.69,13.31,4.73
AAGGCGGATCCCCGAGGTG	2.07	HG00371:4.03	1.63,1.66,0.83,1.67,0.83,0.85,1.64,1.61,0.82,1.67,4.03,1.68,0.97,0.84,0.86,0.84,3.15,0.81,0.86,0.84,0.85,0.87,1.69,2.34,0.85,0.84,0.94,1.67,0.82,1.68,0.86,0.86,1.69,0.87,0.87,0.81,0.81,0.81,1.64,0.83,0.82,0.83,0.86,0.84,0.82,2.48,0.79,1.74,2.62,0.82,0.85,1.71,0.86,0.84,1.69,2.45,0.82,0.78,2.51,1.69,0.85,0.85
ACACAGCTCACGACAGCACC	1.71	HG00371:3.22	1.63,1.67,1.70,0.82,3.22,1.63,1.65,0.84,0.84,0.82,1.68,3.33,0.84,0.84,1.74,0.85,0.83,0.85,0.84,1.70,1.69,0.83
ACCTCCCTCGCC	1.71	HG00371:2.42	0.83,4.07,2.42,1.69,1.70,1.68,0.82,1.67,0.83,0.85
AAGGGAGGAAGGGAGGGAGG	1.60	HG00371:1.61	0.81,1.61,0.78
AACCTCCTCCTCACTGC	1.52	HG00371:2.42	0.83,0.83,0.84,0.80,0.85,0.87,0.81,2.42,0.85,0.82,0.85,0.86,0.84,0.85,0.86,0.83,0.78,1.63,0.87,2.61,0.81,0.83,1.67,0.86,1.71,0.84,0.84,0.78,0.81,0.83
AATGTCCGTGGCTGCGGTGT	1.41	HG00371:19.34	2.45,13.87,13.03,2.49,5.01,2.50,4.99,2.50,5.84,3.34,10.37,7.52,2.51,16.64,3.40,4.21,3.29,3.29,7.33,6.44,9.85,3.41,5.13,2.60,3.29,2.40,4.17,17.04,19.34,2.52,4.84,3.37,5.10,2.59,2.45,2.52,0.83,8.96,13.41,5.93,1.63,12.02,5.04,6.73,0.84,5.95,1.71,3.31,3.31,1.61,4.13,5.93,2.48,4.69,6.49,2.56,3.36,4.19,3.30,1.89,1.73,2.52,4.16,18.41,4.19,5.11,4.93,15.07,2.53,3.44,4.99,3.27,2.50,5.18,5.88,4.08,5.90,4.84,2.69,6.08,6.09,2.43,2.42,2.46,7.33,3.26,4.27,5.75,4.15,3.43,10.67,4.27,5.79,4.16,5.86,6.57,1.62,9.36,8.33,3.43,9.07,1.68,4.97,26.51,4.19,9.38,9.43,6.86,0.84,3.48,4.18,0.87,4.15,0.86,9.10,12.41,8.22,0.85,7.39,10.91,2.57,2.57,15.87,7.59,7.61,6.77,10.27,5.04,2.54,7.36,17.32,5.88,27.17,15.91,7.49,5.90,1.71,0.84,25.23,21.15,15.29,5.79,3.33,3.39,16.09
ATATATATATATCC	1.09	HG00371:2.42	2.45,0.85,0.80,0.82,0.82,2.42,0.86,1.69,0.83,0.83,0.83,1.70,0.84,2.58,0.83,1.65,1.66,0.79,1.71,0.87,0.83,0.82,0.86,2.33
