motif	top_case_zscore	high_case_counts	all_counts
ATCC	10.02	HG00117:155.45	123.27,67.73,75.72,95.62,80.12,115.65,95.58,100.76,113.56,155.45,82.96,75.17,103.87,106.49,148.05,69.01,79.78,100.28,74.16,100.62,70.58,114.34,97.39,93.43,79.74,123.39,88.47,120.94,91.87,74.01,126.82,94.44,108.03,74.30,89.06,98.95,76.73,99.34,127.77,115.17,87.20,92.72,115.93,99.20,100.88,82.49,109.26,100.30,108.52,105.87,98.84,84.21,51.66,84.30,109.40,126.47,81.15,76.34,108.07,131.02,54.75,79.45,129.46,99.81,104.60,62.90,93.68,87.87,81.23,111.16,72.28,123.95,78.46,132.39,62.97,92.42,99.62,91.83,75.85,89.61,117.30,71.36,61.46,89.41,91.14,139.36,69.21,86.30,93.65,72.25,111.54,102.57,107.61,100.92,91.59,78.66,89.61,137.98,96.48,131.04,63.31,52.27,126.09,96.50,58.80,119.27,72.84,111.67,118.68,82.28,83.60,80.08,79.48,93.41,109.55,87.30,99.30,113.07,105.08,72.35,99.00,90.30,89.81,76.33,54.83,62.64,48.94,66.21,88.99,128.59,98.10,105.25,94.95,83.05,78.50,114.62,70.57,108.68,66.14,72.37,117.99,125.60,87.76,71.75,80.54,112.95,62.87,98.94,89.96,62.66
ACCATC	6.67	HG00117:12.54	3.27,1.63,0.81,0.83,1.67,1.66,1.66,0.83,12.54,1.60,4.18,3.35,4.25,5.89,4.11,6.58,3.26,3.22,2.46,1.71,3.42,1.73,1.64,2.40,5.84,2.43,4.03,0.84,3.87,4.22,0.85,4.32,0.82,2.52,3.30,4.07,8.68,0.85,2.44,1.72,2.52,1.68,0.85,6.94,0.86,0.83,3.31,4.02,0.83,4.23,1.65,5.47,3.24,3.42,1.68,1.68,0.82,0.86,2.52,1.67,0.84,2.55,7.39,2.51,0.84,0.86,1.66,0.82,0.83,3.45,3.36,0.82,0.84,0.81,0.90,1.74,5.22,0.81,5.64,4.11,0.81,0.81,0.85,5.75,5.81,1.72,0.82,0.85,0.83,5.83,0.86,1.67,4.93,1.62,3.40,4.17,1.65,0.83,0.83,0.79,0.84,4.35,2.51,0.87,1.66,3.31,1.71,0.83,5.97,1.64,0.86,4.22,0.85,0.85,0.85,1.71,2.52,2.54,2.45,3.30,1.68,0.83,0.84,1.58,1.63,0.85,0.83,2.49,0.85
AAGGGATAGACAGGGG	4.85	HG00117:13.37	4.08,3.26,2.44,0.83,5.82,4.16,13.37,7.52,1.68,4.99,0.85,3.37,5.76,1.64,1.63,7.24,2.46,4.27,0.82,4.06,0.82,2.44,8.68,0.85,8.15,2.58,3.40,0.86,2.49,1.65,1.65,1.69,3.91,4.05,5.03,0.94,1.67,1.70,4.11,3.35,5.89,5.72,0.83,0.84,2.45,0.81,0.87,0.81,0.82,0.81,0.81,13.14,2.49,0.86,0.82,5.12,3.31,3.35,0.82,0.81,5.11,9.89,4.14,8.28,4.19,0.85,0.79,0.86,0.84,4.35,6.98,1.66,6.85,10.76,5.14,3.41,4.10,2.52,2.57,1.67,8.44,3.49,5.92,0.85,1.68,7.63,3.30,0.78,9.15,5.98,2.51,9.46,8.95,0.85,0.83,5.08
AATGG	3.84	HG00117:1595.50	769.01,598.95,792.20,998.63,635.16,1164.78,728.93,922.69,977.75,1595.50,652.49,736.66,836.79,913.52,1053.35,588.26,715.58,797.29,722.04,705.14,656.59,802.07,1100.39,1603.92,930.53,920.60,1007.41,909.04,564.09,1199.36,815.12,887.10,1460.49,406.04,552.36,691.00,643.55,589.52,562.37,640.21,682.93,1008.79,903.88,710.40,561.55,1040.86,1136.00,848.68,515.28,899.11,535.20,929.61,886.65,896.68,512.62,499.39,472.37,1099.02,1120.09,529.86,666.40,1166.72,1070.19,712.83,1246.81,821.90,870.38,541.21,628.06,655.18,1214.17,1300.23,755.18,1015.84,859.96,777.20,799.42,433.89,795.58,1130.03,1387.63,717.93,549.88,496.20,682.34,565.60,845.13,997.17,465.80,619.53,583.45,894.43,411.65,877.64,477.12,744.27,1105.44,696.46,746.72,693.48,926.35,963.19,868.62,1069.92,834.85,884.62,874.91,527.66,582.38,881.04,575.16,961.87,852.49,1108.66,1220.03,901.27,694.24,1614.74,450.92,713.61,974.68,788.05,1155.84,957.94,674.27,731.58,886.02,849.74,1422.94,635.32,1188.19,813.77,728.50,1015.30,520.90,423.02,704.85,583.00,574.37,814.32,764.38,1156.89,703.74,482.51,566.21,376.23,967.91,1186.44,661.14,622.36
AAAAT	3.63	HG00117:56.83	119.14,47.22,24.11,21.70,1.66,4.16,21.71,56.83,29.78,2.52,14.81,8.22,10.59,25.76,7.39,0.85,6.83,6.06,20.55,21.63,22.54,8.12,0.81,32.80,0.97,5.06,0.82,18.45,4.13,22.80,12.70,0.81,36.06,14.28,0.84,22.70,6.94,3.43,27.30,2.41,28.79,9.92,21.10,1.62,5.98,17.62,9.89,3.78,0.84,28.28,14.48,6.70,1.68,1.72,21.63,0.82,0.86,14.70,8.43,3.23,2.61,16.53,4.85,0.81,2.46,1.63,17.91,17.94,2.46,7.47,7.72,5.98,1.65,4.16,0.84,45.99,12.97,5.83,9.43,4.12,4.97,5.80,12.56,20.46,13.36,33.42,3.34,33.95,4.36,0.83,5.99,3.31,3.43,4.14,8.21,7.55,2.57,11.99,43.88,5.94,35.77,3.38,8.46,4.28,2.52,5.08,35.16,6.60,3.36,45.80,9.21,4.16,26.49,30.09,28.38,0.81,8.49,14.13,44.13,44.88
ACACTCACCCTCTCC	3.11	HG00117:5.01	0.82,0.83,1.66,1.66,0.83,0.83,5.01,0.84,0.83,0.85,0.84,4.11,1.63,0.80,1.64,2.56,0.85,0.84,1.70,0.81,1.72,2.55,0.87,0.86,0.80,0.78,0.81,0.85,0.84,0.84,0.84,0.83,2.51,0.85,1.64,0.84,0.86,1.68,0.82,0.84,0.81,0.90,0.87,1.62,0.81,3.28,0.85,1.64,1.66,1.72,0.82,0.83,0.86,0.84,0.82,0.81,0.85,0.79,0.86,0.86,0.86,1.65,0.85,0.84,1.67,0.87,0.84,0.82,0.78,0.84,0.85,0.79,0.83,0.85
AACCCAGGACCCCTCTACAG	2.85	HG00117:10.87	2.45,3.26,0.81,8.31,7.51,2.50,6.65,5.83,5.01,10.87,2.39,1.67,5.86,2.50,5.11,1.68,5.76,1.64,1.63,8.05,2.46,4.27,3.42,5.19,3.29,3.20,0.83,4.06,1.61,0.84,3.87,3.37,8.51,0.86,6.54,4.19,3.30,1.63,3.94,1.69,1.63,2.58,3.36,4.20,3.36,5.10,5.20,6.00,2.49,5.79,7.23,0.83,2.54,2.48,4.69,12.16,5.13,10.91,3.35,2.47,1.73,4.20,3.33,5.86,8.21,5.86,3.37,7.74,1.66,4.09,3.33,3.45,1.68,0.82,6.45,4.48,7.82,3.48,3.23,1.61,5.75,2.44,0.81,3.42,0.82,4.98,3.43,7.39,3.42,6.62,5.00,5.19,2.51,6.57,4.05,5.96,5.00,3.43,8.24,3.36,1.66,0.83,7.54,6.82,3.93,5.14,3.34,3.48,2.51,6.11,4.98,2.57,4.14,6.00,4.96,5.75,5.97,0.82,7.55,1.72,6.00,5.85,5.06,3.40,3.49,5.92,5.92,1.71,5.88,3.39,2.45,2.47,8.40,3.88,3.35,4.16,5.90,5.98,2.51,1.58,3.25,6.79,4.96,2.49,3.39,5.08
AAATAAATACTGTATTTAT	2.43	HG00117:17.55	12.47,17.55,13.36,3.33,3.40,15.15,5.75,5.70,23.80,10.24,6.83,0.82,13.80,16.92,2.52,8.71,6.75,2.59,0.82,2.52,15.47,7.62,4.07,1.68,0.84,5.04,0.85,5.14,0.83,9.64,4.13,11.33,16.41,1.68,1.68,7.66,4.93,5.05,4.09,5.00,2.42,6.95,6.96,9.70,6.44,9.97,0.86,4.19,4.11,5.96,1.67,4.18,6.62,2.46,1.71,1.69,13.31,4.73
ACTCCCACTGCCTCCCT	1.90	HG00117:4.18	1.63,0.82,0.83,1.67,1.67,4.18,0.80,0.87,2.50,2.53,0.78,6.49,0.84,2.47,0.94,0.83,0.84,2.53,0.90,0.83,0.86,2.48,1.70,0.79,2.61,0.83,1.71,1.67,0.85,8.25,0.83,1.67,0.79,0.85
AGCCC	1.80	HG00117:13.37	4.90,6.53,4.89,6.65,3.34,8.32,9.14,6.66,7.51,13.37,3.99,6.68,3.35,3.33,5.96,9.26,6.58,6.58,6.52,11.27,5.75,7.68,5.98,4.33,13.15,2.40,8.35,2.43,4.84,5.05,12.59,4.22,12.76,3.46,2.45,9.22,3.30,8.14,9.46,2.54,4.07,2.58,8.40,2.52,4.20,3.40,6.07,6.00,4.97,5.79,2.41,1.65,4.23,4.13,6.25,4.86,7.69,9.23,5.86,4.12,2.83,2.59,4.20,7.49,6.69,2.52,8.52,6.57,2.51,4.21,3.44,7.49,7.36,8.33,9.49,3.36,3.27,3.37,10.49,7.17,4.34,6.09,4.04,4.03,2.46,4.07,4.07,3.42,6.57,4.98,8.58,6.56,3.42,4.96,2.50,4.32,5.02,3.29,9.73,5.11,7.50,11.14,5.77,5.87,1.66,3.31,10.05,3.41,7.07,11.14,5.85,6.09,8.37,2.62,13.28,6.85,6.62,12.85,4.96,5.75,5.97,4.10,6.72,6.86,8.57,5.01,10.13,9.34,8.72,5.08,6.77,5.99,5.04,7.63,7.36,2.47,7.56,6.99,9.21,2.50,10.96,9.40,5.85,9.46,7.32,8.49,6.62,12.47,3.39,7.62
ACAGGGTGCTGATGAGG	1.71	HG00117:11.70	10.81,11.70,19.94,3.33,2.47,4.17,1.61,0.84,4.29,0.84,22.61,9.89,0.84,1.67,0.83,6.85,4.14,8.47,0.82,0.81,24.82
AAATACTATTT	1.67	HG00117:1.67	1.67
AACCCGAACCCGAACCCT	1.67	HG00117:1.67	1.67
AACCCTAACCCTACCCCT	1.66	HG00117:1.67	1.67,0.81,1.68,0.87
ACCACCACCACCTCC	1.49	HG00117:4.18	1.63,1.63,1.66,0.83,0.83,0.83,0.83,4.18,0.80,2.51,1.66,0.82,2.47,1.63,1.61,0.82,0.85,1.64,2.40,1.62,0.81,0.84,3.87,0.84,0.85,2.45,0.79,0.81,2.58,1.68,2.52,0.87,0.83,1.65,2.48,0.83,0.78,1.62,1.71,3.35,2.59,1.68,0.83,5.02,0.84,2.55,0.82,0.84,0.86,0.83,2.50,4.31,1.68,0.82,1.69,0.87,0.81,0.81,0.82,0.81,0.85,0.82,1.66,0.82,0.85,0.83,0.83,0.86,0.84,0.82,0.81,2.55,2.48,0.85,2.36,0.84,0.87,0.84,1.65,1.71,0.83,1.64,0.86,1.67,0.84,0.87,0.85,1.69,2.52,0.85,0.78,0.83,2.56,1.58,0.83
ACACAGGGTGCAGG	1.16	HG00117:3.34	0.82,0.82,1.66,3.34,0.80,0.83,1.70,1.68,0.82,1.61,0.82,0.85,1.60,3.25,0.81,0.84,0.82,0.85,0.87,0.83,1.62,1.71,0.82,0.86,2.52,0.84,0.86,0.90,1.74,5.64,4.07,1.63,0.85,0.85,0.83,0.83,0.84,3.36,0.84,1.67,0.84,0.87,2.48,2.56,0.85,1.69,0.86,1.68,0.84,1.55,1.67,0.85,0.84,0.79,0.83,0.85
ACCACCACCCCCATC	1.02	HG00117:3.34	0.83,1.66,2.50,3.34,4.18,3.40,0.84,1.63,2.41,2.46,2.56,1.67,0.81,0.81,0.84,0.86,0.84,0.81,0.84,0.87,1.56,0.85,0.84,3.35,2.55,3.44,0.84,0.90,0.81,1.62,0.86,0.85,0.85
