motif	top_case_zscore	high_case_counts	all_counts
AAGAAGAAGAAGCAG	5.66	HG00662:6.73	0.82,0.81,5.78,6.51,0.86,6.73,0.82,6.57,0.83,0.86,0.86,0.85,0.84,0.85,0.83
AACGAGTGAGTGAGGAGAGG	4.05	HG00662:8.41	1.63,4.92,6.75,0.86,5.72,3.26,1.69,8.41,2.57,6.43,1.65,3.30,1.67,1.73,5.72,8.88,2.69,2.43,3.26,0.82,2.56,0.83,1.67,3.46,0.82,3.24,5.13
AAG	3.84	HG00662:184.10	73.47,42.43,115.61,6.65,59.26,92.35,111.38,48.30,154.47,67.70,89.34,35.08,103.03,90.69,238.24,5.05,7.40,116.72,14.67,67.62,68.12,97.27,66.64,118.52,51.79,99.35,114.35,80.35,50.77,128.68,112.30,22.77,77.41,4.32,50.66,59.54,70.96,102.60,47.32,110.94,3.26,65.25,52.08,82.39,184.10,120.75,9.54,2.57,51.36,73.62,45.81,71.83,108.40,90.91,89.08,101.34,0.85,38.59,124.83,85.70,113.27,45.77,61.37,122.27,162.34,78.84,81.76,81.30,24.28,113.69,59.37,74.87,53.12,144.05,4.31,117.63,73.49,48.02,82.30,111.12,7.82,0.87,145.56,49.94,61.58,55.42,87.12,64.94,42.72,4.98,85.80,120.62,85.40,116.63,58.29,107.19,173.29,128.91,79.13,54.98,91.69,120.32,93.15,94.42,73.72,92.10,69.05,48.73,119.13,5.02,55.71,106.25,125.71,63.08,68.47,66.20,155.05,93.49,13.15,104.98,6.57,47.85,77.18,77.11,49.27,65.82,96.77,116.91,76.98,61.74,38.51,127.72,119.50,60.51,65.97,87.37,74.53,56.10,103.97,41.29,69.21,86.92,67.01,24.41,39.92,51.29,111.41,100.15,105.00
ACAGAGGG	3.28	HG00662:73.14	37.54,19.54,3.33,3.34,3.33,1.66,5.83,19.22,2.39,6.68,4.19,4.16,3.40,2.52,33.72,42.74,5.70,21.73,3.28,26.45,4.27,0.87,5.75,21.63,31.96,28.07,5.90,58.69,38.58,23.93,44.78,52.85,11.86,23.18,21.02,73.14,20.41,44.23,16.29,67.10,26.47,24.91,8.26,5.08,5.79,2.34,0.81,10.25,1.68,3.35,5.77,3.78,0.86,22.70,11.64,14.26,6.81,8.21,2.51,2.53,16.35,21.63,32.69,33.31,25.01,35.29,47.18,14.77,11.31,31.54,59.61,32.84,89.65,56.18,52.58,20.76,26.26,33.31,40.80,5.19,33.50,18.89,63.24,3.40,1.67,9.11,15.07,24.72,17.14,5.85,3.48,6.11,18.26,3.42,23.99,2.48,0.82,21.34,39.40,25.18,15.42,3.38,22.92,5.08,26.53,1.68,22.88,28.04,2.52,43.47,4.19,4.99,4.21,6.84,4.18,64.65,7.32,3.40,4.14,22.45,22.02
ACCGTGGGGACGGCTGAG	1.84	HG00662:5.04	2.45,0.81,1.66,0.83,1.60,4.21,0.82,1.64,3.26,0.80,0.85,1.73,1.64,0.80,5.01,0.81,0.84,2.55,2.45,3.30,0.79,0.85,1.72,1.68,5.04,0.85,1.66,4.14,1.65,0.78,4.86,0.85,0.84,0.86,0.82,0.86,2.50,2.45,0.82,1.69,0.90,1.62,0.81,0.82,2.44,4.07,0.85,1.64,0.83,0.83,1.67,1.66,0.83,2.51,0.85,0.79,1.67,2.49,1.65,2.47,0.85,0.82,0.86,1.67,1.69,0.85,3.49,0.85,0.85,0.86,2.52,0.82,0.84,0.83,0.81,1.70,0.83
AAAGAAGGAAGGGAGGG	1.64	HG00662:1.68	1.67,1.68,0.84,0.82
AATATATATATATATGG	1.58	HG00662:6.73	1.63,0.82,2.44,3.33,2.50,4.99,3.33,1.67,3.99,11.69,1.66,4.25,2.44,1.61,0.82,1.71,1.64,1.60,4.03,0.84,1.69,5.95,3.35,3.30,4.89,5.52,2.58,1.68,6.73,0.85,1.73,0.83,1.61,0.81,0.84,0.82,2.59,0.84,2.51,2.55,5.75,1.67,3.33,1.63,2.52,1.63,5.90,0.90,3.23,4.03,2.46,5.70,1.63,0.85,0.86,4.92,2.48,5.83,0.86,4.19,0.82,0.81,4.25,4.19,0.86,1.71,3.43,1.71,0.84,1.69,3.27,1.68,0.83,3.33
AATTACCGCTCAGGCCG	1.42	HG00662:1.68	1.63,1.68,0.83,0.82,1.68,0.82,0.83
AATTCCAGGACACCCACCCC	1.35	HG00662:2.52	0.83,0.83,0.84,0.80,0.82,0.79,0.86,2.52,0.83,0.80,0.81,0.94,0.83,1.72,0.83,0.82,1.74,0.85,0.83,0.84,0.81,1.70,0.83,0.82,0.83,0.83,1.74,0.83,0.85,0.82,1.69,0.78,3.42,0.79,0.81
AAGGAAGGGAAGGAGG	1.27	HG00662:15.97	6.53,5.84,4.16,3.32,1.67,5.85,2.51,5.82,3.40,3.37,5.76,3.29,2.41,4.92,2.60,6.41,10.02,4.06,5.89,4.84,14.69,9.81,5.87,4.13,17.10,15.77,2.54,5.70,11.16,4.20,9.25,15.97,8.50,4.34,2.57,12.43,11.58,4.13,3.39,3.13,5.87,4.72,1.68,3.35,5.82,7.36,4.16,2.59,5.88,4.08,7.58,13.72,2.69,6.95,7.83,27.49,5.64,0.82,11.41,8.96,4.27,19.72,0.83,3.43,8.21,6.83,4.96,13.32,7.78,6.70,4.11,17.03,5.11,0.86,0.84,7.07,0.87,1.71,0.83,1.65,1.64,4.20,6.85,5.06,3.49,4.23,4.23,1.69,0.83,7.69,3.34,7.88,1.63,1.70,0.83,6.79
AGAGGAGGGAGGCCGGC	1.25	HG00662:2.52	0.82,0.84,0.83,0.87,1.64,0.80,2.52,0.87,1.66,1.69,0.81,0.82,0.82,1.68,0.82,0.81,2.59,0.81,0.85,1.65,1.64,0.85,0.84,0.84,0.85,0.85,0.78,0.84,0.79
