#contig	start	end	unit	top_case_zscore	high_case_counts	all_counts
1	58449501	58450264	AAAG	12.35	HG00881:13.23	11.16,13.23,10.68
15	69614314	69615960	AAG	10.94	HG00881:23.99	7.35,13.06,7.33,6.65,1.67,13.31,7.48,14.16,5.01,11.70,5.58,13.36,8.38,4.99,5.11,3.37,12.34,7.40,0.81,7.24,9.03,3.41,3.42,11.25,8.22,6.41,5.01,5.68,12.89,6.73,1.69,10.21,2.59,6.54,6.71,8.25,1.63,8.68,5.93,1.63,13.74,2.52,6.73,0.84,3.40,7.80,5.14,9.11,23.99,10.45,16.51,11.86,6.61,4.69,1.62,14.52,6.71,11.73,9.89,9.44,3.45,12.61,12.48,10.88,10.06,5.11,12.32,10.89,9.26,9.47,4.99,4.90,0.83,6.90,1.68,4.08,3.37,9.68,5.38,1.74,12.18,7.28,3.22,5.75,3.26,4.89,11.96,6.57,1.66,12.87,8.21,1.71,2.48,9.16,8.64,11.72,9.86,6.49,2.55,5.83,0.86,4.12,0.84,2.48,1.67,3.93,6.00,1.67,2.51,6.11,9.96,2.57,3.31,0.86,0.82,5.12,4.10,0.84,4.29,0.86,2.51,0.84,0.85,5.23,5.92,0.85,2.57,1.68,5.08,0.82,0.82,7.56,6.21,0.84,6.84,2.51,3.15,4.07,2.55,3.31,9.15,1.70,8.47
12	96192103	96193261	AAG	10.38	HG00881:12.41	1.67,0.84,3.29,0.80,1.68,0.82,0.84,3.39,0.81,1.68,0.85,16.57,12.41,0.83,0.78,0.85,0.84,0.82,0.86,0.84,0.83,1.63,0.84,1.61,0.81,0.85,7.47,4.29,0.83,1.67,0.81,0.82,0.79,0.86,0.84,0.87,1.71,0.82,0.85,1.68,0.87,0.86,0.82,0.82,0.84,0.78,0.84,0.85,1.66
18	67877953	67878948	AAAAT	9.96	HG00881:11.58	0.85,3.30,2.37,11.58,2.48,19.82,2.50,4.21
8	119378526	119379574	AAAAT	9.18	HG00881:24.81	3.40,15.45,24.81,0.83,0.84,19.13,0.87,20.53
11	125362708	125363913	AAAGAAGG	7.84	HG00881:9.10	0.81,0.83,0.84,0.79,1.69,0.84,9.10,0.80,4.20,0.84,0.81,4.85,4.11,0.81,3.31,0.83,0.84,0.84,0.85,0.84
6	25458766	25459905	AAAG	7.79	HG00881:43.01	8.16,18.73,15.02,8.31,21.65,27.55,24.73,10.02,9.21,17.47,1.68,12.82,23.36,30.84,10.93,48.40,9.50,25.26,29.42,1.70,43.01,15.70,12.81,13.40,9.44,17.27,7.53,15.10,25.34,0.82,16.85,26.88,16.51,23.45,10.47,5.70,11.11,19.72,0.83,17.84,0.84,14.22
2	95701997	95705457	ACTC	7.54	HG00881:52.94	28.57,21.22,37.45,31.60,20.03,34.11,24.94,31.64,38.41,29.25,17.55,24.22,36.02,32.45,33.18,20.20,35.37,15.62,27.71,29.78,29.55,24.74,31.61,30.28,27.13,29.65,42.57,22.73,26.59,26.91,30.01,32.04,39.13,12.09,22.88,35.22,24.75,28.50,29.18,28.79,24.45,31.77,29.40,30.27,24.38,30.61,21.68,34.29,27.34,52.94,32.14,28.90,34.72,25.62,29.69,25.94,9.40,34.40,25.13,23.90,21.71,29.36,26.06,27.45,39.33,20.13,34.07,19.71,19.26,19.37,29.26,42.43,22.88,38.30,35.36,30.25,25.31,21.91,26.63,35.85,27.80,28.72,26.69,26.58,20.53,26.89,28.50,23.07,14.79,16.61,29.17,38.57,15.37,21.51,14.99,26.80,23.45,32.85,30.81,29.78,21.66,34.28,32.14,40.28,34.79,33.96,23.44,30.69,22.79,27.43,23.41,26.98,29.28,22.70,26.56,32.52,21.51,41.97,15.72,29.60,35.85,26.27,17.63,30.87,19.71,23.38,29.53,44.99,28.79,23.69,28.75,23.10,24.37,37.29,33.53,18.97,21.00,23.29,28.47,19.96,21.91,41.87,22.57,18.13,20.34,16.99,34.75,48.22,24.61,26.25
19	13713346	13714538	AAG	7.21	HG00881:17.37	1.66,0.80,0.83,0.81,5.89,2.53,8.99,1.65,14.66,8.47,5.70,6.01,1.68,0.84,1.70,6.00,6.63,17.37,3.31,0.84,3.41,5.05,5.72,5.83,13.80,0.84,0.87,4.11,13.85,4.27,0.83,1.72,6.49,0.84,0.85,4.96
6	24150403	24151653	AAAG	7.21	HG00881:14.89	6.65,3.34,4.79,0.84,1.70,0.84,0.82,0.81,0.80,0.85,4.33,2.47,0.83,4.06,1.68,1.69,6.91,2.45,3.35,5.70,3.39,1.63,4.29,0.84,5.89,6.73,3.40,0.87,2.57,4.97,14.89,4.02,9.09,5.67,3.42,0.84,0.84,1.68,0.84,0.84,2.51,0.84,2.58,3.33,2.45,6.66,4.20,3.27,1.69,5.65,0.90,2.61,0.87,7.28,2.42,7.39,1.63,6.51,5.13,11.50,5.81,7.72,3.28,1.71,6.62,5.83,1.73,0.84,0.82,4.86,6.81,1.71,0.82,9.11,5.50,3.31,2.48,10.29,1.71,5.88,10.17,2.45,0.84,0.83,0.85
3	184430044	184431374	AAGG	7.04	HG00881:35.57	6.53,9.79,16.28,19.12,11.68,10.82,7.48,7.49,6.69,11.17,13.36,14.98,24.67,23.56,14.81,14.80,15.48,8.85,15.36,20.50,20.76,18.91,21.63,17.04,11.28,10.09,15.49,18.55,11.23,21.24,11.40,5.08,7.33,6.87,6.72,32.78,11.91,8.57,14.08,35.57,6.43,27.24,15.70,24.22,15.40,23.92,14.26,17.59,9.89,16.05,16.41,20.18,8.37,11.74,18.74,19.71,15.91,15.16,23.23,27.45,9.99,12.94,11.76,5.72,20.22,11.30,12.55,16.51,13.92,12.13,6.44,9.03,7.33,7.33,7.69,14.95,12.01,9.85,17.08,7.44,6.66,14.70,26.80,11.91,13.33,3.30,12.59,17.39,23.44,10.23,14.15,34.28,5.86,0.87,25.68,9.93,1.71,11.58,8.22,9.39,32.01,7.55,12.85,11.69,18.56,8.49,13.09,2.54,8.46,2.57,13.44,19.49,13.90,2.47,0.78,20.09,5.90,11.96,17.55,2.44,7.45,21.62,10.16
5	168181887	168182933	AAAG	6.83	HG00881:33.91	3.26,2.49,2.51,23.03,0.82,6.44,14.52,3.20,11.04,11.77,5.20,16.29,33.91,0.80,0.83,16.09,2.48,16.23,1.66,2.46,39.58,6.54,16.13,11.31,5.66,14.79,1.67,12.76,9.93,12.80
Y	13807863	13812254	AATGG	6.64	HG00881:23.99	9.80,5.71,13.03,12.47,5.84,10.82,7.48,14.99,7.51,15.04,10.37,13.36,6.70,8.32,15.32,11.78,8.23,5.75,7.33,9.66,15.59,11.09,14.52,17.30,12.33,12.02,10.02,13.80,6.45,9.25,22.27,1.69,13.61,1.73,8.99,3.35,9.90,1.63,7.89,0.85,14.67,1.72,10.92,4.20,7.57,2.55,19.08,0.86,9.94,23.99,9.64,16.51,2.54,1.65,12.50,7.30,2.56,1.68,10.89,6.59,0.94,3.45,19.34,3.33,13.39,7.55,0.85,4.93,1.67,3.37,17.21,5.82,9.81,2.50,15.53,1.68,9.80,1.69,4.03,2.69,17.38,10.44,8.90,8.86,1.64,7.33,11.40,12.82,13.14,9.14,12.01,15.59,5.98,9.10,4.16,0.86,13.40,1.64,15.40,0.85,19.99,1.71,8.24,4.20,14.91,1.66,16.74,0.85,8.65,1.71,7.52,2.61,4.18,2.62,9.13,0.86,13.24,5.14,14.89,1.64,11.95,10.67,3.36,0.86,16.28,14.20,2.53,0.85,13.96,2.54,12.69,9.41,1.68,4.24,12.27,2.47,19.32,9.32,15.91,2.50,10.96,1.71,0.84,7.88,9.76,0.85,14.06,0.83,16.13,2.54
5	78432959	78434273	AATATATATGTG	5.54	HG00881:10.75	3.26,4.16,3.34,2.50,2.49,0.83,0.84,0.80,0.84,3.33,0.85,8.21,0.85,5.98,0.80,4.17,0.81,1.61,0.97,1.69,0.85,0.86,1.63,4.95,3.15,1.69,3.36,1.68,0.87,1.71,4.97,10.75,1.61,0.83,0.85,2.43,0.85,4.19,0.86,4.18,0.84,3.41,0.84,1.63,3.33,4.31,3.37,2.42,0.87,4.35,3.23,4.07,5.13,6.01,0.82,4.16,6.57,1.62,0.87,2.57,0.83,1.71,5.23,3.38,0.85,6.72,0.84,2.50,0.85,1.67,0.83
13	49033642	49033919	AAGAG	4.96	HG00881:4.96	4.96,3.14
2	127326683	127328264	AAAG	4.59	HG00881:9.10	3.27,0.83,1.66,0.83,2.51,1.67,1.68,2.47,2.44,4.10,2.56,5.98,0.87,3.29,3.20,1.67,0.81,5.03,1.65,2.44,0.85,1.72,1.68,1.70,1.71,4.14,9.10,3.21,1.65,3.39,0.78,1.62,0.84,2.51,5.66,0.84,0.83,0.84,0.84,0.84,4.30,4.16,2.45,7.76,0.84,0.84,5.65,1.79,4.35,1.62,0.81,1.63,0.81,2.56,4.11,0.83,3.28,1.71,2.48,4.19,5.75,1.62,2.55,0.83,2.48,0.84,1.71,2.51,3.49,0.86,4.14,2.48,1.64,1.68,0.86,1.69,0.86,0.82,0.78,0.84,3.33,4.27,0.79,0.81,2.55,3.31
Y	13855158	13870137	AATGG	4.57	HG00881:31.43	15.51,17.95,13.84,12.47,12.52,17.47,11.64,14.99,20.87,25.07,9.57,10.86,20.10,15.81,11.06,9.26,11.52,15.62,11.41,13.68,26.26,10.24,24.78,31.14,21.37,16.83,16.69,19.48,8.06,23.55,12.59,7.59,9.36,2.59,8.99,3.35,12.38,14.20,2.54,13.04,6.01,22.68,4.20,11.77,3.40,26.02,3.43,21.54,31.43,10.45,15.69,6.77,3.31,12.50,10.54,4.27,8.39,28.48,12.36,5.66,10.36,21.86,4.16,18.41,12.58,5.96,13.14,5.86,8.42,17.21,6.66,9.81,4.16,26.74,6.72,16.33,2.53,17.75,7.17,19.98,16.53,16.17,13.69,12.32,11.41,15.47,22.22,17.25,11.63,11.15,22.98,6.83,9.10,11.66,6.05,18.42,4.11,17.84,5.96,18.33,8.57,10.71,10.07,13.25,9.94,17.58,4.26,13.36,7.71,10.03,1.74,18.41,4.36,19.92,3.42,18.20,17.13,9.10,2.47,22.19,9.03,8.39,6.86,16.28,10.02,7.59,5.94,16.58,4.23,20.30,11.98,2.52,9.32,9.00,3.30,10.92,15.53,13.40,3.33,18.54,7.69,4.18,12.61,12.20,1.70,20.68,10.81,14.43,7.62
7	114528451	114529626	AAAG	4.09	HG00881:6.62	0.82,1.63,3.35,0.84,1.73,0.82,0.80,0.81,0.84,1.70,0.86,3.27,0.84,0.81,1.72,3.36,0.85,0.87,0.83,6.62,1.65,0.78,0.85,0.84,0.84,0.86,0.85,2.50,0.83,0.81,0.82,0.81,0.81,0.85,1.64,0.83,0.86,2.51,0.81,1.65,1.68,0.86,0.87,0.87,1.65,0.86,0.84,0.86,0.84,0.85,0.87,0.85,3.39,0.82,3.30,1.68,2.51,2.56,2.51
9	103839626	103840835	AAG	4.04	HG00881:6.62	0.81,0.84,0.87,0.84,1.63,1.68,1.68,6.62,0.82,0.84,3.33,0.84,0.84,10.67,5.15,2.50,0.86,0.84,0.85,2.47,0.84,1.66,6.70,0.87,0.83,1.71,2.48,2.57,1.72,1.71,1.71,0.84,0.84,3.15,0.81,2.55
22	47774304	47775614	AGGAGGAGGCGGCGG	3.90	HG00881:9.93	4.07,1.66,0.83,0.84,3.35,1.66,0.85,4.21,0.82,3.26,4.17,6.73,5.90,3.40,5.72,3.30,4.89,3.94,0.85,3.26,6.01,0.84,1.68,4.20,2.55,0.87,2.57,9.11,9.93,1.61,3.91,1.62,3.42,3.35,1.65,2.83,0.86,7.49,1.67,5.75,0.86,4.99,1.63,2.50,2.59,3.36,4.90,2.53,8.07,4.48,4.34,2.61,5.66,2.46,5.70,1.63,1.64,1.66,4.29,8.21,0.85,3.31,1.67,1.73,3.29,3.24,3.40,2.50,1.65,0.84,0.83,0.83,0.84,0.86,0.87,1.67,1.66,4.93,1.71,2.52,1.70,1.74,4.23,0.85,4.28,2.54,0.82,0.84,0.84,3.42,0.84,3.94,3.25,1.70,0.85
1	220134304	220134758	AAATATATAAATATATAT	3.86	HG00881:7.44	1.63,4.07,1.66,2.50,3.32,0.83,1.67,0.84,1.60,0.84,1.66,2.47,3.26,3.28,1.64,0.80,4.87,1.68,0.97,3.40,1.63,1.68,1.65,1.58,1.69,0.81,3.43,0.84,0.84,1.70,1.66,7.44,0.80,0.78,0.81,4.19,3.35,3.30,3.78,4.32,1.68,1.66,0.82,0.82,1.69,1.74,1.64,0.81,4.89,0.82,0.83,1.72,2.46,1.73,2.46,2.55,1.71,0.82,3.31,0.85,0.86,0.84,1.65,1.67,2.53,3.42,0.84,0.81,0.85,1.65,0.85
1	54975639	54976710	AAACC	3.63	HG00881:14.06	2.45,4.89,1.67,5.82,8.31,5.83,5.01,11.70,11.73,12.48,5.05,6.58,3.29,5.70,0.80,3.42,2.60,10.42,8.12,2.52,5.81,5.95,3.46,10.06,5.78,7.89,5.04,1.68,14.06,10.16,2.48,6.25,8.92,4.19,4.19,6.59,5.18,5.02,3.41,5.72,2.59,7.35,5.90,3.22,4.93,10.59,6.51,5.75,3.28,2.59,5.02,10.21,5.83
22	28932664	28933900	AAACT	3.45	HG00881:21.51	5.08,13.85,21.51,18.78,23.40,9.86,5.21,25.94
8	142357384	142358707	AC	3.42	HG00881:9.10	0.82,3.26,2.44,4.99,3.34,0.83,2.49,1.67,6.68,0.84,0.80,4.18,1.68,5.11,6.73,2.47,3.26,2.41,2.46,0.85,1.71,1.73,1.64,1.60,2.50,1.61,4.21,2.90,1.69,4.25,4.32,3.27,3.35,3.30,4.07,0.79,2.54,3.26,2.58,2.52,3.36,1.70,2.60,0.83,9.10,2.41,1.65,5.08,1.65,2.34,1.71,3.36,1.68,1.65,1.89,3.45,6.73,5.86,0.84,1.70,0.82,1.67,2.58,2.50,4.09,3.33,3.45,2.45,2.53,0.81,3.48,3.48,1.61,4.07,1.71,0.82,2.49,1.72,3.28,3.42,2.48,1.67,3.46,4.19,1.64,0.81,1.70,2.50,3.43,3.30,5.87,2.48,1.66,0.84,1.70,2.36,5.14,2.51,1.74,4.18,5.24,4.15,4.28,3.31,5.14,2.48,3.29,2.46,0.84,1.72,1.71,2.53,1.70,1.74,1.69,5.92,3.42,0.84,7.63,5.72,1.65,0.84,0.78,0.84,0.83,3.37,1.71,5.01,2.37,3.25,2.55,0.83,4.99,3.39,2.54
15	75388994	75390041	AAAG	3.32	HG00881:23.16	14.49,19.48,17.15,23.16,17.64,8.15,12.00,1.66,0.84,7.83,9.96,4.10,16.49
6	161866486	161866758	AAGGG	3.31	HG00881:3.31	3.31,0.83,2.57
10	57755422	57756014	AT	3.31	HG00881:3.31	0.84,3.31,1.56,0.83
2	137056264	137057153	AAAG	3.29	HG00881:4.14	0.84,0.83,1.60,4.14,0.83,0.78,0.82,1.68,1.68,0.81,0.85,3.24,0.84
8	87318365	87318633	AG	3.25	HG00881:3.31	3.31,0.82,0.83,0.83
9	129670840	129671884	AAAG	3.20	HG00881:28.12	22.06,3.35,18.74,19.75,24.36,12.61,32.09,28.12,0.83,0.82,1.69,1.79,13.03,2.42,7.33,3.26,14.59,10.67,4.14
8	118870275	118871605	AAGG	3.19	HG00881:5.79	0.81,0.83,1.67,0.83,1.67,2.39,0.84,1.68,0.85,0.84,2.44,2.41,1.64,1.71,1.73,0.80,1.69,1.70,2.59,0.84,0.83,0.79,0.85,0.81,0.86,0.84,0.85,0.87,5.79,0.83,2.54,0.84,0.82,0.94,4.32,0.84,1.67,1.67,4.30,2.50,0.86,0.84,2.42,2.69,1.74,3.48,0.81,0.81,0.82,0.81,0.82,0.86,0.82,3.31,0.86,1.62,0.85,0.83,0.86,1.75,0.83,2.57,1.71,0.86,0.85,0.84,1.68,0.84,0.84,0.79,0.83,0.85
11	61440842	61442155	ATCC	3.13	HG00881:14.06	6.53,4.90,2.44,5.82,7.51,3.33,3.32,7.49,10.02,7.52,6.38,6.68,4.19,8.32,11.06,3.37,4.94,5.75,6.52,1.61,8.21,5.97,12.82,7.79,4.93,5.61,4.17,4.87,6.45,7.57,1.94,8.43,8.51,7.78,4.90,9.22,4.13,7.33,3.15,6.77,8.96,2.58,6.72,6.73,7.57,5.95,10.41,9.43,5.80,14.06,9.64,4.13,12.70,4.96,5.47,6.49,6.83,8.39,5.03,6.59,2.83,9.50,8.41,4.16,8.37,3.35,5.96,6.57,5.02,4.21,3.44,6.66,11.44,7.49,2.59,5.04,3.27,8.43,7.26,7.17,6.08,5.22,9.70,7.25,4.93,4.07,3.26,6.84,7.39,4.15,5.15,7.39,5.12,6.62,3.33,5.19,8.37,9.03,9.73,6.81,7.50,3.43,4.12,8.39,4.14,8.28,8.37,1.70,4.72,4.29,2.51,9.58,3.35,5.24,5.81,5.99,9.93,11.14,2.48,2.47,9.39,9.03,5.88,7.72,1.71,8.35,6.75,3.40,7.85,6.77,8.46,8.56,6.72,8.47,2.45,9.07,7.56,8.54,9.21,7.49,5.06,11.11,12.54,11.04,6.51,3.40,9.93,9.15,11.03,5.08
9	115287648	115288875	AAG	3.11	HG00881:11.58	10.61,1.63,4.07,3.33,2.50,4.16,3.32,4.16,3.34,4.18,4.79,0.84,10.05,6.66,6.73,4.11,1.64,4.07,3.22,8.21,4.27,0.85,3.46,4.93,3.20,1.67,3.25,2.42,7.57,1.94,2.53,4.25,3.46,0.82,0.84,2.48,0.81,3.15,2.44,10.30,3.36,9.25,1.68,1.70,3.43,6.63,11.58,3.30,1.69,4.13,3.13,0.81,1.71,5.03,3.35,3.30,5.66,2.59,0.84,2.50,6.69,4.19,2.55,2.46,2.51,1.68,3.44,5.82,0.82,5.00,3.45,2.52,4.08,8.43,7.26,2.69,0.87,0.87,3.23,3.22,3.28,6.52,9.77,6.84,3.29,0.83,6.86,4.10,4.27,3.31,3.33,3.46,11.72,3.29,2.43,0.85,5.14,0.82,1.66,4.14,4.19,4.26,4.72,2.57,0.84,3.48,1.67,5.24,4.98,1.71,4.14,5.14,6.62,2.56,2.46,2.52,4.29,0.86,2.51,4.22,3.40,5.23,2.54,2.54,6.85,8.40,5.93,0.82,4.95,2.52,1.55,0.84,5.82,5.90,2.56,2.51,2.37,4.88,5.94,6.62,5.09,2.54
2	37193448	37194610	AC	3.10	HG00881:11.58	1.63,5.85,7.98,8.51,1.68,2.47,1.61,6.06,5.01,3.36,8.43,4.25,2.45,5.03,4.13,7.56,5.88,8.28,11.58,8.84,5.78,0.83,4.27,7.54,8.61,2.45,9.49,3.36,19.60,8.70,4.93,6.64,1.71,7.49,3.30,5.02,0.85,2.57,9.13,3.42,1.65,18.85,5.75,5.04,7.52,5.06,3.40,3.38,4.28,1.65,1.65,4.24
3	111498633	111499583	AAGAAGAGG	2.99	HG00881:4.14	0.83,0.80,0.83,0.97,2.52,1.69,4.14,0.84,0.90,0.87,1.72,3.28,0.86,2.51,1.66
X	17067624	17068779	AAAG	2.98	HG00881:21.51	2.44,4.21,13.68,10.25,13.55,24.45,17.01,20.73,17.98,6.71,16.29,4.23,18.48,12.61,3.40,4.34,21.51,19.00,4.11,5.72,18.32,4.20,16.01,13.90,6.96,7.39,3.26,6.84,10.80,1.64,7.78,19.26,13.14,18.33,9.07,1.68,15.91,3.43,16.72,5.86,1.71,11.58,15.42,0.84,3.42,6.78,11.72,13.67,26.75,19.53,18.20,0.83,14.39
17	5765635	5766998	AAAG	2.98	HG00881:11.58	0.83,0.80,11.78,12.62,5.06,14.46,5.87,10.59,7.10,0.84,2.55,9.43,3.31,11.58,0.83,0.86,0.86,3.33,5.72,4.16,1.61,2.69,0.87,0.81,4.89,0.82,9.14,7.72,3.28,2.56,3.31,0.83,2.51,4.93,5.68,6.81,0.83,6.00,0.82,1.66,1.67,7.67,3.93,0.84,1.65,3.29,0.82,2.52,2.57,0.87,0.85,4.20,0.85,2.47,3.15,8.49
8	744837	746655	ACGCCTGCTCTCACTGG	2.78	HG00881:33.91	16.33,17.14,21.98,21.62,18.36,18.30,19.95,25.82,22.54,20.89,19.14,18.37,29.32,20.80,23.82,18.51,18.92,20.55,22.00,20.12,27.08,13.65,19.65,19.90,17.26,24.04,22.54,17.86,18.53,22.71,19.36,18.55,27.22,20.73,18.79,27.67,19.80,33.38,29.97,33.87,26.08,27.47,28.56,25.22,31.10,28.91,26.02,24.00,27.34,33.91,20.89,17.34,23.71,14.88,24.22,21.89,22.21,31.04,24.30,24.72,19.82,17.27,21.86,21.63,24.27,18.45,23.85,21.35,25.12,12.63,14.63,25.79,34.33,23.31,16.39,23.53,18.78,20.22,27.43,31.36,24.33,27.85,35.58,21.75,27.10,22.82,30.94,26.49,25.47,19.10,19.73,27.90,19.64,19.03,18.32,26.80,31.82,19.71,22.70,29.78,18.33,21.42,23.90,17.62,26.50,28.16,21.77,20.46,22.79,19.71,13.38,13.06,20.91,21.82,19.92,20.54,12.41,23.13,14.07,23.84,17.07,19.70,13.43,19.72,20.56,20.04,20.25,19.52,19.19,14.38,17.76,12.84,17.65,14.41,23.71,26.39,16.80,24.84,19.26,14.97,24.44,10.25,24.24,27.59,19.52,12.74,24.82,24.94,19.52,26.25
5	132961098	132962571	AATATATATATATGG	2.60	HG00881:26.47	14.69,3.26,19.54,19.12,19.20,13.31,9.14,14.16,13.36,5.85,0.80,19.21,0.84,14.14,9.36,5.89,9.87,13.15,17.11,8.05,16.41,2.56,10.25,1.73,9.04,14.42,20.03,17.86,8.06,2.52,9.68,29.51,22.97,12.09,7.35,10.06,16.50,6.51,14.99,6.77,16.30,10.30,15.96,5.04,13.45,16.48,28.17,26.47,7.23,9.08,7.62,2.48,30.48,10.54,10.91,13.40,22.25,7.55,3.36,13.31,2.51,6.71,12.77,8.21,17.59,6.74,4.30,8.32,3.27,15.82,5.18,2.52,14.70,12.64,11.30,7.17,9.56,11.31,11.28,13.96,15.48,0.81,16.24,19.72,16.61,10.30,10.67,3.42,8.27,19.15,7.78,2.51,9.03,9.73,12.76,10.00,8.57,3.30,10.07,4.14,13.25,2.51,7.67,12.57,2.51,13.09,3.32,13.69,13.24,7.71,12.41,11.10,8.21,0.84,8.44,3.40,18.32,0.85,2.52,8.47,16.35,9.90,0.84,13.20,1.67,20.23,7.69,0.84,7.88,10.19,5.79,9.34
22	39978421	39979676	ATCC	2.57	HG00881:12.41	3.27,1.63,2.44,3.33,3.34,4.99,11.64,3.33,3.34,5.85,3.19,6.68,5.86,9.15,11.06,5.89,4.94,6.58,3.26,9.66,7.39,3.41,5.98,7.79,4.93,8.01,4.17,1.62,4.03,5.89,4.84,9.28,4.25,4.32,4.90,5.03,3.30,7.33,5.52,5.08,3.26,7.73,3.36,3.36,6.73,7.65,4.34,6.00,4.14,12.41,4.82,7.43,5.08,3.31,2.34,1.62,5.13,5.87,5.86,1.65,5.66,4.32,12.61,3.33,5.86,4.19,16.18,7.39,5.02,6.74,1.72,4.99,10.62,9.16,6.90,3.36,3.27,7.58,2.42,5.38,5.21,4.35,2.43,4.83,7.39,3.26,4.89,3.42,3.29,5.81,6.01,4.92,1.71,5.79,5.00,4.32,7.54,4.93,7.30,5.11,4.17,5.14,9.07,3.36,2.48,2.48,5.02,5.11,4.72,4.29,3.34,8.70,5.86,6.98,6.64,4.28,5.79,5.14,7.45,4.93,11.10,1.64,3.36,6.86,6.85,5.85,2.53,5.94,7.85,1.69,4.23,4.28,8.40,5.93,7.36,1.65,5.04,1.55,7.49,5.90,6.84,7.52,2.37,2.44,0.85,6.62,8.31,6.79,9.31
2	151989298	151990426	AAAG	2.56	HG00881:10.75	4.90,5.71,4.99,4.99,3.34,1.67,6.58,4.93,8.15,2.56,7.21,8.17,4.19,10.73,8.47,1.68,2.52,6.80,4.34,6.63,10.75,7.23,0.83,7.62,6.61,2.43,1.71,15.10,4.19,3.30,0.84,2.50,4.18,1.70,3.44,10.81,1.63,5.00,2.59,2.52,4.08,2.53,11.65,3.48,3.22,2.46,4.89,0.81,4.27,5.74,7.69,1.67,5.19,7.54,5.68,3.36,8.28,3.14,0.84,6.09,0.84,3.32,6.85,4.20,0.86,2.53,2.62,4.23,3.39,0.84,1.58,3.33,0.85
5	78475619	78477005	AAAAG	2.54	HG00881:19.85	21.23,14.97,4.17,1.66,4.16,3.19,3.34,1.70,1.65,0.82,0.82,5.97,0.85,8.81,10.85,1.94,1.69,9.36,0.86,2.45,3.30,9.77,1.58,2.54,5.88,12.61,19.94,3.43,3.31,19.85,4.02,0.85,2.43,11.10,10.91,1.89,12.95,0.84,12.58,10.22,1.67,9.99,2.59,0.84,27.80,19.36,6.09,13.75,7.69,2.57,17.25,5.68,5.02,10.08
7	28149350	28150674	AAAGG	2.52	HG00881:33.91	17.10,7.49,10.83,10.69,17.30,7.40,9.67,8.71,19.39,12.96,9.08,10.16,26.89,11.16,21.86,21.02,7.80,17.15,28.99,33.91,14.46,8.11,10.07,9.25,27.54,10.81,22.88,14.99,11.21,11.76,14.32,26.63,17.92,30.41,13.92,33.96,10.47,11.50,47.27,17.91,22.18,15.78,8.58,11.49,9.10,14.16,17.29,15.91,8.21,10.54,31.48,4.28,4.72,5.14,11.14,5.08,0.85,15.80
1	37011710	37012936	AAG	2.48	HG00881:9.93	5.71,5.71,1.63,4.16,4.17,3.33,1.66,6.66,1.67,2.51,5.58,4.19,4.16,7.66,3.37,1.65,2.47,4.89,3.22,1.64,0.85,7.69,0.87,4.11,1.60,0.83,0.81,4.84,1.94,3.37,3.40,6.91,2.45,2.52,3.30,8.96,2.37,3.39,3.26,4.29,3.36,4.20,3.36,6.80,7.80,6.86,1.66,9.93,4.82,9.08,4.23,9.09,2.34,5.67,1.71,3.36,5.03,4.94,6.61,4.32,5.04,0.83,3.35,0.84,0.85,6.57,5.02,2.53,1.72,5.82,0.82,2.59,2.52,1.63,1.69,4.03,4.48,3.48,6.96,1.62,4.83,2.46,2.44,0.81,2.56,1.64,2.49,1.72,3.28,5.98,0.83,5.83,4.19,6.57,6.49,0.85,11.66,1.71,2.47,4.20,0.83,0.83,4.19,2.36,1.71,0.84,3.48,1.67,1.75,4.15,7.70,2.57,2.48,1.64,0.85,0.82,3.36,0.86,2.57,4.18,2.53,5.94,3.49,5.92,3.38,1.71,6.72,1.69,5.72,0.82,2.52,3.11,4.19,2.50,2.53,2.56,2.51,1.58,1.63,2.55,4.14,4.16,1.70,1.69
2	79243079	79243080	AC	2.48	HG00881:2.48	2.48
2	53116788	53117573	ACGTATAT	2.48	HG00881:2.48	0.87,2.48,0.85
10	125616408	125617772	AAGGCGGCGTGGAGATGG	2.46	HG00881:5.79	1.63,2.44,4.99,0.83,2.49,0.83,2.50,2.51,0.84,0.85,0.84,1.64,2.44,0.82,1.71,0.85,2.60,0.82,0.80,2.43,0.84,0.97,4.22,0.85,0.86,5.72,2.52,2.48,0.81,0.81,0.86,1.68,0.84,0.84,0.85,3.47,0.86,4.14,5.79,1.61,1.65,3.13,0.81,0.85,1.68,4.19,0.82,2.83,0.84,1.66,0.84,0.82,0.84,2.53,0.82,0.83,0.82,2.53,1.61,0.87,1.64,0.81,3.42,0.82,0.85,0.83,1.73,3.35,1.70,0.85,0.79,1.74,0.87,0.83,0.83,0.85,0.82,1.72,0.84,0.84,0.87,0.85,1.71,1.69,0.82,2.51,0.79,1.63,0.85
21	45161333	45161468	AGCCCCCCGCG	2.46	HG00881:2.48	1.67,0.83,2.48
Y	58971759	58979756	AATGG	2.45	HG00881:37.22	20.41,13.06,21.98,28.27,15.02,21.63,17.45,16.66,20.04,26.74,19.14,20.05,34.34,26.62,23.82,15.99,13.16,13.97,21.19,12.88,18.88,29.01,19.65,26.82,18.08,13.62,22.54,18.67,11.28,37.85,26.14,19.39,23.82,9.50,17.98,26.00,18.15,16.29,14.99,19.48,29.34,16.31,21.00,15.97,15.13,19.56,31.22,22.29,14.08,37.22,16.88,28.07,25.41,19.83,14.85,12.97,5.98,26.85,29.32,5.77,13.21,25.91,35.31,14.14,25.10,23.48,15.33,23.82,23.45,13.47,28.40,29.95,13.89,33.31,24.15,15.12,19.60,13.48,26.63,18.82,24.33,16.53,25.88,13.69,22.17,10.59,18.73,21.36,13.97,18.27,19.73,26.26,10.25,19.03,14.99,16.42,25.96,29.57,28.38,28.93,29.99,20.57,20.60,28.53,19.05,19.88,26.79,15.34,20.43,15.43,21.74,25.24,24.26,20.95,29.05,18.83,15.72,37.69,11.58,13.15,33.29,16.42,31.06,22.30,18.85,28.39,19.41,27.16,26.17,18.61,26.22,13.69,18.49,38.98,18.81,11.54,23.52,4.66,10.88,12.48,19.38,28.20,11.70,11.04,17.90,11.04,28.95,19.95,22.07,22.02
1	216527930	216529083	AAAG	2.43	HG00881:4.96	0.80,5.72,4.96,0.78,7.35,0.86,4.86,5.81,0.86,2.56,3.15
1	180625120	180626164	AAATATTATATATAATATAT	2.24	HG00881:2.48	0.85,0.79,2.48,0.83,0.82,0.87,1.72
11	132523992	132524726	AAGAGAAGCTCCTCCCC	2.23	HG00881:3.31	0.82,0.83,0.81,0.80,0.81,0.81,0.85,0.82,0.85,0.84,0.85,3.31,1.65,0.81,0.82,1.74,1.72,0.85,0.86,0.87,0.83,0.85,0.86,0.84,0.83,3.42,1.67,0.83
1	175741617	175742301	AAG	2.16	HG00881:3.31	0.83,0.83,0.84,0.83,0.85,0.84,0.79,0.84,0.84,1.70,3.31,3.30,0.85,0.84,0.82,1.66,0.84,0.87,0.81,0.81,0.86,0.81,1.67,1.69,0.78,0.85,1.67,0.81
6	68789460	68790692	AAATATATGTATATATGC	1.98	HG00881:9.10	4.84,1.69,0.85,0.85,1.68,9.10,7.66,7.74,2.50,0.86,4.90,6.44,5.75,10.58,9.40,7.39,0.83
4	21758199	21759299	AAAG	1.88	HG00881:4.96	2.49,2.50,3.99,0.84,4.27,0.87,0.81,0.85,0.86,0.84,3.15,0.86,0.84,2.55,4.97,4.96,0.80,0.85,2.34,5.03,2.51,1.70,0.83,6.72,6.45,0.90,2.61,1.62,1.61,0.81,0.81,0.85,1.64,0.83,0.81,0.87
12	12200323	12201262	AC	1.88	HG00881:3.31	0.82,0.82,0.83,0.84,0.83,1.68,0.81,0.80,1.71,0.82,0.81,0.84,0.81,0.86,0.84,0.85,0.86,3.31,0.83,1.65,0.84,0.86,0.84,0.84,1.68,1.72,0.83,0.84,1.64,0.82,0.83,0.83,0.84,1.62,0.85,0.83,0.83,0.83,0.84,0.87,0.83,0.83,0.85,0.84,0.87,1.55,1.71,0.83
15	101307448	101308776	AAAACCACCACCCTGGGACC	1.83	HG00881:5.79	2.45,3.26,1.63,0.83,3.34,1.66,2.49,1.67,0.83,1.60,2.51,1.68,1.66,1.70,2.52,0.82,3.26,4.02,1.64,4.27,0.87,1.64,0.80,2.50,0.81,1.61,1.94,0.84,2.55,2.59,0.82,0.84,1.65,3.26,1.58,0.85,3.26,1.68,2.52,0.84,0.85,0.87,1.71,0.83,5.79,4.13,4.23,1.65,0.78,2.43,1.71,2.52,3.35,0.82,0.94,0.86,3.36,1.66,1.67,2.52,1.70,1.64,1.67,1.72,2.50,3.27,1.67,1.73,0.84,2.45,1.69,3.23,2.69,4.34,3.48,1.62,2.42,4.07,1.63,3.32,2.46,1.71,1.65,1.67,1.73,1.67,1.64,2.43,1.70,1.67,1.71,1.65,1.68,4.14,3.31,1.67,0.85,2.36,0.86,2.51,3.48,0.84,0.87,0.83,2.57,6.62,2.57,0.82,2.56,1.64,0.86,1.71,0.84,1.69,2.55,0.87,0.86,2.52,0.85,0.82,0.82,3.11,3.35,1.69,0.85,1.67,3.15,0.81,0.85,4.14,0.83,0.85
14	101012000	101013274	AGGGCCGGGGCGGGGCG	1.80	HG00881:9.10	4.08,4.90,0.83,3.33,0.83,5.01,1.68,2.50,12.76,6.58,0.82,1.61,1.64,3.42,5.84,2.42,6.73,7.74,10.96,6.71,9.08,2.37,1.69,3.26,1.72,8.40,7.57,6.07,2.57,9.10,2.48,4.23,1.56,0.81,0.84,1.68,5.77,4.72,5.18,0.84,0.83,3.35,6.71,1.70,4.11,5.89,0.86,0.86,10.75,1.74,6.09,5.66,3.28,0.81,4.89,4.10,1.67,0.82,5.68,0.85,0.79,1.63,0.83
16	89022234	89022896	AAGGCTCCTGACCCCCCCC	1.79	HG00881:3.31	0.82,0.83,0.83,0.83,0.83,0.80,1.67,1.65,0.82,0.82,0.81,0.84,0.97,0.86,1.63,0.83,0.79,1.69,0.86,0.84,0.85,0.87,0.86,3.31,0.78,0.82,0.83,0.84,0.84,0.84,0.83,0.82,1.67,0.82,0.81,0.87,0.81,0.81,0.85,0.82,0.85,0.83,1.67,0.81,0.85,1.67,0.82,0.83,0.84,0.85,0.79,0.86,0.84,0.83,0.86,0.85,0.82,0.86,0.84,0.84,1.70,0.85,0.86,0.82,0.82,0.78,1.67,0.84,0.84,1.58,0.85,0.85
4	179874026	179875564	ACC	1.78	HG00881:23.16	9.80,13.06,21.98,10.81,10.02,7.49,13.30,18.32,10.02,10.87,9.57,15.03,15.92,5.82,11.06,20.20,9.05,12.33,12.22,20.12,4.10,11.95,18.80,6.92,4.93,20.83,26.71,8.12,8.86,22.71,10.65,15.18,18.71,23.33,12.26,5.03,9.08,14.66,14.99,11.86,13.04,16.31,18.48,15.13,15.97,13.61,18.21,7.72,15.74,23.16,16.88,8.26,5.93,20.66,13.28,11.35,2.56,10.07,9.22,9.06,17.93,9.50,14.29,17.47,6.69,14.26,7.66,16.43,8.37,15.16,14.63,12.48,15.53,5.00,9.49,9.24,14.70,11.80,16.14,10.75,10.43,13.05,16.17,20.14,18.06,30.97,13.03,5.13,16.43,19.93,29.17,13.95,3.42,9.93,13.32,6.05,10.05,18.89,15.40,17.02,6.66,10.28,11.54,10.07,14.91,21.54,6.70,8.52,14.93,13.71,6.69,4.35,14.22,9.60,15.77,10.27,5.79,16.28,10.76,13.98,16.22,14.78,10.07,15.44,7.71,13.36,13.50,11.88,8.72,12.69,10.15,8.56,15.96,11.02,15.54,16.49,10.08,16.30,9.21,5.82,6.74,10.25,15.04,9.46,4.07,4.25,11.58,17.46,9.34,12.70
7	157336038	157337178	ACCTCTCTCCGTCTCTCTCC	1.78	HG00881:3.31	0.84,0.84,1.70,0.85,1.70,2.57,3.31,0.84,0.87,1.63,0.83,0.86,0.82,0.85,1.68,3.35,1.70,0.83,3.31,2.56,0.86,0.79,0.83
8	2479613	2481501	AGAGCGCTGAGGCGCCAGG	1.77	HG00881:50.46	22.85,30.88,32.45,19.12,50.93,20.06,19.14,26.73,7.49,28.61,15.63,27.12,19.56,38.64,23.80,14.52,19.03,17.26,19.20,20.29,24.18,19.34,28.07,37.10,18.71,49.24,36.77,22.28,24.43,64.68,40.75,18.89,41.16,15.13,46.24,21.26,30.35,24.86,28.99,50.46,15.27,9.08,10.94,1.62,60.65,20.11,23.90,21.71,4.32,27.45,19.25,41.93,11.07,2.51,26.95,47.42,41.68,33.31,45.72,31.09,20.41,37.91,15.33,25.99,11.31,18.06,38.30,30.94,21.36,28.24,39.39,38.43,8.27,14.99,40.63,48.57,16.43,27.57,29.78,17.31,10.91,33.13,34.79,9.21,29.84,40.87,20.57,3.48,26.77,14.11,6.85,13.24,6.85,30.61,24.66,17.24,19.31,7.52,18.56,21.22,8.72,32.99,20.54,17.65,28.81,35.16,13.19,37.81,2.33,10.05,24.12,10.96,37.84,14.44,24.82,10.81,1.70,12.70
19	19975801	19976974	AAAG	1.72	HG00881:9.93	1.63,3.33,1.66,2.50,1.67,0.84,2.39,0.84,0.84,4.99,2.55,1.68,1.65,0.82,2.46,0.85,0.82,2.50,4.21,0.97,1.69,10.37,1.63,8.39,8.68,1.69,8.96,0.86,5.88,0.84,5.04,1.70,0.87,6.00,7.46,9.93,0.80,2.54,7.81,0.81,1.71,0.84,0.94,0.86,1.68,4.18,1.64,3.35,0.84,8.61,3.33,1.67,0.86,3.36,2.53,5.65,0.90,7.82,4.85,1.61,1.64,1.63,4.11,0.86,2.46,6.83,7.49,1.67,16.43,5.68,11.06,0.83,0.84,1.57,1.71,0.84,3.35,2.48,1.64,2.56,3.28,1.69,3.40,0.85,3.27,1.65,8.40,0.78,0.83,1.58,3.25,0.83,0.85
21	10830052	10861041	AATGG	1.70	HG00881:207.61	105.31,114.24,115.61,183.76,93.48,171.39,108.88,97.43,197.05,198.08,97.32,64.31,168.36,149.76,152.30,90.05,97.06,124.11,112.46,107.06,110.80,143.35,129.01,145.34,71.52,84.93,186.96,103.89,77.36,141.30,124.88,158.53,233.07,59.61,114.39,155.98,88.28,122.95,99.38,139.73,149.14,103.88,150.37,122.74,91.63,201.54,181.24,134.59,106.87,207.61,77.95,151.08,136.34,81.82,102.37,52.70,63.21,193.80,141.58,86.52,143.47,107.09,217.74,81.51,159.83,64.58,116.68,76.38,90.44,96.85,141.12,203.81,108.70,154.04,170.78,144.52,159.23,118.79,144.43,211.49,133.81,118.35,100.27,91.02,100.17,127.95,157.95,178.59,82.15,99.66,121.84,146.06,67.47,115.81,68.28,164.24,144.88,153.58,197.83,129.34,132.45,117.40,155.76,146.01,126.72,88.63,126.42,92.92,63.66,94.27,125.40,117.51,110.43,129.20,113.70,96.72,108.40,186.74,52.95,76.46,116.93,102.61,79.74,103.77,105.38,109.40,100.42,144.31,134.35,77.83,171.67,121.51,89.07,137.29,70.33,45.35,154.58,79.18,83.73,103.97,112.93,112.78,150.44,78.84,99.25,44.16,171.24,152.15,89.11,83.83
1	31904158	31905504	ACCCTATCCACCCTCTCC	1.68	HG00881:5.79	0.81,1.66,4.17,0.83,0.83,0.83,0.84,0.80,1.67,1.68,0.85,2.52,1.64,0.82,0.85,0.87,4.11,1.60,0.81,0.81,10.93,5.06,0.82,1.68,1.65,2.44,1.58,0.85,0.81,1.68,0.87,5.79,2.41,1.65,5.47,2.43,0.85,2.51,1.89,1.68,0.83,1.70,2.51,0.86,0.82,3.45,0.84,1.63,3.37,0.81,0.90,4.34,4.85,0.81,2.44,1.63,2.56,0.82,0.85,1.65,3.33,3.46,1.67,3.24,1.70,1.67,2.57,0.82,0.83,0.83,1.70,0.79,0.86,3.34,3.48,0.84,0.87,2.49,1.71,1.65,0.86,0.83,0.82,1.71,0.82,0.86,0.84,1.70,1.74,1.69,2.52,0.85,2.45,0.82,0.84,1.55,2.51,0.83,2.51,1.58,4.25,0.83,1.66,0.85
16	10952553	10953519	ACCACCACCACCACCATC	1.66	HG00881:3.31	0.82,0.81,0.83,0.83,0.83,1.67,0.80,1.64,0.87,0.84,1.70,1.65,1.63,0.79,0.86,0.84,3.31,0.80,0.85,0.84,0.84,0.84,0.85,1.63,1.67,2.52,0.82,0.81,0.90,0.87,0.86,0.82,0.85,0.83,1.67,1.70,1.68,0.83,0.84,0.85,0.83,0.86,0.83,1.71,0.84,0.86,2.55,0.87,1.71,0.84,0.83,0.81,0.85,0.85
1	193801986	193802572	AAGGAAGGAAGGAGGGAGGG	1.65	HG00881:2.48	0.82,0.84,0.82,0.83,2.48,0.83,0.86,0.82,0.87,0.84,0.82,0.79,1.74,0.82,0.87,0.85
6	144091965	144092457	AT	1.65	HG00881:1.65	1.65,2.36,0.87
1	201517847	201517848	AAAG	1.65	HG00881:1.65	1.65
16	8172818	8172819	AC	1.65	HG00881:1.65	1.65
18	34533378	34533379	AGAT	1.65	HG00881:1.65	1.65
1	97291315	97291316	AC	1.65	HG00881:1.65	1.65
2	121757688	121757689	AGAT	1.65	HG00881:1.65	1.65
2	42298341	42298342	AAAT	1.65	HG00881:1.65	1.65
2	64825386	64825387	AAAT	1.65	HG00881:1.65	1.65
3	124816455	124816456	AC	1.65	HG00881:1.65	1.65
5	8589316	8589317	AC	1.65	HG00881:1.65	1.65
9	403439	403564	ACACATATATATATAT	1.65	HG00881:1.65	1.65
X	68070294	68070295	AC	1.65	HG00881:1.65	1.65
13	20459538	20460061	ACACATATATATGTATAT	1.65	HG00881:1.65	1.58,1.65
1	194067956	194068470	AAATATAT	1.65	HG00881:1.65	0.87,1.65
18	45210769	45211532	AAAATATATATTATATAT	1.64	HG00881:2.48	0.81,0.83,0.83,5.84,0.97,0.79,2.48,0.83,0.83,1.61,1.64,0.86,0.85,0.84
15	64294645	64295018	AC	1.64	HG00881:1.65	2.50,0.80,1.65,0.84
17	5184869	5185128	AGCGCGGCGGG	1.64	HG00881:1.65	0.83,1.65,1.72
16	1969541	1970748	ACCGTGGGGACGGCTGAG	1.63	HG00881:8.27	4.08,4.89,4.99,1.66,3.32,2.50,3.19,6.73,3.29,3.29,2.44,1.61,0.82,1.71,1.71,1.73,1.64,8.81,5.84,8.93,3.22,4.22,3.40,5.72,3.30,6.31,1.69,3.43,3.36,7.57,1.70,0.87,1.71,6.63,8.27,1.61,0.83,7.03,3.24,2.56,5.87,4.32,0.83,2.46,2.58,9.15,8.17,0.83,4.31,0.84,2.45,1.69,2.69,2.61,1.74,2.43,0.81,1.64,1.63,5.70,4.93,1.66,0.86,4.96,3.33,0.84,2.55,2.50,2.57,0.82,1.68,2.48,1.66,4.19,3.41,2.36,0.84,3.32,2.48,0.86,2.48,0.82,0.85,4.93,3.43,0.84,2.53,1.70,4.36,3.38,2.54,0.86,6.72,0.82,3.30,0.84,4.66,0.84,1.66,2.56,0.84,2.44,3.40,1.65,0.85
13	98850659	98851031	AGCAGGGAGGGGGGGCGG	1.61	HG00881:2.48	0.86,0.84,0.86,0.83,2.48,0.83,0.83,0.86,0.81,0.81,0.85,0.81,0.83,0.84,0.87,1.71,0.82,0.84,1.69,0.78,0.85,0.83
12	59829984	59831191	AAAG	1.60	HG00881:14.89	1.63,2.45,2.49,2.50,1.66,3.33,3.99,3.36,6.78,0.85,3.46,3.27,6.51,14.20,2.44,2.52,7.65,1.73,0.86,14.89,8.84,0.78,3.35,6.59,4.72,0.86,6.73,7.49,3.41,4.21,0.86,2.45,9.99,6.72,16.01,8.96,1.74,13.92,11.32,2.42,0.82,8.96,11.96,4.93,22.61,3.29,14.59,5.11,2.57,19.30,6.63,7.45,5.24,6.83,4.29,5.02,0.81
16	7982680	7982906	AGATATGATATATATGATAT	1.59	HG00881:1.65	1.65,0.86,0.84,0.86,1.55
7	36573967	36574982	AC	1.58	HG00881:4.96	0.82,2.45,0.81,1.66,1.66,0.83,3.34,1.67,0.84,3.33,1.70,2.52,1.65,0.80,3.28,1.71,0.85,3.46,4.93,0.80,1.62,0.84,0.97,0.84,0.85,0.82,0.84,1.65,2.54,2.44,0.84,0.85,2.60,0.86,4.96,2.48,1.69,0.83,0.81,1.68,0.84,2.83,0.83,2.51,0.82,4.19,2.58,0.83,3.27,4.16,1.68,1.63,0.81,1.79,0.87,0.81,1.61,0.82,0.85,0.86,1.64,3.42,0.83,0.86,0.84,3.29,3.24,2.50,0.83,1.67,0.79,0.86,2.51,0.87,1.67,0.87,0.86,1.65,0.85,0.86,1.67,2.53,3.40,0.85,3.38,0.86,0.85,0.85,1.67,1.63,1.65,1.66,0.85
3	79598870	79599698	AAAGG	1.56	HG00881:2.48	1.66,3.87,0.87,4.14,2.48,0.86,4.03,3.26
15	70334525	70335772	ATCC	1.56	HG00881:2.48	0.83,0.83,0.83,0.83,0.84,0.80,0.83,1.70,0.82,0.85,0.84,0.85,0.86,0.84,0.81,0.81,0.85,0.87,2.48,0.86,0.84,0.85,0.84,0.82,0.84,0.82,0.84,0.87,0.82,0.83,0.85,0.83,0.83,0.84,0.85,0.86,0.87,1.71,0.85,0.84,2.57,0.85,0.85,0.85,0.82,1.71,0.85
3	135533067	135533689	AAAG	1.56	HG00881:2.48	0.82,0.85,0.87,0.84,0.85,0.86,0.84,0.85,2.48,1.69,0.83,0.86,0.83,0.90,1.63,1.64,0.86,0.86,0.83,0.85
11	128785281	128786659	ATCC	1.53	HG00881:7.44	0.82,2.45,4.07,2.49,1.67,1.66,2.49,2.50,1.67,1.60,1.67,4.19,3.33,4.25,3.37,2.47,2.47,0.81,1.61,0.82,0.85,1.71,0.87,3.29,1.60,2.50,2.43,1.61,4.21,2.90,0.84,2.55,0.86,7.55,0.83,1.63,7.10,2.54,4.89,0.86,2.52,0.84,1.68,1.70,6.07,2.57,0.83,7.44,2.41,2.48,0.85,0.83,3.91,1.62,1.71,4.19,2.51,0.94,3.45,0.84,5.02,1.68,0.85,3.29,1.67,1.68,4.16,7.36,3.33,5.18,5.72,5.90,0.81,3.58,6.08,2.61,2.43,1.64,3.26,1.63,5.98,0.83,5.15,4.10,0.85,4.14,4.32,3.35,2.46,4.86,0.85,4.17,1.71,0.82,2.52,3.31,2.48,3.35,1.70,2.36,0.84,3.35,0.87,0.83,2.57,3.31,6.00,1.65,2.47,5.12,4.10,2.52,1.72,1.71,0.84,0.84,3.40,3.49,2.54,4.23,2.57,0.84,4.24,0.82,1.65,3.36,2.33,1.67,1.66,2.53,0.85,5.85,1.58,2.44,0.85,2.48,0.83,2.55,5.93
3	184470186	184470744	AAGGAGGTGGTGGGAG	1.51	HG00881:1.65	4.32,4.90,1.65,0.83,6.27
11	67266786	67266987	ACCC	1.49	HG00881:1.65	0.83,0.87,1.65,0.80,0.83,0.84
18	712439	712850	ACCATGGCGTCCGCGCTG	1.44	HG00881:1.65	0.85,1.65,0.83,0.86,0.83,0.84
10	2699761	2700491	AAAG	1.42	HG00881:1.65	0.84,1.65,0.84,0.82,0.84,0.79,0.82
14	101012948	101013124	CCCCCCCCCCCCCCCCG	1.41	HG00881:1.65	1.65,0.78,1.68,1.64,0.81,1.63
16	20728406	20729139	AAG	1.40	HG00881:4.96	0.82,4.90,0.83,5.82,0.83,2.50,0.84,2.50,1.70,2.47,0.81,0.82,0.85,2.40,0.81,5.05,1.69,2.55,1.63,2.52,2.48,1.63,0.85,0.81,1.72,0.84,2.52,0.84,0.85,1.73,0.86,2.49,4.96,0.80,0.83,3.39,0.83,2.34,1.62,1.71,0.94,0.86,2.55,1.64,1.68,4.16,0.83,0.86,0.82,3.37,0.81,5.38,0.81,0.81,2.46,0.81,2.44,1.71,3.29,2.57,3.28,0.85,1.73,4.93,0.85,1.68,0.83,0.85,2.36,0.86,1.75,1.65,0.86,1.65,2.56,0.84,0.84,0.87,1.69,0.85,0.82,0.82,2.52,0.84,0.83,0.85,2.37,0.85,1.66,0.85
9	122258991	122260274	AC	1.39	HG00881:4.96	0.83,0.84,0.84,0.82,0.84,1.69,0.85,0.86,0.82,0.79,1.68,1.70,5.14,0.83,4.96,3.13,7.30,0.83,0.82,0.83,5.72,3.58,3.48,0.81,11.41,1.63,2.56,2.46,2.57,4.10,3.42,0.83,0.86,0.82,0.86,0.84,4.19,1.67,1.71,0.83,2.56,1.72,2.57,0.84,1.69,1.64,2.53,0.85,0.79,3.31
5	62500457	62501251	ACCACCACCACCACCATC	1.39	HG00881:1.65	0.83,1.65,0.78,0.81,0.82,0.81,0.85
1	220483982	220485208	AAAG	1.37	HG00881:4.14	2.49,2.50,0.84,0.84,2.52,1.63,0.80,0.82,0.85,1.62,3.36,0.84,0.85,3.15,0.85,0.83,4.14,1.61,1.65,0.85,1.56,0.86,0.84,0.86,1.66,3.45,1.69,2.42,1.79,4.34,3.48,2.43,8.21,0.85,0.82,1.72,2.46,0.85,0.83,1.64,0.86,0.83,0.79,0.87,2.48,0.82,2.57,0.84,2.48
12	83390875	83391447	ACACATATATATATAT	1.37	HG00881:1.65	1.66,1.58,0.86,1.65,1.71,0.86,1.71
6	134154073	134155008	AGATATATATAT	1.36	HG00881:1.65	3.40,6.05,1.65,3.33,0.81,1.66
7	138305840	138307598	ACATAGATAGATAGAT	1.33	HG00881:33.91	22.86,13.06,13.03,21.62,13.35,7.49,18.29,9.99,22.54,5.01,2.39,22.55,27.64,11.65,9.36,9.26,32.08,15.62,4.07,12.88,33.65,7.68,3.42,15.57,18.08,4.81,16.69,18.67,27.40,13.46,2.90,13.49,13.61,6.05,14.71,0.84,15.68,2.44,8.68,19.48,22.82,28.33,15.96,1.68,26.90,7.65,5.14,17.40,33.91,29.73,29.72,16.09,21.49,17.19,4.05,24.77,23.49,12.57,28.84,10.38,19.00,11.77,17.47,11.71,5.87,15.33,2.46,14.24,18.53,12.05,14.14,5.72,4.16,31.91,26.05,4.90,20.22,21.79,2.69,6.08,5.22,42.86,34.64,14.78,2.44,28.50,2.56,44.36,4.98,22.31,6.56,8.54,12.41,14.99,16.42,0.84,9.86,36.48,11.06,10.00,23.14,12.36,3.36,8.28,14.91,6.70,10.23,17.29,8.57,12.54,5.22,5.86,9.60,16.60,9.41,3.31,4.28,20.68,4.11,5.12,0.82,10.91,7.72,10.28,12.53,2.53,8.49,1.74,5.92,7.61,4.28,1.68,9.32,5.72,7.42,3.36,4.66,4.19,7.49,4.21,7.69,5.85,7.88,8.14,0.85,8.27,14.97,5.09,3.39
10	118331928	118333251	AAAG	1.33	HG00881:10.75	1.63,2.44,3.33,6.68,1.66,1.67,0.83,5.01,2.39,6.70,0.84,9.05,1.63,2.41,3.41,6.83,5.19,12.02,2.43,3.22,0.97,6.80,3.46,5.72,3.94,11.01,8.59,4.20,2.52,9.35,0.86,19.88,10.75,4.02,4.95,4.69,3.36,4.12,3.36,1.67,1.68,1.67,8.99,0.83,6.72,0.82,3.37,1.61,0.90,2.61,2.61,5.70,1.63,6.84,10.80,6.86,4.92,0.85,0.83,3.33,4.32,0.84,16.22,4.25,2.51,0.85,0.86,2.51,0.87,3.31,1.71,1.64,2.57,0.84,5.06,1.58,1.70
10	39099590	39110085	AATGG	1.32	HG00881:13.23	6.53,3.26,8.96,4.16,5.84,6.66,1.66,4.16,7.51,7.52,3.19,5.85,12.56,7.49,6.81,6.73,6.58,9.86,4.89,4.02,2.46,9.39,11.96,5.19,6.58,3.20,6.68,7.30,5.64,10.09,5.81,10.12,7.66,0.86,3.27,5.03,3.30,6.51,3.15,11.01,5.70,3.43,5.04,5.04,0.84,6.80,6.07,5.14,2.49,13.23,1.61,9.08,8.47,7.44,4.69,4.86,2.56,4.19,5.86,4.12,2.83,13.82,6.73,4.16,12.55,11.74,14.48,2.46,4.19,3.37,10.33,13.31,3.27,8.33,7.76,6.72,5.72,6.74,10.49,2.69,5.21,6.96,7.28,3.22,4.93,3.26,4.89,7.69,2.46,4.98,6.01,6.56,1.71,7.44,3.33,1.73,7.54,6.57,4.05,4.25,2.50,7.71,4.94,3.36,6.63,9.94,5.86,4.26,5.50,4.29,3.34,3.48,2.51,5.24,6.64,6.85,9.93,14.56,2.48,8.22,3.41,3.28,3.36,9.43,2.57,5.85,10.13,3.40,5.23,3.38,7.61,5.13,0.84,3.39,3.27,2.47,3.36,3.35,1.66,6.74,8.54,5.01,2.37,4.88,3.40,12.41,7.48,8.49,2.54
12	7589212	7590173	AAATACTATTT	1.29	HG00881:7.44	2.44,7.52,1.70,0.84,0.82,0.84,1.94,2.55,1.68,8.96,0.79,3.43,0.84,8.28,7.44,1.65,0.83,2.52,4.19,0.84,0.83,4.16,3.45,1.68,1.63,2.42,2.61,2.43,2.42,0.81,0.83,0.85,6.66,2.59,1.64,2.52,1.66,0.83,0.84,11.95,1.72,9.34,4.20,1.55,0.83,1.71,7.32,0.85
9	77753616	77754146	AAAGAAAGAAAGCAAG	1.28	HG00881:1.65	0.84,0.84,0.85,1.65,1.68,0.94,0.82,0.82
X	578599	579785	ATCC	1.27	HG00881:2.48	0.81,0.83,0.84,0.85,2.52,0.82,0.82,0.85,0.87,0.80,0.97,1.70,0.82,0.83,0.81,1.72,1.68,0.84,0.86,2.48,0.81,0.84,0.83,0.82,0.86,0.84,0.81,0.87,0.85,0.82,0.84,0.83,0.86,0.82,0.83,0.83,0.85,0.86,0.83,0.83,0.83,0.85,0.86,0.86,0.84,0.85,0.86,0.84,4.24,0.84,0.84,0.85,0.84,0.81,2.48,0.83
17	60941586	60942631	AAAG	1.27	HG00881:1.65	0.84,1.69,1.65,0.90,0.87,1.62,0.82,0.79
7	126010766	126011828	AAAG	1.27	HG00881:1.65	0.83,3.34,0.81,0.86,1.65,0.84,0.86,0.86,0.84
3	65293503	65294826	AAAG	1.26	HG00881:4.96	0.83,0.83,0.83,0.83,0.84,1.68,0.83,2.55,0.84,0.82,0.82,1.64,1.71,0.87,0.82,0.81,1.68,0.81,2.54,0.84,0.84,0.87,0.86,4.96,2.41,0.83,0.83,1.56,0.81,0.84,0.86,1.68,0.83,1.64,0.83,0.82,4.03,4.48,8.69,4.04,2.42,3.26,0.85,0.82,1.66,1.71,0.86,1.67,0.82,5.68,0.83,0.86,0.82,0.84,4.19,2.51,0.84,0.86,4.11,1.71,0.86,2.57,0.84,0.87,2.57,1.68,0.84,4.14,2.54
20	29803908	29833111	AATGG	1.22	HG00881:105.87	86.53,85.68,76.53,97.29,70.94,89.85,81.45,85.77,99.36,115.34,61.42,77.67,86.28,68.22,125.07,69.01,89.65,70.69,61.94,82.11,64.02,82.77,77.74,101.22,89.60,80.92,89.31,86.85,49.96,106.82,65.83,64.93,82.51,59.61,59.65,68.76,80.86,74.91,82.03,62.67,85.57,70.40,82.32,72.30,72.29,96.09,73.71,80.58,85.33,105.87,77.15,85.86,78.76,80.99,83.61,60.80,57.23,70.47,87.13,74.16,78.34,82.91,99.20,70.70,115.48,68.77,92.83,78.84,83.74,78.32,72.28,91.51,74.37,99.09,78.49,73.94,79.21,46.34,82.30,76.17,90.37,76.58,77.63,65.25,80.47,63.57,74.91,72.63,62.44,41.52,81.51,68.11,61.49,69.48,56.62,84.71,92.96,80.49,78.65,65.52,69.14,82.27,84.06,103.22,64.60,112.65,82.05,75.87,75.45,66.85,69.39,94.01,87.84,89.04,75.53,79.60,100.12,93.37,49.64,64.13,79.37,87.84,79.74,66.04,71.11,86.85,89.45,71.31,74.16,82.06,75.27,73.59,57.14,91.53,85.04,51.95,57.13,63.66,83.73,55.73,68.26,80.32,87.76,67.01,100.06,61.15,95.96,93.12,78.08,98.22
4	106481865	106483113	AATAG	1.22	HG00881:6.62	1.63,1.66,1.66,3.32,1.67,0.80,1.68,2.50,2.55,6.73,0.82,0.81,1.64,1.71,2.60,3.20,0.81,2.42,0.84,2.53,1.73,0.82,5.03,0.79,2.58,5.10,0.87,0.86,0.83,6.62,4.82,2.48,1.69,2.48,3.24,0.85,0.84,0.84,1.89,0.86,3.35,2.55,0.82,0.84,0.84,5.16,2.45,0.83,0.86,1.63,0.87,3.48,1.61,1.63,4.89,3.42,4.11,3.43,0.82,0.85,7.54,1.64,4.05,2.55,7.50,0.84,7.45,5.86,1.70,3.14,0.86,2.51,5.02,0.83,3.42,0.83,5.14,4.14,1.64,3.28,4.22,2.54,5.92,4.20,4.09,0.82,2.33,5.02,5.13,2.55
2	112008469	112009653	ACC	1.21	HG00881:20.68	10.61,16.32,20.35,5.82,12.52,7.49,14.96,9.99,10.85,17.55,7.98,15.87,13.40,16.64,17.87,14.31,9.05,10.69,10.59,12.88,18.06,9.39,4.27,8.65,19.73,15.22,11.68,7.30,7.25,20.19,16.46,11.81,14.46,10.37,6.54,8.39,10.73,12.21,7.89,11.01,13.85,16.31,14.28,14.29,14.29,11.91,7.80,7.72,11.60,20.68,14.46,4.95,18.63,12.40,16.41,12.16,11.10,18.46,16.76,13.18,15.10,12.09,17.65,7.49,15.06,19.29,22.99,11.50,7.54,7.58,12.91,15.81,12.26,7.49,12.08,10.08,15.51,10.95,12.91,15.23,12.16,12.18,11.32,13.69,7.39,14.67,16.28,14.53,14.79,5.81,10.30,12.31,13.66,9.10,8.33,13.83,9.21,13.14,8.92,10.21,14.16,15.42,12.36,16.78,13.25,13.25,9.21,14.49,13.36,12.00,15.05,8.70,9.20,13.09,15.77,11.98,9.10,17.99,12.41,6.58,17.07,28.73,9.23,9.43,13.71,8.35,18.56,10.19,18.32,10.15,15.22,17.11,8.40,22.88,17.99,18.14,7.56,12.42,16.75,6.65,10.96,8.54,15.88,22.08,17.08,9.34,14.89,15.80,16.13,11.01
1	5171994	5172568	AGAGGCAGAGGG	1.21	HG00881:2.48	0.81,0.83,0.84,0.80,2.51,0.84,0.82,0.80,0.82,0.87,1.64,0.97,0.85,0.81,0.85,0.81,0.86,0.84,0.86,0.83,2.48,0.80,0.83,1.69,0.78,0.81,1.71,0.86,0.83,0.84,0.86,0.84,1.61,0.81,0.81,0.82,0.85,0.84,0.85,0.83,1.68,0.84,0.83,0.86,0.83,0.85,0.82,1.69,0.84,0.84,0.83,0.85,0.83
14	102021502	102022709	AC	1.18	HG00881:4.96	1.63,0.81,0.83,2.50,0.83,0.83,3.34,3.19,2.51,0.85,4.21,1.65,0.82,2.56,0.87,4.11,1.60,1.67,1.94,2.53,1.70,1.65,0.85,2.44,4.29,1.68,1.73,4.96,3.30,0.83,1.56,2.43,2.52,2.51,0.82,0.94,0.83,2.51,0.84,0.86,3.27,1.67,1.73,1.63,1.61,0.90,2.61,2.61,1.62,0.82,0.81,1.63,0.85,1.64,0.83,0.86,0.82,2.56,0.83,0.86,0.82,2.55,1.67,2.47,5.87,3.31,2.48,5.02,3.43,1.67,0.84,0.83,0.86,2.57,0.83,2.47,0.82,5.14,0.84,2.53,3.49,4.23,0.86,0.84,3.39,0.82,3.30,2.52,1.67,0.84,2.51,1.58,0.85,2.48,0.83,0.85,0.85
10	39076498	39089656	AATGG	1.17	HG00881:12.41	3.27,2.45,8.14,6.65,3.34,12.48,7.48,5.00,11.69,8.36,3.99,4.18,10.05,5.82,5.96,4.21,1.65,4.11,4.89,4.02,6.57,4.27,5.13,10.38,4.11,6.41,9.18,3.25,1.61,10.93,7.74,5.06,11.06,3.46,6.54,7.55,3.30,4.89,4.73,3.39,5.70,5.15,9.24,4.20,3.36,5.95,9.54,5.14,7.46,12.41,2.41,9.91,6.77,3.31,3.13,3.24,1.71,10.07,10.89,9.06,2.83,8.64,13.45,2.50,10.04,5.87,11.07,5.75,3.35,1.68,5.16,10.81,5.72,14.99,8.63,5.88,5.72,3.37,4.84,10.75,9.56,4.35,3.23,3.22,5.75,3.26,8.96,5.13,2.46,1.66,6.01,9.03,1.71,4.96,2.50,8.64,10.05,11.50,8.11,6.81,4.17,6.00,11.54,5.87,4.14,8.28,3.35,3.41,2.36,5.14,5.85,9.58,3.35,3.49,6.64,5.14,1.65,8.57,8.22,8.53,5.75,4.20,8.58,9.42,6.68,5.91,6.79,4.36,5.92,8.46,5.13,5.04,8.47,4.09,2.52,2.33,5.02,4.16,0.84,5.98,5.01,0.79,3.25,3.40,4.96,8.31,6.79,4.23
2	217092439	217092763	ACGGGAGAGGGAGAGGGAG	1.17	HG00881:4.14	0.81,0.83,2.50,0.84,1.64,2.53,1.70,0.86,0.82,0.83,2.44,1.58,1.63,0.84,0.84,1.68,2.57,3.31,4.14,4.82,1.65,0.83,0.78,0.84,2.50,1.63,0.84,1.61,0.90,2.61,0.81,5.70,3.26,1.71,1.64,0.83,2.46,4.27,0.83,4.16,2.46,1.70,1.70,0.87,1.71,1.64,0.84,1.67,0.85,5.04,2.51,0.85
19	8765408	8766405	AAGCCCACCTTCTCCCTG	1.17	HG00881:1.65	0.84,1.65,3.39,1.65,0.83,0.83,2.33,0.85
5	11880529	11881303	ACT	1.15	HG00881:2.48	0.82,0.83,0.83,0.84,0.84,0.83,0.85,0.82,0.82,1.62,0.84,0.97,0.85,0.84,0.81,1.69,1.63,0.84,0.85,1.66,2.48,0.84,0.94,0.86,0.83,0.81,0.81,0.83,2.48,0.83,0.82,0.83,0.82,1.68,0.84,0.83,0.86,1.65,0.82,0.87,0.82,0.84,0.83,0.79,0.81,0.83,0.85
18	74964360	74965326	ACCACCACCACCCCC	1.11	HG00881:1.65	0.83,1.71,0.82,1.65,0.80,0.84,0.84,0.84,0.86,0.84
14	83141111	83141741	AATATATACATAGG	1.08	HG00881:1.65	1.67,0.85,1.63,1.65,0.78,0.87,2.43,1.67,0.79
3	122257700	122258962	AAAG	1.07	HG00881:12.41	4.25,0.81,6.31,11.01,5.70,0.84,12.41,5.18,12.60,11.80,11.50,12.46,1.72,5.98,12.10,9.73,5.11,9.89,10.22,4.96,0.86,0.84,7.63,9.81,12.48,5.90,5.79,11.88
10	129595104	129596101	ACCCTCCATCCATCCCCC	1.05	HG00881:3.31	0.82,3.26,0.81,1.66,0.83,1.67,0.84,0.85,1.71,0.80,0.83,0.81,0.84,0.85,1.63,1.68,3.15,0.85,0.81,0.86,0.84,0.85,0.87,0.86,3.31,0.83,2.34,0.81,0.85,0.94,1.73,0.84,0.82,0.84,0.84,1.67,0.86,0.84,0.81,0.87,1.62,0.81,0.82,3.26,0.81,0.85,0.83,2.46,0.83,1.67,0.81,1.68,0.83,2.36,0.86,0.84,1.75,0.83,0.86,0.83,1.64,0.82,0.84,0.84,0.85,0.87,0.82,0.78,0.83,1.71,0.84,2.37,1.63,3.40,1.65
