motif	top_case_zscore	high_case_counts	all_counts
AAATGGACTACAGCCACGGC	3.11	HG00683:4.34	4.34,3.43,3.37,0.90,1.64,1.72,5.83,5.11
AAACCTCGCATCCTATCT	2.97	HG00683:11.27	10.61,6.53,6.51,2.49,5.84,6.66,6.65,3.33,1.67,4.18,3.99,5.01,0.84,2.50,5.96,5.05,6.58,3.29,4.07,3.22,4.92,4.27,8.54,5.19,3.29,3.20,5.84,1.62,3.22,4.21,3.87,5.90,8.51,5.18,2.45,5.87,6.60,0.81,3.15,5.93,4.89,8.59,2.52,2.52,3.36,7.65,11.27,1.71,3.31,4.96,2.41,0.83,1.69,2.48,2.34,1.62,4.27,2.52,5.86,6.59,3.78,7.77,6.73,2.50,5.86,6.71,3.41,4.11,3.35,4.21,2.58,3.33,5.72,1.67,2.59,3.36,0.82,2.53,4.03,4.34,6.96,4.85,2.42,4.11,4.07,6.51,3.42,4.98,6.01,4.10,2.56,6.62,5.83,3.46,6.70,5.75,8.92,7.66,8.33,6.00,4.94,5.03,1.66,2.48,2.51,2.56,0.79,4.29,2.51,3.48,5.86,4.36,9.96,2.57,8.27,4.28,3.31,3.29,5.97,4.10,13.43,0.86,1.71,4.18,4.22,3.40,4.36,5.92,3.38,4.28,1.68,5.08,3.27,4.12,5.04,2.33,5.86,2.50,5.06,4.27,5.01,0.79,5.69,2.55,2.48,6.65,5.09,6.77
AAAGGAGAAAGGAGAAAGGG	1.86	HG00683:2.60	0.82,0.83,0.84,0.82,0.82,0.84,2.60,1.67,0.82,0.82,0.82,0.85
ACGTATATATGC	1.73	HG00683:1.73	1.73,1.57,0.85
AGCAT	1.65	HG00683:16.48	2.49,11.91,4.01,11.28,9.25,3.35,16.31,8.40,13.45,16.48,5.80,38.57,1.66,11.66,8.63,5.90,0.81,9.70,21.19,5.98,16.43,12.46,8.58,6.66,19.88,4.93,13.78,5.79,5.04,6.74,8.14
ACATCC	1.18	HG00683:65.04	56.33,48.14,40.71,40.74,55.09,59.07,58.18,31.64,51.77,51.82,49.46,55.96,24.29,54.08,51.90,35.35,74.03,51.78,48.08,61.98,52.53,41.81,40.15,30.28,25.48,40.86,30.88,38.96,58.83,44.58,45.50,43.01,52.74,34.56,48.21,50.32,50.33,66.77,39.44,44.88,39.12,56.66,35.28,62.21,63.05,34.01,65.04,30.00,29.82,45.49,46.61,24.77,49.12,56.20,42.20,39.72,61.50,36.91,57.81,84.05,43.42,52.68,52.12,50.74,46.02,39.42,40.03,47.63,31.82,43.79,30.98,49.08,54.76,39.13,25.01,56.29,38.38,58.98,39.54,50.18,53.87,29.59,39.62,50.75,70.61,45.64,49.67,23.07,49.29,63.12,49.76,49.23,57.22,63.69,47.46,15.56,42.71,45.17,45.40,54.46,34.99,33.42,28.84,31.89,57.98,36.44,29.30,43.47,59.73,25.71,47.65,60.93,36.81,28.81,40.67,47.93,29.79,42.83,38.89,32.06,54.62,58.28,63.79,37.73,27.42,66.81,40.50,42.44,42.75,54.99,43.98,36.79,40.33,30.51,45.79,42.05,54.61,35.71,31.82,56.56,28.65,54.68,35.94,48.09,37.42,56.90,35.57,48.22,48.38,51.65
ACCATC	1.07	HG00683:6.94	3.27,1.63,0.81,0.83,1.67,1.66,1.66,0.83,12.54,1.60,4.18,3.35,4.25,5.89,4.11,6.58,3.26,3.22,2.46,1.71,3.42,1.73,1.64,2.40,5.84,2.43,4.03,0.84,3.87,4.22,0.85,4.32,0.82,2.52,3.30,4.07,8.68,0.85,2.44,1.72,2.52,1.68,0.85,6.94,0.86,0.83,3.31,4.02,0.83,4.23,1.65,5.47,3.24,3.42,1.68,1.68,0.82,0.86,2.52,1.67,0.84,2.55,7.39,2.51,0.84,0.86,1.66,0.82,0.83,3.45,3.36,0.82,0.84,0.81,0.90,1.74,5.22,0.81,5.64,4.11,0.81,0.81,0.85,5.75,5.81,1.72,0.82,0.85,0.83,5.83,0.86,1.67,4.93,1.62,3.40,4.17,1.65,0.83,0.83,0.79,0.84,4.35,2.51,0.87,1.66,3.31,1.71,0.83,5.97,1.64,0.86,4.22,0.85,0.85,0.85,1.71,2.52,2.54,2.45,3.30,1.68,0.83,0.84,1.58,1.63,0.85,0.83,2.49,0.85
ACGCCTGCTCTCACTGG	1.06	HG00683:10.41	0.82,5.71,1.63,8.31,5.01,6.66,4.16,0.83,5.01,5.01,1.60,4.18,2.51,6.66,8.51,6.73,7.40,6.58,2.44,8.05,4.92,9.39,2.56,2.60,1.64,4.81,2.50,3.25,6.45,6.73,6.78,5.06,11.06,4.32,5.72,6.71,7.43,3.26,4.73,5.93,9.78,5.15,5.04,3.36,5.04,5.95,10.41,4.29,4.97,4.96,4.82,4.13,5.08,4.13,9.38,8.11,5.98,4.19,5.03,9.06,2.83,5.18,4.20,9.15,9.20,5.03,5.96,3.29,3.35,3.37,2.58,9.15,7.36,4.16,3.45,1.68,3.27,5.90,3.23,1.79,1.74,8.70,6.47,4.03,6.57,3.26,2.44,5.13,10.68,9.14,5.15,3.42,6.62,6.66,6.05,3.35,4.93,7.30,8.51,5.83,3.43,0.82,5.03,1.66,6.63,4.19,8.52,8.65,3.43,6.69,6.09,6.69,6.11,8.30,5.14,0.83,6.00,2.48,11.10,4.10,6.72,3.43,3.43,4.18,5.91,3.40,5.23,6.77,3.38,5.99,7.56,2.54,4.91,1.65,4.20,5.43,6.70,3.33,1.69,2.56,3.34,8.67,8.95,5.10,2.48,6.65,11.03,5.93
AATGGTGAGGAGCACTGGGG	1.01	HG00683:3.47	0.83,0.83,0.84,1.65,0.80,0.85,0.97,1.70,0.86,5.72,1.68,1.65,2.37,0.85,0.81,1.72,0.84,0.84,3.47,2.49,2.41,1.65,0.84,0.82,0.86,1.63,0.86,0.82,2.69,1.74,4.85,2.44,0.82,0.86,4.92,0.83,0.86,1.62,2.55,1.74,3.36,0.84,0.81,0.83
