#contig	start	end	unit	top_case_zscore	high_case_counts	all_counts
7	14209244	14210274	AAAG	13.04	HG00663:27.21	8.96,26.06,27.21,23.40
X	494322	495432	AAAG	9.80	HG00663:13.61	0.82,2.50,3.33,5.58,3.40,0.84,1.63,0.82,0.80,0.81,0.85,0.83,5.04,13.61,5.14,2.54,1.89,0.83,2.45,0.86,5.90,0.81,1.63,4.07,1.71,0.81,0.83,0.83,1.57,3.43,1.74,0.83,2.56,0.86,0.84,2.45,1.68,9.21,4.16
18	74686439	74687498	AAAAG	7.48	HG00663:7.65	5.70,7.65,4.99,0.83,0.86,0.84
4	141920709	141921506	AAGGAG	6.93	HG00663:11.05	18.30,11.05,2.59,15.41
3	114557773	114558673	AAAG	5.46	HG00663:5.95	0.83,0.84,5.95,0.86,0.86,0.87,0.86,0.81,0.83
1	216223234	216224422	AAAGG	5.19	HG00663:18.71	1.63,5.70,1.66,5.82,8.31,3.34,7.52,9.57,4.19,1.70,9.05,7.40,4.89,8.21,1.71,7.69,7.21,1.67,5.05,7.59,7.66,8.64,3.27,10.06,0.83,15.77,14.40,14.67,8.59,5.88,8.41,18.71,6.86,1.66,9.93,1.65,5.93,9.09,13.28,0.81,4.27,11.75,10.05,6.59,0.86,1.68,0.84,9.37,7.39,5.16,8.32,9.99,10.08,7.35,7.58,12.10,18.82,2.61,3.22,5.75,11.41,12.21,2.56,2.46,10.80,6.86,10.67,9.39,14.06,9.16,9.51,4.19,10.68,13.61,1.66,2.57,5.14,4.18,4.66,0.81,1.70
9	21183853	21184946	AAAG	4.96	HG00663:9.35	0.81,4.99,2.50,2.50,0.84,0.83,3.40,2.47,0.82,0.85,0.87,2.40,0.81,3.40,5.03,2.48,6.51,0.79,4.23,3.36,2.52,9.35,2.60,0.86,4.14,1.69,2.48,0.78,2.51,0.86,0.84,2.52,3.33,2.59,2.52,2.45,1.74,4.35,2.43,0.81,0.81,1.63,1.71,1.64,0.86,4.14,1.67,3.46,5.75,1.70,3.33,1.71,2.52,4.14,1.67,1.67,3.35,0.83,3.42,4.27,4.10,1.68,0.86,1.69,0.87,1.69,1.69,0.86,4.24,0.82,1.68,1.55,0.84,0.84,3.94,5.79,1.66
1	52318139	52318563	AAAACTATATAGTTT	4.82	HG00663:6.80	4.99,4.07,1.70,6.80,7.69,0.84,0.83,5.75,1.64,0.86,1.69,1.70,0.78
1	226809774	226811074	AACCTGCACTCCAGTTGGT	4.58	HG00663:21.26	13.06,1.63,4.07,0.83,9.14,6.68,3.99,11.69,3.35,4.16,5.05,10.69,6.58,0.85,26.82,7.21,9.18,4.87,10.93,17.86,0.86,0.82,9.22,14.03,8.14,11.41,7.56,9.25,0.84,21.26,0.83,0.83,9.64,9.08,1.69,2.43,7.69,5.03,23.90,0.86,9.15,20.08,0.85,2.46,1.67,5.89,5.16,2.45,0.83,12.94,0.84,0.84,0.81,11.32,3.28,3.26,10.68,0.83,7.72,13.95,5.79,1.67,5.19,3.35,3.29,6.49,7.71,3.30,2.48,0.83,10.05,1.57,1.67,3.43,4.14,4.93,3.40,4.23,2.45,1.65,0.84,11.04,1.63,3.40,5.79,0.83
2	114578503	114579749	AAAG	4.53	HG00663:15.31	0.87,3.20,3.36,0.97,15.55,0.82,0.84,10.59,5.15,15.31,10.29,16.64,4.09,2.45,2.42,3.26,3.46,6.57,4.14,1.71,0.84,5.79,8.39,6.00,4.18,2.55,0.85,0.86,3.39,0.82,6.60,4.66,10.11,4.27,0.84,0.85,6.65,1.70,2.54
18	56769350	56770216	AAAG	4.39	HG00663:6.80	3.33,0.84,0.82,0.81,2.41,0.97,1.69,0.84,0.84,6.80,1.71,0.83,3.30,3.35,0.83,2.50,1.73,0.84,0.81,1.62,0.81,0.82,2.44,2.49,2.46,4.96,2.59,0.81,0.82,1.71,0.87,0.83
16	55358619	55360375	AAAG	3.85	HG00663:15.31	0.82,1.63,0.83,0.84,1.68,1.64,0.85,2.47,2.43,0.84,8.17,0.81,5.52,8.15,24.04,4.20,15.31,4.14,0.83,2.41,0.94,0.84,1.73,0.84,1.74,0.81,24.97,7.33,0.82,0.83,0.86,1.65,0.83,9.51,1.64,12.76,0.85,0.86,0.84,0.86,0.86,1.67,0.84,6.69,1.70
19	19854302	19855623	AAAGG	3.55	HG00663:22.96	4.08,8.16,0.81,8.31,6.68,6.66,21.65,13.36,6.69,14.36,6.68,12.56,7.49,10.21,7.57,14.81,7.40,4.07,7.24,9.03,6.83,10.25,7.79,9.86,3.20,11.68,5.68,5.64,4.21,5.81,11.81,13.61,11.23,4.90,12.58,9.08,8.14,17.35,6.77,4.07,8.59,6.72,4.20,6.73,22.96,13.01,7.72,4.14,12.41,5.63,9.08,11.01,11.57,22.66,8.11,3.42,4.19,16.76,6.59,16.99,8.64,9.25,12.48,7.53,1.68,8.52,9.86,7.54,5.89,12.91,9.15,20.43,15.82,17.25,12.60,4.90,10.11,20.98,11.65,2.61,20.02,10.51,14.50,8.21,12.22,7.33,16.24,2.46,9.97,18.88,11.49,12.81,14.06,6.66,10.37,15.91,6.57,12.16,5.96,10.00,5.14,2.52,4.97,0.79,17.14,4.18,1.74,7.53,9.60,5.81,8.56,5.79,5.14,8.22,7.68,9.03,6.72,13.72,7.71,5.01,1.69,6.77,5.07,6.78,6.54,1.65,5.04,16.75,6.65,10.96,16.23,7.52,11.04,5.69,2.55,5.79,3.33,0.85,2.54
15	100597820	100598903	AACCCCCCTATCCCGGCTCT	3.46	HG00663:4.25	0.82,0.84,1.69,0.84,4.25,0.94,0.81,1.71,0.83,0.86,0.82,0.83,0.85
22	48074685	48076186	ATCC	3.40	HG00663:22.11	8.98,12.24,13.03,15.80,13.35,4.99,3.32,13.32,16.70,16.72,5.58,8.35,3.35,19.97,17.87,7.57,8.23,4.93,12.22,8.05,10.67,9.39,8.54,12.11,13.15,11.22,4.17,8.93,15.31,11.77,12.59,10.96,13.61,7.78,13.89,15.93,17.33,5.70,21.30,11.01,12.22,18.03,9.24,12.61,13.45,22.11,13.87,11.14,12.43,3.31,12.05,4.95,11.86,19.83,8.60,14.59,11.96,6.71,7.54,11.54,9.44,7.77,12.61,9.98,9.20,10.90,6.81,1.64,20.10,10.95,12.05,14.14,7.36,10.82,12.94,16.80,12.25,5.90,15.33,14.34,6.95,14.79,11.32,13.69,16.42,11.41,20.35,17.94,25.47,15.78,10.30,12.31,14.52,7.44,8.33,13.83,6.70,11.50,8.11,11.06,13.33,10.28,4.94,16.78,3.31,11.60,8.37,11.08,11.79,7.71,6.69,13.93,9.20,6.98,11.62,9.41,13.24,5.14,14.07,10.69,16.22,16.42,11.75,6.00,7.71,15.03,11.81,16.98,10.47,7.61,5.92,9.41,15.12,11.86,10.63,4.95,11.76,10.87,9.21,13.31,18.54,9.40,6.69,7.88,11.39,7.64,14.06,7.48,15.28,8.47
11	74837818	74839064	AAAG	3.38	HG00663:27.21	0.82,4.89,16.63,7.51,11.64,4.18,18.43,0.85,7.57,9.04,16.10,9.03,14.52,8.35,7.30,12.89,9.68,15.52,22.80,0.81,22.70,27.21,10.41,26.51,0.80,12.38,9.32,5.79,17.84,2.56,12.58,11.54,5.66,23.32,12.61,7.66,26.28,15.91,17.68,18.93,0.84,8.07,3.48,6.52,0.85,2.49,6.56,21.65,6.92,12.86,8.36,0.86
1	32060308	32061468	AAAG	3.36	HG00663:4.25	0.83,0.84,0.84,0.85,0.87,4.07,4.25,1.56,0.84,0.86,1.79,0.81,1.64,0.81,0.86,0.84,0.81,0.85
10	118149677	118150120	AAAGGAGGAGGAGGAAGGAG	3.29	HG00663:3.40	0.85,3.40,0.82,0.84,1.63
17	10646739	10647879	AAAG	3.14	HG00663:4.25	0.84,0.80,0.82,0.84,0.97,0.85,0.84,0.83,0.79,4.25,0.83,0.84,0.84,0.82,0.82,0.84,2.61,0.81,1.64,1.71,0.84,2.46,0.85,0.85,0.87,0.84,0.84,2.57,0.85
X	111728131	111729338	AAAATATATATATG	3.11	HG00663:5.95	1.63,0.81,0.83,0.83,1.66,1.67,1.67,0.84,1.60,1.67,1.68,0.83,1.68,1.65,1.61,1.71,0.87,2.47,1.61,0.84,4.32,1.65,0.79,1.69,0.81,1.68,5.95,1.71,0.83,0.83,0.83,3.13,2.43,0.85,2.52,0.84,0.82,0.86,2.52,3.33,0.84,1.64,3.35,0.84,0.86,0.86,1.68,1.69,0.81,0.81,1.63,0.82,2.57,2.46,0.85,0.83,4.32,1.70,1.68,0.79,1.71,0.84,0.87,0.85,0.82,0.86,1.71,0.87,2.54,1.68,0.82,2.50,4.18,0.79,0.81,0.85,2.49,1.69
1	164838962	164839945	AAAG	3.05	HG00663:4.25	1.63,0.81,3.33,0.85,1.68,0.85,4.25,0.83,1.67,0.86,0.84,0.87,0.81,3.35,0.82,0.82,0.78,1.67
10	7361360	7362302	AG	2.84	HG00663:5.10	2.49,0.83,0.83,0.83,1.67,0.83,1.70,1.68,0.82,0.80,1.64,1.71,0.87,1.67,2.42,2.52,1.70,0.84,0.84,5.10,0.83,0.83,0.84,0.84,0.84,0.84,0.86,0.83,2.50,0.82,0.84,0.81,0.85,0.82,1.71,0.84,3.29,2.43,3.40,0.82,0.84,0.83,1.67,0.86,0.84,1.74,2.49,0.86,1.65,2.57,0.82,1.71,0.82,0.84,0.85,0.85,1.71,0.84,0.85,0.84,1.69,1.71,0.81,0.85,0.83,1.66,0.85,0.85
3	187859542	187861099	AAAG	2.82	HG00663:5.95	0.82,0.83,0.80,0.82,1.64,0.80,1.70,1.63,0.84,1.63,2.37,2.54,3.43,0.84,5.95,1.73,1.71,1.66,1.61,0.83,0.84,0.84,0.84,5.82,1.63,3.33,1.79,1.74,4.35,8.06,1.63,1.66,0.86,1.67,2.46,0.84,0.84,3.35,0.87,0.86,1.64,2.52,2.51,0.83,6.69
8	62666303	62667317	AGGGAT	2.69	HG00663:13.61	3.27,1.63,0.81,3.34,3.33,7.48,1.67,3.34,6.69,1.60,4.18,5.03,5.89,0.82,11.41,2.56,0.87,4.17,3.25,3.36,10.96,2.55,6.91,4.09,11.40,3.15,6.77,4.89,10.30,8.40,13.61,4.34,0.86,7.44,4.13,1.65,14.07,6.49,2.56,3.36,5.03,2.47,2.59,5.88,2.50,9.20,7.55,7.58,7.76,6.72,10.49,2.69,11.31,8.90,9.03,7.33,8.58,8.21,8.54,5.00,6.70,6.49,8.51,11.66,7.71,9.89,7.45,3.93,7.71,9.20,5.86,0.87,6.64,2.57,2.57,4.27,8.21,4.29,2.57,11.04,6.11,5.08,5.92,5.88,3.39,14.72,6.60,5.04,5.43,10.88,4.16,3.34,4.07,0.85,9.93,1.66,3.39
6	134716871	134717933	AAAG	2.66	HG00663:4.25	0.83,0.83,0.83,1.65,4.02,1.71,0.80,4.25,0.85,2.52,2.52,1.72,1.65,2.57,0.84,2.50,0.84
10	36031108	36032222	AAAG	2.65	HG00663:6.80	2.90,4.32,10.62,3.35,10.30,8.41,6.80,0.84,0.81,4.27,4.98,5.83,2.62,2.51,0.86,1.64,4.12
5	98323895	98324313	AG	2.59	HG00663:5.10	4.84,0.85,4.13,5.10,1.66,5.03,2.51,1.69,5.66,2.48,1.67,0.81,0.85,3.30,1.64,2.47,0.84,1.65
8	137365357	137366616	AAG	2.57	HG00663:5.95	0.83,2.49,2.50,2.51,2.39,0.84,3.35,1.68,0.82,2.47,1.73,2.40,3.34,0.81,0.84,2.90,2.53,1.70,0.84,3.26,0.85,0.81,1.72,5.95,1.71,0.83,3.31,0.80,0.84,0.94,0.84,3.35,2.45,0.84,0.87,0.87,1.62,0.81,2.46,3.26,1.63,1.64,1.66,2.57,3.28,1.71,2.48,1.73,0.83,0.86,0.82,1.68,0.83,4.14,2.51,3.14,1.74,6.11,1.66,2.57,1.65,3.43,4.14,2.47,2.46,1.72,0.86,0.85,3.49,1.69,0.85,0.86,2.52,2.47,1.68,3.11,0.83,3.37,0.85,1.63,1.65,0.83,0.85
12	76249917	76250357	ACC	2.56	HG00663:3.40	6.73,3.40,2.57,8.33,6.04
2	129393068	129393855	AAGG	2.56	HG00663:3.40	0.83,0.84,0.84,3.40,0.82,0.82,0.81,0.90,0.82,1.71,1.71,0.84,0.85,0.82,0.85,0.81
3	4315538	4315590	ACGGGAGGGGAGGAT	2.55	HG00663:2.55	2.55
9	90016773	90018099	AAGG	2.53	HG00663:9.35	4.08,3.26,0.81,4.99,0.83,7.49,2.49,0.83,4.17,6.69,4.79,2.51,1.68,1.66,5.96,1.68,1.65,2.47,1.63,1.61,0.82,5.12,4.27,3.46,2.47,0.80,1.67,3.25,2.42,0.84,0.97,6.75,1.70,1.63,1.68,4.07,0.79,0.85,3.26,3.43,1.68,0.84,9.35,3.47,2.49,3.31,0.80,7.43,1.69,7.03,1.62,4.19,1.68,3.30,1.89,1.73,3.36,1.66,4.18,0.84,4.26,1.64,11.72,4.21,6.88,1.66,4.09,6.66,2.59,1.68,3.27,0.84,6.45,0.90,6.95,3.48,5.66,0.81,1.64,1.63,2.56,0.83,1.72,4.92,4.27,5.79,3.46,3.35,7.30,1.70,4.17,5.77,0.84,5.80,5.80,2.51,0.85,3.34,3.48,0.84,0.87,0.83,1.71,7.45,0.86,3.31,0.85,0.82,1.68,2.57,1.71,1.69,2.55,0.87,0.85,1.69,0.84,0.85,1.64,2.47,0.84,3.88,0.84,1.66,1.69,3.42,2.51,0.85,5.79,1.66,0.85
14	83284786	83285369	AG	2.53	HG00663:2.55	0.84,2.55,0.86,1.67
12	115811989	115812556	AAGG	2.49	HG00663:2.55	1.70,2.55,0.84,0.83,0.79
17	59582598	59583544	AAAG	2.45	HG00663:3.40	0.83,1.67,0.84,0.85,0.87,0.84,0.81,3.40,0.84,0.84,0.84,2.58,0.87,0.82,2.49,2.56
X	59999	60275	AACCCGAACCCTAACCCT	2.45	HG00663:2.55	0.82,2.55,4.19,2.56
5	78475509	78477089	AAAGG	2.44	HG00663:54.42	14.69,66.76,16.62,16.66,15.04,20.05,22.62,30.63,28.61,24.68,33.70,24.15,15.59,16.21,22.21,47.58,13.80,6.45,22.71,7.66,32.71,18.98,25.24,29.97,4.89,22.32,12.60,41.20,20.18,54.42,4.29,28.13,33.85,23.51,17.59,51.91,47.08,14.97,15.90,20.53,25.12,14.32,20.80,21.25,26.89,19.36,26.88,21.72,18.27,42.70,57.86,45.18,31.56,14.59,47.59,39.29,24.82,18.32,58.78,33.50,8.92,35.74,17.14,21.77,26.72,35.95,19.24,38.89,21.34,36.12,13.69,12.71,29.44,26.04,20.96,14.14,40.95,21.15,14.44,21.51,15.28
1	156898068	156898692	AAG	2.39	HG00663:5.95	1.63,0.83,0.83,2.49,0.83,0.83,1.67,0.83,2.52,0.82,1.61,0.84,4.84,0.85,0.86,0.83,1.63,0.79,0.85,1.63,0.84,3.36,0.84,5.95,0.86,1.61,0.83,0.84,3.30,0.86,1.67,2.55,0.84,2.58,2.50,2.45,0.83,0.86,1.68,0.82,5.38,0.87,4.35,0.81,1.61,0.81,0.82,2.57,0.82,0.85,0.83,0.83,1.73,2.51,3.24,2.55,0.83,0.86,1.66,0.84,0.85,3.14,0.87,1.66,1.71,3.41,1.64,4.20,2.57,1.67,0.84,1.70,3.49,1.69,1.69,4.20,1.69,2.47,1.66,1.69,1.67,4.16
7	157387590	157388824	AACCTCCTGGCTTCCT	2.37	HG00663:13.61	0.82,0.83,1.67,4.99,5.11,8.23,1.64,13.68,9.03,5.19,5.84,4.21,11.81,7.33,6.01,0.84,10.09,13.61,12.14,0.86,13.25,5.79,0.80,0.82,5.00,10.62,10.49,1.74,12.89,8.21,0.81,8.14,0.86,10.25,4.16,2.59,9.21,0.85,10.28,4.12,3.31,0.84,11.93,1.71,2.51,3.31,0.85,6.75,10.19,2.62,3.39,0.82,1.68,5.94,13.58,0.85
1	59761650	59762920	AAAGCGCGGCCCCTGT	2.37	HG00663:6.80	1.63,4.89,7.48,1.66,0.83,2.47,0.82,1.71,2.60,0.82,1.60,0.81,0.81,0.97,3.40,1.63,4.19,0.83,0.81,2.37,0.84,1.68,6.80,4.02,0.81,5.13,0.84,1.68,2.59,0.84,0.83,0.85,2.50,2.45,5.18,0.84,1.63,2.53,1.61,1.61,3.26,2.44,0.82,1.66,7.72,2.46,0.83,0.81,2.50,3.43,0.84,1.66,2.56,1.67,1.74,0.84,2.62,0.83,0.83,4.11,1.71,3.28,0.84,0.86,6.68,1.69,0.85,0.85,1.69,3.42,1.68,0.82,0.82,0.78,4.19,1.66,0.79,3.25,1.70,0.83,2.55
8	745260	746457	ACCCCTGCTCTCACTGG	2.37	HG00663:3.40	0.82,2.44,0.83,0.83,0.82,1.64,0.82,0.84,2.52,3.40,0.85,0.85,0.84,0.94,0.84,0.84,0.86,0.81,0.81,0.81,1.71,0.82,0.83,0.86,0.82,0.81,0.85,0.83,1.66,0.85,0.86,0.82,0.84,0.79,0.81,0.85
3	70468154	70468482	AAAGG	2.37	HG00663:2.55	0.83,2.55,1.71,0.86,3.24,0.83
13	27133313	27134404	AAAG	2.32	HG00663:18.71	13.67,11.25,7.40,9.74,17.65,18.71,24.30,13.21,16.43,5.65
12	130313290	130313832	AGGG	2.28	HG00663:8.50	2.45,1.63,2.44,4.99,2.50,0.83,0.83,5.01,2.51,1.60,0.84,0.84,3.33,5.96,4.94,4.93,4.89,4.27,1.71,0.87,4.11,2.50,0.81,2.42,1.68,0.97,7.59,1.70,0.86,4.09,0.84,4.89,4.73,1.69,3.26,1.68,0.84,0.84,8.50,1.73,1.71,1.66,4.82,1.65,2.54,0.83,8.60,1.62,0.85,2.52,3.35,4.12,1.68,1.66,0.84,1.70,1.64,0.84,2.53,2.58,0.83,0.82,0.83,1.73,1.68,0.82,0.90,2.61,1.74,2.43,0.81,0.81,0.81,2.56,2.46,2.49,1.72,0.83,3.33,3.46,1.62,1.70,1.67,0.86,1.65,0.84,0.83,1.66,1.67,0.85,1.57,0.86,0.84,0.87,0.84,1.66,1.65,5.14,4.14,0.82,1.71,3.28,4.20,4.29,3.34,1.70,0.87,2.54,0.85,1.68,5.08,9.81,0.82,0.84,5.43,0.84,1.66,2.53,0.85,2.51,7.88,9.76,5.94,3.31,4.99,1.70,1.69
4	552955	554008	ACCTAGCGTCCCAGC	2.25	HG00663:3.40	0.82,0.83,0.83,0.83,0.83,1.67,0.84,0.82,0.82,0.80,0.83,0.81,0.82,0.81,0.85,0.81,0.86,3.40,0.86,0.81,1.65,0.84,0.84,0.84,0.85,0.82,0.86,0.83,1.73,0.81,1.64,0.86,0.83,0.86,0.82,0.82,1.68,0.83,0.84,0.84,0.87,0.83,0.84,0.86,0.85,0.87,0.85,0.84,0.84,1.58
8	25453226	25454728	AAAG	2.23	HG00663:17.01	7.35,0.82,0.81,7.49,0.83,0.84,10.37,1.68,0.85,4.02,11.49,6.83,6.58,8.35,8.86,14.69,13.42,21.17,9.46,0.85,6.01,0.84,3.36,17.01,2.60,3.43,0.83,1.65,4.86,0.94,0.86,7.55,11.92,0.82,6.88,5.82,8.17,0.83,5.04,5.72,0.81,2.61,0.81,13.96,8.22,14.12,0.86,0.85,6.62,5.83,8.64,20.10,0.85,0.86,0.84,0.83,1.70,16.50,4.96,0.85,0.85,3.49,9.30,0.82,1.55,2.50,6.31,0.81
20	61617888	61618303	ACCCCCGCCCACCCGC	2.20	HG00663:3.40	0.81,0.84,0.80,1.66,0.82,0.85,1.68,1.94,0.86,0.84,0.83,0.81,0.79,0.85,0.84,3.40,0.83,0.83,0.78,0.84,0.86,0.83,0.85,1.64,0.86,0.83,0.82,1.69,0.81,0.87,0.81,0.81,0.82,0.81,1.63,0.82,2.46,0.85,0.83,0.82
7	1342635	1343957	AAAG	2.13	HG00663:3.40	0.85,0.82,0.85,1.68,3.40,0.86,0.83,0.78,0.82,7.35,4.85,3.22,4.86,0.84,1.75
2	73409299	73410423	AAAG	2.11	HG00663:5.95	4.16,0.82,1.64,0.80,2.53,4.23,2.52,5.95,3.31,4.13,1.63,6.74,3.28,1.63,3.29,6.01,5.74,5.68,0.87,0.83,0.85,1.67
11	57170317	57171692	AAG	1.99	HG00663:20.41	10.61,4.90,4.89,4.16,5.01,10.82,6.65,3.33,15.88,4.79,7.52,1.68,7.66,5.05,8.23,9.04,5.70,9.66,3.28,5.12,11.96,9.52,4.11,10.42,2.50,16.23,8.06,8.41,9.68,1.69,13.61,16.41,17.98,11.74,13.20,5.70,9.46,2.54,9.78,9.44,8.40,3.36,12.61,20.41,7.80,18.86,3.31,13.23,21.70,3.30,5.08,9.92,2.34,6.49,11.96,9.23,5.86,8.24,13.21,4.32,4.20,4.16,8.37,5.03,10.22,12.32,8.37,12.63,7.74,5.82,8.99,5.83,5.18,7.56,24.50,10.95,14.52,22.40,13.03,12.18,10.51,14.50,9.85,9.78,4.89,3.42,11.50,6.64,6.01,5.74,7.69,12.41,7.49,22.48,15.07,6.57,0.81,13.61,6.00,1.65,16.57,6.70,8.52,9.43,6.00,4.18,6.96,13.39,5.24,7.47,8.56,10.76,5.14,14.07,4.27,5.75,9.23,5.15,5.14,5.85,5.91,6.79,5.23,10.15,0.85,8.56,3.36,4.09,8.25,5.04,5.43,11.72,4.16,1.69,3.42,10.03,1.58,3.40,5.79,2.49,5.93
4	53498561	53499326	AAAG	1.98	HG00663:2.55	0.82,2.45,0.84,2.52,2.55,0.82,0.85,0.84,0.83
X	870209	871675	AAAG	1.94	HG00663:28.06	0.82,9.99,6.38,12.07,0.82,15.02,11.28,25.17,30.36,11.91,6.54,26.00,9.08,17.91,12.70,18.74,22.32,15.96,10.09,18.49,28.06,11.27,19.72,8.27,5.63,0.78,5.03,12.48,9.20,11.50,21.63,8.99,9.99,22.43,10.92,13.88,10.95,15.33,16.13,7.82,18.27,26.69,15.30,23.63,14.66,23.07,5.15,15.59,10.25,29.78,15.82,26.80,5.86,21.35,6.49,9.36,5.86,7.71,5.85,1.71,9.10,9.93,0.85,0.82,0.86,6.75,3.40,5.23,10.99,1.71,9.24,11.02,0.84,0.84,12.64,12.82,0.84,15.46,11.03,4.23
3	185382371	185383808	AGG	1.92	HG00663:5.95	3.27,1.63,0.83,1.67,0.83,0.83,1.67,2.50,1.67,3.99,1.67,1.68,0.83,0.85,0.84,1.65,0.82,1.63,4.83,3.28,1.71,2.56,0.87,1.60,0.83,2.43,1.61,0.97,1.69,2.55,0.86,2.45,2.52,2.48,0.81,3.15,3.39,2.44,6.87,3.36,0.84,5.95,0.87,2.57,1.65,0.80,2.48,0.85,0.83,3.13,0.81,5.98,1.68,1.65,2.83,4.32,5.04,0.84,0.84,3.41,0.82,0.84,2.58,1.66,0.82,1.73,1.68,1.63,4.21,3.23,0.90,1.74,0.81,1.64,0.85,0.83,0.86,0.82,1.71,0.83,2.59,1.67,2.46,2.43,0.83,1.71,1.65,3.36,0.83,2.48,1.67,4.26,1.57,1.71,0.84,0.87,2.51,0.87,0.83,5.14,0.83,3.43,2.48,0.85,1.64,2.52,0.86,3.43,0.84,0.84,2.55,1.74,0.85,1.69,0.86,1.68,1.69,1.64,1.65,1.68,3.11,0.84,1.69,2.56,3.34,0.79,0.81,1.70,0.83,3.33,0.85,1.69
2	30025436	30025819	AGGGG	1.90	HG00663:3.40	1.63,0.84,0.85,1.63,0.80,0.85,0.85,0.80,1.62,0.81,0.97,0.86,0.82,0.79,0.85,0.86,0.84,3.40,1.66,0.80,0.83,0.81,0.84,0.86,0.84,0.84,0.82,0.86,0.81,0.90,0.82,0.82,1.67,0.84,0.84,0.85,0.83,0.86,0.85,0.84,0.85,2.45,1.66,0.84,3.15,0.81,0.85,0.83,1.70
4	102026851	102028157	AAAG	1.89	HG00663:19.56	9.80,5.82,1.67,1.66,7.48,2.50,3.34,9.19,5.58,6.70,0.85,6.73,4.93,5.63,4.27,15.38,1.64,8.01,10.85,10.55,19.34,4.21,12.59,1.69,7.66,14.69,17.98,9.22,1.58,8.47,7.33,10.08,7.57,8.41,19.56,6.86,26.51,6.62,19.29,0.83,3.39,7.81,2.43,2.56,10.93,6.69,12.05,12.48,13.08,2.50,12.08,14.28,16.33,7.58,4.84,8.96,6.08,7.83,1.62,4.83,14.78,12.22,4.89,9.86,9.14,3.43,4.92,10.25,9.10,9.16,14.70,24.29,4.11,1.62,10.21,4.97,4.26,1.75,0.83,8.57,4.14,0.82,6.83,3.38,1.65,10.25,1.63
8	698178	698858	ACCCGCCCATCCCACCGCAG	1.86	HG00663:10.20	7.35,0.82,8.96,2.49,4.17,0.83,2.49,6.66,4.17,1.67,1.67,3.35,0.83,7.66,1.68,1.65,3.29,5.70,0.80,4.92,5.12,0.85,5.19,3.29,2.40,0.81,4.03,2.52,1.94,7.59,5.10,3.46,4.09,2.44,11.04,2.54,4.07,3.43,1.68,0.84,5.88,10.20,7.80,8.28,0.83,4.02,1.65,3.39,4.13,2.34,2.43,7.69,1.68,0.84,6.59,2.83,3.45,7.49,5.02,0.84,5.96,13.14,2.51,5.05,1.72,0.83,0.82,3.33,3.45,4.90,4.21,2.42,1.79,0.87,0.81,3.22,3.28,9.78,3.26,2.56,0.82,4.15,3.43,1.64,6.83,3.31,9.16,10.37,6.70,4.93,6.49,5.96,3.33,2.57,2.47,0.84,2.48,3.31,3.35,2.56,6.29,2.57,0.84,1.74,2.51,1.66,3.42,4.14,2.57,0.83,4.11,0.85,2.46,5.04,0.86,1.71,0.84,5.94,0.87,4.23,1.69,2.57,1.68,0.85,2.45,3.30,3.36,4.66,6.70,4.99,3.37,4.27,3.15,4.07,4.25,1.65,4.16,1.70,2.54
9	140397164	140397954	ACGGGGGGG	1.83	HG00663:4.25	0.82,2.45,1.63,0.83,0.80,0.84,0.83,1.68,1.64,2.40,0.83,0.82,2.44,0.84,0.84,4.25,0.80,0.85,1.71,1.68,2.47,0.86,1.70,0.84,0.82,4.85,0.82,1.63,1.63,1.66,0.82,0.83,1.73,0.82,3.31,1.66,2.51,1.70,1.57,0.87,2.47,2.52,1.72,1.71,0.85,1.69,1.65,2.51,2.53,0.79,1.65
2	97324415	97325753	AAAG	1.81	HG00663:24.66	0.82,6.53,1.63,14.97,4.99,1.67,8.36,12.56,1.66,0.85,0.84,0.82,2.44,19.32,0.82,3.41,3.42,3.29,19.48,4.21,13.55,15.18,16.16,13.82,8.99,9.22,2.48,9.77,27.61,11.01,13.85,15.45,10.92,9.25,19.33,24.66,18.21,6.86,4.97,9.93,19.29,16.51,0.85,3.91,0.81,3.42,9.23,2.51,9.44,0.86,13.45,0.83,0.84,9.23,11.07,3.29,0.84,2.53,35.77,22.07,5.83,16.39,20.17,11.43,11.80,9.68,8.07,0.87,5.22,12.89,23.81,9.78,12.21,6.84,7.47,17.16,4.92,5.12,25.64,7.49,5.19,5.86,30.81,8.51,10.07,0.83,15.74,3.41,3.14,1.71,6.09,7.86,1.66,6.00,1.64,9.39,3.28,0.86,2.51,0.84,0.85,1.64,6.72,0.78,17.70,2.56,3.15,2.55,0.85
12	94007620	94008629	AAAG	1.81	HG00663:4.25	1.63,3.26,3.33,1.68,0.85,0.80,0.83,0.81,1.68,0.97,1.69,0.83,2.37,0.85,2.44,1.68,1.68,4.25,2.54,0.94,1.67,0.86,0.83,0.82,0.84,8.07,0.87,1.62,2.42,0.81,0.81,0.82,0.86,0.82,0.85,0.83,0.83,1.67,0.81,0.86,0.85,1.71,2.57,0.85,2.54,1.64,4.27,0.84
2	160103780	160104740	AAATATATATATATAT	1.78	HG00663:2.55	0.82,0.84,1.67,0.83,0.84,2.55,1.64,0.81,2.46,0.82,0.85,0.79
2	3272370	3273583	ACTCAGTCATCGC	1.74	HG00663:5.95	4.17,5.86,0.82,4.87,7.89,5.95,0.83,6.83,3.31,0.83,7.45,0.82,3.38,3.35,2.37
6	166032065	166033493	ACACT	1.73	HG00663:16.16	12.25,6.53,7.33,16.63,6.68,9.15,9.97,6.66,5.84,14.21,13.56,10.86,15.92,4.99,13.61,9.26,9.87,12.33,4.07,5.63,9.85,11.09,11.96,9.52,12.33,4.81,11.68,8.12,5.64,11.77,6.78,9.28,4.25,4.32,8.17,10.90,13.20,4.89,10.25,12.70,16.30,7.73,15.12,14.29,5.88,16.16,6.07,8.57,9.11,8.27,4.82,11.56,10.16,10.74,5.47,6.49,3.42,8.39,8.38,4.12,12.27,10.36,8.41,4.99,10.04,5.03,8.52,6.57,9.21,5.05,6.88,8.32,6.54,11.66,9.49,7.56,6.53,6.74,7.26,8.96,5.21,9.57,8.90,9.67,8.21,5.70,8.14,7.69,9.04,6.64,5.15,9.03,6.83,8.27,6.66,6.05,8.37,6.57,6.49,10.21,10.00,6.00,9.07,3.36,8.28,4.14,3.35,4.26,3.93,6.86,7.52,6.09,10.04,1.75,3.32,7.70,6.62,7.71,4.14,8.22,11.10,5.75,6.72,6.00,3.43,5.85,5.06,5.94,2.62,1.69,10.99,4.28,5.04,9.32,11.45,4.95,15.96,5.43,1.67,4.16,9.27,10.25,10.03,3.94,9.76,8.49,8.27,14.97,1.70,5.08
4	1615495	1616741	ACGTCTCTGCATCCCCCTC	1.71	HG00663:5.10	1.63,0.81,0.83,1.67,1.67,0.80,0.83,1.68,0.82,0.81,2.41,0.82,0.87,3.29,0.81,0.81,1.73,2.45,0.81,0.85,1.63,1.72,1.68,1.68,0.84,5.10,2.60,0.80,0.85,1.65,1.56,0.81,0.84,1.68,1.73,0.84,0.82,0.84,0.84,0.86,0.83,2.59,0.82,0.84,1.79,0.87,1.61,1.63,0.81,4.93,2.49,0.85,1.65,1.67,1.67,1.64,1.70,3.33,0.86,1.65,0.84,5.80,4.97,5.02,0.79,0.87,1.67,0.87,3.32,0.86,2.48,1.65,0.85,0.82,1.68,0.86,0.84,2.54,1.69,1.71,2.54,0.82,3.36,2.33,2.51,0.83,2.53,0.85,1.67,1.58,1.63,0.85,1.65,0.83,1.69
6	125711138	125711915	ACGGGAGAGGGAGAGGGAG	1.70	HG00663:5.10	0.81,0.83,3.34,0.80,0.83,5.11,1.68,2.44,0.82,1.71,2.60,0.82,1.67,1.62,3.36,1.94,0.84,0.85,0.86,5.87,0.83,7.33,0.79,2.44,1.68,1.68,5.10,2.49,3.31,0.80,3.39,4.13,0.78,3.24,2.56,0.84,1.89,1.68,2.50,2.55,0.82,0.84,1.72,2.50,2.50,2.59,0.84,0.84,1.61,2.61,0.81,0.81,2.46,3.26,1.63,2.56,2.46,2.49,0.86,1.64,1.65,0.83,2.59,2.51,0.82,0.81,0.86,0.84,1.66,0.83,3.43,0.84,1.71,0.86,0.83,1.64,1.69,1.71,2.52,1.64,2.47,1.67,0.85
19	7664358	7664622	ACCC	1.70	HG00663:2.55	0.84,0.81,0.82,1.69,0.86,0.79,2.55,0.80,0.78,0.83,0.84,0.81,0.81,1.66,1.71,0.78,0.84,0.79
9	117226961	117227182	ATC	1.70	HG00663:1.70	1.70,0.83
14	24826142	24826487	AT	1.70	HG00663:1.70	1.70,0.78
12	133042825	133042826	ACACCTGTGACCGGGG	1.70	HG00663:1.70	1.70
14	29029330	29029331	AG	1.70	HG00663:1.70	1.70
1	47964552	47964553	AGAT	1.70	HG00663:1.70	1.70
2	81922720	81922721	AAAT	1.70	HG00663:1.70	1.70
2	98915175	98915176	AATAG	1.70	HG00663:1.70	1.70
3	59725696	59725697	AC	1.70	HG00663:1.70	1.70
4	130931844	130932141	AAATATATATATATATATAT	1.70	HG00663:1.70	1.70
6	105750987	105750988	ACAT	1.70	HG00663:1.70	1.70
1	35728048	35728064	AAAT	1.70	HG00663:1.70	0.84,1.70
X	46634672	46634726	AAAG	1.70	HG00663:1.70	0.81,1.70
1	193801328	193802596	AAGG	1.69	HG00663:3.40	0.82,1.63,1.67,0.83,0.83,1.67,2.39,0.83,0.85,1.63,0.80,1.64,0.85,1.64,0.97,0.85,0.82,0.83,0.81,0.79,0.81,0.84,3.40,0.86,1.65,0.83,1.65,0.85,0.84,0.94,1.73,0.84,1.66,0.85,1.67,2.58,0.83,0.86,0.87,0.81,0.82,0.81,1.71,0.86,1.65,2.59,0.84,0.81,0.85,0.82,0.84,0.83,1.67,0.84,0.83,0.83,0.86,0.83,0.82,0.85,0.86,0.87,0.84,1.69,0.83,0.85,0.81,0.83
10	3453137	3453495	AACAGGAGAGATCAC	1.69	HG00663:2.55	0.83,0.83,0.85,0.85,2.55,0.83,0.85,0.82,0.86,1.63,0.90,0.82,0.85,0.86,0.82,0.83,0.86,1.71,0.82,0.78,0.81
12	132953117	132954073	AGAGAGAGAGAGAGAGAGGG	1.69	HG00663:2.55	0.82,1.66,0.83,0.85,0.82,0.85,0.81,0.84,2.55,0.86,0.85,0.83,0.84,1.64,0.82,0.86,0.84,0.85,0.86,0.83,0.86,0.85,0.82,0.79,0.83,2.54
10	104754914	104755262	AGGGGGGGGGGGGGGGGG	1.69	HG00663:2.55	0.82,0.85,0.85,0.82,0.80,2.55,0.81,0.86,0.84,0.85,0.86,0.82,0.81,0.86,0.86,0.79,0.86,0.85,1.71,0.85
9	79153961	79154310	ACGTATATATATATATATAT	1.67	HG00663:1.70	0.87,1.70,0.84,0.85
X	104005932	104007147	AAGGAG	1.66	HG00663:2.55	0.83,0.84,1.65,8.85,0.82,0.84,2.55,0.84,0.84,0.83,0.84,7.47,1.70,0.82
14	21176120	21176842	AGAGGG	1.64	HG00663:3.40	0.82,1.63,0.83,0.83,0.84,0.80,0.84,1.70,0.82,0.82,0.85,5.98,1.73,0.82,0.83,0.81,0.81,0.97,0.83,0.84,3.40,2.49,0.80,0.83,0.83,0.82,1.70,0.82,0.81,0.82,0.81,3.29,0.82,0.83,1.67,0.84,0.83,1.70,0.87,0.83,0.85,0.84,2.33,0.84,1.58,2.44,0.85
4	97569000	97569955	AAAG	1.63	HG00663:2.55	2.56,0.85,1.68,2.55,1.65,2.58,5.70,4.11,0.86
1	235130912	235132134	ACATATATATCTATATAT	1.60	HG00663:7.65	3.27,2.45,4.89,5.82,2.50,1.66,3.33,3.34,5.85,1.60,1.67,2.51,2.50,0.85,3.37,0.82,3.29,1.63,2.41,0.82,0.85,6.83,3.46,4.11,4.01,4.17,3.25,0.81,3.36,4.22,2.55,0.86,0.82,1.68,2.48,1.63,3.15,4.23,1.63,0.86,3.36,1.68,0.84,7.65,6.07,1.71,4.97,4.14,3.21,3.30,1.69,6.25,2.52,0.84,0.82,1.89,0.86,3.36,1.66,2.51,1.68,5.11,1.64,1.67,0.84,2.58,5.82,0.82,5.00,2.59,1.68,3.27,2.53,3.23,4.48,5.21,6.09,3.23,5.64,2.46,4.07,4.89,0.85,4.11,1.66,3.43,7.39,1.71,6.62,1.67,4.32,4.19,1.64,3.24,1.70,0.83,5.03,2.48,0.83,4.19,1.70,2.36,1.71,1.67,1.74,1.67,6.11,3.32,3.31,0.86,3.31,0.82,4.27,1.64,1.68,1.72,8.57,1.67,2.53,0.85,0.85,5.13,2.54,0.82,4.66,0.84,0.84,5.98,5.01,0.79,2.55,4.14
6	11936971	11937286	AATAG	1.60	HG00663:1.70	0.85,1.70,3.21,0.82,0.83
2	192901485	192902819	AAAG	1.59	HG00663:7.65	7.54,4.73,5.93,5.89,3.36,7.65,4.08,7.83,4.85,5.70,6.49,0.85,7.70
2	100632044	100633484	ACC	1.58	HG00663:4.25	1.63,1.66,2.50,2.50,1.66,1.67,3.34,3.34,1.60,0.84,0.84,0.83,0.85,0.82,0.81,0.80,0.85,0.85,2.60,1.64,0.80,1.67,0.81,0.84,0.97,4.22,2.55,0.86,1.63,0.79,1.63,0.84,0.84,4.25,1.71,2.49,1.65,0.80,0.83,1.69,1.68,1.68,1.65,1.89,0.86,2.50,1.67,0.84,0.85,0.86,0.83,0.82,3.33,0.84,0.82,0.84,0.81,0.87,0.87,0.82,0.81,1.67,1.67,0.82,1.62,1.67,1.71,1.65,1.68,3.31,1.67,2.56,0.79,0.86,2.61,0.84,1.71,0.83,1.64,0.85,1.64,0.86,0.86,0.85,1.69,0.84,0.85,0.82,0.82,0.84,1.71,0.84,1.58,0.83,0.85,0.85
1	18865724	18866560	AAAG	1.58	HG00663:1.70	0.82,1.70,0.83,0.83,0.82
X	53054659	53055784	AATATATATATAG	1.56	HG00663:2.55	3.19,0.82,0.81,0.82,0.84,0.79,2.55,0.83,0.83,0.80,1.68,0.94,0.85,0.82,0.81,1.62,0.82,0.82,0.79,0.86,2.57,0.84,0.82,0.78,0.83
9	14718997	14719986	AAGG	1.54	HG00663:4.25	4.99,1.64,2.53,2.45,4.25,1.65,2.50,0.84,1.67,5.38,0.81,4.03,1.63,3.42,1.64,6.66,4.19,2.48,1.68
X	50360632	50361574	AAGG	1.53	HG00663:7.65	2.45,3.33,3.33,1.66,5.01,0.84,1.60,5.01,1.68,1.70,3.37,4.11,1.61,0.82,1.71,5.98,0.87,2.47,7.51,0.81,4.03,0.84,2.90,3.37,5.95,3.46,2.45,0.84,5.70,3.94,0.81,6.01,3.36,7.65,0.86,3.31,3.31,7.23,0.85,1.62,5.98,0.84,1.68,0.82,0.84,0.84,3.41,0.82,4.19,0.84,4.16,3.27,2.50,0.86,0.84,3.27,4.21,6.45,0.90,3.48,4.35,8.09,4.03,3.26,3.42,0.82,0.83,0.86,0.83,2.50,2.51,6.57,2.43,6.81,2.47,1.68,0.83,2.51,1.70,0.86,1.75,1.66,4.28,5.75,2.57,3.38,0.85,2.62,0.85,0.84,1.69,1.64,3.30,1.55,2.51,2.53,1.71,0.84,3.94,1.63,3.40,0.83
5	147143883	147144991	AAAG	1.51	HG00663:12.76	4.99,0.84,12.07,5.12,0.85,1.64,6.71,0.81,2.52,12.76,3.39,0.84,0.82,4.20,1.63,5.22,2.43,0.81,0.81,11.08,9.43,3.42,1.65,11.10,6.79,12.21,15.96,0.82,10.03,12.74,2.54
11	122989002	122990066	AG	1.50	HG00663:5.95	4.16,3.34,3.33,0.83,0.80,0.84,1.68,1.66,5.11,2.52,4.11,0.82,0.81,1.64,1.71,5.13,3.46,0.82,0.80,1.62,4.84,1.68,3.87,0.84,7.66,3.35,2.44,2.37,0.85,1.63,3.36,1.68,4.20,5.95,2.48,1.61,2.54,1.65,2.56,3.36,3.30,0.86,0.84,0.83,3.35,0.84,3.41,0.82,0.84,0.84,1.66,4.90,2.50,0.86,0.82,3.37,3.23,4.48,2.61,2.61,1.62,3.22,3.26,4.93,2.49,0.86,1.71,4.96,0.83,1.67,2.46,0.81,1.70,0.83,0.86,1.65,1.70,0.84,1.67,1.66,3.29,0.85,1.67,0.85,0.86,1.68,2.45,0.82,2.33,1.67,0.84,0.79,1.63,3.33,1.70
17	78466258	78466722	ACCTGCCCCGCC	1.50	HG00663:1.70	0.81,1.70,0.84,0.82,0.82,0.85,0.84
X	80809963	80811334	ACATATATATAT	1.47	HG00663:10.20	2.45,3.26,1.66,2.50,2.49,5.00,4.17,4.18,4.19,5.82,0.85,4.21,0.82,7.40,8.85,5.97,0.85,2.60,4.93,3.20,2.50,4.87,1.68,8.43,2.55,2.59,9.22,4.13,11.40,0.79,11.86,5.70,6.01,2.52,5.04,5.04,10.20,1.73,5.14,8.84,3.30,2.54,6.61,6.25,0.85,3.78,4.32,5.88,4.26,3.29,0.84,5.05,9.15,6.54,2.50,4.31,7.35,2.53,5.65,6.27,1.74,0.81,3.28,0.81,0.85,6.57,8.30,4.29,2.59,3.35,13.14,4.05,3.35,7.83,2.57,2.48,3.28,1.72,0.84,2.54,0.84,3.39,15.67,5.43,7.52,6.65
X	73617698	73618724	AAG	1.46	HG00663:4.25	0.85,1.60,0.84,0.84,1.70,0.82,0.83,1.63,1.58,3.39,0.81,1.72,2.52,4.25,1.73,1.66,0.80,1.65,0.85,0.84,1.89,0.82,1.67,0.86,0.83,0.83,2.59,0.84,3.37,0.81,3.58,0.82,0.85,1.72,1.71,2.59,0.84,1.64,0.85,0.83,4.20,0.79,1.74,0.87,3.42,0.82,1.68,1.67,4.22,0.85,2.54,0.86,0.84,1.69,1.65,0.83,2.49,1.69
X	145421888	145423138	AAAG	1.44	HG00663:3.40	0.83,1.68,1.68,1.64,0.81,0.81,0.97,2.45,0.81,0.79,0.81,1.72,3.40,3.31,0.85,2.53,2.45,0.84,3.31,0.86,0.84,5.22,0.87,1.71,0.82,0.84,0.85,0.84,0.85,0.83,0.85,0.83
1	18828754	18829930	AAAG	1.43	HG00663:5.95	0.82,0.85,3.37,2.55,2.44,5.70,4.29,5.04,5.95,2.57,2.48,1.61,0.85,1.56,2.52,0.84,2.51,0.86,0.83,0.82,1.67,0.84,4.08,0.84,4.84,0.90,0.87,5.22,2.43,0.81,1.64,1.63,3.26,1.66,1.72,4.10,6.83,4.96,0.83,1.73,4.05,0.85,0.86,2.52,1.74,0.83,0.83,0.82,3.40,2.62,1.69,0.82,0.84,5.69,2.55
12	109253785	109254156	AGGGG	1.42	HG00663:2.55	1.67,0.83,0.85,0.85,1.69,0.84,0.86,0.84,2.55,0.86,0.85,0.78,0.81,0.84,0.82,0.87,1.62,0.82,0.85,0.82,0.87,0.87,0.83,1.64,0.84,1.71,0.83,0.84,0.79,1.66
5	61893537	61894891	AAAG	1.40	HG00663:16.16	10.82,14.71,8.86,17.66,16.16,0.87,1.56,16.23,13.44,4.04,14.99,8.37,14.07,11.72,12.64
12	70094234	70095179	AAGG	1.40	HG00663:1.70	0.85,0.82,3.30,1.70,1.74,0.85,0.81
18	74963887	74965592	ACC	1.39	HG00663:54.42	29.39,29.38,24.43,15.80,24.20,4.99,39.06,10.83,31.73,49.31,22.33,10.02,21.78,3.33,38.29,7.57,23.03,2.47,9.78,34.61,33.65,7.68,19.65,20.76,25.48,24.04,73.45,35.71,0.81,4.21,22.77,50.19,3.46,34.32,25.16,35.48,8.96,59.94,59.28,48.08,41.21,33.60,22.70,15.13,54.42,45.96,12.86,8.28,20.68,45.00,14.86,0.85,17.36,17.19,1.62,27.65,15.66,7.55,14.68,19.34,30.78,0.84,15.93,7.66,37.78,39.36,23.58,25.82,47.42,28.61,40.80,29.33,26.05,33.48,17.69,36.31,21.51,44.31,20.02,20.22,27.10,16.30,43.58,25.47,28.24,15.44,31.60,14.06,11.66,29.39,8.37,45.95,12.50,53.99,44.50,17.62,11.60,28.16,53.58,5.11,22.28,0.84,36.56,25.93,5.24,28.22,14.55,29.79,20.56,40.97,46.79,25.18,30.87,3.43,13.36,27.85,11.88,0.85,9.41,42.85,2.54,40.89,29.69,15.12,23.29,18.42,17.47,72.63,21.73,28.38,40.68,11.04,22.34,5.09,45.72
X	3487465	3488481	ACATATATATATATATAT	1.38	HG00663:2.55	0.84,0.84,0.79,2.55,0.84,0.83,0.83,0.82,0.81,1.71,0.84,1.71,0.87,0.86,3.43,0.85,2.57,2.56,1.67,0.83
X	8452030	8452301	AAATATATATATAT	1.33	HG00663:1.70	0.81,0.84,1.70,0.84,0.84,0.82,0.81,0.85
2	16252798	16253803	AC	1.32	HG00663:2.55	0.82,0.81,0.83,1.66,0.83,2.51,0.84,0.81,0.82,0.85,1.60,0.84,0.97,0.84,0.85,0.82,0.84,0.81,0.84,0.84,2.55,0.85,0.85,0.84,0.84,0.86,0.83,0.90,0.81,0.83,0.84,0.82,0.86,2.51,0.87,1.67,0.87,0.83,0.86,0.84,0.85,0.85,1.69,1.64,0.82,0.83,0.85
10	13925586	13926623	AC	1.31	HG00663:3.40	0.83,0.82,1.94,0.85,0.86,0.82,2.44,0.81,0.84,3.40,0.83,0.80,0.82,0.86,1.66,0.82,3.27,0.81,1.74,0.87,0.82,2.44,2.44,1.64,1.64,0.83,0.83,0.81,2.61,2.57,2.47,0.86,0.85,0.85,1.63
11	134904838	134905767	ATCC	1.30	HG00663:4.25	2.45,3.26,0.83,0.83,1.67,0.83,1.67,1.60,0.84,0.83,0.85,0.84,0.82,1.64,0.85,0.87,0.82,0.80,0.81,0.84,1.94,1.70,0.86,1.68,0.81,0.81,2.52,4.25,0.86,0.83,2.48,0.83,0.78,0.84,0.82,1.73,0.84,2.51,0.84,0.83,0.82,0.83,0.86,2.52,0.81,0.90,0.87,0.87,0.82,0.81,2.56,0.82,0.83,0.86,2.48,1.67,4.32,0.81,1.70,2.50,0.86,0.82,3.36,1.66,1.67,1.71,2.51,1.74,0.84,1.75,3.32,3.42,1.65,0.86,0.82,0.86,1.71,0.84,0.85,0.86,0.84,1.69,0.82,0.84,0.78,2.50,1.69,1.63,3.31,4.16,1.69
21	40955031	40956686	AAAGG	1.29	HG00663:34.01	25.24,5.82,0.83,19.15,18.37,10.03,7.52,27.64,22.46,3.37,18.90,12.22,10.46,5.97,13.67,10.38,5.84,8.93,10.48,32.80,18.39,17.71,7.78,13.89,10.06,21.45,28.39,16.09,4.07,14.29,13.45,34.01,13.01,18.86,19.88,14.06,32.14,18.16,10.16,27.27,12.16,6.83,19.27,18.95,14.16,9.98,7.53,9.23,27.10,33.50,12.05,22.46,13.89,12.49,38.81,13.48,25.01,18.82,42.58,38.29,9.70,8.06,35.86,6.84,8.22,11.63,18.05,18.32,15.56,14.59,28.93,6.66,9.07,19.88,7.45,10.23,9.43,8.70,3.42,9.93,16.44,23.90,27.91,6.86,14.56,7.59,12.21,16.91,5.99,11.76,15.25,14.72,16.49,5.88,12.48,14.98,9.93,7.48
3	80818703	80820304	AACGTACGTGCGCTCCTCTC	1.29	HG00663:20.41	3.27,8.16,4.89,4.99,8.35,4.99,0.83,5.83,15.03,5.01,2.39,2.51,18.43,19.97,3.40,5.89,6.58,5.75,2.44,11.27,12.31,12.80,9.40,2.60,8.22,10.42,9.18,17.86,10.48,4.21,8.71,2.53,2.55,3.46,6.54,3.30,1.63,22.87,11.86,10.59,1.72,9.24,12.61,12.61,20.41,3.47,12.86,19.05,6.62,12.05,14.86,10.16,12.40,8.60,10.54,2.56,13.42,6.70,6.59,8.50,6.05,10.09,3.33,8.37,10.90,10.22,8.21,10.05,0.84,18.07,2.50,10.62,9.99,9.49,12.60,12.25,7.58,20.17,8.07,13.90,10.44,15.36,12.89,4.93,17.93,9.77,6.84,9.04,0.83,11.15,16.41,7.69,12.41,16.65,6.92,12.56,4.11,7.30,15.32,10.83,10.28,15.66,11.75,5.80,24.85,7.54,8.52,20.43,4.29,8.36,7.83,6.69,11.35,2.49,7.70,11.58,2.57,15.62,6.83,16.42,7.55,5.15,9.42,5.01,8.44,12.73,7.85,18.61,13.53,3.42,12.60,10.17,23.71,17.32,11.76,17.86,15.07,11.65,11.80,9.40,5.85,14.19,17.08,19.53,11.58,3.33,4.24,16.09
5	9384147	9385317	AGAT	1.28	HG00663:3.40	0.82,0.81,1.66,0.83,4.16,1.67,0.83,0.80,0.84,0.85,1.68,0.82,0.82,0.80,1.64,0.85,0.85,0.81,0.97,0.84,0.84,0.79,0.84,1.68,3.40,1.73,1.66,2.48,2.48,0.81,1.68,0.84,1.65,0.86,1.68,0.82,2.53,0.86,0.81,1.79,1.61,0.85,1.64,0.83,0.86,2.48,0.83,0.84,0.86,0.84,0.83,0.84,0.86,1.67,2.62,0.83,0.86,0.85,0.84,1.69,0.85,1.74,0.85,2.57,0.85,1.65,0.84,0.83,0.84,0.79,0.83
7	158187500	158189081	AGGGGCG	1.26	HG00663:6.80	2.45,2.45,7.33,4.99,3.34,1.66,0.83,3.33,2.50,3.34,3.19,0.84,3.35,1.66,4.25,2.47,3.29,0.81,1.61,2.46,0.85,1.73,1.64,2.40,2.50,1.62,3.22,3.37,2.55,1.73,1.63,2.52,1.65,0.81,7.10,1.69,2.44,0.86,2.52,2.52,5.88,6.80,1.73,2.57,2.49,4.14,4.82,3.30,0.85,0.83,6.25,1.71,2.52,3.35,2.47,0.94,1.68,1.66,3.35,2.55,2.46,4.19,0.84,4.30,0.83,0.82,1.67,0.86,2.52,2.45,3.37,5.65,0.90,3.48,4.85,4.03,0.82,3.26,2.44,1.71,4.11,3.32,0.86,5.74,1.65,2.50,1.73,3.35,3.29,4.05,0.85,0.83,0.86,1.65,0.83,2.48,2.56,3.93,5.14,1.67,4.35,0.87,4.15,0.86,2.48,3.43,0.83,0.82,1.71,1.64,0.84,1.71,3.34,4.22,1.70,1.69,2.54,1.71,3.36,3.39,4.91,1.65,0.84,4.66,8.37,4.16,4.21,2.56,3.34,1.58,6.51,3.40,1.65,1.66,3.39,1.69
7	3621202	3622466	ACCTACCTGAGGGAG	1.25	HG00663:2.55	0.83,1.66,0.83,0.80,0.82,0.80,0.84,2.55,1.65,0.83,0.84,1.66,2.51,0.84,2.58,1.63,0.86,0.87,0.87,4.07,0.83,0.82,0.84,0.83,0.84,0.87,0.83,0.82,0.82,0.84,0.84,0.79,0.81
22	47776367	47777722	AGAGGGGGGGAGCCGGGG	1.23	HG00663:3.40	0.81,0.83,1.67,0.83,1.60,0.84,1.68,0.85,2.44,1.61,0.82,0.85,0.80,0.84,1.69,1.70,1.63,1.68,2.37,0.85,0.81,0.84,0.84,1.68,3.40,0.87,0.86,0.83,0.83,0.80,0.83,0.83,0.78,0.81,1.68,0.82,0.83,0.84,0.84,0.86,0.83,0.82,0.83,3.36,0.82,0.84,1.61,0.90,1.74,0.81,0.81,1.71,0.82,1.66,0.86,1.64,1.71,0.83,0.81,0.82,1.66,0.85,0.79,0.87,0.83,0.86,1.65,0.82,0.84,0.84,0.84,0.87,0.85,2.57,1.69,2.45,1.65,0.84,0.84,6.65,4.18,1.63,2.49,0.85
20	49225986	49227163	ACCCCTGCCTCCCCTGCC	1.23	HG00663:2.55	0.83,0.83,0.83,0.83,0.83,0.85,0.84,0.82,0.85,0.81,0.84,1.70,0.84,0.79,0.85,0.81,1.68,2.55,0.86,0.85,2.34,0.82,1.89,0.86,0.83,0.85,0.83,0.82,0.83,0.86,0.82,2.69,0.81,0.82,0.81,0.81,0.82,0.85,0.83,5.19,0.82,1.67,0.82,0.84,0.85,0.87,0.83,0.85,0.86,0.84,0.85,0.84,0.78,0.85,0.79,0.83,0.85
2	198238104	198239003	AG	1.23	HG00663:1.70	2.43,0.79,1.69,0.81,1.70,0.84,0.83,1.67,0.85
19	8765351	8766288	AAGCCCACCTCCTCCCTG	1.23	HG00663:1.70	1.68,1.70,0.83,0.83,1.79,0.83,0.83,0.86
21	23407130	23407680	AAG	1.22	HG00663:3.40	0.83,1.70,0.84,1.65,0.80,3.40,0.87,0.83,1.65,2.34,0.94,0.86,0.83,4.18,0.84,1.64,0.86,0.83,0.86,0.87,0.81,0.81,0.84,3.29,0.83,1.68,1.66,0.79,0.86,1.67,2.61,4.18,0.87,1.71,0.83,0.85,0.84,0.87,2.57,0.84,1.64,4.16,1.63
2	95991305	95992083	AC	1.22	HG00663:2.55	0.84,0.84,0.84,0.84,0.82,0.82,1.71,0.80,1.67,0.81,0.81,0.84,0.85,0.84,2.55,0.85,0.85,0.84,0.82,1.67,0.85,1.68,0.83,0.84,0.81,0.87,0.81,0.82,0.83,0.86,0.82,0.85,0.86,0.84,0.83,0.84,1.67,0.87,0.83,1.65,0.85,1.71,0.84,2.55,0.86,0.84,0.84,0.85,0.84,0.83
1	4692147	4694000	ACAGCCC	1.21	HG00663:5.10	0.82,2.44,0.83,3.34,4.16,0.83,3.33,1.67,0.84,2.51,1.68,1.66,1.65,0.80,3.41,0.87,3.29,3.20,1.67,0.81,1.68,1.94,0.84,2.55,3.35,1.65,8.68,4.07,0.86,0.84,2.52,2.52,5.10,1.65,2.41,0.85,1.68,0.84,3.30,0.94,0.84,2.51,1.68,0.82,1.68,4.30,0.83,0.82,0.83,1.68,1.69,6.27,1.74,1.62,1.61,0.81,1.71,0.82,0.86,0.82,0.83,0.83,0.86,3.35,2.46,4.05,0.85,1.67,0.86,0.82,1.68,2.48,0.84,1.57,1.71,1.74,0.83,0.86,1.65,1.64,3.28,1.68,0.86,0.84,1.69,1.70,2.54,0.86,0.84,4.09,0.82,1.68,2.33,1.67,0.83,1.71,2.51,5.52,1.65,0.85
12	69593807	69594914	AAGAGACAGGAGATGAGG	1.20	HG00663:2.55	0.82,1.66,0.83,0.80,0.85,1.60,2.42,0.81,2.55,0.87,0.86,1.89,0.82,1.73,0.82,0.84,1.63,0.81,1.71,1.67,0.87,0.82,0.84,0.83
20	42555834	42556796	AAGG	1.19	HG00663:1.70	4.07,1.70,0.84,0.81,0.81,0.83,0.85,0.84,0.83
17	37654510	37655029	AAGG	1.17	HG00663:1.70	0.86,8.17,0.85,0.81,1.70,1.69,2.44,1.67
22	46962036	46963676	AACCCACTCCCAAGATAACG	1.16	HG00663:5.10	0.82,0.82,4.89,2.49,2.50,1.66,0.83,0.83,1.60,1.68,0.83,0.85,1.68,0.82,0.82,0.81,0.80,1.64,4.27,0.87,4.17,3.22,4.21,0.97,0.84,0.85,0.86,0.84,2.44,2.37,0.81,0.86,0.84,0.84,5.10,0.86,0.83,0.83,4.82,0.83,0.85,0.83,5.47,2.43,2.52,0.84,0.82,3.78,0.84,1.66,0.84,0.85,2.46,0.84,0.84,1.72,2.50,1.63,0.83,1.73,3.36,2.45,1.61,0.90,0.87,2.43,1.61,4.11,3.26,1.63,0.85,1.72,2.48,1.67,1.73,1.64,0.81,0.86,0.83,0.85,2.61,0.87,0.83,0.86,0.83,1.71,0.83,0.82,2.56,0.82,1.68,0.85,0.85,4.91,2.47,1.55,1.66,1.71,0.85,0.83,0.83,2.55
10	7779137	7779559	AATATAATATAG	1.16	HG00663:3.40	2.39,2.41,0.81,3.40,0.83,0.82,2.59,3.33,1.64,2.56,0.79,2.48,4.10,3.36,4.23,0.82,0.85,0.83,0.83
2	113774726	113775516	AAG	1.16	HG00663:2.55	0.82,2.55,1.73,1.65,2.55,3.47,0.84,0.84,0.81,1.67,1.64,2.51,1.69,0.84,0.78,0.81
5	133954701	133954875	AGAGGG	1.11	HG00663:1.70	0.85,0.84,1.70,0.87,0.83,0.81,0.81,0.90,0.82,0.78
4	80273403	80274685	AG	1.09	HG00663:3.40	1.63,0.83,0.83,1.66,0.83,0.83,0.83,0.84,2.39,0.84,0.84,2.50,0.85,0.84,1.65,1.64,1.63,0.80,0.82,0.85,0.87,1.64,0.80,0.83,0.81,0.81,0.84,0.86,0.82,0.83,0.81,0.79,0.81,2.58,0.84,2.52,3.40,1.66,1.65,0.80,1.65,0.78,0.85,0.84,0.82,0.86,0.84,0.83,1.67,0.85,1.64,2.51,1.68,0.83,1.63,1.67,0.84,0.90,0.87,0.81,0.81,0.81,0.85,0.82,0.86,0.83,0.83,1.73,0.84,1.70,1.67,0.84,0.79,0.86,0.84,0.84,0.87,0.83,0.86,1.65,2.46,3.43,0.84,0.85,0.85,1.68,0.84,1.55,0.84,0.83,2.56,0.84,0.81,0.85,2.54
21	38976936	38978115	ACCCATCC	1.07	HG00663:5.10	1.63,2.45,1.63,1.66,3.33,1.66,0.83,1.67,1.67,0.80,1.67,4.19,0.83,1.70,0.82,2.47,0.81,4.02,2.46,1.71,0.85,0.82,0.80,0.83,1.62,2.42,1.68,0.97,1.69,2.55,0.83,1.63,1.58,3.39,1.72,2.52,5.10,1.73,1.71,0.83,3.31,0.80,0.83,0.85,1.65,1.62,2.52,0.94,3.45,0.84,1.66,4.18,0.84,1.70,1.64,2.51,2.58,0.82,1.67,3.45,0.84,1.69,2.42,4.48,2.61,0.87,0.81,0.81,1.63,1.63,1.64,0.83,0.86,2.46,2.48,2.59,1.67,1.64,2.43,1.70,2.50,0.86,2.47,0.84,0.83,1.70,1.57,1.71,0.84,1.67,0.87,0.83,1.71,1.65,3.43,4.11,4.27,0.82,1.68,3.43,0.86,0.84,2.53,0.85,1.74,2.54,2.57,0.84,4.24,2.45,2.47,1.55,2.53,3.42,5.85,0.79,5.69,0.85,3.31,4.16,1.70
X	118038633	118039976	AAG	1.06	HG00663:7.65	3.26,3.34,0.83,5.84,0.84,0.82,1.61,3.28,1.64,4.81,2.43,3.36,6.75,4.25,1.73,0.82,0.84,5.70,0.85,0.81,0.86,7.65,0.87,2.48,0.83,4.23,1.65,7.03,6.83,4.19,3.78,6.05,2.52,0.83,6.69,5.11,3.29,5.02,5.05,2.58,1.66,0.83,0.86,2.53,3.23,5.38,0.87,5.22,2.43,4.11,2.56,0.82,4.10,2.50,5.19,1.67,4.93,5.68,1.67,0.86,6.71,8.28,1.70,4.35,1.67,5.99,4.14,6.00,4.14,0.82,0.85,4.20,3.43,3.34,9.28,1.69,3.38,3.36,5.93,7.42,3.36,5.43,5.02,1.66,2.56,2.51,3.15,8.27,1.66,3.39
1	11524577	11525824	AAAG	1.05	HG00663:3.40	1.66,1.60,5.03,5.13,0.86,2.45,2.52,3.40,2.57,2.41,0.84,3.45,1.61,2.43,1.63,9.40,1.66,1.67,0.85,0.83
16	25914645	25915982	ATCC	1.05	HG00663:2.55	1.67,0.84,0.84,0.85,1.65,0.79,1.69,2.55,0.87,1.66,0.85,3.35,1.73,2.52,1.67,1.66,0.83,0.82,1.79,0.81,0.82,0.83,0.86,0.82,0.86,0.86,0.82,0.84,0.85
19	34034300	34035259	AAAG	1.05	HG00663:2.55	0.82,0.83,0.80,0.85,0.82,0.81,0.84,0.86,2.55,3.43,0.83,0.83,0.78,0.84,0.83,0.85,0.83,1.73,0.84,1.63,1.63,0.81,0.86,0.82,0.81,1.70,1.68,1.75,0.86,0.85,0.86,0.85,1.74,0.85,1.58,0.83
19	2575849	2576037	AC	1.05	HG00663:1.70	0.84,0.85,0.82,1.70,0.87,0.83,0.82,0.87,1.67,0.83
8	3268790	3269865	ACACGTATATAT	1.04	HG00663:2.55	0.83,1.71,0.84,0.82,0.85,2.44,2.55,0.86,2.41,1.65,0.84,1.67,0.90,0.87,4.10,0.83,0.82,1.70,1.71,0.82,0.85,1.55,0.84,0.84
2	198730362	198731132	AAACTATATATATATAT	1.02	HG00663:1.70	0.82,0.85,0.80,1.70,1.71,0.85,0.81,2.44,0.86,0.87,0.85
17	72460891	72462245	AC	1.01	HG00663:8.50	8.16,1.63,2.44,0.83,0.83,4.99,4.99,4.16,2.50,5.85,0.80,0.84,5.86,1.66,3.40,4.21,1.65,0.82,0.81,2.41,5.75,0.85,0.85,1.73,3.29,4.01,0.83,1.62,0.81,5.89,2.90,4.22,9.36,1.73,0.82,6.71,0.83,0.81,3.15,2.54,1.63,2.58,9.24,5.89,2.52,8.50,2.60,1.71,3.31,5.79,0.80,3.30,3.39,1.65,2.34,1.62,2.56,1.68,2.51,1.65,3.78,2.59,10.09,4.16,3.35,5.03,6.81,1.64,6.70,0.84,3.44,6.66,3.27,7.49,3.45,1.68,2.45,4.21,6.45,4.48,1.74,5.22,2.43,3.22,4.11,2.44,3.26,1.71,3.29,1.66,0.86,4.92,0.85,1.65,0.83,2.59,4.11,3.24,5.96,3.33,8.57,1.65,5.87,2.48,4.14,5.86,3.93,6.00,2.51,2.61,3.35,0.87,3.32,5.14,2.48,8.57,3.31,4.93,2.56,2.46,2.52,5.15,2.57,4.18,1.69,0.85,1.74,5.08,4.23,2.57,1.68,1.69,3.27,1.65,5.04,3.11,3.35,1.66,7.69,2.51,1.58,3.25,5.10,3.31,5.82,1.70,2.54
15	59832031	59832409	ACACGCGTATATAT	1.01	HG00663:2.55	3.20,0.81,3.94,2.55,4.34,0.81,2.47,3.31,1.67,6.83,0.86,1.65
21	43908877	43909535	AACC	1.01	HG00663:2.55	1.70,1.60,1.67,1.63,0.84,2.55,0.85,1.71,0.94,0.84,0.84,0.86,1.63,0.81,0.87,0.83,0.83,1.64,0.83,0.79,0.86,0.84,1.66,0.86,0.83,2.57,0.85,0.86,0.84,0.82,0.84,0.81,0.85,1.69
11	63777215	63778284	AACACCCCAACC	1.00	HG00663:2.55	0.82,0.81,0.83,0.84,0.82,1.64,0.80,1.67,0.97,1.69,0.84,2.48,0.84,1.68,2.55,0.87,0.78,0.84,0.86,0.82,0.84,0.84,0.86,0.83,0.83,0.84,0.84,1.63,0.81,1.64,0.83,0.85,0.83,0.84,0.86,0.85,1.57,0.83,0.86,0.83,0.82,0.86,0.84,1.74,0.85,1.69,0.85,0.82,2.47
