motif	top_case_zscore	high_case_counts	all_counts
AATACTCCTGGACCTGAGGG	6.47	HG00139:19.14	3.26,0.81,3.33,2.50,3.33,0.83,4.16,5.01,2.51,3.99,5.01,0.84,19.14,5.11,6.73,2.47,0.82,4.07,3.22,2.46,5.13,2.60,0.82,4.01,5.84,4.06,8.06,1.68,1.94,9.28,9.50,1.63,10.06,4.95,4.07,3.94,6.77,6.87,0.84,7.57,3.36,2.55,4.34,2.57,1.66,4.14,0.80,11.56,4.23,4.96,10.16,0.81,7.69,2.52,4.19,1.65,7.55,3.45,4.20,1.66,1.67,8.39,1.70,0.82,5.02,1.68,2.50,4.90,0.83,2.59,0.84,4.90,9.68,0.90,0.87,0.81,3.22,3.28,0.81,4.07,3.42,4.11,4.29,3.28,1.71,1.65,4.16,3.46,0.82,6.49,0.85,1.67,4.28,2.47,1.66,1.57,9.20,2.62,19.09,2.48,2.47,9.85,4.20,11.99,0.84,13.58,1.74,0.85,4.09,0.82,2.51,0.83,0.84,26.02,0.81,0.85
AAAAAGGAAAGGAAAGG	3.34	HG00139:4.16	4.16,1.73,1.60,2.44,0.80,2.59,0.84,0.82,0.83,6.77
AAGTGATGTAGCATCCC	3.24	HG00139:11.65	5.82,1.66,1.67,8.35,11.65,2.52,9.78,1.71,2.42,10.93,5.87,0.81,2.52,11.35,1.68,0.84,2.83,4.19,2.55,1.72,2.55,2.62,1.55,0.83
AAAGAGGAGGAGGGAG	3.15	HG00139:3.33	0.81,3.33,0.84,0.84,0.82,0.84
ACAGATCCTGGCCACTCTGC	3.04	HG00139:19.97	4.90,5.71,11.40,11.64,8.35,5.82,9.14,8.33,5.01,7.52,9.57,19.21,4.19,19.97,5.96,4.21,15.63,12.33,9.78,12.07,7.39,5.97,8.54,6.06,5.75,8.01,10.85,4.06,4.03,9.25,6.78,7.59,17.86,14.69,12.26,12.58,8.25,5.70,14.99,4.23,7.33,4.29,15.12,9.25,15.97,5.95,16.48,1.71,7.46,4.14,11.25,3.30,3.39,4.13,11.72,7.30,8.54,9.23,11.73,14.01,4.72,4.32,1.68,9.98,5.02,7.55,5.11,16.43,2.51,5.05,11.19,11.65,5.72,6.66,1.73,12.60,4.08,4.21,4.84,6.27,5.21,5.22,19.41,19.33,4.11,15.48,13.03,10.25,3.29,9.97,11.15,5.74,17.08,19.03,4.16,6.05,11.72,11.50,10.54,17.02,3.33,7.71,4.94,5.03,6.63,13.25,9.21,11.08,11.79,12.00,5.02,6.96,3.35,10.48,2.49,2.57,6.62,11.14,4.14,9.87,12.80,6.57,5.04,3.43,4.28,4.18,8.44,13.58,13.96,6.77,4.23,11.98,10.92,1.69,6.54,14.84,4.20,9.32,4.19,4.99,8.43,17.09,3.34,8.67,14.64,11.04,5.79,7.48,4.24,9.31
AATGTCCGAGGCTGCGGTGT	2.42	HG00139:30.78	16.33,20.40,18.73,12.47,7.51,20.80,14.96,8.33,11.69,16.72,15.95,13.36,10.89,30.78,9.36,16.83,14.81,18.08,18.74,9.66,25.44,21.33,5.98,13.84,5.75,20.03,21.70,25.97,8.86,18.50,9.68,10.96,9.36,17.28,10.62,16.77,5.78,18.73,11.83,6.77,16.30,16.31,9.24,21.02,9.25,8.50,12.14,9.43,22.37,9.93,12.05,4.13,12.70,12.40,14.07,19.46,12.81,10.91,18.43,31.31,11.33,12.09,12.61,23.29,14.23,11.74,9.37,9.86,12.56,10.11,12.91,13.31,14.71,9.16,2.59,10.92,17.96,16.01,14.52,8.96,6.95,14.79,8.90,16.92,12.32,9.78,16.28,13.67,27.93,12.46,6.86,8.21,9.39,17.37,14.99,20.75,34.34,11.50,15.40,18.72,9.16,12.85,12.36,18.46,25.67,35.62,10.05,8.52,7.07,7.71,17.56,12.19,4.18,10.48,11.62,25.68,7.45,12.85,12.41,18.91,10.24,13.13,10.07,10.29,9.42,11.69,20.25,10.19,17.45,13.54,13.53,18.83,10.08,22.88,31.07,9.07,18.48,6.99,5.02,6.65,12.64,15.38,16.72,25.23,15.46,11.89,15.72,14.13,7.64,8.47
AACATCCC	1.71	HG00139:4.16	0.82,1.63,0.81,0.83,1.66,0.83,0.84,0.84,4.16,2.55,0.84,0.80,0.82,0.85,1.73,0.80,0.83,0.81,2.42,1.68,0.85,2.45,2.52,0.83,1.63,0.81,1.72,1.68,3.36,2.60,0.83,1.61,0.85,0.84,0.82,0.94,1.73,0.84,0.83,2.55,0.84,0.86,1.66,1.67,0.84,0.81,0.87,1.64,0.81,1.71,0.82,1.72,0.82,0.85,0.83,0.83,0.85,0.83,1.71,0.83,1.66,0.79,1.71,0.84,1.74,0.87,3.32,0.83,1.64,1.71,2.52,0.84,0.84,0.85,0.85,0.84,1.69,0.82,2.52,0.83,2.37,1.63,1.66,0.85
AACCCACTCCCATGATAACT	1.70	HG00139:7.49	4.90,1.63,2.44,1.66,3.34,0.83,1.66,2.50,5.01,5.85,5.58,1.67,0.84,7.49,4.25,2.52,7.40,4.11,1.61,4.10,2.56,4.27,2.60,1.64,3.20,5.01,0.81,1.61,3.36,0.97,1.69,5.10,0.86,3.27,2.48,2.44,5.52,0.85,1.63,2.58,3.36,4.20,5.88,5.10,2.60,1.71,0.83,4.14,0.80,1.65,4.23,4.13,0.81,5.03,4.19,0.82,1.89,2.59,0.84,2.50,6.81,2.46,2.51,4.21,4.30,0.83,0.82,0.83,3.45,3.36,4.90,1.69,2.42,2.69,1.74,5.22,2.43,0.81,2.46,1.63,3.26,1.71,2.46,4.98,1.72,1.64,1.71,2.48,4.16,0.86,2.51,2.46,4.86,3.40,3.33,1.71,3.30,1.68,3.31,2.48,0.84,2.56,4.72,4.29,0.84,1.74,3.35,5.24,4.98,0.86,0.83,6.00,1.65,1.64,5.12,4.93,5.04,4.29,0.86,2.51,3.49,5.08,3.38,2.57,1.68,3.39,2.45,1.65,0.84,6.21,1.67,1.66,3.42,5.85,2.37,3.25,2.55,5.79,5.82,1.70,5.08
ACAGGGTGG	1.67	HG00139:23.30	4.90,6.53,15.47,19.96,9.18,19.14,7.48,4.16,4.17,10.87,26.32,11.69,5.03,23.30,12.76,15.63,3.29,2.41,1.64,5.12,13.84,13.97,3.20,2.43,10.48,0.84,0.97,0.84,0.85,13.82,0.84,7.43,4.89,3.15,8.47,0.81,1.68,5.04,6.73,0.86,13.25,3.31,16.94,2.48,0.81,1.68,4.19,27.19,11.33,10.36,5.04,4.16,36.06,7.66,8.21,2.51,20.21,10.33,9.15,7.36,14.99,3.45,1.68,15.51,27.43,3.58,6.08,1.74,5.64,13.14,6.51,1.71,10.68,7.47,3.43,5.74,4.27,5.83,0.86,0.84,4.11,2.43,1.70,0.83,5.14,0.83,1.66,12.56,2.56,3.14,5.14,4.18,0.87,4.98,0.86,9.93,3.43,0.83,8.22,1.71,2.46,1.68,4.28,0.84,2.53,3.40,4.36,7.61,0.85,0.86,1.69,0.82,1.68,1.55,23.44,1.66,1.69,2.56,8.36,0.79,1.63,0.85,0.83,4.99,0.85,3.39
ACACATATATATG	1.67	HG00139:17.47	14.69,6.53,1.63,26.61,5.84,9.15,1.66,5.83,15.86,6.69,7.98,8.35,0.84,17.47,0.85,2.47,5.75,4.07,16.90,1.64,3.41,2.56,1.73,1.64,2.40,1.67,1.62,2.42,6.78,1.69,11.91,3.46,4.90,13.42,4.13,1.63,5.93,0.81,9.44,2.52,1.68,13.45,3.40,3.47,3.43,4.97,11.58,3.21,0.83,5.93,2.48,3.91,8.92,3.36,3.35,4.94,0.94,7.77,5.04,9.15,7.66,0.82,2.51,1.68,2.58,5.82,4.90,5.83,6.72,8.17,9.27,2.42,1.79,4.34,6.96,5.66,25.78,16.42,0.81,7.33,1.71,20.54,5.81,0.86,6.83,4.14,10.82,6.05,3.35,3.29,3.24,1.70,1.67,1.71,1.65,0.83,0.84,0.85,0.79,5.14,15.67,3.35,11.35,0.83,3.31,16.22,2.52,3.43,3.43,2.51,0.85,12.84,2.52,9.81,0.84,10.05,0.83,8.43,2.44,6.79,3.31,0.83,1.70,0.85
AACGCGCAGCCACCAGAC	1.63	HG00139:35.78	17.14,16.32,47.22,14.14,30.05,21.63,31.58,9.16,13.36,20.89,8.77,17.54,18.43,35.78,14.46,21.04,39.48,13.15,30.97,22.54,18.88,15.36,11.96,16.44,8.22,16.83,14.19,18.67,21.76,30.28,0.97,12.65,3.40,4.32,14.71,10.90,18.15,12.21,23.66,8.47,3.26,4.29,8.41,10.93,0.85,26.02,0.86,19.05,38.57,12.38,9.32,22.31,24.22,16.23,17.62,14.24,28.84,21.71,26.77,9.25,1.66,36.82,15.93,7.66,39.42,10.05,18.53,16.35,11.65,8.17,13.32,17.25,20.17,4.08,22.75,8.88,17.92,15.64,13.05,24.26,1.61,0.82,19.56,0.81,13.67,23.82,24.08,5.15,22.16,11.10,6.62,8.33,11.24,14.24,24.64,15.40,5.96,4.17,8.57,13.19,9.11,10.77,9.21,4.26,23.58,0.86,13.38,13.06,10.04,5.24,3.32,6.85,2.48,8.57,22.34,18.91,13.13,5.04,12.86,4.28,4.18,3.38,1.70,0.87,18.61,4.23,13.69,10.08,1.69,1.64,15.67,4.20,3.11,10.88,18.30,9.27,18.80,9.19,11.04,3.25,2.55,20.68,13.30,24.61,16.09
AAGGAGGGAGAGGATG	1.50	HG00139:1.66	1.66,3.30,1.71,3.29,0.84,0.84
AAATGGACCACAACCACGCC	1.34	HG00139:2.50	2.50,0.80,2.47,1.61,0.84,0.84,1.69,0.81,0.82,0.86,0.81,0.86,0.83,0.79,0.84,2.62,0.82,0.84,0.84,1.71,1.55,0.83
ACTGCAGCCTC	1.24	HG00139:1.66	1.66,4.20,3.42,0.84,4.93,2.42,0.85,0.84
