#contig	start	end	unit	top_case_zscore	high_case_counts	all_counts
12	3854414	3855392	AAAAT	18.80	HG00351:20.55	0.82,20.55,14.30,5.15,0.86,2.36,0.83,23.81
11	85543436	85544593	AAAG	16.38	HG00351:19.73	13.31,0.84,2.47,17.93,5.13,19.73,0.85,0.82,1.66,0.85,0.83,1.61,3.23,0.84,0.86,1.66
6	159114283	159115267	AAAG	9.98	HG00351:11.51	11.51,12.62,0.83,1.71,2.62,1.72,1.67,3.49,1.69,1.64,0.83,0.79,1.65
17	46934874	46936023	AATAG	9.45	HG00351:18.08	4.90,0.82,4.89,8.31,7.51,4.99,5.83,10.87,3.40,6.73,1.65,5.70,2.46,5.97,8.54,3.46,18.08,5.05,8.71,2.59,2.44,4.20,3.36,5.88,1.70,2.57,2.41,11.56,3.39,4.05,2.51,7.77,5.82,6.69,2.55,3.29,13.40,4.21,6.02,1.63,0.81,6.95,2.42,8.96,2.57,2.48,1.64,3.40,0.83,4.28,9.23,10.88,5.50,3.48,0.84,2.62,5.97,0.86,2.53,5.13,4.24,2.33,2.53,0.85,6.62
2	88703212	88704523	AAAG	8.98	HG00351:18.08	9.77,0.83,8.35,0.83,0.83,0.84,0.84,0.83,5.11,0.84,6.58,1.64,0.81,0.80,10.24,2.56,18.08,0.83,2.43,4.03,1.94,3.40,0.86,5.72,8.39,0.81,0.81,0.86,4.20,5.88,0.87,1.65,1.65,1.68,0.82,1.73,0.84,1.66,0.85,0.84,2.53,7.49,4.90,0.83,0.86,2.45,0.81,3.58,1.74,0.81,2.46,0.82,8.58,2.50,1.73,0.84,5.11,1.65,1.57,2.51,1.66,0.85,3.36,2.57,0.84,1.69,0.85,0.87,0.85,2.57,0.84,0.82,0.84
14	77686680	77687176	ACGCCCCGCCTCCCACTC	8.11	HG00351:8.22	8.22,0.81,0.87,0.87,1.66
17	75211228	75213015	AACCCTACCTACG	6.86	HG00351:9.04	0.83,0.83,0.80,1.70,0.82,2.47,0.80,0.82,9.04,0.80,4.03,0.97,1.73,0.83,0.81,1.72,2.52,0.86,0.83,2.41,0.84,0.84,0.82,1.67,1.69,2.61,1.61,0.82,0.81,0.82,1.64,1.73,1.64,1.70,0.86,1.66,0.83,0.79,0.86,4.18,1.71,1.71,1.64,0.86,0.86,2.53,0.85,0.85,0.84,2.47,0.78,0.84,0.85,0.85
20	22518663	22520236	AAG	6.79	HG00351:23.84	8.98,9.79,11.40,9.15,5.84,6.66,7.48,5.83,9.18,14.21,6.38,12.53,7.54,6.66,12.76,5.05,9.05,12.33,19.56,9.66,7.39,6.83,10.25,7.79,23.84,11.22,17.53,18.67,11.28,7.57,2.90,8.43,9.36,11.23,11.44,12.58,10.73,7.33,7.89,6.77,8.15,0.86,11.76,15.97,10.93,5.10,10.41,2.57,14.08,8.27,13.66,3.30,14.40,15.70,11.72,12.97,3.42,12.58,8.38,4.12,8.50,6.91,3.36,8.32,19.25,5.03,8.52,18.07,6.70,10.11,13.77,7.49,7.36,7.49,10.35,8.40,6.53,11.80,12.91,1.79,12.16,6.09,11.32,12.89,8.21,8.96,3.26,12.82,4.93,7.47,6.01,9.03,1.71,8.27,14.16,9.51,10.05,9.03,16.22,12.76,5.83,12.85,3.30,5.87,1.66,1.66,5.86,5.97,7.07,6.00,5.02,11.32,1.67,3.49,8.30,11.13,9.10,13.71,15.72,4.93,12.80,10.67,10.91,6.00,6.85,10.02,6.75,10.19,6.11,12.69,11.84,1.71,5.88,5.93,8.18,4.95,5.88,1.55,2.51,10.81,6.74,3.42,12.54,7.10,10.58,4.25,7.45,15.80,7.64,11.01
4	141920602	141921437	AAGAGG	6.58	HG00351:6.58	6.58
5	81288445	81289753	AAAAG	6.29	HG00351:32.06	10.61,18.29,9.19,3.33,30.43,10.38,32.06,10.42,10.02,22.06,1.68,7.33,26.82,10.30,24.38,15.31,4.29,19.05,19.85,12.86,2.48,3.36,2.83,13.45,0.84,18.80,17.69,6.08,16.98,17.72,1.63,15.47,10.25,16.43,12.46,19.69,11.10,1.65,10.68,21.89,5.87,4.14,3.41,6.96,7.86,2.49,0.86,5.01,0.85,20.16,5.94
11	117356514	117357472	AAAGTGGCGGATGTG	6.26	HG00351:7.40	0.81,0.83,0.84,7.40,0.82,0.84,0.85,0.83,0.82,0.86,0.82,0.81,0.86,0.86,2.54,2.57,1.69,1.65,0.84,3.35,3.94,0.83
1	110196204	110196970	AAAG	5.68	HG00351:5.75	1.63,8.65,5.75,6.49
17	78638287	78639971	AAAGG	4.91	HG00351:37.81	28.57,34.27,12.21,4.99,15.02,9.98,11.64,14.99,14.19,17.55,27.92,6.68,12.56,17.47,26.38,25.50,32.06,13.04,8.21,11.95,18.17,37.81,15.22,9.18,32.47,4.03,18.39,12.65,25.05,14.71,15.93,7.43,18.73,29.97,8.47,10.59,11.16,31.08,28.58,23.54,9.35,20.81,10.29,18.23,16.54,16.07,16.51,19.48,13.22,19.54,5.67,17.62,13.40,12.36,26.43,10.36,10.93,14.14,15.06,26.00,14.78,24.42,13.77,29.12,19.62,24.98,25.88,28.57,35.11,8.43,17.75,11.65,20.85,18.27,12.13,24.97,14.78,29.34,31.75,29.57,16.61,10.30,15.59,26.48,30.61,29.98,35.44,26.80,6.57,21.89,17.02,14.16,5.80,14.08,10.88,15.34,1.57,5.02,6.69,7.86,9.13,15.41,8.27,15.42,14.89,9.85,2.52,8.58,4.28,15.03,5.06,5.09,12.21,4.23,2.54,7.70,0.84,11.02,17.99,13.19,13.97,15.07,1.66,12.64,4.27,2.51,9.46,8.14,6.79,10.75,6.65,0.85
4	5707226	5708610	AGAT	4.79	HG00351:18.91	5.71,5.71,7.33,14.14,5.84,10.82,9.97,11.66,10.85,8.36,15.16,5.01,8.38,1.66,17.02,6.73,11.52,3.29,1.63,13.68,10.67,12.80,11.96,6.06,18.91,10.42,10.02,8.93,9.67,11.77,7.74,9.28,9.36,9.50,9.81,8.39,12.38,8.96,9.46,5.93,6.52,6.01,10.08,2.52,4.20,8.50,8.67,8.57,12.43,9.93,7.23,12.38,7.62,4.96,10.16,1.62,2.56,13.42,4.19,2.47,6.61,7.77,12.61,8.32,5.86,5.87,5.96,9.86,9.21,3.37,11.19,9.98,10.62,4.16,11.21,11.76,6.53,5.90,5.65,12.55,12.16,3.48,9.70,3.22,8.21,6.52,4.07,11.11,8.22,7.47,1.72,3.28,7.69,2.48,9.16,11.24,7.54,9.03,6.49,7.66,7.50,7.71,17.31,14.27,7.45,13.25,10.05,11.93,8.65,14.57,10.03,10.45,9.20,9.60,2.49,6.85,5.79,14.56,6.62,8.22,8.53,5.75,10.91,12.01,7.71,6.68,15.19,6.79,11.34,5.92,2.54,6.85,3.36,5.93,5.72,4.95,4.20,10.09,8.37,2.50,14.33,6.84,10.03,6.31,7.32,9.34,3.31,9.98,7.64,1.69
4	129571219	129572230	AAAAT	4.64	HG00351:22.19	22.19,14.40,0.84,0.81,13.96,7.07,8.22,21.77
12	118570551	118571253	AAATG	4.16	HG00351:6.58	4.16,1.71,11.96,6.58,22.56,16.01
7	134780949	134781626	AGAT	4.11	HG00351:4.11	4.11,0.82
9	14010168	14011316	AAAG	3.86	HG00351:12.33	2.49,0.83,4.18,1.60,6.68,0.84,0.83,6.58,4.02,4.92,11.25,12.33,9.18,2.42,8.15,5.78,16.53,0.78,0.81,1.71,1.68,8.38,0.82,0.94,4.18,2.52,6.81,0.82,0.82,0.83,1.70
11	1307926	1309491	AGCCTCCCCGCCGC	3.78	HG00351:23.84	10.61,20.40,12.21,9.98,11.68,6.66,4.16,14.16,11.69,5.01,8.77,23.39,6.70,10.82,5.11,14.31,8.23,11.51,20.37,18.51,7.39,12.80,11.11,16.44,23.84,12.02,10.02,10.55,9.67,10.93,19.36,16.02,9.36,3.46,11.44,11.74,7.43,5.70,24.45,11.86,4.89,13.74,15.12,4.20,10.09,10.20,11.27,6.00,16.57,12.41,7.23,9.08,9.32,14.05,10.94,14.59,5.13,12.58,10.89,6.59,2.83,9.50,10.09,19.96,5.86,6.71,6.81,11.50,15.07,11.79,5.16,10.81,6.54,7.49,6.04,8.40,16.33,10.95,3.23,4.48,13.03,10.44,14.56,4.03,7.39,11.41,10.58,6.84,4.11,9.97,6.86,11.49,5.98,9.93,12.49,5.19,4.19,4.93,7.30,7.66,6.66,4.28,8.24,5.03,4.14,10.77,1.67,10.23,11.00,4.29,13.38,3.48,6.69,6.98,2.49,5.14,7.45,10.28,5.79,3.29,5.97,6.57,0.84,9.43,7.71,3.34,10.97,5.94,6.11,15.23,5.07,5.13,5.04,5.08,9.00,4.95,2.52,11.64,8.37,15.80,2.53,3.42,5.85,16.56,13.83,11.89,4.14,9.98,0.85,6.77
13	113311178	113312366	AAGGAGGCCCCATCAGG	3.39	HG00351:6.58	1.63,2.44,4.99,1.68,0.82,1.71,4.33,6.58,0.83,0.81,0.81,1.68,3.87,2.59,0.84,0.81,0.84,0.87,0.83,0.80,0.83,0.84,1.89,0.86,0.84,0.83,0.84,0.84,1.68,2.50,1.68,0.84,3.23,0.90,3.48,1.74,1.62,0.82,1.63,0.81,0.85,0.86,1.64,1.65,5.02,1.70,0.84,1.66,0.84,0.85,3.14,1.71,0.85,0.82,0.84,0.84,4.18,0.81,1.69
4	39350081	39350664	AAGGG	3.38	HG00351:9.86	9.98,5.76,9.86,1.66,8.04,5.03,3.45,4.20,5.21,4.29,5.79
11	117356503	117357421	AAAGTGGCGGATGGG	3.36	HG00351:4.11	4.11,0.80,0.83,0.82,0.81,0.83,0.86,0.86,0.84,0.86,0.82,0.84,0.83
16	54340264	54341192	ACACAGTGTGAGGACAG	3.24	HG00351:3.29	0.83,5.98,3.29,0.86
4	90017413	90018883	AATATATATATATGATGG	2.98	HG00351:24.66	3.27,17.14,0.83,3.34,1.66,4.16,4.19,11.78,3.29,1.63,4.92,1.71,6.92,24.66,7.25,6.73,0.84,19.87,11.44,1.68,1.58,0.84,0.86,0.83,6.77,0.83,33.60,1.62,12.81,1.68,1.68,0.82,22.65,0.86,15.13,0.84,16.75,0.84,21.51,0.84,1.63,12.87,1.65,17.03,13.61,18.33,13.71,17.31,12.42,23.87,3.14,3.43,20.89,6.64,9.42,9.03,15.87,9.60,12.84,12.60,14.41,0.82,18.48,11.64,31.82,7.64,4.99,16.13
10	18731424	18732096	AT	2.98	HG00351:4.11	0.84,0.83,4.07,4.11,2.43,1.69,0.84,2.51,0.86,1.63,1.63,0.82,0.85
4	166278502	166278981	AAGGG	2.96	HG00351:3.29	1.66,0.82,4.07,0.85,3.29,0.86,4.20
12	86503618	86504414	ACTATATATATATAG	2.94	HG00351:4.93	3.33,1.70,3.41,4.93,0.81,0.85,2.51,2.50,1.69,4.11,3.33,1.64,1.69,1.55,1.70
5	82926697	82928305	AAAG	2.81	HG00351:18.08	1.63,1.63,8.35,6.66,12.47,7.49,15.03,11.70,7.98,10.02,6.70,4.99,0.84,6.58,15.62,4.02,5.75,6.83,8.54,2.60,18.08,10.02,3.25,0.97,5.06,15.31,1.73,16.34,6.60,4.07,0.79,1.63,8.59,4.20,8.41,15.31,13.87,1.71,14.08,6.62,1.61,0.83,7.62,0.81,0.84,9.22,0.82,11.33,6.73,2.50,2.52,15.07,8.17,3.33,4.31,6.72,2.45,0.81,15.23,3.48,6.09,0.82,8.15,1.63,4.27,2.46,2.49,1.72,2.46,5.98,9.93,5.19,3.35,19.46,5.96,1.67,3.36,4.14,5.02,1.70,0.79,3.43,2.62,3.42,0.83,6.62,7.71,0.84,0.85,1.69,9.81,2.47,0.84,3.34,2.44
20	61852095	61853607	AATCCCTGC	2.72	HG00351:31.24	2.45,1.66,4.16,1.67,1.67,1.67,1.60,20.10,0.83,4.21,4.94,20.55,5.70,16.90,15.38,11.25,31.24,14.42,1.61,2.52,7.35,3.36,1.70,15.74,0.83,6.43,3.30,6.61,5.13,3.36,1.65,12.27,3.36,2.50,0.84,16.77,0.85,32.03,11.79,4.30,9.16,26.05,0.84,7.82,13.96,26.49,14.12,14.59,24.77,5.00,6.70,2.57,4.12,8.39,5.80,2.48,5.86,0.85,13.36,0.86,4.18,6.96,18.41,5.24,8.30,5.14,5.79,1.65,5.75,4.93,5.04,4.29,8.57,20.88,9.28,0.85,8.72,3.38,7.61,10.17,20.44,9.07,24.84,17.58,19.96,21.07,26.49,12.54,3.94,36.61,28.95,21.62,6.79,9.31
6	3549893	3551097	AAG	2.70	HG00351:6.58	0.82,3.26,0.81,0.83,1.67,1.66,3.32,1.67,2.50,1.67,0.80,2.51,0.83,0.85,2.52,0.82,2.47,4.07,0.80,1.71,5.13,0.87,6.58,0.80,1.67,1.62,1.61,3.36,0.97,2.53,0.85,4.32,3.27,4.19,1.65,2.44,1.58,0.85,2.44,0.86,2.52,1.68,1.68,1.70,3.43,0.83,1.65,4.02,0.83,0.85,2.48,0.78,1.62,2.56,0.84,1.68,0.82,3.78,1.73,1.66,1.67,3.35,1.70,1.64,2.51,2.53,1.72,4.90,1.67,1.73,0.84,3.27,2.53,2.42,3.58,0.87,0.87,0.82,2.44,1.63,2.56,2.46,3.32,2.57,3.28,3.42,3.31,4.16,2.59,2.51,1.64,4.05,0.85,0.83,0.86,0.82,3.36,1.66,0.83,1.67,0.79,1.67,1.74,3.35,2.49,1.71,0.83,1.71,1.65,3.29,2.56,3.28,0.84,2.51,1.69,1.70,1.74,2.54,2.54,3.27,0.82,1.55,2.51,0.83,1.69,1.71,3.34,1.58,2.44,0.85,1.65,0.83,3.39,1.69
1	15374659	15375676	AACGACCCAGGACC	2.70	HG00351:5.75	0.82,1.63,0.83,1.66,0.83,0.80,3.33,1.70,0.84,1.65,0.81,1.61,0.85,0.85,0.87,5.75,0.80,0.83,0.81,2.42,0.97,4.22,2.55,1.73,0.84,1.63,0.79,0.85,2.58,1.68,1.68,1.68,0.85,2.48,1.65,2.54,1.65,0.85,0.84,1.65,0.84,2.50,0.84,0.84,2.51,1.68,0.86,2.50,1.63,1.67,1.73,1.63,1.69,3.23,0.90,0.87,0.87,1.62,1.64,0.81,0.85,0.82,3.32,1.72,3.28,1.71,1.65,2.59,1.67,1.62,3.40,0.86,2.47,1.68,1.66,1.67,0.85,2.51,3.48,1.75,3.42,2.57,0.83,1.71,1.64,1.71,1.67,1.69,0.85,1.69,0.85,1.71,1.69,0.82,0.82,0.84,3.11,1.67,0.83,1.69,1.71,2.51,0.79,2.49,2.55,1.69
8	23797540	23798372	AAAAT	2.66	HG00351:3.29	1.63,0.83,8.35,15.04,3.29,0.85,4.19,0.84,0.82
17	69603952	69604790	AGATATATATAT	2.65	HG00351:4.11	0.81,2.50,5.05,7.40,0.85,4.11,1.60,0.84,1.67,3.27,1.65,0.85,1.64,1.69
11	59973531	59974225	ACATATATAT	2.63	HG00351:4.11	0.82,3.37,1.71,4.11,0.84,0.79,1.69,1.68,2.52,1.65,3.22,0.82,1.66,1.64,0.85
10	95673595	95674461	AAAATATATATAT	2.49	HG00351:4.93	2.45,0.83,0.83,1.60,0.82,2.47,4.93,0.81,0.85,0.78,0.84,0.84,1.89,2.50,2.55,0.84,2.44,0.84,1.66,1.57,2.57,2.57,1.71,3.34,0.84,1.74,0.85,1.69,2.52,2.47,0.84,0.78,1.67,4.07,0.83
4	83922534	83923693	AAAGG	2.47	HG00351:21.37	25.05,21.37,39.90,8.57,28.17,22.50,5.04,3.26,11.11,10.30
6	62879036	62879207	AT	2.44	HG00351:2.47	2.47,0.84,0.84,0.94
1	24591899	24593366	ATCC	2.43	HG00351:9.04	3.27,0.82,0.81,4.99,3.34,1.66,4.99,1.67,0.83,5.01,2.39,1.67,1.68,2.50,5.96,1.68,3.29,9.04,4.07,1.64,4.27,3.42,1.73,9.04,0.80,3.34,4.06,3.22,10.93,2.90,5.06,0.85,1.73,1.68,2.48,1.63,3.94,3.39,1.63,2.58,1.68,4.20,4.25,5.14,1.66,4.14,3.21,6.60,2.54,1.56,1.62,1.71,1.68,2.51,2.47,7.77,4.20,2.50,9.20,1.68,1.70,0.84,0.86,3.33,1.63,5.00,3.45,0.84,5.72,1.69,1.61,2.69,4.34,2.61,6.47,4.03,0.82,4.07,2.56,1.64,1.66,7.72,0.82,2.56,3.31,3.33,0.86,0.84,4.11,4.86,5.11,4.17,4.28,4.94,3.36,0.83,4.19,3.41,1.57,1.71,3.34,3.48,3.35,1.75,4.98,3.42,4.14,2.57,0.83,3.41,3.28,3.36,3.43,2.57,3.34,3.38,0.85,3.49,3.38,1.69,3.42,2.54,2.45,2.47,1.68,3.11,0.84,2.50,0.84,1.71,4.18,2.37,5.69,1.70,3.31,6.65,0.85,1.69
4	177957354	177958272	ACATATATATAT	2.40	HG00351:2.47	2.47,2.34,0.84,0.86,2.46
6	73924902	73926115	AATATATACATACAT	2.33	HG00351:10.69	1.63,6.53,3.26,4.99,0.83,4.99,0.83,4.16,3.34,0.84,8.77,0.84,2.51,4.21,0.82,4.93,4.89,8.05,4.10,5.97,0.85,2.60,10.69,5.01,0.81,1.61,6.73,11.62,2.59,3.27,12.58,2.48,0.81,0.79,0.85,0.84,1.68,5.88,4.25,1.71,2.49,3.21,3.39,0.83,3.13,7.30,1.68,0.84,5.77,3.78,1.73,5.88,7.53,0.84,5.11,3.29,5.02,1.68,5.16,1.66,5.72,3.45,1.68,4.08,5.06,4.84,1.79,0.87,9.57,0.81,7.25,6.52,7.33,6.84,1.64,4.15,0.82,0.85,0.83,6.66,4.32,4.19,2.46,2.55,1.67,4.12,3.36,1.70,3.14,6.86,0.84,1.74,6.69,3.49,1.66,1.71,4.96,5.14,3.31,0.82,2.56,3.28,0.86,0.86,3.34,5.91,11.04,1.69,10.99,1.68,5.08,3.27,7.42,1.67,4.16,0.84,1.71,2.51,2.37,1.63,6.79,5.79,7.48,5.09,3.39
7	43797368	43798454	ACACCGTGAGGGGGCCAGGC	2.22	HG00351:3.29	3.26,0.85,3.29,4.03,1.65,5.98,0.94,3.35,2.46
4	49659431	49659976	AAAGGAATGGAATGG	2.22	HG00351:2.47	2.47,0.81,0.85,0.84,0.81,0.82,0.83
13	100128577	100129991	AC	2.19	HG00351:13.15	5.71,4.90,3.26,11.64,1.67,3.33,5.82,3.33,2.50,9.19,3.99,6.68,5.86,4.16,4.25,5.89,2.47,4.11,5.70,4.02,5.75,9.39,2.56,3.46,13.15,1.60,8.35,8.93,8.06,5.89,4.84,3.37,1.70,0.86,2.45,5.87,3.30,4.89,4.73,5.08,4.89,4.29,1.68,2.52,0.84,4.25,1.73,1.71,4.97,1.65,12.86,4.95,5.93,4.13,9.38,7.30,1.71,6.71,6.70,5.77,1.89,7.77,11.77,5.82,10.88,5.03,3.41,4.11,6.70,5.89,4.30,5.82,7.36,6.66,5.18,2.52,9.80,2.53,7.26,6.27,1.74,2.61,7.28,3.22,0.82,1.63,4.07,0.85,12.32,1.66,4.92,2.56,1.65,3.33,0.86,4.19,4.11,12.16,7.66,5.83,2.57,5.77,5.87,4.14,3.31,3.35,1.70,13.36,9.43,3.34,6.09,3.35,3.49,6.64,7.70,11.58,10.28,2.48,7.40,8.53,8.21,2.52,1.72,4.28,5.01,5.06,5.94,7.85,6.77,5.92,6.85,8.40,3.39,5.72,0.82,5.88,6.99,4.19,4.16,3.37,4.27,5.01,3.15,10.58,5.10,4.14,2.49,5.94,4.23
21	46146712	46147964	AGCCTCCCCTCCGCCGC	2.11	HG00351:5.75	0.82,3.26,0.83,1.67,0.84,0.82,5.70,1.61,0.82,2.56,5.75,2.50,1.61,4.21,3.87,0.84,2.55,2.45,1.68,4.89,3.94,0.85,2.52,1.70,0.86,2.48,0.80,1.56,2.43,1.71,1.73,1.68,0.86,3.27,4.03,1.79,2.61,1.74,1.62,1.64,1.63,0.85,4.29,3.42,0.83,1.67,0.81,3.40,1.68,0.84,0.86,0.84,2.52,0.84,1.58,2.44,1.70
12	54407248	54408194	AG	2.09	HG00351:4.93	0.82,0.82,3.34,1.68,0.84,7.39,0.85,3.42,4.93,1.68,0.84,2.52,2.51,0.86,1.74,0.83,5.12,0.85,0.84,3.37,5.52,2.44,2.55,0.83,0.85
1	98511142	98512298	ACCGCTGCCGCTGCT	2.08	HG00351:4.93	0.85,0.85,4.93,1.68,0.84,1.68,1.70,2.42,2.44,2.51,0.83,2.57,4.14,0.79,13.71,6.69,4.28,1.65,0.86,2.53,2.62,3.38,2.54,0.86,1.68,0.85,2.47,2.52,2.53,0.85,4.16
9	30204973	30206283	AAAG	2.02	HG00351:11.51	1.63,4.90,0.81,3.33,5.01,3.33,2.50,2.50,4.18,1.60,8.35,0.84,7.49,0.85,11.78,1.65,2.47,4.07,1.61,3.28,3.41,5.13,0.87,11.51,8.01,5.01,8.93,1.61,4.21,1.94,3.37,1.70,5.18,4.95,3.26,6.31,11.86,3.26,5.15,4.20,4.20,10.93,6.80,5.20,5.14,2.49,2.48,7.23,10.73,5.08,0.83,5.47,4.27,2.52,2.51,2.47,4.72,1.73,3.36,3.33,2.51,3.35,3.41,3.29,3.35,5.05,6.02,1.66,1.63,2.50,9.49,3.36,0.82,9.27,1.61,3.58,4.35,4.04,4.03,7.39,4.89,0.81,5.13,4.93,8.30,8.58,9.85,0.85,5.79,3.33,8.64,7.54,7.39,1.62,11.91,1.67,3.43,2.52,1.66,1.66,4.19,3.41,1.57,5.22,0.84,5.24,2.49,3.42,3.31,0.83,4.11,4.10,2.52,3.43,1.71,0.84,3.38,0.85,3.42,2.52,1.69,0.82,0.84,1.66,4.21,0.85,5.01,4.73,2.44,4.25,3.33,1.70,0.85
9	75102799	75103849	AGATATATATATATATG	2.02	HG00351:4.93	7.33,2.50,7.52,3.19,0.84,0.82,0.82,4.93,0.83,0.83,0.84,4.12,1.66,0.84,0.82,1.67,1.75,1.67,5.99,0.82,5.43,0.84,0.83,2.54
5	78476199	78476925	AAGGG	1.94	HG00351:9.86	0.83,4.99,5.83,3.34,1.60,5.82,4.07,0.80,9.86,5.68,5.89,0.97,15.18,0.81,5.93,4.07,7.46,0.85,9.09,9.38,5.03,0.82,3.45,0.84,4.16,0.84,5.75,3.37,5.16,4.09,9.80,0.84,1.61,6.51,3.31,3.24,5.00,0.86,4.12,0.83,2.56,3.93,0.87,0.84,4.36,4.15,0.86,0.83,11.14,7.45,2.56,5.75,6.72,8.58,4.18,7.64,0.84,8.18,3.30,5.90,3.94,0.83
15	45958604	45958812	AGAGGAGAGGAGGGGAGGGG	1.87	HG00351:2.47	1.63,0.83,0.84,2.47,0.84,0.83,0.86,1.70,0.85,0.86
12	73264846	73266001	AAATATATATATATAATG	1.73	HG00351:2.47	0.83,3.35,0.85,0.87,2.47,0.82,0.81,1.66,0.82,0.83,0.84,0.82
17	1045736	1047187	ACAGCTCGCTCCTGGGGG	1.71	HG00351:7.40	8.16,2.45,3.26,2.49,3.34,0.83,4.16,2.50,1.67,4.79,3.35,4.16,0.85,2.41,2.46,0.85,2.56,1.73,7.40,2.40,5.84,5.68,4.22,0.85,1.73,1.68,0.81,1.58,5.93,2.44,1.72,1.68,2.52,3.47,0.86,4.14,2.41,6.60,1.69,2.48,3.91,0.81,1.71,2.52,0.84,1.65,4.32,4.20,0.83,0.84,7.66,2.46,2.51,1.68,1.72,2.50,3.33,1.73,0.84,4.21,4.03,1.79,3.48,5.22,0.81,1.64,2.44,3.26,0.82,0.83,2.46,1.67,0.86,0.84,4.11,0.81,2.55,2.50,2.57,1.65,1.68,2.48,4.14,3.35,5.11,4.72,0.86,1.67,2.61,0.84,0.87,2.49,1.71,6.62,3.43,0.83,0.82,6.57,3.36,1.72,4.28,5.01,3.38,4.24,0.87,1.69,0.85,1.71,3.36,1.69,1.64,0.82,1.55,5.02,3.33,5.06,1.71,1.67,1.58,0.81,4.25,1.66,3.39,1.69
12	47144445	47145273	AAGG	1.66	HG00351:2.47	0.83,2.47,0.86,0.85,0.83,0.81,1.69,0.81,0.85,0.83,1.67,0.84,0.83,1.69
6	70630908	70631060	ATATATATC	1.64	HG00351:1.64	4.17,1.64,1.67
4	58721659	58721741	ACTATATACTATATATAG	1.64	HG00351:1.64	1.64,0.85
15	40375197	40375254	AC	1.64	HG00351:1.64	1.64,0.84,0.86
12	21938077	21938131	ACGGGAGAGGGAGAGGGAG	1.64	HG00351:1.64	1.64,0.84
20	6821544	6821668	AGAGAGAGAGGGGGGGG	1.64	HG00351:1.64	1.64,0.81
2	223020998	223021159	AAAT	1.64	HG00351:1.64	1.64,0.81
2	168090035	168090036	ACC	1.64	HG00351:1.64	1.64
3	50628913	50628914	AC	1.64	HG00351:1.64	1.64
3	62369426	62369427	AAGG	1.64	HG00351:1.64	1.64
4	10536958	10536959	AAAG	1.64	HG00351:1.64	1.64
6	86000785	86000786	AC	1.64	HG00351:1.64	1.64
9	36834290	36834291	AC	1.64	HG00351:1.64	1.64
20	16133881	16133912	AAAG	1.64	HG00351:1.64	0.84,1.64
9	134970828	134971331	AT	1.63	HG00351:2.47	1.64,2.47,0.83,0.86,0.80,0.83,0.82,0.81,0.86,0.86,0.82,0.82,1.55,0.83
4	14205839	14206790	AAAG	1.63	HG00351:2.47	0.81,0.83,0.84,4.21,3.41,2.47,0.80,0.81,0.81,0.86,0.80,0.82,1.66,0.83,0.84
10	134789562	134790401	AATGCATTCCACGTGTATC	1.63	HG00351:1.64	0.80,1.64,1.61,0.82
9	139042036	139042879	AATGAGTGAGTGAGTG	1.62	HG00351:2.47	0.82,0.83,0.82,0.87,2.47,0.84,0.84,0.84,0.81,0.84,0.83,0.82,0.85,1.62,1.71,0.79,0.87,0.84,0.84,0.84,0.79,0.83
10	88350927	88351350	ACGGGAGAGGGAGAGGGAG	1.60	HG00351:1.64	1.67,0.80,1.64,4.06
5	144587997	144588400	AAAG	1.59	HG00351:3.29	1.66,2.50,1.67,0.84,0.84,0.84,1.64,0.81,4.10,0.85,3.29,0.81,1.61,0.82,0.86,1.71,4.13,0.85,0.84,0.82,0.94,0.83,2.51,0.84,0.84,0.83,0.81,0.83,2.46,0.86,0.79,0.81
4	167071912	167072613	AAG	1.59	HG00351:1.64	1.64,0.83,0.87,16.07
4	32887314	32888461	AAATATATAATTATATAT	1.58	HG00351:9.04	3.27,3.34,9.14,5.58,1.68,4.07,9.04,2.43,5.10,2.59,4.13,1.63,3.43,1.68,10.09,4.20,4.14,4.82,2.51,8.64,4.99,1.64,3.35,5.82,3.33,4.31,5.88,4.08,3.23,4.34,3.28,3.26,4.07,5.13,11.50,5.81,3.28,5.98,9.16,4.32,8.21,4.86,3.43,4.97,0.83,0.86,3.35,0.87,0.83,0.83,0.82,0.82,1.72,0.84,1.69,2.55,2.54,4.20,3.33,2.51,6.31,2.44,1.69
7	36573967	36574982	AC	1.54	HG00351:4.93	0.82,2.45,0.81,1.66,1.66,0.83,3.34,1.67,0.84,3.33,1.70,2.52,1.65,0.80,3.28,1.71,0.85,3.46,4.93,0.80,1.62,0.84,0.97,0.84,0.85,0.82,0.84,1.65,2.54,2.44,0.84,0.85,2.60,0.86,4.96,2.48,1.69,0.83,0.81,1.68,0.84,2.83,0.83,2.51,0.82,4.19,2.58,0.83,3.27,4.16,1.68,1.63,0.81,1.79,0.87,0.81,1.61,0.82,0.85,0.86,1.64,3.42,0.83,0.86,0.84,3.29,3.24,2.50,0.83,1.67,0.79,0.86,2.51,0.87,1.67,0.87,0.86,1.65,0.85,0.86,1.67,2.53,3.40,0.85,3.38,0.86,0.85,0.85,1.67,1.63,1.65,1.66,0.85
11	100496410	100496681	AATATATGTATATATGT	1.53	HG00351:1.64	0.83,1.64,0.85,0.86,0.84
11	98826072	98826552	AGGG	1.52	HG00351:2.47	0.82,0.81,1.66,0.83,0.84,2.47,0.81,0.97,0.85,0.86,2.44,0.85,0.84,0.83,0.78,0.82,1.66,0.85,1.64,0.84,0.86,0.82,0.85,0.83,0.83
13	102840836	102841113	AAAG	1.52	HG00351:1.64	1.64,0.81,0.83,0.90,0.82,0.85
5	25028588	25029161	AAAG	1.52	HG00351:1.64	0.85,1.73,1.64,0.81,0.84
20	35236982	35238122	AC	1.51	HG00351:6.58	1.63,4.08,1.63,1.66,3.34,0.83,4.99,0.83,0.83,0.84,1.60,3.35,0.85,6.58,6.58,2.44,0.85,6.58,4.17,2.43,8.06,5.05,7.59,1.73,0.82,3.35,4.13,0.81,0.79,0.85,1.63,4.29,0.84,2.52,2.55,0.87,3.43,1.66,1.65,1.61,0.83,1.69,2.34,3.36,3.35,0.86,1.66,2.51,0.84,4.26,0.84,2.45,2.50,3.45,2.52,0.84,2.42,0.90,0.87,2.61,3.22,0.81,4.07,1.71,4.11,2.49,0.86,0.82,3.42,3.46,0.84,0.85,4.17,2.57,3.31,2.48,4.19,1.70,6.00,2.51,2.61,4.36,0.83,4.14,3.43,1.64,1.64,2.51,0.85,3.38,1.71,3.36,0.85,0.84,1.71,3.34,1.63,1.70,3.39
12	101626259	101626439	AT	1.51	HG00351:1.64	0.85,1.64,0.84,0.82,0.81
7	157270626	157271959	AAAG	1.48	HG00351:9.86	2.45,10.58,0.83,5.82,12.47,0.83,8.35,9.15,0.84,0.82,0.81,3.22,4.92,0.85,9.86,0.80,3.34,1.68,0.84,0.85,1.65,1.63,1.69,0.81,0.85,1.71,1.66,2.48,8.26,6.25,12.57,0.86,0.84,0.84,9.23,1.70,0.82,2.58,0.83,1.68,1.69,0.87,0.81,0.81,2.56,0.82,2.48,1.73,2.43,2.55,0.84,0.85,0.79,0.84,0.87,0.87,0.83,0.82,1.68,1.72,1.71,1.69,0.87,0.86,1.69,0.83,1.71,0.84,0.81,0.85
8	71996523	71997581	AAGG	1.47	HG00351:2.47	0.82,1.67,1.67,0.81,0.80,2.47,2.40,0.84,0.79,0.85,2.52,0.84,0.84,0.86,0.86,0.85,1.66
17	36545552	36546570	ACATATATATATATGT	1.45	HG00351:2.47	0.84,1.60,0.84,0.87,2.47,1.61,0.84,0.87,0.82,1.79,0.82,1.63,0.86,0.83,2.53
3	142081829	142083080	AAACTTTACAAAGCTAGAGT	1.41	HG00351:2.47	0.81,0.83,0.84,0.85,0.82,0.85,0.85,2.47,0.81,0.84,0.79,0.85,0.86,0.83,2.48,0.78,0.84,1.66,0.86,0.81,1.74,0.81,1.71,0.86,0.84,1.67,0.87,0.83,0.85,0.86,0.86,0.85,0.84,0.79,0.81
16	88559044	88560441	ACAGCTCCCCCCACCCCGGG	1.40	HG00351:3.29	0.81,0.83,0.83,0.83,1.67,0.84,0.84,0.84,0.83,0.84,0.82,0.81,0.80,1.71,0.85,0.87,3.29,0.83,0.81,1.68,0.85,0.84,1.63,1.58,0.85,0.81,1.71,0.83,0.83,2.41,0.83,1.56,0.81,0.94,0.84,2.46,1.67,0.84,0.86,0.84,0.84,0.81,0.81,0.82,1.63,0.85,0.82,1.66,1.72,0.82,0.83,1.64,0.85,0.83,1.68,0.83,0.83,3.35,0.79,0.84,1.67,0.86,0.83,0.82,0.84,0.86,0.84,0.87,0.85,0.85,0.84,0.85,1.64,1.65,0.78,2.51,0.83,0.85,0.84,2.44,0.85,1.69
17	3888115	3888331	ACCCCTCCCATGCGCTC	1.40	HG00351:1.64	1.64,0.81,0.86,0.84,0.82,0.78,0.84
10	134161	135448	AAGGTGGACAGGCTCTCTAG	1.39	HG00351:7.40	0.82,8.14,0.83,1.66,0.83,2.50,5.58,2.51,0.83,1.70,5.05,4.11,0.81,4.02,1.71,7.69,1.73,7.40,2.52,0.84,0.84,1.65,2.54,4.29,0.85,2.57,4.96,1.56,4.05,3.42,5.03,0.84,2.47,4.72,2.59,2.52,0.83,4.18,1.68,0.85,3.35,6.74,2.50,2.59,2.45,1.74,0.81,2.42,1.63,1.63,2.56,3.32,0.86,1.64,0.83,5.83,5.02,2.55,2.50,5.77,2.52,0.83,0.84,1.57,3.34,1.74,6.69,6.11,2.49,10.76,0.83,2.47,3.41,0.82,4.20,1.72,4.28,3.40,0.85,5.07,3.42,5.08,0.82,0.82,0.78,1.67,4.21,3.42,5.85,3.15,6.79,0.83,1.66,2.55,4.23
16	66523646	66524899	AAAAT	1.38	HG00351:25.48	22.80,20.78,11.70,6.81,19.56,20.12,9.85,32.87,25.48,7.30,6.45,9.25,0.85,26.06,1.63,3.43,0.87,5.93,4.94,30.66,10.11,0.81,21.17,4.14,11.24,0.82,5.96,29.16,4.20
21	34143896	34144674	AG	1.37	HG00351:2.47	0.83,0.83,0.83,0.83,2.51,0.84,0.83,3.22,0.85,2.47,0.81,0.84,1.63,0.81,0.84,0.84,0.83,0.94,0.84,1.66,0.82,0.84,0.81,1.67,0.83,5.14,0.83,0.82,0.84,0.87,0.84,0.83,0.85,0.84,0.83,0.85
18	3832562	3832895	AAGG	1.32	HG00351:1.64	0.85,1.64,0.84,1.66,2.48,2.47,0.78
15	98082352	98083359	AAAG	1.30	HG00351:1.64	0.82,0.83,5.84,1.64,0.83,2.53,6.11
15	59273977	59275056	AAG	1.29	HG00351:6.58	0.82,1.63,4.99,4.17,1.66,0.83,3.33,3.34,5.85,3.19,2.51,5.03,2.50,5.96,7.40,4.89,0.82,3.41,1.73,6.58,0.83,0.84,1.94,2.53,0.84,7.43,0.79,0.84,2.55,0.87,2.54,7.44,5.67,0.85,2.52,1.68,1.89,0.86,3.36,6.69,1.68,0.84,1.72,1.66,1.67,1.73,2.45,2.53,1.79,1.74,0.81,0.86,0.85,0.83,1.62,0.85,0.87,0.85,1.68,3.36,3.88,0.85,0.85
4	54733026	54733281	AAAG	1.25	HG00351:1.64	0.85,1.64,0.85,0.86,0.83,0.83,0.82,0.85
17	80369514	80370800	AACCATGCCCCTGCCCCGAT	1.22	HG00351:3.29	0.82,0.81,2.49,0.83,0.83,0.83,1.67,0.83,1.67,0.80,0.84,3.40,0.84,1.64,1.63,2.56,0.85,0.87,3.29,0.80,1.62,0.97,0.86,0.81,1.58,0.86,1.68,1.70,0.83,0.83,0.80,0.83,0.83,0.81,0.84,1.65,1.89,0.83,0.85,0.82,0.84,0.86,4.90,1.73,1.79,0.87,1.61,1.63,0.82,0.86,0.85,0.83,0.86,0.82,0.81,0.85,0.83,0.86,1.65,1.66,2.51,1.57,1.67,0.83,0.83,1.71,1.71,0.82,0.84,1.72,0.86,0.84,1.69,0.85,1.74,0.85,0.84,0.85,7.36,0.82,0.84,0.85,0.79,1.63,0.85,0.85
1	18930766	18931715	AATGGTGGCTCAGGCGGGG	1.22	HG00351:2.47	0.83,0.83,0.83,0.84,0.80,0.84,0.82,0.87,2.47,0.80,0.83,0.81,0.85,2.45,1.63,0.86,0.84,0.80,0.83,0.82,0.84,0.84,0.90,1.74,1.72,0.86,0.84,0.84,0.84,1.66,0.83,0.86,0.85,0.84,0.85,0.85,0.82,1.55,0.84,0.85,1.58,0.81,0.85
4	4773462	4774720	AGCAT	1.19	HG00351:18.08	15.51,9.79,5.70,9.18,1.66,1.67,3.19,12.56,6.81,5.05,3.29,13.04,9.66,3.28,10.38,18.08,13.62,23.55,2.90,4.32,4.90,5.87,10.73,7.62,7.57,5.10,1.73,4.97,16.51,6.77,8.26,10.16,3.42,4.19,4.19,3.30,9.50,8.32,6.69,10.90,5.96,9.21,10.11,9.47,9.15,2.50,1.73,3.36,19.38,22.40,21.72,3.28,4.89,6.51,11.96,24.65,12.46,5.15,4.96,11.66,12.97,8.37,5.75,3.24,0.86,3.30,0.84,5.02,4.26,3.14,0.86,0.84,2.62,10.79,4.28,1.64,13.66,11.49,6.72,4.18,4.24,6.98,12.69,7.70,4.20,8.47,7.36,10.72,7.56,11.64,9.21,8.95,2.55,9.10,2.49,3.39,6.77
1	112712623	112713269	AAAG	1.18	HG00351:2.47	0.82,0.83,0.80,0.84,1.71,2.47,3.37,0.85,0.83,1.62,0.84,0.83,0.81,0.90,0.81,1.61,0.82,0.82,1.65,2.49,1.65,0.86,0.85,0.82,0.86,0.83
21	46973041	46973464	AATCCCCCACACCCCCTCCC	1.14	HG00351:1.64	0.83,0.84,2.51,1.64,0.81,0.83,0.84,0.84
12	127316443	127317249	AAGGAGGAGGAGGAG	1.13	HG00351:9.04	0.82,1.63,4.89,2.49,3.34,8.32,1.66,1.67,6.69,3.99,2.51,4.19,9.15,4.25,1.68,3.29,3.29,5.70,1.61,1.64,2.56,5.98,0.87,9.04,5.61,5.01,6.49,8.06,2.52,1.94,3.37,0.85,2.59,2.52,3.26,2.37,2.54,2.44,0.86,0.84,1.68,1.68,1.70,0.87,0.86,2.49,3.31,1.61,6.60,10.16,12.40,4.69,1.62,4.27,6.71,5.03,0.82,0.94,1.73,5.04,4.16,3.35,5.03,0.85,0.82,3.35,1.68,5.16,3.33,2.45,2.50,1.73,3.36,1.63,5.90,5.65,3.58,3.48,1.74,1.62,2.42,0.82,2.44,4.07,4.27,4.11,2.49,0.86,4.10,1.65,2.50,0.86,3.35,2.43,1.70,1.67,2.57,1.65,3.36,3.31,4.14,2.51,2.56,6.29,2.57,1.67,6.09,1.67,0.87,1.66,2.57,7.45,2.57,1.65,4.11,10.24,7.39,5.88,1.72,1.71,6.68,0.84,3.40,2.62,4.23,1.69,5.13,1.68,6.78,4.09,1.65,3.36,2.33,5.02,4.16,1.69,0.85,9.19,3.94,4.07,2.55,7.45,0.83
20	61852313	61853530	AATCCCTGCAGTCCCTGC	1.12	HG00351:9.04	4.08,1.63,0.83,0.83,5.82,0.83,0.83,0.80,2.51,0.84,3.29,0.80,4.27,0.87,9.04,2.40,8.86,5.89,9.81,3.36,1.70,3.31,4.14,4.02,5.87,0.84,1.89,4.16,0.84,7.39,0.84,0.86,0.83,2.52,0.84,0.87,7.25,0.81,8.96,2.56,2.49,2.57,0.82,0.85,4.16,3.35,0.81,0.83,6.86,4.94,6.71,15.74,4.19,3.14,5.22,1.71,3.31,0.83,0.82,4.93,1.72,7.71,3.38,0.85,5.13,0.85,13.90,3.11,7.54,0.83,2.53,6.69,1.58,4.88,0.83,9.34,2.54
11	18304547	18304867	ACGGGAGAGGGAGAGGGAG	1.12	HG00351:1.64	4.07,2.51,4.07,1.64,1.62,0.84,0.84,0.84
1	116303474	116304726	AAG	1.11	HG00351:11.51	4.08,2.44,12.52,4.99,3.32,4.16,0.83,2.51,0.80,7.54,4.99,8.51,5.05,7.40,1.63,8.05,0.85,2.56,8.65,11.51,1.60,5.01,3.25,3.22,9.68,5.90,7.66,0.86,9.81,0.84,2.48,2.44,3.15,11.01,4.89,2.58,5.88,4.20,4.20,4.34,7.72,7.46,6.62,10.73,2.54,1.65,8.60,0.81,5.98,9.23,11.73,1.65,6.61,7.77,5.82,8.39,1.70,4.93,2.51,4.21,6.88,4.16,4.90,1.67,6.04,3.36,5.72,9.27,7.26,6.27,0.87,2.61,1.61,3.28,2.44,7.33,5.13,9.86,6.64,3.43,2.46,4.27,5.79,16.65,2.59,14.24,0.82,7.30,1.70,0.83,7.71,0.82,3.36,2.48,1.66,0.84,2.56,4.72,4.29,4.18,6.09,7.53,5.24,5.79,4.93,8.53,0.82,5.88,2.57,0.86,5.01,13.50,3.38,9.30,0.86,2.52,4.24,4.91,0.78,5.86,3.33,2.53,0.85,1.67,1.63,9.34,5.79,3.33,0.85,10.16
1	183839655	183839943	AAGACACCTACCCGGGCCGG	1.07	HG00351:1.64	0.82,0.83,1.64,1.70,0.83,0.83,0.83,0.86,0.85
4	161507470	161508602	AAATATATACATATATATGT	1.06	HG00351:5.75	4.90,1.66,3.32,3.19,1.67,0.82,4.11,7.69,5.75,0.80,1.61,3.46,0.84,7.62,4.29,3.21,2.48,0.83,6.83,5.86,3.30,2.59,0.84,0.84,5.75,4.19,2.53,3.42,2.46,1.66,2.50,2.47,3.36,2.48,1.66,2.36,0.86,0.87,0.87,0.83,6.62,1.64,1.68,1.70,2.62,0.85,0.85,0.85,1.64,3.30,2.52,0.78,0.83,1.71,1.67,0.83,2.49,2.54
5	3631468	3631916	AG	1.06	HG00351:1.64	1.68,0.84,1.64,1.60,0.82,0.79,0.81,0.87,0.85,0.84
4	183753433	183753975	AAGGAGGGGAGAGGAG	1.05	HG00351:2.47	1.63,1.67,0.82,0.82,0.80,0.85,1.73,2.47,0.81,1.63,0.80,1.65,0.85,0.84,2.46,0.86,0.86,1.68,0.90,0.81,0.81,0.86,0.86,0.83,0.85,0.79,0.87,0.84,0.87,0.82,2.54,0.86,0.84,0.85,0.84,3.11,0.84,0.83,0.83
17	30603109	30604404	ACCGTACTCCGGCCCTAGC	1.04	HG00351:7.40	0.82,0.82,0.81,0.83,4.99,2.49,3.33,3.34,2.39,0.84,1.68,2.50,1.68,0.82,1.63,4.83,2.46,3.41,0.85,1.73,7.40,1.60,2.50,1.68,1.94,1.69,1.73,3.35,2.48,0.81,3.94,3.39,2.58,2.52,2.52,1.68,2.60,2.57,1.65,1.61,5.78,0.85,0.78,2.43,6.83,4.19,1.68,2.47,0.94,0.86,2.52,0.84,3.35,11.50,2.51,1.68,3.44,1.66,2.45,4.31,0.84,6.53,1.69,4.03,2.69,2.61,0.87,3.23,1.61,1.64,2.44,3.42,2.46,1.66,1.72,7.69,0.83,1.67,1.73,0.81,3.40,5.83,3.43,0.84,1.66,1.66,1.67,4.26,3.93,2.57,3.35,6.11,1.66,4.14,8.57,2.48,2.56,4.10,0.86,0.84,0.85,2.62,4.23,1.68,3.30,0.84,1.55,4.19,4.99,0.84,9.40,0.84,0.79,0.81,14.97,4.24,2.54
15	73668643	73670257	ACAGCCTCTCTC	1.02	HG00351:2.47	0.81,1.67,2.51,0.85,0.82,2.47,1.61,0.97,0.83,0.79,0.85,0.86,0.84,0.85,1.73,0.86,0.83,0.85,0.84,0.84,0.84,0.84,0.84,0.83,0.83,1.63,0.84,0.87,0.81,0.81,0.82,0.81,0.81,0.82,0.82,0.84,0.82,1.65,0.84,1.66,0.86,0.83,0.86,0.82,0.82,1.72,0.84,0.78,1.71,0.84,0.85
1	24393168	24394357	AAAG	1.01	HG00351:2.47	0.83,1.66,3.35,2.60,2.47,0.81,0.81,0.86,0.83,0.83,0.85,0.81,0.94,0.86,0.84,1.70,3.35,0.81,0.87,0.81,0.86,0.83,1.67,3.24,0.85,1.74,0.83
17	1045739	1047144	AGCGAGCTGCCCCCCAGG	1.00	HG00351:7.40	4.90,4.90,5.70,1.66,4.17,3.33,1.66,4.16,2.50,7.52,2.39,1.67,4.19,4.16,3.40,5.05,4.11,1.64,3.26,1.61,2.46,5.12,2.56,3.46,7.40,4.01,2.50,4.87,0.81,3.36,1.94,0.84,2.55,3.46,0.84,1.65,0.81,2.37,2.54,1.63,3.43,1.68,2.52,0.84,2.55,3.47,3.43,3.31,4.14,1.61,1.65,1.69,6.61,3.91,1.62,0.85,3.36,3.35,3.30,1.89,0.86,3.36,2.50,3.35,4.19,2.55,5.75,0.84,4.21,2.58,0.83,0.82,3.33,0.86,4.20,1.63,0.84,4.03,4.48,4.34,3.48,6.47,1.64,3.26,1.63,0.85,3.29,3.43,1.64,4.27,2.48,0.83,0.86,4.11,2.43,1.70,4.17,2.57,3.30,2.52,4.14,3.31,3.35,3.41,7.07,6.00,3.48,2.51,3.49,1.66,1.71,1.65,2.57,4.14,1.64,2.56,2.46,5.88,3.43,5.14,5.01,1.69,3.40,2.62,2.54,0.85,0.86,0.84,7.63,4.91,0.82,2.52,4.66,6.70,4.99,4.21,2.56,1.67,2.37,7.32,3.40,3.31,8.31,3.39,1.69
