#contig	start	end	unit	top_case_zscore	high_case_counts	all_counts
14	23749717	23750381	AAAATGAAAT	20.36	HG00611:20.36	20.36
8	98447831	98448851	AAAAT	10.00	HG00611:17.10	17.10,10.09,2.53,5.00,3.24,7.66,1.70
12	15198654	15199717	AAAGAAGGAAGGAAGGAAGG	9.57	HG00611:20.36	0.83,1.67,1.66,4.25,4.11,6.44,10.67,2.56,2.56,1.73,4.01,1.67,0.81,5.05,1.69,5.95,4.09,3.35,2.48,20.36,3.94,3.39,8.96,3.36,6.73,1.71,0.83,7.44,3.21,1.65,0.81,10.25,2.83,1.73,11.77,0.84,0.84,5.11,1.64,1.67,3.37,0.82,8.33,3.45,3.36,7.58,3.23,3.48,1.74,9.67,3.28,4.89,2.46,7.47,1.72,9.85,5.12,4.96,5.00,15.56,2.51,1.64,1.62,2.55,8.33,1.71,0.84,1.66,3.31,4.19,1.70,5.50,2.57,2.61,1.66,2.57,4.96,0.86,0.83,9.87,5.12,1.68,1.72,3.43,0.84,2.55,1.69,2.57,4.20,26.17,7.42,0.84,1.55,7.54,4.99,1.71,2.51,4.73,3.25,5.10,2.48,3.33,1.70,5.93
7	14209244	14210274	AAAG	9.18	HG00611:26.06	8.96,26.06,27.21,23.40
2	235297029	235298633	AAAACCTAGGCTAGAAG	8.67	HG00611:53.74	34.29,23.66,26.87,19.96,41.73,28.29,37.40,20.82,25.05,22.57,42.28,30.90,35.18,35.78,28.93,28.61,41.13,31.23,26.89,27.37,27.91,29.86,36.74,27.68,34.52,24.84,44.24,31.65,28.20,36.17,29.04,29.51,31.47,25.05,34.32,34.38,23.10,53.74,35.49,25.41,34.23,33.48,32.76,24.38,32.78,33.16,31.22,33.43,25.68,28.95,20.89,19.81,27.95,23.14,22.66,17.84,27.33,24.33,30.16,24.72,26.43,31.95,20.18,29.94,39.33,30.19,25.55,27.10,35.17,25.26,36.14,26.62,30.24,36.64,34.50,26.89,30.21,32.02,30.66,45.70,24.33,27.85,32.35,41.89,25.45,35.04,31.75,24.78,30.40,28.24,49.76,29.54,28.18,32.26,39.14,38.90,41.04,23.82,26.76,28.08,40.82,41.13,28.84,31.89,25.67,32.30,35.16,28.13,26.72,27.43,24.24,30.47,28.44,27.93,26.56,22.25,43.03,33.41,38.89,23.02,30.73,31.19,37.77,26.59,25.70,36.75,32.91,27.16,38.39,17.77,26.22,30.81,27.73,27.97,28.62,32.98,33.60,20.96,32.65,29.11,37.08,22.22,25.91,29.17,43.93,40.77,25.65,21.62,23.76,24.56
2	48790991	48792234	AAGGAG	7.64	HG00611:18.73	12.31,14.52,18.73,14.78
4	6512512	6514878	ACC	7.24	HG00611:61.88	31.02,28.56,35.01,29.93,30.88,29.12,41.56,21.65,23.38,30.92,32.70,19.21,22.62,25.79,27.23,21.88,27.14,18.90,22.00,28.98,26.26,17.92,20.50,29.41,23.84,19.23,30.05,40.58,39.49,32.80,32.91,32.89,35.73,27.64,34.32,28.51,16.50,61.88,43.38,22.86,25.26,36.92,22.68,42.04,31.10,34.01,31.22,18.00,30.65,22.33,36.97,28.90,23.71,23.97,40.63,25.94,16.23,31.04,27.65,28.02,23.60,20.73,31.11,30.78,40.17,20.13,33.21,25.46,33.50,24.42,28.40,27.45,28.61,24.15,26.74,26.05,22.05,32.02,40.34,25.99,28.67,20.89,38.81,24.17,30.38,31.78,40.71,19.65,32.04,24.91,27.46,30.36,29.89,18.20,32.47,25.07,28.47,28.75,34.05,28.08,26.66,33.42,26.37,26.85,29.82,42.24,31.81,25.57,40.08,24.00,16.72,24.37,30.95,33.17,18.26,23.97,34.75,32.55,19.03,24.66,40.11,51.72,36.93,22.30,15.42,34.24,32.91,25.47,29.66,31.30,34.67,32.52,31.09,36.44,48.25,35.46,26.04,34.16,47.72,26.62,29.50,29.90,34.27,48.09,52.07,29.72,38.05,28.27,21.22,32.18
4	39349643	39350456	AAAAGG	7.05	HG00611:8.96	8.96,7.56,5.21,4.35,12.22,1.66
5	68499169	68500463	AATATATATATATAG	6.37	HG00611:17.91	27.68,4.99,6.65,5.00,1.67,10.82,4.21,5.75,9.78,13.68,7.69,2.47,5.61,10.02,10.48,10.65,8.43,9.81,3.35,0.83,17.91,6.31,3.39,1.72,3.36,4.20,4.34,3.43,7.23,1.65,5.93,3.31,7.69,2.52,1.68,21.43,6.61,5.75,5.89,9.47,1.66,3.27,5.72,0.90,7.28,3.22,0.85,5.15,12.41,9.21,1.70,5.22,4.15,3.31,1.71,9.42,4.20,6.99,0.84,6.31
2	142909693	142911021	AAAAG	6.19	HG00611:8.96	1.67,0.83,2.47,0.82,1.71,3.29,0.81,0.97,1.73,8.96,0.85,3.31,3.36,0.86,0.84,5.16,1.66,1.61,3.58,1.62,0.81,4.14,2.50,0.83,1.67,1.74,0.84,1.66,4.14,1.71,1.71,0.86,1.68,0.83,0.81,1.70,0.83
3	36920633	36922191	AAACATACAAATATATGT	6.12	HG00611:40.71	16.32,12.21,15.80,6.68,7.49,16.62,8.35,30.09,5.58,5.85,6.70,8.32,12.76,8.23,0.82,15.29,19.70,23.89,19.65,12.98,18.91,24.04,14.19,1.62,9.67,14.30,16.46,4.25,22.06,11.55,40.71,6.31,9.78,39.48,9.35,27.43,9.64,16.09,18.18,11.75,0.82,11.23,21.02,13.31,12.55,16.77,10.33,9.15,19.62,16.39,26.89,11.43,13.72,22.40,15.66,7.28,8.86,15.60,17.93,17.10,11.96,6.57,15.78,14.59,7.44,28.53,17.59,12.32,5.11,0.83,2.52,5.80,8.28,0.84,4.18,33.95,20.08,16.28,11.58,16.44,5.01,5.06,13.53,12.84,15.12,31.36,5.77,6.72,17.86,18.42,24.95,19.38,11.11,0.79,27.66,0.85,4.14,23.28,3.39
4	184771311	184774641	AAAGGATGAGGG	5.97	HG00611:52.11	33.47,29.38,36.64,29.10,28.38,27.46,35.74,19.99,27.55,35.94,22.33,24.22,35.18,19.14,33.18,31.14,37.84,25.48,32.60,38.64,33.65,33.28,33.32,35.47,24.66,28.84,25.87,23.54,27.40,26.07,22.27,26.14,29.77,38.88,22.06,33.54,34.65,52.11,59.16,40.65,31.78,39.49,26.04,26.90,43.71,37.42,27.75,24.00,31.48,26.47,31.34,21.47,28.79,39.67,48.45,40.53,22.21,25.17,18.43,28.84,28.32,25.04,31.95,40.76,31.80,26.00,29.81,32.03,25.96,24.42,33.56,32.44,40.86,33.31,27.60,41.17,24.50,34.54,45.18,17.03,30.41,43.51,46.90,29.00,40.23,45.64,39.08,31.62,45.18,34.88,28.31,36.93,49.53,24.82,15.82,38.03,32.66,30.39,43.78,37.44,39.15,26.56,21.43,26.85,25.67,53.01,20.93,23.02,40.08,25.71,24.24,21.76,26.77,25.32,24.90,25.68,23.17,27.41,34.75,36.17,27.31,35.30,24.34,20.58,22.28,28.39,30.38,19.52,14.83,29.61,27.06,23.96,26.05,39.83,40.07,25.56,26.04,29.50,41.86,33.27,30.34,29.90,39.28,43.36,44.74,36.52,24.82,22.45,33.95,24.56
1	42687194	42688173	AAG	5.88	HG00611:20.36	3.41,4.84,0.84,14.46,20.36,0.86,0.84,29.92,1.65,0.82,1.68,20.23,1.70
4	83922534	83923693	AAAGG	5.54	HG00611:39.90	25.05,21.37,39.90,8.57,28.17,22.50,5.04,3.26,11.11,10.30
17	5135071	5136121	AAACAGTGCAGTAT	5.11	HG00611:13.03	5.71,0.82,0.82,4.02,5.98,5.81,2.55,1.65,13.03,20.51,0.84,5.89,0.84,3.40,1.71,2.48,4.19,0.84,0.86,2.50,1.67,4.31,0.90,1.74,2.61,2.42,2.46,1.63,2.56,0.82,10.80,0.85,8.27,2.59,13.96,0.85,1.67,1.57,1.74,0.82,0.84,8.56,1.67,1.70,3.39
5	76392865	76394122	AGATATATATATAT	5.10	HG00611:16.29	4.90,5.71,13.03,3.33,7.51,8.32,9.14,5.01,5.58,5.01,5.03,2.50,3.40,9.87,3.29,9.66,8.21,4.27,2.60,4.81,13.80,11.28,6.73,3.87,5.06,2.55,3.27,3.35,8.25,16.29,13.41,5.08,4.20,5.04,7.57,4.25,9.54,0.86,0.83,4.14,4.82,4.95,2.54,7.03,3.36,5.66,6.05,5.88,9.15,5.03,12.32,2.51,1.68,1.63,6.66,0.84,5.72,10.95,5.65,1.79,3.48,7.83,9.70,7.25,8.96,1.63,5.13,8.22,2.49,11.15,3.28,9.39,0.83,4.32,8.37,2.46,6.49,17.02,2.56,3.93,3.43,2.62,1.65,0.86,4.96,10.02,0.84,7.61,2.57,1.69,10.72,4.20,4.16,0.84,10.25,1.65
11	86018822	86019691	AAAATATATATTACATAT	5.09	HG00611:14.66	8.98,4.07,6.68,9.15,2.49,1.67,7.51,2.51,4.79,7.52,5.11,5.05,6.58,4.93,5.63,6.57,3.41,2.56,1.73,1.64,5.61,5.84,4.06,0.84,8.71,2.53,5.10,0.86,5.72,5.03,4.13,14.66,0.79,6.77,5.70,4.29,4.20,4.20,6.73,6.80,9.54,1.71,0.83,1.65,3.21,1.65,5.93,3.31,0.78,7.30,4.27,5.03,5.77,2.83,7.77,2.52,2.50,5.87,7.66,9.86,4.19,1.68,4.30,9.98,8.99,5.00,4.31,10.08,0.82,3.37,4.84,4.48,9.57,8.09,4.03,4.11,2.44,4.07,8.54,0.82,4.29,5.74,5.12,7.44,5.83,3.46,5.86,8.21,4.05,3.40,0.83,5.14,4.12,5.03,5.80,9.11,0.85,1.57,6.86,5.02,4.35,3.35,1.75,0.83,2.57,1.65,3.43,0.85,0.82,4.29,5.14,1.67,5.06,9.34,6.98,1.69,4.23,5.99,5.88,2.54,11.54,0.84,2.33,1.67,10.81,2.56,8.36,2.37,4.88,14.06,3.33,7.64,1.69
X	442464	443108	AAGGAGAGGGAGGGAGG	5.01	HG00611:7.33	0.81,3.40,1.68,2.48,7.33,4.20,2.48,2.53,4.34,2.59,2.46,0.83,0.79,0.85,3.36,0.84,1.64,0.84,0.83
8	25453226	25454728	AAAG	4.80	HG00611:21.17	7.35,0.82,0.81,7.49,0.83,0.84,10.37,1.68,0.85,4.02,11.49,6.83,6.58,8.35,8.86,14.69,13.42,21.17,9.46,0.85,6.01,0.84,3.36,17.01,2.60,3.43,0.83,1.65,4.86,0.94,0.86,7.55,11.92,0.82,6.88,5.82,8.17,0.83,5.04,5.72,0.81,2.61,0.81,13.96,8.22,14.12,0.86,0.85,6.62,5.83,8.64,20.10,0.85,0.86,0.84,0.83,1.70,16.50,4.96,0.85,0.85,3.49,9.30,0.82,1.55,2.50,6.31,0.81
11	127611247	127612645	AACTATATATAT	4.63	HG00611:14.66	1.63,1.63,8.96,3.33,2.50,4.16,4.17,3.34,0.80,2.51,9.15,4.25,1.68,3.29,1.64,7.33,0.80,9.85,0.85,2.56,6.06,3.29,0.81,0.84,10.65,5.06,6.80,1.73,1.63,11.74,2.48,14.66,11.04,5.93,1.63,8.59,4.20,1.68,4.25,4.34,5.14,4.14,8.27,10.45,4.95,0.85,1.65,14.07,0.81,2.52,5.03,0.82,6.61,0.86,4.20,0.84,2.52,5.11,0.82,2.51,3.37,6.88,5.82,4.09,2.50,4.31,0.84,7.35,10.11,8.07,2.69,0.87,4.35,8.09,5.64,4.11,2.44,6.51,0.85,0.82,3.32,8.58,7.39,2.56,3.31,11.66,1.73,5.02,5.75,0.81,2.55,2.50,2.57,0.82,1.68,3.31,9.11,0.84,4.26,10.22,0.86,0.84,3.48,3.35,4.36,6.64,0.86,6.62,0.86,8.27,2.56,7.39,6.72,1.72,0.86,0.84,0.84,0.87,1.69,5.13,5.04,0.85,2.45,0.82,4.20,5.43,4.19,3.33,1.69,5.13,4.18,7.10,7.32,5.94,4.14,4.16,6.79,3.39
5	77725157	77726579	AAATAAATACTGTATTTAT	4.56	HG00611:64.33	30.77,2.50,31.76,49.28,22.46,30.63,17.67,40.28,27.71,45.96,38.40,28.19,25.48,37.34,31.43,27.76,27.11,16.86,32.83,28.60,25.16,64.33,25.41,31.78,57.96,32.79,21.86,28.91,17.15,30.65,69.11,0.85,26.45,2.56,0.84,46.25,28.50,30.26,26.84,51.95,30.39,0.84,24.42,42.43,31.87,31.64,41.15,22.59,37.42,38.01,28.19,69.76,20.75,20.10,47.64,30.63,7.45,1.66,36.84,0.79,21.75,33.09,31.19,10.91,12.85,14.83,11.84,1.71,3.39,0.78,37.68,22.46,26.81,0.85
19	13713346	13714538	AAG	4.36	HG00611:14.66	1.66,0.80,0.83,0.81,5.89,2.53,8.99,1.65,14.66,8.47,5.70,6.01,1.68,0.84,1.70,6.00,6.63,17.37,3.31,0.84,3.41,5.05,5.72,5.83,13.80,0.84,0.87,4.11,13.85,4.27,0.83,1.72,6.49,0.84,0.85,4.96
18	6908536	6909838	AAAAG	4.32	HG00611:18.73	6.44,6.49,18.15,18.73,0.85,5.95,2.57,6.62,0.83,1.68,0.83,2.50,12.08,3.27,14.78,4.89,0.81,9.44,24.77,5.11,0.86,2.54,0.83,0.79
4	122423260	122423799	AGGG	4.28	HG00611:6.51	0.82,0.81,1.66,1.67,0.83,0.84,0.84,0.84,1.65,0.82,0.81,0.80,0.85,1.73,1.61,0.97,1.63,0.84,6.51,0.79,1.69,0.81,0.86,0.84,0.84,0.87,0.86,1.66,0.80,0.85,1.65,0.78,0.85,0.84,0.82,1.67,0.85,2.46,0.84,2.50,0.84,0.82,1.69,4.03,1.79,1.74,0.81,0.81,0.82,1.63,0.82,1.66,0.86,0.82,0.85,2.48,1.67,0.84,1.64,1.62,0.83,0.83,1.57,1.68,2.53,2.62,0.86,1.55,0.83,0.84,1.67,6.51,0.83,4.16
3	102856097	102857622	AAAAT	4.23	HG00611:21.17	0.82,3.26,6.51,17.53,11.17,13.40,18.30,6.81,19.36,4.11,14.80,7.39,14.51,9.40,8.93,4.03,11.77,9.68,1.69,5.10,3.46,2.45,4.13,21.17,13.41,11.01,13.85,2.52,2.55,4.34,0.86,9.91,4.69,9.73,5.98,6.71,2.51,4.94,5.18,1.66,4.18,5.75,16.75,5.89,11.19,0.83,7.76,1.68,10.49,8.07,3.22,4.93,9.40,11.10,2.48,16.65,3.35,7.71,9.07,4.15,3.31,11.14,13.71,6.68,16.58,4.14
1	37849471	37850689	AAAG	4.23	HG00611:6.51	4.90,2.50,1.66,0.80,0.84,4.07,0.85,0.81,0.84,0.97,2.55,0.82,6.51,5.80,0.83,1.68,0.82,0.83,0.82,1.61,3.58,0.87,1.62,1.61,0.81,0.81,0.82,0.86,0.81,0.86,0.84,1.67,0.84,0.87,2.57,2.48,0.83,0.84,0.82,1.67,1.70,0.83,0.83
12	123759768	123760235	ACCCCAGCCCCTCAGC	4.17	HG00611:7.33	2.45,2.49,0.83,0.85,1.65,1.64,0.81,1.73,2.47,2.42,1.68,0.97,1.69,4.25,1.73,1.68,0.83,7.33,4.73,1.69,0.86,2.60,2.57,2.49,2.48,0.85,1.65,1.56,0.81,1.71,4.32,0.83,0.84,0.84,1.70,0.82,0.84,2.58,0.83,1.68,3.27,0.84,0.81,2.69,1.74,1.74,0.82,2.44,0.85,0.83,2.56,0.83,0.83,3.46,0.82,0.81,0.85,2.50,0.84,0.85,0.79,0.86,0.87,1.66,0.86,0.83,0.83,0.85,0.84,0.86,0.84,0.85,0.85,0.86,4.66,2.51,0.84,0.83,3.39
5	171998158	171998468	AAGGAGGG	4.07	HG00611:4.07	4.07
10	3513082	3513451	AG	4.06	HG00611:4.07	4.07,0.84,0.83
2	231361690	231362724	AAAGG	3.96	HG00611:5.70	0.83,0.83,2.51,2.56,2.40,1.63,5.70,1.68,2.55,1.68,0.94,0.82,1.64,1.62,2.48,0.85,0.84,0.84,0.81
6	125711138	125711915	ACGGGAGAGGGAGAGGGAG	3.93	HG00611:7.33	0.81,0.83,3.34,0.80,0.83,5.11,1.68,2.44,0.82,1.71,2.60,0.82,1.67,1.62,3.36,1.94,0.84,0.85,0.86,5.87,0.83,7.33,0.79,2.44,1.68,1.68,5.10,2.49,3.31,0.80,3.39,4.13,0.78,3.24,2.56,0.84,1.89,1.68,2.50,2.55,0.82,0.84,1.72,2.50,2.50,2.59,0.84,0.84,1.61,2.61,0.81,0.81,2.46,3.26,1.63,2.56,2.46,2.49,0.86,1.64,1.65,0.83,2.59,2.51,0.82,0.81,0.86,0.84,1.66,0.83,3.43,0.84,1.71,0.86,0.83,1.64,1.69,1.71,2.52,1.64,2.47,1.67,0.85
11	63024447	63025107	AAGGG	3.65	HG00611:9.77	1.63,1.63,0.83,1.66,2.50,5.01,3.34,1.60,1.67,1.68,0.83,0.82,7.40,0.81,0.85,6.83,1.73,0.82,0.83,0.81,4.03,1.68,4.84,2.53,5.95,1.73,0.82,1.65,9.77,1.58,4.29,5.95,0.87,0.83,3.31,0.80,4.13,0.85,0.83,5.47,2.43,2.51,1.65,1.89,2.52,1.66,2.51,2.55,3.29,2.51,2.53,3.44,4.99,2.45,6.04,0.84,6.53,1.74,0.87,1.62,1.61,0.81,9.77,5.13,1.64,0.83,3.43,4.92,5.12,2.48,4.16,1.73,0.84,2.43,3.40,1.71,3.31,0.84,1.75,0.83,0.86,1.71,3.43,1.71,0.85,1.69,1.71,0.84,0.85,4.91,3.30,4.19,3.33,7.58,5.01,7.32,2.49,0.85,1.69
20	42555834	42556796	AAGG	3.56	HG00611:4.07	4.07,1.70,0.84,0.81,0.81,0.83,0.85,0.84,0.83
15	87369953	87371065	AT	3.54	HG00611:5.70	1.63,0.82,1.63,0.83,1.60,1.67,0.84,1.65,2.47,1.63,1.61,2.60,0.82,1.62,0.84,1.70,0.86,1.68,5.70,0.79,0.85,1.72,0.84,0.87,0.86,0.83,0.80,2.54,4.69,3.24,0.84,0.84,0.84,1.72,0.83,0.83,2.59,0.84,1.63,0.81,0.87,0.81,1.63,1.64,0.83,0.86,0.82,0.83,0.82,0.83,1.65,0.83,1.67,0.79,0.87,1.67,0.86,2.47,0.82,1.72,1.67,0.85,0.87,1.69,0.86,0.82,0.78,1.70,0.83
5	8078781	8080354	AATACAGAATATCCACAGC	3.53	HG00611:5.70	0.81,2.50,0.84,1.68,4.99,0.85,0.82,1.63,0.80,2.56,0.81,4.13,5.70,0.85,3.31,0.78,0.81,0.84,0.84,0.84,1.68,0.86,1.69,0.81,1.67,4.94,0.85,0.84,0.85,0.84,1.65,2.51,0.84
5	180085210	180086199	ACAGCGGG	3.50	HG00611:8.14	0.82,0.82,7.33,0.83,1.67,0.83,0.83,4.18,4.79,0.84,0.84,3.40,1.68,4.11,2.47,0.80,0.82,2.56,1.71,0.87,3.20,0.81,0.97,0.84,4.19,8.14,1.58,0.85,5.04,2.52,1.70,3.47,2.57,0.83,1.65,2.48,1.65,3.13,0.81,2.56,3.36,2.51,2.47,2.83,2.52,0.83,0.84,0.84,1.70,3.29,0.86,3.33,1.63,0.83,4.31,1.68,0.84,0.90,0.87,0.87,0.81,1.61,0.82,1.63,3.26,2.46,4.98,2.46,3.42,0.83,1.67,2.59,1.67,1.62,3.40,0.83,0.86,3.31,3.35,2.56,2.57,0.84,1.75,3.32,0.86,2.57,2.48,2.47,0.85,4.93,0.84,2.57,2.55,0.87,1.69,1.69,1.71,1.68,1.69,0.82,4.12,0.84,0.78,0.84,0.83,4.21,0.84,11.04,5.69,0.85,4.96,2.54
17	91358	94182	AAGGTAGTCAATAGAGG	3.47	HG00611:35.83	29.39,30.19,34.20,27.44,11.68,24.13,8.31,18.32,17.55,23.13,9.19,16.75,12.48,25.53,8.42,33.72,9.86,11.41,22.54,18.06,27.30,9.40,10.38,22.19,16.02,20.87,30.03,16.92,15.14,7.74,7.59,12.76,25.92,17.98,24.32,22.28,35.83,30.76,5.08,21.19,24.04,20.16,17.66,14.29,28.06,9.54,6.86,20.71,12.41,11.25,17.34,14.40,9.09,25.01,25.94,4.27,17.62,21.78,14.83,23.60,24.18,19.34,8.32,25.94,14.26,22.99,25.46,21.77,2.53,9.47,7.49,10.62,19.98,11.21,8.40,22.05,19.38,19.36,8.07,6.08,23.50,33.96,10.47,24.63,10.59,23.61,20.51,25.47,28.24,18.88,6.56,17.08,14.89,10.82,12.97,25.12,19.71,43.78,22.12,10.83,6.86,32.96,5.87,16.56,32.30,5.86,22.16,11.79,18.85,15.05,3.48,9.20,17.46,13.28,11.13,8.27,7.71,11.58,16.44,13.66,16.42,15.95,7.72,7.71,5.01,3.38,11.04,13.96,15.23,15.22,10.27,5.88,18.64,9.00,30.51,23.52,12.42,28.47,9.98,5.06,26.49,8.36,25.23,17.08,15.29,14.06,2.49,16.97,8.47
10	577698	579329	ACACCCATACTCTCTCTC	3.47	HG00611:16.29	4.08,1.63,2.44,2.49,2.50,1.66,2.49,0.83,0.83,4.18,3.19,0.84,0.84,0.83,6.81,0.84,0.82,5.75,5.63,0.82,2.56,3.42,3.46,9.04,1.60,5.84,2.43,5.05,0.97,1.69,0.85,3.46,0.82,2.52,3.30,16.29,9.46,0.85,2.58,0.84,1.68,6.73,3.40,3.47,3.31,6.62,4.02,0.85,2.48,7.03,1.71,6.71,9.06,2.83,6.05,5.04,4.99,5.02,5.03,1.70,13.96,0.84,4.21,1.72,2.50,5.72,10.82,8.63,0.84,2.45,16.01,10.49,3.58,13.05,5.66,2.42,3.26,0.81,1.71,7.39,6.86,3.42,5.79,5.83,3.35,1.64,4.05,9.36,6.66,5.14,12.59,4.97,3.35,1.70,3.93,6.00,5.85,9.58,0.84,4.36,0.83,0.86,4.96,11.14,8.27,7.40,0.85,5.88,1.72,3.43,1.67,5.06,8.49,9.60,3.38,5.07,5.99,5.04,2.54,7.36,8.25,13.97,12.56,4.16,5.13,17.55,5.52,11.39,0.85,4.14,1.66,2.55,2.54
7	121911955	121913014	AAAG	3.38	HG00611:4.07	0.83,0.84,2.50,1.62,0.84,0.83,4.07,1.70,0.84,0.81,0.85
7	1133144	1133262	AACCCT	3.26	HG00611:3.26	3.26
X	79448737	79449588	AT	3.19	HG00611:4.07	0.82,0.80,0.82,4.07,2.57,0.81,0.85,0.83,0.82,0.84,1.63,0.81,0.81,0.83,0.86,0.84,0.83,0.79,0.86,0.82,0.84,0.84,1.68,0.82,0.85,0.83
6	9285473	9286538	ACACATATATATATATAT	3.15	HG00611:7.33	4.94,0.81,3.37,1.70,7.33,3.94,0.81,0.84,3.36,0.85,3.31,3.21,1.65,4.31,0.81,4.48,4.35,6.44,3.42,6.56,3.42,1.64,4.36,6.70
11	11948508	11948941	ACGGGAGAGGGAGAGGGAG	3.13	HG00611:5.70	0.82,3.33,0.84,2.50,1.68,1.67,4.84,0.97,1.68,5.70,0.81,1.65,1.61,3.13,3.30,2.55,0.86,7.36,2.59,1.74,0.87,0.81,1.72,1.67,6.05,1.66
16	16093298	16094104	AAAGG	3.06	HG00611:20.36	21.98,3.37,18.88,5.75,12.99,20.36,17.36,11.10,10.82
22	39384237	39385200	AAAG	3.02	HG00611:6.51	0.83,0.84,0.85,0.87,0.84,0.82,6.51,2.37,4.23,2.52,3.36,0.85,0.87,1.71,2.49,1.65,0.86,0.82,11.63,11.24,4.19,1.62,4.19,0.86,1.66,0.86,2.48,0.86,1.69,0.85,6.11,0.85,0.86,0.85,0.84,4.27,1.67,0.79
7	154931364	154933220	AGCATCCCTGAGCCCC	3.00	HG00611:28.50	7.35,11.42,21.98,19.96,12.52,7.49,7.48,9.16,6.68,10.03,14.36,20.05,15.08,9.98,5.11,13.47,14.81,13.85,16.90,22.98,18.77,17.09,6.92,18.91,24.84,21.70,14.61,21.76,10.09,17.43,16.02,22.97,16.41,17.98,4.19,19.80,28.50,26.03,14.40,18.74,21.46,24.36,18.50,26.06,9.35,13.01,18.86,19.88,21.51,4.02,14.03,11.01,19.83,21.88,14.59,6.83,0.84,5.86,4.94,18.88,10.36,9.15,17.57,6.71,0.85,26.28,14.24,4.30,16.64,17.16,5.83,2.59,15.96,19.60,15.17,24.21,9.86,5.21,16.53,18.60,16.11,14.78,32.60,8.96,11.11,40.25,18.27,21.45,9.85,18.79,24.82,17.49,7.78,17.59,10.68,25.94,23.83,9.16,7.71,19.78,17.62,4.97,2.48,9.21,17.05,11.79,6.86,1.67,15.67,17.57,14.84,19.09,16.26,28.13,24.84,11.58,20.55,23.04,14.78,0.84,9.43,11.14,23.38,9.28,8.49,6.98,12.69,0.85,3.42,18.49,5.93,18.81,26.39,5.88,21.74,15.07,11.65,14.33,1.71,20.89,11.83,13.02,20.38,15.72,13.30,19.52,8.47
6	19636762	19637762	AAGG	2.95	HG00611:4.89	5.98,1.60,0.84,2.45,4.89,0.85,0.81,0.84,0.83,0.85,0.84,0.84,1.61,0.83,0.86,3.30,0.84,0.87,2.48,0.82,1.74,5.92,6.72,0.78
10	24078586	24079491	ACACATATGCATAT	2.90	HG00611:4.89	0.82,0.81,1.66,2.49,3.35,1.64,0.85,1.73,1.73,4.89,0.85,0.84,0.84,0.80,0.83,0.78,0.85,1.68,1.64,1.66,0.82,1.67,3.22,0.81,0.82,0.83,0.83,1.67,0.85,0.87,0.84,0.86,1.71,3.38,3.25
X	13693092	13693918	AAAG	2.70	HG00611:3.26	3.26,3.43,1.63,2.42,0.87,2.44,0.83,0.81
X	80809963	80811334	ACATATATATAT	2.67	HG00611:11.40	2.45,3.26,1.66,2.50,2.49,5.00,4.17,4.18,4.19,5.82,0.85,4.21,0.82,7.40,8.85,5.97,0.85,2.60,4.93,3.20,2.50,4.87,1.68,8.43,2.55,2.59,9.22,4.13,11.40,0.79,11.86,5.70,6.01,2.52,5.04,5.04,10.20,1.73,5.14,8.84,3.30,2.54,6.61,6.25,0.85,3.78,4.32,5.88,4.26,3.29,0.84,5.05,9.15,6.54,2.50,4.31,7.35,2.53,5.65,6.27,1.74,0.81,3.28,0.81,0.85,6.57,8.30,4.29,2.59,3.35,13.14,4.05,3.35,7.83,2.57,2.48,3.28,1.72,0.84,2.54,0.84,3.39,15.67,5.43,7.52,6.65
15	75034970	75035451	AAAG	2.64	HG00611:4.07	0.82,0.81,0.83,2.51,0.80,0.82,0.81,1.61,1.69,0.85,4.07,0.84,0.86,0.83,0.84,1.67,0.82,0.82,0.90,0.87,1.64,2.56,0.85,0.84,0.86,0.87,0.86,0.86,1.72,2.57,1.69,0.79,0.85
7	84319749	84321081	AAG	2.61	HG00611:13.84	2.45,2.45,4.07,1.66,5.01,7.49,4.16,8.33,8.35,3.34,10.37,5.01,7.54,5.82,8.51,1.68,0.82,9.86,2.44,2.41,4.92,5.12,2.56,9.52,4.93,8.81,4.17,6.49,7.25,5.89,12.59,2.55,2.59,2.45,4.19,4.95,13.84,3.94,0.85,3.26,6.87,11.76,3.36,10.09,10.20,2.60,3.43,3.31,5.79,3.21,8.26,5.93,3.31,6.25,4.05,3.42,9.23,6.70,7.42,3.78,4.32,4.20,7.49,8.37,4.19,5.96,4.11,2.51,2.53,4.30,9.15,3.27,7.49,6.04,10.92,4.90,3.37,12.10,8.07,3.48,1.74,8.90,0.81,4.11,3.26,8.96,5.13,3.29,2.49,0.86,4.92,3.42,5.79,2.50,0.86,1.67,10.68,8.92,1.70,6.66,7.71,5.77,2.52,4.14,11.60,7.54,4.26,3.93,13.71,2.61,4.18,5.24,3.32,4.28,3.31,8.57,3.31,2.47,5.12,5.75,5.04,5.15,6.00,0.84,1.69,5.09,6.11,5.08,3.38,2.57,6.72,15.25,2.45,4.12,4.20,3.11,5.86,4.99,3.37,6.84,12.54,3.94,2.44,2.55,9.93,4.99,6.79,10.16
16	64695719	64697191	AAGG	2.49	HG00611:8.96	4.90,2.45,5.70,4.16,0.83,2.49,7.49,1.67,3.34,2.39,1.67,0.84,5.11,1.68,1.65,6.58,2.41,1.64,2.56,1.71,1.73,0.82,1.60,0.83,6.49,1.61,1.68,0.97,1.70,0.84,0.83,8.96,2.37,0.85,0.81,1.72,0.84,3.36,0.84,1.70,6.07,1.71,4.97,3.31,1.61,0.83,3.39,2.48,2.34,0.85,2.52,3.35,4.94,1.89,1.73,3.36,3.33,0.84,1.68,2.55,3.35,2.53,2.58,0.83,0.82,1.67,3.45,0.84,4.08,1.61,1.79,1.74,0.87,3.23,1.61,1.64,6.52,1.63,0.85,3.29,5.15,3.28,0.85,4.96,3.33,3.35,1.64,2.43,3.40,2.50,0.82,1.68,2.48,0.83,3.35,1.70,7.07,6.00,0.84,3.48,1.67,3.49,0.83,4.28,7.45,3.43,3.31,5.75,6.83,2.46,4.20,2.57,1.67,2.53,4.24,6.11,3.38,1.69,0.86,2.52,3.39,4.09,3.30,3.36,6.21,0.84,2.50,0.84,1.71,5.85,2.37,8.95,2.55,1.65,4.24
19	16173710	16174928	AAAG	2.44	HG00611:3.26	0.83,3.26,0.79,0.83,0.90,0.87,0.81,0.86,0.81,0.85,0.84,0.85,1.67,3.40
17	39191595	39191769	AAAG	2.44	HG00611:2.44	2.44,0.85,0.84
X	132279957	132279963	AAAG	2.44	HG00611:2.44	2.44,0.84
4	65699802	65700251	ACATATATGTATACATGTAT	2.44	HG00611:2.44	2.44
X	34793294	34793944	AAAGGAAGGAAGAG	2.43	HG00611:2.44	2.44,1.71
13	102813584	102813988	AAGAAGAAGAAGCAG	2.39	HG00611:2.44	4.95,2.44,4.93
5	138781687	138782415	AAAG	2.39	HG00611:2.44	0.82,0.82,4.95,2.44,0.81
6	169241035	169241610	ACCGCGTCCTCATCGGC	2.38	HG00611:4.07	1.67,0.83,2.52,0.81,0.82,0.84,1.73,0.84,4.07,2.44,0.85,0.85,0.84,0.82,0.86,0.85,1.67,0.83,0.85,1.66,0.85,0.86,3.34,1.74,0.78,0.83,0.84,1.58,2.49,0.85
8	744837	746655	ACGCCTGCTCTCACTGG	2.31	HG00611:33.38	16.33,17.14,21.98,21.62,18.36,18.30,19.95,25.82,22.54,20.89,19.14,18.37,29.32,20.80,23.82,18.51,18.92,20.55,22.00,20.12,27.08,13.65,19.65,19.90,17.26,24.04,22.54,17.86,18.53,22.71,19.36,18.55,27.22,20.73,18.79,27.67,19.80,33.38,29.97,33.87,26.08,27.47,28.56,25.22,31.10,28.91,26.02,24.00,27.34,33.91,20.89,17.34,23.71,14.88,24.22,21.89,22.21,31.04,24.30,24.72,19.82,17.27,21.86,21.63,24.27,18.45,23.85,21.35,25.12,12.63,14.63,25.79,34.33,23.31,16.39,23.53,18.78,20.22,27.43,31.36,24.33,27.85,35.58,21.75,27.10,22.82,30.94,26.49,25.47,19.10,19.73,27.90,19.64,19.03,18.32,26.80,31.82,19.71,22.70,29.78,18.33,21.42,23.90,17.62,26.50,28.16,21.77,20.46,22.79,19.71,13.38,13.06,20.91,21.82,19.92,20.54,12.41,23.13,14.07,23.84,17.07,19.70,13.43,19.72,20.56,20.04,20.25,19.52,19.19,14.38,17.76,12.84,17.65,14.41,23.71,26.39,16.80,24.84,19.26,14.97,24.44,10.25,24.24,27.59,19.52,12.74,24.82,24.94,19.52,26.25
7	34831745	34832664	AT	2.30	HG00611:3.26	1.63,2.49,0.83,4.19,0.82,0.81,0.80,0.81,0.97,1.68,3.26,0.79,0.80,1.69,0.78,0.84,0.83,0.82,0.81,0.81,0.83,0.82,0.84,0.82
5	135829173	135830191	AATATATACGTGTATATAT	2.29	HG00611:8.14	1.63,1.63,3.26,5.82,0.83,4.99,3.32,3.33,7.51,2.51,2.51,5.86,3.33,4.25,2.47,3.29,4.07,3.22,5.75,4.27,0.85,1.64,2.40,0.83,1.62,4.21,5.81,2.53,2.55,5.18,4.09,3.35,2.48,8.14,6.31,0.81,2.58,0.84,3.36,5.20,1.71,3.31,0.83,5.63,0.83,3.31,7.03,4.05,1.71,2.52,1.68,4.12,0.94,5.04,0.83,3.35,3.35,2.55,2.46,0.84,5.16,4.16,2.45,2.59,1.68,4.90,4.21,3.23,5.21,8.09,4.03,1.63,2.44,0.85,5.75,6.01,5.74,1.71,4.14,1.67,4.32,2.51,4.86,2.55,1.67,2.48,5.11,3.93,0.87,0.86,3.31,2.56,5.15,0.86,0.84,2.53,1.70,4.23,4.20,1.64,1.65,1.63,4.16,0.85
9	37637396	37638603	AAAG	2.29	HG00611:4.07	3.33,0.83,0.82,1.71,1.71,1.64,0.80,1.69,1.70,1.73,4.07,1.69,0.86,0.84,1.71,0.83,0.80,0.78,1.62,4.09,0.83,0.86,0.81,0.90,1.61,1.64,2.44,0.85,1.64,0.86,1.64,0.87,0.83,0.84,0.85,3.27,1.69,1.58,0.85,0.85
17	5765635	5766998	AAAG	2.23	HG00611:10.59	0.83,0.80,11.78,12.62,5.06,14.46,5.87,10.59,7.10,0.84,2.55,9.43,3.31,11.58,0.83,0.86,0.86,3.33,5.72,4.16,1.61,2.69,0.87,0.81,4.89,0.82,9.14,7.72,3.28,2.56,3.31,0.83,2.51,4.93,5.68,6.81,0.83,6.00,0.82,1.66,1.67,7.67,3.93,0.84,1.65,3.29,0.82,2.52,2.57,0.87,0.85,4.20,0.85,2.47,3.15,8.49
20	43066264	43067544	AAATATATAATATAT	2.16	HG00611:10.59	4.08,2.45,0.81,5.82,5.01,8.32,2.49,1.67,4.17,9.19,4.79,7.52,3.35,9.98,3.40,3.37,9.87,5.75,2.44,3.22,5.75,0.85,11.11,3.46,4.93,2.40,7.51,1.62,4.84,3.36,2.90,4.22,8.51,5.18,7.35,4.19,3.30,10.59,3.15,2.54,2.44,5.15,5.88,0.84,6.73,5.10,6.07,3.31,7.44,3.21,3.30,2.54,2.48,2.34,7.30,1.71,4.19,4.19,10.71,4.72,7.77,6.73,1.66,5.86,3.35,3.41,4.93,5.86,3.37,1.72,1.66,4.90,3.33,3.45,5.04,0.82,1.69,3.23,4.48,2.61,4.35,4.04,4.83,3.28,2.44,6.51,3.42,2.46,2.49,1.72,8.21,5.98,7.44,2.50,5.19,2.51,7.39,0.81,3.40,4.17,0.86,5.77,3.36,2.48,2.48,4.19,5.11,5.50,2.57,3.34,5.22,4.18,0.87,2.49,0.86,0.83,6.85,8.27,1.64,2.56,3.28,1.68,2.57,0.86,3.34,5.91,1.70,0.87,0.85,0.85,2.57,3.36,0.85,4.09,4.12,3.36,0.78,3.37,6.84,0.79,1.63,2.55,2.48,3.39,2.54
12	7589212	7590173	AAATACTATTT	2.13	HG00611:8.96	2.44,7.52,1.70,0.84,0.82,0.84,1.94,2.55,1.68,8.96,0.79,3.43,0.84,8.28,7.44,1.65,0.83,2.52,4.19,0.84,0.83,4.16,3.45,1.68,1.63,2.42,2.61,2.43,2.42,0.81,0.83,0.85,6.66,2.59,1.64,2.52,1.66,0.83,0.84,11.95,1.72,9.34,4.20,1.55,0.83,1.71,7.32,0.85
9	21183853	21184946	AAAG	2.10	HG00611:6.51	0.81,4.99,2.50,2.50,0.84,0.83,3.40,2.47,0.82,0.85,0.87,2.40,0.81,3.40,5.03,2.48,6.51,0.79,4.23,3.36,2.52,9.35,2.60,0.86,4.14,1.69,2.48,0.78,2.51,0.86,0.84,2.52,3.33,2.59,2.52,2.45,1.74,4.35,2.43,0.81,0.81,1.63,1.71,1.64,0.86,4.14,1.67,3.46,5.75,1.70,3.33,1.71,2.52,4.14,1.67,1.67,3.35,0.83,3.42,4.27,4.10,1.68,0.86,1.69,0.87,1.69,1.69,0.86,4.24,0.82,1.68,1.55,0.84,0.84,3.94,5.79,1.66
1	5273938	5275161	AATGTGTATATATATAT	2.09	HG00611:9.77	2.49,1.67,5.82,0.83,1.67,7.51,2.39,1.66,2.44,4.10,2.56,3.42,4.11,4.81,5.68,3.36,9.77,5.08,1.65,0.85,4.13,7.81,3.35,2.83,3.33,2.52,2.55,1.68,2.45,0.87,9.78,3.32,8.21,2.56,0.85,1.67,5.14,9.23,6.63,4.26,5.14,0.84,2.48,4.14,0.86,3.43,8.35,3.38,11.88,0.85,8.46,6.85,1.68,11.02,6.54,2.50,1.69,5.13,3.33,5.94,2.54
X	46635326	46635684	AAAG	2.01	HG00611:2.44	2.44,0.83,0.84,0.87,0.85,0.81,0.85,0.82
18	711556	713056	AAGCGCGGACGCCATGGT	1.98	HG00611:25.24	5.71,1.63,4.07,19.12,6.68,21.63,14.13,12.49,16.70,23.40,11.17,5.85,7.54,17.47,15.32,9.26,11.52,16.44,10.59,4.83,6.57,3.41,7.69,4.33,8.22,28.84,8.35,1.62,12.09,2.52,22.27,8.43,10.21,16.41,6.54,12.58,7.43,25.24,22.87,16.94,21.19,11.16,11.76,4.20,5.88,19.56,7.80,12.00,16.57,14.89,8.84,11.56,1.69,4.69,13.42,5.86,7.42,12.27,12.09,5.88,11.64,6.69,17.61,7.66,3.29,6.70,16.00,14.63,23.29,8.99,20.82,15.53,5.88,11.43,19.38,8.88,4.48,7.83,15.36,1.61,23.81,13.04,9.77,6.84,16.43,8.30,18.88,8.21,11.96,12.41,5.83,13.83,11.72,13.14,7.30,4.25,10.83,9.43,10.71,14.27,13.25,12.42,10.05,10.23,11.79,5.14,12.54,14.80,7.53,12.22,14.94,8.56,4.14,2.57,4.14,7.40,17.92,13.96,15.95,10.29,7.71,5.01,12.66,13.58,12.21,5.92,7.61,8.56,25.21,7.63,24.53,23.09,17.64,17.86,10.05,19.96,9.27,11.96,10.03,27.59,24.41,4.25,17.37,12.47,8.49,10.16
20	34168253	34169192	AAAATATATATATAT	1.92	HG00611:4.89	1.66,0.83,1.71,5.64,1.68,4.89,0.78,2.56,2.52,4.12,5.04,0.84,2.51,0.84,1.79,0.87,1.64,3.26,1.73,1.66,2.57,1.71,4.22,1.69,2.50,3.34,1.58,3.31,0.85
X	16848395	16849404	AC	1.82	HG00611:3.26	2.60,1.64,2.52,0.84,3.26,2.54,0.84,0.85,1.73,1.65,0.84,1.72,0.84,1.70
2	114578503	114579749	AAAG	1.78	HG00611:10.59	0.87,3.20,3.36,0.97,15.55,0.82,0.84,10.59,5.15,15.31,10.29,16.64,4.09,2.45,2.42,3.26,3.46,6.57,4.14,1.71,0.84,5.79,8.39,6.00,4.18,2.55,0.85,0.86,3.39,0.82,6.60,4.66,10.11,4.27,0.84,0.85,6.65,1.70,2.54
X	127660455	127661621	AATATAGACTATATTATAT	1.72	HG00611:12.21	6.53,2.45,6.51,1.66,2.50,1.66,0.83,1.67,7.51,4.18,3.99,3.34,1.68,5.96,0.84,3.29,4.93,1.63,5.63,4.10,4.27,1.73,4.11,4.81,9.18,0.81,3.22,1.68,4.84,9.28,5.18,3.27,5.87,1.65,12.21,14.99,6.77,0.81,9.44,6.72,3.36,1.68,5.10,5.20,1.71,4.97,1.65,8.04,5.08,11.57,7.81,6.49,12.81,5.03,1.68,10.71,3.78,6.91,5.04,4.16,3.35,0.84,2.55,4.11,8.37,2.53,3.44,5.82,1.63,1.67,1.73,6.72,1.63,11.80,4.84,2.61,4.35,14.56,8.21,10.59,4.27,1.64,0.83,5.15,8.21,7.69,5.79,4.16,2.59,3.35,2.46,5.68,5.96,0.82,2.52,1.66,1.66,0.84,5.97,0.79,2.57,0.84,6.09,2.51,0.87,1.66,0.86,2.47,0.82,3.36,2.57,2.53,5.94,0.85,2.57,5.88,1.69,3.27,7.42,3.88,3.35,7.49,0.84,0.85,5.01,3.15,5.94,1.65,2.49,3.39
13	113760991	113761465	ACACCCACACTCCCGGG	1.72	HG00611:3.26	0.83,0.83,1.67,2.39,0.84,0.87,2.40,3.26,0.79,0.81,0.86,1.68,1.61,0.85,0.78,1.71,0.84,0.85,0.86,1.63,0.86,0.84,0.82,1.69,0.81,0.85,0.82,0.83,0.81,0.85,0.82,0.83,0.84,0.87,2.48,0.84,0.86,0.84,0.83,0.85
13	98850488	98851071	AGCAGGGAGGGGGAGCGG	1.70	HG00611:5.70	1.66,2.51,3.29,1.63,2.43,4.22,2.55,2.59,0.84,2.48,5.70,3.94,1.63,4.20,3.36,0.84,1.71,3.31,2.48,4.02,0.83,0.84,1.66,0.84,1.66,1.67,2.59,4.08,4.21,6.45,1.79,1.74,0.82,3.26,1.71,0.82,2.57,6.05,2.51,0.81,2.47,0.83,0.83,2.51,1.70,0.79,0.86,0.84,0.87,0.87,1.71,1.64,3.28,2.52,0.86,6.68,0.84,0.85,0.85,0.85,2.45,1.68,1.55,0.83,0.84,1.71,0.79,1.63,1.65,0.83,0.85
18	33959952	33961022	AAAGG	1.70	HG00611:3.26	5.58,0.87,2.43,1.68,0.97,0.82,3.26,2.52,0.83,1.65,2.41,0.83,0.86,0.84,0.81,0.90,0.85,1.65,0.82,1.74,0.87,0.86,2.48,0.83,0.84,0.87,0.85
4	54750624	54751142	AAG	1.69	HG00611:3.26	0.81,2.50,0.83,1.68,1.64,0.81,0.84,1.94,0.85,0.86,0.82,1.65,3.26,0.79,0.85,0.86,0.84,1.68,0.85,0.86,3.21,3.30,0.83,0.82,0.84,0.85,0.82,0.83,1.63,0.86,0.81,0.81,0.81,0.82,1.63,0.82,0.83,0.86,0.83
3	45167423	45168258	AAAG	1.68	HG00611:5.70	0.82,1.63,0.83,0.83,0.83,0.83,0.83,1.67,1.67,4.16,1.70,0.84,2.47,0.81,0.80,2.46,3.41,3.42,0.87,1.64,4.01,2.50,1.62,1.68,0.97,1.70,0.86,2.52,1.65,5.70,0.85,1.63,0.86,7.57,3.36,4.25,4.34,0.86,1.66,3.21,0.83,0.85,0.78,2.43,1.71,1.68,4.19,1.65,0.94,4.32,3.36,2.50,3.35,3.35,2.58,3.33,0.82,1.67,1.73,0.84,2.53,1.61,2.69,1.74,0.81,0.81,0.82,1.63,2.56,1.64,3.32,2.57,4.10,0.83,1.67,1.67,1.64,1.62,1.70,3.43,3.30,2.52,0.83,1.67,0.85,1.71,4.15,0.86,1.65,0.83,0.82,4.20,0.87,1.69,0.85,0.82,0.84,1.69,1.71,2.51,1.70
16	17164736	17165310	AAGAGCGGGGAGGGGAGGGG	1.68	HG00611:4.07	4.08,2.44,1.66,0.83,1.67,2.51,0.83,0.85,0.84,0.82,3.26,0.82,0.82,1.67,1.62,0.81,0.84,1.73,1.63,0.84,4.07,2.37,0.84,0.84,2.55,1.71,0.83,0.80,0.83,5.47,0.85,1.68,1.65,0.85,0.83,1.68,1.61,0.90,0.87,1.62,0.81,0.81,0.81,0.85,1.64,0.83,0.86,0.82,0.85,0.82,1.68,3.14,0.86,0.83,1.71,0.82,0.87,0.84,2.45,0.82,0.84,1.69,1.58,0.83,0.83
9	78965836	78966914	AAAG	1.67	HG00611:7.33	6.53,5.01,0.84,0.82,4.22,6.71,4.95,7.33,2.54,4.89,1.68,6.00,2.49,0.80,0.84,6.59,0.82,1.67,0.86,4.99,6.72,14.70,4.84,3.28,1.63,3.42,0.82,13.29,0.82,4.27,1.67,1.64,2.55,1.71,4.96,4.28,1.70,3.36,0.79
X	126078311	126079610	ATATATATATCATATATATC	1.67	HG00611:7.33	1.63,0.82,1.63,0.83,2.49,0.80,1.70,2.47,2.44,0.85,1.71,1.60,0.81,4.03,0.97,1.69,1.70,1.73,4.09,1.68,7.33,0.81,2.58,4.20,1.68,3.40,5.20,3.43,4.97,1.61,1.65,5.08,1.56,4.27,1.68,6.59,2.83,4.32,1.68,4.99,4.18,0.85,1.64,6.74,3.33,0.82,3.33,5.04,6.53,0.84,3.23,1.79,1.74,0.87,0.81,0.82,0.81,1.64,1.66,0.86,1.64,1.71,2.59,8.37,6.57,0.81,1.70,0.83,0.86,1.65,2.52,0.83,3.31,4.19,3.14,3.43,1.74,2.51,1.75,1.66,3.31,1.71,4.93,6.00,1.71,0.84,1.69,0.85,1.69,1.71,0.84,9.00,1.65,0.83,0.84,1.67,1.58,2.55,1.70
19	16041273	16042393	AATGAGTGAGCGGGGAGAGG	1.65	HG00611:12.21	7.34,8.31,0.80,8.32,4.11,1.63,1.64,0.85,1.73,0.82,1.67,2.42,3.36,4.84,10.21,1.73,0.83,12.21,1.58,0.81,1.68,2.52,5.10,1.73,1.65,1.69,1.65,3.13,2.52,4.12,1.89,3.45,4.16,0.84,11.07,0.82,0.84,0.86,4.16,6.66,3.23,4.34,0.87,1.62,4.03,1.64,9.78,1.63,1.71,5.75,1.66,7.72,4.92,2.56,1.65,5.86,4.86,10.00,10.91,5.80,8.37,0.79,5.14,1.67,12.84,11.58,2.57,6.83,7.39,9.23,2.51,11.04,10.47,10.15,3.38,0.85,14.28,7.76,11.72,4.21,3.42,8.36,5.69,5.10,0.85
3	159737200	159738341	AAAG	1.65	HG00611:3.26	0.84,1.68,0.82,0.85,0.84,1.70,0.86,0.83,3.26,5.14,3.31,1.71,0.85,0.84,2.50,0.86,0.82,4.48,0.81,0.81,0.83,0.82,0.83,0.86,0.81,0.85,0.83,0.84,0.83,1.71,0.84,1.69,0.82,0.85
11	100495353	100496944	AATATGTGTATATATGT	1.64	HG00611:24.43	4.90,16.32,10.58,7.48,23.37,20.80,9.14,14.16,5.01,19.22,11.97,11.69,7.54,14.14,14.46,11.78,10.69,17.26,16.30,17.71,12.31,7.68,23.07,9.52,8.22,7.21,13.35,4.06,18.53,8.41,15.49,5.06,5.95,5.18,16.34,8.39,14.03,24.43,11.04,11.86,7.73,11.76,13.45,10.09,5.10,8.67,14.08,2.48,15.27,7.43,5.08,8.26,26.57,15.40,19.65,20.13,14.24,9.89,23.60,14.68,10.09,6.65,8.37,4.19,16.18,14.78,11.72,16.00,18.93,5.82,6.04,5.88,13.07,6.74,4.03,6.27,13.03,13.05,9.70,8.06,3.26,12.21,9.40,11.50,5.81,18.88,5.74,12.81,10.75,4.16,9.51,9.21,7.39,17.84,6.81,7.50,1.71,23.90,5.87,4.14,16.57,3.35,8.52,11.14,2.51,8.70,3.35,12.22,13.28,2.57,9.93,0.86,1.65,0.82,15.36,5.88,2.57,8.57,10.86,0.84,10.19,3.49,3.38,23.68,9.24,1.69,9.00,12.37,13.44,7.76,16.75,7.49,2.53,8.54,27.58,19.71,9.76,2.48,0.83,20.37,5.08
9	16498300	16498551	AATATATATATGATGG	1.63	HG00611:1.63	1.63,0.86
2	49622446	49622621	AGATAT	1.63	HG00611:1.63	1.63,0.85
2	33136860	33136900	AGAT	1.63	HG00611:1.63	1.63,0.84
X	152766069	152766074	AC	1.63	HG00611:1.63	1.63,0.82
20	61074181	61074297	ACCCCCCCCCCCCCCC	1.63	HG00611:1.63	1.63,0.79,0.82
10	134205689	134206135	ACCATCACCATCATC	1.63	HG00611:1.63	1.63
11	101377740	101377759	AC	1.63	HG00611:1.63	1.63
11	116817841	116817842	ACAT	1.63	HG00611:1.63	1.63
1	224200947	224200993	AAAGGAATGGAATGG	1.63	HG00611:1.63	1.63
13	98540743	98540744	AAAG	1.63	HG00611:1.63	1.63
14	76992795	76992796	AC	1.63	HG00611:1.63	1.63
15	61560494	61560495	ACTAT	1.63	HG00611:1.63	1.63
15	73028597	73028598	AACCCT	1.63	HG00611:1.63	1.63
17	48667118	48667119	AC	1.63	HG00611:1.63	1.63
20	917838	917839	AACCCT	1.63	HG00611:1.63	1.63
21	30752945	30752946	AAAT	1.63	HG00611:1.63	1.63
2	211908385	211908386	AC	1.63	HG00611:1.63	1.63
2	72898975	72898976	AAAG	1.63	HG00611:1.63	1.63
4	190588329	190588330	AC	1.63	HG00611:1.63	1.63
5	147143312	147143313	AACCCT	1.63	HG00611:1.63	1.63
5	54402007	54402008	AAAATGAAAT	1.63	HG00611:1.63	1.63
9	134708176	134708177	AAAG	1.63	HG00611:1.63	1.63
X	86126170	86126171	AACATATATATATATATGG	1.63	HG00611:1.63	1.63
3	24458713	24458762	AC	1.63	HG00611:1.63	0.97,1.63
1	212722849	212723380	AGGG	1.62	HG00611:7.33	2.44,1.67,2.39,1.68,5.96,3.29,1.71,5.01,1.62,3.87,4.32,7.33,7.89,5.93,4.29,7.56,5.95,4.34,2.41,3.78,1.64,5.04,1.63,1.69,3.23,1.79,0.87,8.90,4.93,6.52,4.89,2.56,1.65,2.59,4.93,9.73,3.40,0.84
16	87015021	87016021	AAAG	1.62	HG00611:2.44	0.84,0.80,2.44,0.79,0.83,0.83,0.85,0.85,2.51,0.86,0.84,0.83,0.82,0.84,0.81,0.83
1	45510533	45510788	AAATATATATATAT	1.62	HG00611:1.63	1.63,0.84,0.83
6	159725854	159726221	AGGAGGGGGGAGGG	1.62	HG00611:1.63	1.63,0.82,0.81
17	60199810	60200208	AAAG	1.60	HG00611:2.44	0.83,0.83,0.84,0.82,0.85,2.44,0.84,0.83,0.83,1.72,0.85,0.86,0.81,0.86,0.79,0.83,0.84,0.84,0.85,0.85
6	35137382	35137666	ACC	1.59	HG00611:3.26	0.82,1.67,0.84,1.60,1.66,0.80,0.82,0.85,0.80,0.83,0.81,0.81,0.84,0.84,0.82,0.84,3.26,1.72,0.84,1.68,0.82,0.94,1.67,0.84,1.66,0.82,0.82,0.81,0.87,0.81,0.81,1.64,1.65,0.86,0.84,0.82,0.81,2.57,0.82,0.84,0.83,0.79,1.67,0.87,0.84,0.83,0.86,0.85,1.72,1.67,0.84,0.85,0.85,1.69,0.86,0.84,2.54,0.82,0.84,0.81,0.85,1.66
7	101252183	101252814	AAGGGAGGGAGGGAGG	1.59	HG00611:2.44	0.85,0.81,1.94,2.44,0.84,0.86,0.87,0.81,0.83,0.86,1.64,0.82,1.69,0.85
8	104599814	104600019	AAAG	1.59	HG00611:1.63	1.63,0.85,1.74,0.81
X	1486611	1487213	ACCCCGCGCACCCGGCTC	1.58	HG00611:4.07	0.83,1.73,0.81,3.37,0.85,0.86,4.07,3.15,2.54,2.44,3.36,2.55,0.87,0.83,2.41,0.84,0.82,1.67,1.73,1.63,1.62,4.11,0.85,1.64,5.79,1.67,0.84,0.86,0.85,0.84,0.84,0.79,0.85
4	49122739	49122898	AAAGG	1.58	HG00611:1.63	1.63,0.87,0.83,0.84
16	66523646	66524899	AAAAT	1.57	HG00611:26.06	22.80,20.78,11.70,6.81,19.56,20.12,9.85,32.87,25.48,7.30,6.45,9.25,0.85,26.06,1.63,3.43,0.87,5.93,4.94,30.66,10.11,0.81,21.17,4.14,11.24,0.82,5.96,29.16,4.20
4	76099494	76100481	AT	1.57	HG00611:3.26	1.66,0.83,2.51,1.60,0.84,0.84,0.84,0.81,1.61,0.85,0.85,0.83,1.68,3.26,2.54,0.83,1.65,0.83,1.69,0.81,2.59,1.68,1.66,0.84,0.84,0.83,0.84,0.81,0.81,1.63,0.85,1.65,0.84,0.83,0.79,0.86,0.82,1.71,0.83
12	64144818	64145189	AT	1.57	HG00611:1.63	1.63,0.87,0.86,0.84
14	77686707	77687098	ACCCTCGCCTCCCCTCCC	1.57	HG00611:1.63	0.80,1.63,0.82,0.86,0.84
1	239132723	239134038	AAAG	1.56	HG00611:8.14	2.53,8.14,4.20,6.86,6.63,5.38,6.95,12.32,3.35,0.82,0.79,5.14,0.84,3.32,0.86,8.22,2.52,11.00,6.77,4.28,7.56,8.40,2.56,2.51,0.81,6.79,4.16,3.39
5	170260607	170261213	ACCACCACCATC	1.55	HG00611:2.44	0.83,0.84,0.83,0.84,0.83,0.97,2.44,0.86,0.84,2.46,1.73,0.81,1.62,0.81,0.83,0.82,0.83,0.85,0.87,0.86,0.84
X	141932316	141932651	ACACACACGTAT	1.54	HG00611:1.63	0.82,1.63,1.63,0.84,0.83
1	37011710	37012936	AAG	1.53	HG00611:8.96	5.71,5.71,1.63,4.16,4.17,3.33,1.66,6.66,1.67,2.51,5.58,4.19,4.16,7.66,3.37,1.65,2.47,4.89,3.22,1.64,0.85,7.69,0.87,4.11,1.60,0.83,0.81,4.84,1.94,3.37,3.40,6.91,2.45,2.52,3.30,8.96,2.37,3.39,3.26,4.29,3.36,4.20,3.36,6.80,7.80,6.86,1.66,9.93,4.82,9.08,4.23,9.09,2.34,5.67,1.71,3.36,5.03,4.94,6.61,4.32,5.04,0.83,3.35,0.84,0.85,6.57,5.02,2.53,1.72,5.82,0.82,2.59,2.52,1.63,1.69,4.03,4.48,3.48,6.96,1.62,4.83,2.46,2.44,0.81,2.56,1.64,2.49,1.72,3.28,5.98,0.83,5.83,4.19,6.57,6.49,0.85,11.66,1.71,2.47,4.20,0.83,0.83,4.19,2.36,1.71,0.84,3.48,1.67,1.75,4.15,7.70,2.57,2.48,1.64,0.85,0.82,3.36,0.86,2.57,4.18,2.53,5.94,3.49,5.92,3.38,1.71,6.72,1.69,5.72,0.82,2.52,3.11,4.19,2.50,2.53,2.56,2.51,1.58,1.63,2.55,4.14,4.16,1.70,1.69
5	17883281	17884632	AAAG	1.53	HG00611:8.96	5.71,1.63,0.83,2.50,0.83,1.66,2.50,3.34,3.34,3.19,0.84,3.35,2.55,5.05,6.58,8.22,6.52,5.98,4.33,6.58,1.60,2.50,3.22,2.52,0.97,1.73,3.27,6.71,4.13,8.96,4.73,0.85,0.86,3.36,3.36,0.87,7.72,2.48,1.61,4.13,1.69,0.83,5.47,6.49,9.40,6.70,5.66,4.20,4.16,5.02,2.52,5.96,5.75,3.35,3.37,8.61,3.33,2.52,8.98,3.37,2.42,2.69,0.87,1.61,7.39,4.07,6.84,1.64,1.66,1.64,1.71,3.31,5.83,6.92,3.29,3.35,2.56,0.87,0.85,9.10
11	74837818	74839064	AAAG	1.52	HG00611:22.80	0.82,4.89,16.63,7.51,11.64,4.18,18.43,0.85,7.57,9.04,16.10,9.03,14.52,8.35,7.30,12.89,9.68,15.52,22.80,0.81,22.70,27.21,10.41,26.51,0.80,12.38,9.32,5.79,17.84,2.56,12.58,11.54,5.66,23.32,12.61,7.66,26.28,15.91,17.68,18.93,0.84,8.07,3.48,6.52,0.85,2.49,6.56,21.65,6.92,12.86,8.36,0.86
X	106395363	106395660	AT	1.50	HG00611:2.44	0.83,0.83,0.86,0.82,2.44,0.86,0.83,2.34,1.67,1.70,0.84,0.82,0.81,0.82,0.85,1.74,0.82,0.85,0.84
19	17459432	17459777	AG	1.50	HG00611:1.63	0.85,1.63,2.50,3.27,1.71,0.85
17	40489095	40489879	AATACTCCTGGACCTGAGGG	1.48	HG00611:35.83	30.21,22.03,27.68,24.11,28.38,16.64,14.13,22.48,21.71,29.25,19.14,23.39,32.67,29.12,22.12,31.14,25.50,13.15,17.93,16.90,27.08,20.48,28.19,25.09,26.30,24.84,30.05,23.54,20.95,26.91,21.30,32.89,15.31,29.37,23.70,27.67,24.75,35.83,33.13,28.79,22.00,30.05,25.20,28.58,20.18,34.01,20.81,20.57,26.51,27.30,28.93,20.64,17.78,19.83,45.32,30.00,17.94,26.85,27.65,27.19,20.77,27.64,35.31,23.29,30.96,27.68,29.81,34.49,34.33,19.37,19.79,27.45,26.15,26.65,26.74,21.01,16.33,20.22,30.66,31.36,28.67,24.37,33.15,18.53,27.92,39.93,30.94,25.63,20.54,22.42,30.89,23.80,18.79,26.47,25.81,26.80,25.96,15.60,21.08,26.38,14.16,15.42,19.78,8.39,21.53,16.57,15.91,6.82,37.72,18.85,7.52,13.93,30.12,26.19,31.54,27.39,15.72,20.56,19.86,18.91,21.34,24.63,24.34,7.72,16.28,18.37,12.66,29.71,28.79,22.84,9.30,5.13,7.56,11.86,22.08,22.26,3.36,14.75,21.77,14.14,16.01,0.85,26.75,21.29,13.02,39.92,19.03,19.12,21.22,16.09
11	98826072	98826552	AGGG	1.48	HG00611:2.44	0.82,0.81,1.66,0.83,0.84,2.47,0.81,0.97,0.85,0.86,2.44,0.85,0.84,0.83,0.78,0.82,1.66,0.85,1.64,0.84,0.86,0.82,0.85,0.83,0.83
12	122186084	122186203	AAGGCGGGAGGCTGGGGGAG	1.48	HG00611:1.63	0.83,0.87,1.63,0.83,0.84,0.83
6	58140175	58141731	AAG	1.47	HG00611:18.73	4.90,13.87,15.47,11.64,11.68,14.14,15.79,9.16,9.18,19.22,8.77,3.34,8.38,7.49,7.66,14.31,4.94,10.69,5.70,11.27,6.57,8.53,8.54,10.38,7.40,10.42,16.69,7.30,8.86,12.62,6.78,6.75,12.76,7.78,12.26,6.71,11.55,18.73,7.10,9.32,10.59,12.02,5.88,10.09,6.73,11.91,9.54,9.43,7.46,8.27,8.04,9.08,12.70,9.09,11.72,12.97,7.69,15.10,10.89,12.36,22.65,15.54,12.61,7.49,12.55,5.87,9.37,8.21,10.05,12.63,10.33,7.49,13.89,10.82,18.11,6.72,9.80,3.37,12.91,9.86,9.56,12.18,6.47,5.64,11.50,13.85,6.51,10.25,5.75,7.47,14.59,9.85,8.54,16.54,13.32,13.83,7.54,10.68,12.97,19.57,5.00,8.57,7.42,6.71,10.77,9.11,11.72,8.52,11.00,14.57,8.36,16.54,10.88,18.33,14.11,9.41,9.93,9.42,7.45,9.87,12.80,8.21,7.55,7.72,7.71,8.35,9.28,5.94,21.81,13.54,10.99,7.70,9.24,16.95,6.54,5.77,15.96,9.32,10.05,8.32,10.11,13.67,2.51,9.46,13.83,16.99,7.45,9.98,12.73,12.70
19	1705374	1705722	ACCCATCCATCCATCCATCC	1.42	HG00611:1.63	0.81,1.63,0.87,0.86,0.81,0.83,0.83
13	36530758	36530761	ACC	1.34	HG00611:1.63	0.97,1.63,0.84,0.83,0.84,0.81,0.83,0.83
1	31904159	31905567	ACCCTCTCC	1.33	HG00611:8.96	8.16,3.26,6.51,2.50,6.66,2.49,2.51,2.39,10.02,0.84,7.66,2.52,4.11,3.29,8.96,4.83,2.46,2.56,0.85,4.33,0.82,7.21,10.85,1.61,2.52,0.97,0.84,4.25,0.86,8.96,4.07,3.36,1.68,1.70,5.20,6.63,2.48,8.04,0.83,4.23,4.13,7.81,4.86,6.83,4.19,3.35,5.77,1.89,6.05,7.49,2.51,0.84,0.85,2.46,3.35,2.53,0.86,4.16,2.45,5.83,2.45,0.84,0.81,2.69,3.48,0.87,1.62,1.61,0.82,11.41,2.44,3.42,3.29,1.66,3.43,4.10,4.96,2.50,1.73,1.67,5.68,0.85,0.83,1.68,0.86,0.87,6.85,1.65,1.71,0.83,2.47,0.85,0.82,0.86,2.51,0.84,5.07,5.99,4.20,4.09,0.84,0.84,1.66,3.34,0.81,0.85,4.14,0.83
2	242518415	242519968	AACCCACGGCCAGCT	1.32	HG00611:13.84	4.08,7.34,8.14,0.83,5.84,0.83,3.32,2.50,10.85,7.18,1.67,4.19,5.82,0.84,0.82,0.81,2.41,5.75,6.83,6.92,0.82,4.01,7.51,12.17,0.81,6.73,8.71,2.53,6.80,11.23,3.27,12.58,4.95,13.84,3.15,0.85,7.33,9.24,4.20,13.45,7.65,12.14,11.14,3.31,5.79,7.23,10.73,1.69,4.96,3.13,8.92,0.84,5.86,7.42,0.94,6.05,8.41,9.98,5.86,6.70,1.68,2.58,4.16,5.72,7.49,13.80,5.04,1.63,10.11,11.30,8.07,8.70,11.32,3.22,0.82,3.26,4.07,5.98,13.14,0.83,0.86,0.82,5.12,4.96,16.42,7.54,8.21,3.24,14.47,1.67,0.86,1.65,0.84,3.31,4.19,0.85,1.71,7.52,2.61,8.37,3.32,6.85,4.14,5.79,0.84,5.15,1.71,6.68,5.91,5.09,0.87,4.23,8.46,1.71,2.52,1.69,5.72,0.84,9.32,15.91,0.83,1.69,2.51,1.58,6.51,7.64,0.83,4.23
12	59966101	59967291	ACTCATATATAT	1.32	HG00611:13.03	5.71,10.61,3.26,0.83,5.01,2.50,3.33,2.50,5.01,4.79,5.03,0.83,1.68,9.05,4.93,2.44,3.28,4.27,6.06,1.64,4.01,4.06,1.61,2.52,5.81,2.53,4.25,3.46,3.27,5.87,4.95,13.03,11.83,6.77,2.44,4.29,5.04,5.89,6.73,3.40,6.07,1.71,4.14,4.96,8.04,2.54,2.48,3.91,5.13,1.68,9.22,11.54,2.83,3.45,1.68,4.16,3.35,5.87,12.32,7.58,4.99,4.09,5.00,0.86,4.20,3.27,7.58,7.26,5.38,0.87,3.48,5.66,6.44,7.39,8.96,1.63,4.27,11.50,4.15,0.86,2.46,6.83,5.79,3.33,1.73,5.02,4.93,3.24,5.11,3.33,1.71,2.52,2.51,5.97,6.29,4.29,3.34,0.87,6.69,0.87,4.98,2.57,4.14,10.28,5.79,6.58,1.71,10.67,2.57,7.71,1.67,6.75,5.09,2.62,4.23,3.42,4.20,6.78,4.91,4.12,15.96,2.33,13.31,7.58,13.67,1.67,12.61,4.88,19.53,2.48,2.55,4.23
X	130269530	130270139	AATATATATATGG	1.28	HG00611:15.47	4.08,6.53,3.26,2.49,3.34,1.66,3.34,6.69,6.38,3.33,2.55,2.52,4.11,6.58,2.44,3.28,0.85,0.85,2.60,0.83,0.81,1.61,1.68,9.68,15.18,9.36,16.41,4.90,17.61,15.47,10.25,6.77,4.07,10.30,1.68,6.73,9.25,6.80,2.60,4.29,8.28,0.83,5.63,4.13,7.62,2.48,0.78,1.62,1.71,5.87,2.51,3.30,16.99,2.59,2.52,12.48,3.35,3.35,4.26,0.82,5.86,0.84,5.16,12.48,8.17,8.33,2.59,3.36,5.72,9.27,6.45,11.65,3.48,4.35,19.41,8.86,8.21,8.15,9.77,5.98,3.29,4.98,4.29,7.39,5.12,7.44,10.82,10.37,5.86,9.86,4.05,11.06,5.00,7.71,5.03,1.66,5.80,4.19,8.52,11.79,2.57,5.85,6.09,6.11,4.98,6.85,4.14,8.57,5.79,4.11,5.12,6.57,9.23,1.72,1.71,3.34,11.81,7.64,5.23,12.69,3.38,8.56,6.72,8.47,7.36,4.12,4.20,6.99,4.19,4.99,7.58,8.54,3.34,8.67,11.39,7.64,7.45,15.80,5.09,10.16
X	67544804	67545389	ACGGGAGAGGGAGAGGGAG	1.26	HG00611:6.51	1.63,4.89,0.83,1.67,0.83,2.49,1.67,1.67,1.60,4.18,0.83,2.52,3.29,4.07,1.61,2.46,0.85,1.71,1.64,2.50,1.62,1.61,2.52,0.97,4.22,5.18,5.72,1.68,6.51,4.73,2.54,1.63,4.29,4.20,3.36,4.20,3.40,6.86,2.49,1.65,3.21,0.83,0.85,6.61,4.05,2.56,5.03,1.65,4.72,0.86,0.84,4.99,1.67,0.84,4.26,4.19,0.84,0.86,2.50,1.63,3.33,4.31,1.68,0.82,1.69,0.81,3.58,0.87,1.74,1.62,0.81,3.28,2.44,1.71,0.82,1.66,1.72,2.46,2.56,0.83,0.83,2.59,0.84,2.46,6.49,2.55,0.86,5.03,4.97,5.80,2.56,1.57,0.86,5.22,1.75,2.48,2.57,0.83,2.47,2.56,1.64,3.43,4.28,5.09,2.54,0.86,1.69,1.64,1.68,1.55,0.84,1.71,3.94,2.44,1.70,1.65,1.66,3.39
21	46146712	46147964	AGCCTCCCCTCCGCCGC	1.26	HG00611:4.89	0.82,3.26,0.83,1.67,0.84,0.82,5.70,1.61,0.82,2.56,5.75,2.50,1.61,4.21,3.87,0.84,2.55,2.45,1.68,4.89,3.94,0.85,2.52,1.70,0.86,2.48,0.80,1.56,2.43,1.71,1.73,1.68,0.86,3.27,4.03,1.79,2.61,1.74,1.62,1.64,1.63,0.85,4.29,3.42,0.83,1.67,0.81,3.40,1.68,0.84,0.86,0.84,2.52,0.84,1.58,2.44,1.70
5	1667237	1668106	CCCCCGCCCCGCGCG	1.21	HG00611:2.44	1.63,1.67,0.81,0.97,0.86,1.63,0.83,2.44,2.54,2.60,0.80,1.68,0.82,1.67
13	90249059	90250001	AT	1.20	HG00611:2.44	0.82,0.81,0.83,0.83,2.51,0.84,1.65,1.73,1.60,1.65,2.44,0.79,0.84,2.60,0.78,0.85,0.84,0.94,0.86,0.84,0.81,0.81,1.72,0.84,0.84,0.86
14	62850201	62850948	AT	1.20	HG00611:1.63	0.83,1.63,0.81,0.82,0.85,0.83,0.84,0.87,0.82
13	63317264	63318928	AAAG	1.19	HG00611:8.14	0.81,2.50,0.84,4.02,0.85,7.40,6.68,3.25,3.22,0.97,2.53,1.70,4.32,10.62,9.08,8.14,7.10,3.39,3.26,6.87,7.56,0.84,2.55,1.73,0.86,8.28,1.65,3.21,1.65,2.52,1.65,0.94,2.52,5.86,0.83,0.82,2.59,5.04,0.82,4.84,0.90,2.61,5.22,2.43,3.22,7.33,1.63,4.27,1.64,1.66,3.43,4.92,6.83,2.48,3.33,3.46,0.84,2.46,1.62,3.33,0.84,3.14,5.02,6.64,4.36,0.78,1.63,0.85,0.83,2.49
16	49030045	49030609	AAAG	1.17	HG00611:1.63	1.63,0.83,0.87,0.86,0.84,0.86,0.83,0.81,0.83
7	90278000	90279145	AAAG	1.15	HG00611:4.89	0.83,2.50,9.97,3.34,0.84,2.51,0.84,0.83,2.55,1.65,3.29,0.82,2.60,0.80,0.83,1.61,1.68,0.97,2.45,4.89,0.85,0.84,3.40,0.87,1.71,0.83,4.02,2.48,2.54,1.68,0.94,1.68,1.66,0.84,0.85,3.33,0.82,4.16,1.73,4.20,0.84,1.74,4.04,4.83,5.75,1.63,1.71,0.82,1.64,0.85,0.86,1.62,1.67,1.65,3.31,0.79,2.57,0.84,3.32,0.83,1.71,0.85,1.71,2.53,0.85,1.71,0.83,3.39
2	30053459	30054216	AGCAGGAGGAGGAGG	1.15	HG00611:2.44	0.84,0.81,2.44,2.54,0.81,0.86,1.68,0.83,1.64,0.86,0.82,0.86,0.81,0.90,1.63,0.82,0.85,2.51,0.83,1.67,0.84,0.85,0.84,0.85,3.15
X	111553504	111553655	AAATATATATTATATAG	1.14	HG00611:1.63	0.87,1.63,0.86,0.81,0.84,0.82,0.86,0.84,0.84
11	11267915	11268338	ACAGGGAGAGAGAGAGAG	1.13	HG00611:1.63	1.63,0.84,0.86,0.84,0.84,0.86,0.82,0.85,0.83,0.82
14	65363434	65364070	ACGGGAGAGGGAGAGGGAG	1.10	HG00611:6.51	1.61,2.46,3.20,2.53,2.55,2.59,0.82,6.60,6.51,1.69,0.81,0.86,4.20,0.85,3.31,0.83,0.80,0.85,0.84,0.82,2.50,4.31,0.84,4.08,0.81,0.90,6.08,6.09,0.81,2.46,0.81,0.81,2.56,0.83,0.86,1.64,0.83,4.19,2.43,1.70,1.65,0.84,1.66,1.66,1.67,2.56,4.72,0.86,3.34,1.74,0.87,0.83,4.28,6.62,3.43,1.65,1.71,6.57,0.84,5.01,1.74,0.85,1.69,0.86,0.84,5.72,3.30,0.78,0.84,0.83,5.90,5.98,1.67,3.94,4.88,4.25,1.65,0.83,2.55,1.69
6	151493195	151493675	AAAG	1.07	HG00611:1.63	0.86,1.63,0.79,0.85,0.84,0.83,0.86,0.83,0.85,0.87
10	51134994	51135218	AAAG	1.04	HG00611:1.63	1.63,0.84,0.85,0.85,0.86,1.68,0.87,1.71,0.83
7	66193560	66193802	ACCCTCACCTCC	1.02	HG00611:8.14	4.08,1.63,4.07,4.99,1.67,5.82,1.66,0.83,5.84,4.18,4.79,3.34,7.54,4.16,2.55,2.52,4.94,2.47,1.63,3.22,4.10,1.71,3.42,1.64,2.40,7.51,4.06,8.86,4.21,0.97,0.84,6.80,1.73,4.90,5.03,2.48,8.14,2.37,7.62,4.07,3.43,8.40,3.36,4.20,5.95,4.34,3.43,5.80,0.83,3.21,1.65,2.54,5.79,5.47,2.43,4.27,5.87,2.51,0.82,1.89,0.86,3.36,2.50,4.18,0.84,2.55,6.57,2.51,1.68,4.30,4.16,4.09,2.50,2.59,2.52,2.45,2.53,5.65,0.90,6.95,1.74,6.47,5.64,3.28,6.52,4.07,4.27,4.11,1.66,1.72,2.46,1.71,3.31,5.00,5.19,7.54,2.46,1.62,1.70,0.83,0.86,3.30,2.52,4.97,3.31,2.51,0.85,2.36,4.29,1.67,2.61,1.67,1.75,2.49,3.42,6.62,4.28,5.79,4.11,5.97,3.28,5.04,6.00,0.86,1.67,5.06,8.49,1.74,5.08,1.69,3.42,2.52,2.54,5.72,0.82,5.88,3.11,5.86,3.33,3.37,2.56,4.18,2.37,3.25,2.55,4.14,4.99,5.09,2.54
1	90857917	90858202	AG	1.01	HG00611:1.63	0.80,1.61,0.87,1.63,1.68,0.84,0.87,0.85,2.50,0.85
