motif	top_case_zscore	high_case_counts	all_counts
AAGAAGGAGAAGGAG	21.80	HG00596:21.80	21.80
AGCCCT	12.85	HG00596:18.45	0.82,0.83,0.83,5.01,3.34,1.67,1.70,3.26,0.80,2.46,2.56,3.42,5.05,0.84,0.85,0.86,18.45,0.85,7.33,2.58,2.52,2.60,0.83,0.83,3.39,3.31,0.81,2.56,0.94,5.04,6.69,3.41,5.02,0.84,1.66,0.83,2.52,3.27,1.79,7.82,1.61,4.07,0.85,0.83,6.01,2.46,2.50,3.46,1.67,4.11,1.62,5.96,4.28,1.66,0.83,0.84,2.56,3.14,0.86,3.34,3.32,0.86,2.57,4.14,1.64,5.97,2.46,1.72,1.71,1.69,0.85,0.87,0.84,1.69,5.72,0.82,0.84,1.55,3.33,0.85,6.69,3.15,0.85,3.33,2.55,0.85
AAGGAGGAGGAGGAG	10.86	HG00596:11.74	0.82,0.81,0.83,0.84,0.80,0.87,0.80,11.74,0.79,0.86,0.84,0.83,0.85,0.84,0.81,1.67,2.61,1.66,0.85,0.86,0.84,0.85,0.86,0.84,0.84,0.79,0.81,0.85,0.85
AAAATCATGCATGATATTAC	4.65	HG00596:5.87	1.66,0.80,0.80,0.81,1.69,0.85,0.82,5.87,0.83,1.68,0.84,0.83,0.81,1.64,0.83,2.57,0.84,1.64,0.82,0.86,0.83,0.85,0.86,0.86,1.70,0.86,0.82,0.84
ACACAGC	4.29	HG00596:13.42	2.45,4.99,4.17,4.16,4.16,5.00,0.83,2.51,0.84,0.84,4.99,2.55,7.57,9.87,0.82,4.89,0.80,4.27,0.85,3.46,1.64,8.01,0.81,2.42,0.84,6.78,1.69,9.36,1.73,2.45,13.42,5.78,2.44,5.52,5.08,2.44,3.43,5.89,10.09,5.10,6.07,3.43,4.14,3.31,6.43,0.85,0.83,7.81,2.43,2.52,10.05,18.95,3.45,0.84,1.66,1.67,0.84,5.11,0.82,1.67,0.84,4.30,0.83,1.63,4.16,2.52,4.08,4.21,4.84,5.38,0.87,0.87,3.23,8.06,3.28,0.81,0.81,2.56,4.11,2.49,2.57,4.10,10.25,4.14,10.82,2.59,5.02,4.11,8.92,7.66,1.71,7.55,1.66,4.14,0.84,0.85,1.71,8.70,2.51,7.86,2.49,6.85,0.86,4.96,4.11,2.46,4.20,1.72,3.43,3.34,5.06,5.94,1.74,1.71,5.04,4.12,8.40,0.84,1.63,0.83,0.85
AACCCG	2.37	HG00596:5.03	0.82,1.67,2.49,0.83,0.84,2.51,1.66,0.85,0.82,0.82,0.80,1.64,0.85,0.85,0.87,1.64,1.67,2.90,0.85,0.82,5.03,2.48,1.58,0.85,2.52,0.84,1.73,0.83,0.83,0.84,0.94,0.83,2.51,1.70,0.82,1.67,1.72,0.82,2.53,2.69,4.34,0.81,3.28,0.81,1.71,1.66,4.10,2.50,0.82,3.40,0.86,0.82,0.84,1.67,0.79,0.87,0.87,0.83,1.71,0.85,0.84,0.84,1.55,1.66,1.71,0.81,0.83,0.85,0.85
AAAGGTGTGTGCGGGTGG	1.94	HG00596:5.87	0.82,0.82,1.63,1.66,0.83,0.83,0.83,1.67,3.34,1.66,0.85,6.58,0.80,1.64,0.87,0.82,1.60,1.67,0.81,2.42,1.94,3.37,2.59,3.27,5.87,1.65,1.63,0.79,0.85,0.81,3.43,1.68,0.84,3.36,0.85,0.86,1.66,1.65,1.61,2.48,0.85,0.83,3.91,5.98,1.68,2.47,1.89,1.68,2.50,1.68,2.55,4.93,0.84,0.83,0.86,0.84,0.84,1.61,1.74,0.87,1.61,1.63,0.81,0.83,4.14,1.67,1.64,1.62,0.85,1.67,0.86,2.47,0.84,2.48,0.79,1.71,0.83,0.86,3.31,8.53,4.10,0.84,1.72,2.51,0.87,3.36,1.69,1.65,0.78,0.84,0.84,2.56,3.34,2.37,5.69,0.85,0.83,0.83,0.85,0.85
AAGAAGAAGAAGGAG	1.68	HG00596:1.68	1.68
ACAGGGAGAGAGAGGGAG	1.67	HG00596:1.68	1.68,0.79,1.67
AATGGTGAGGGACACTGGGG	1.66	HG00596:2.52	2.52,0.85,0.80,0.82,0.84,0.90,0.82,0.82,0.85,0.81,2.50,4.10,3.49
ACCCTGCATCCTCC	1.57	HG00596:2.52	0.83,0.83,0.84,0.84,1.66,0.85,0.81,0.80,0.85,0.81,0.81,0.84,1.70,2.52,0.83,5.52,0.86,0.84,0.85,0.78,0.82,0.84,0.84,0.82,0.83,0.84,0.82,0.83,0.83,0.82,2.36,0.78,0.85,0.81
AAAG	1.53	HG00596:28.51	4.90,4.90,3.26,5.82,10.02,27.46,7.48,3.33,6.68,3.34,5.58,6.68,5.86,12.48,1.70,15.99,15.63,2.47,6.52,7.24,5.75,2.56,8.54,6.06,10.69,9.61,5.01,9.74,4.84,5.05,14.52,11.81,31.47,12.96,28.60,28.51,6.60,13.03,22.87,6.77,8.15,21.46,4.20,15.13,16.81,16.16,5.20,7.72,14.91,13.23,10.45,1.65,6.77,7.44,7.03,14.59,2.56,11.75,1.68,3.30,5.66,4.32,6.73,4.99,10.04,6.71,6.81,2.51,3.37,9.47,7.49,5.72,13.32,5.18,8.40,16.33,40.44,13.72,9.86,2.61,18.27,8.90,7.25,12.32,12.22,12.21,4.27,9.86,15.78,16.30,21.33,9.39,24.82,11.66,14.70,12.56,9.86,36.48,4.25,11.66,3.43,2.47,2.52,2.48,5.80,3.35,4.26,3.93,2.57,15.05,4.35,2.51,7.86,16.60,3.31,5.14,3.31,1.64,1.71,7.39,2.52,6.85,0.84,4.22,5.09,5.23,1.69,4.23,1.71,5.88,0.85,17.17,0.82,3.36,0.78,6.70,9.98,10.96,5.98,3.34,3.15,4.88,6.79,3.31,1.66,1.70,3.39
ACGCTCCCTAGATGGGCC	1.46	HG00596:5.03	0.82,0.82,2.49,0.83,0.83,2.49,0.83,0.83,1.60,2.51,0.83,0.85,2.52,0.82,2.41,3.28,3.41,2.56,2.40,0.83,1.61,0.84,3.87,1.69,2.55,3.46,1.63,5.03,2.48,2.37,1.69,1.63,2.58,2.52,2.52,1.68,0.85,1.73,1.71,2.49,1.65,0.80,0.83,2.48,0.78,1.71,5.03,3.30,2.83,3.45,0.83,1.67,3.35,0.84,3.37,1.72,1.66,0.83,1.68,2.45,4.21,3.23,0.90,6.08,1.74,0.81,0.81,1.64,0.81,0.85,2.46,1.66,1.64,0.85,1.65,2.50,1.73,2.51,1.64,2.43,1.70,1.71,0.82,0.83,0.86,1.67,0.87,2.51,0.87,1.66,0.83,2.57,4.96,0.82,1.71,0.82,1.68,2.47,1.68,3.88,1.67,1.69,1.67,3.25,0.85,0.83,0.83,1.70,0.85
ACACTATCCACCTCCCACAG	1.28	HG00596:4.19	1.63,0.82,0.84,0.80,4.21,0.85,0.87,1.60,0.97,4.19,0.79,2.54,2.52,0.85,2.60,2.57,0.85,0.94,1.73,0.84,0.83,0.84,0.82,1.67,3.27,0.86,0.82,5.65,1.79,2.61,2.42,2.44,0.81,2.46,1.66,0.82,0.83,2.51,3.29,0.85,3.30,0.83,0.85,0.84,0.82,0.82,1.70,1.69,3.36,0.85,0.82,0.84,3.37,0.85,1.69
AGGAT	1.26	HG00596:1.68	10.69,1.68,0.80,0.90,0.86,1.65,0.86,0.84
AATCCCAATTGATGGAG	1.17	HG00596:10.06	0.82,2.44,4.99,1.66,3.34,5.03,3.40,13.15,4.33,4.01,2.42,0.97,3.37,1.70,2.59,7.35,10.06,7.43,3.94,1.63,1.72,2.52,2.55,0.86,3.31,12.70,4.96,1.56,3.42,0.84,2.47,1.64,6.66,1.63,0.83,1.73,3.36,3.27,1.69,1.61,2.61,0.87,1.61,1.63,2.44,14.79,0.83,2.56,3.35,4.11,2.43,2.57,4.20,0.83,4.19,0.85,5.02,3.31,2.57,6.62,1.64,10.91,2.57,7.64,1.74,3.38,16.81,1.69,0.82,3.30,0.84,0.84,2.53,1.67,0.81,2.54
