#contig	start	end	unit	top_case_zscore	high_case_counts	all_counts
9	90189867	90190576	AAAAG	15.14	HG00372:15.14	15.14
6	159114283	159115267	AAAG	11.12	HG00372:12.62	11.51,12.62,0.83,1.71,2.62,1.72,1.67,3.49,1.69,1.64,0.83,0.79,1.65
9	7194295	7195950	ATCC	8.75	HG00372:20.19	10.61,6.53,4.89,4.16,8.35,9.98,4.99,4.16,9.18,4.18,6.38,1.67,5.86,8.32,9.36,9.26,5.75,6.52,3.22,4.92,17.07,6.83,12.98,3.29,4.01,9.18,1.62,8.06,20.19,7.74,7.59,9.36,5.18,4.09,5.03,4.95,4.89,6.31,2.54,7.33,8.59,6.72,5.89,6.73,3.40,4.34,8.57,4.97,10.75,2.41,9.91,6.77,2.48,4.69,4.86,5.13,5.03,4.19,4.12,5.66,11.23,10.93,2.50,2.51,5.87,5.11,6.57,8.37,8.42,2.58,4.99,6.54,1.67,8.63,4.20,5.72,2.53,4.03,8.07,6.08,6.96,8.09,5.64,3.28,10.59,1.63,10.25,2.46,4.98,3.43,5.74,3.42,3.31,4.16,1.73,4.19,7.39,6.49,5.11,7.50,7.71,4.94,10.07,6.63,7.45,8.37,9.38,9.43,6.00,7.52,7.83,5.02,5.24,7.47,3.42,9.10,11.99,7.45,9.04,6.83,3.28,5.04,10.29,5.14,9.19,6.75,4.24,10.47,5.92,6.77,10.27,6.72,15.25,8.18,7.42,12.60,3.88,5.02,4.16,8.43,11.11,7.52,2.37,5.69,4.25,11.58,11.64,2.55,8.47
12	9759342	9760318	AAAG	8.01	HG00372:9.25	0.83,1.60,0.84,1.66,1.71,0.82,9.25,0.85,0.81,1.67,1.68,0.86,0.90,0.81,6.96,1.71,0.84
8	144017781	144019277	AC	7.65	HG00372:18.50	3.27,4.90,1.63,3.33,5.84,3.33,3.32,9.16,9.18,9.19,3.19,5.01,2.51,4.99,5.11,7.57,6.58,5.75,5.70,7.24,4.92,3.41,5.13,8.65,5.75,4.81,7.51,0.81,8.86,18.50,5.81,4.22,10.21,1.73,6.54,10.90,7.43,3.26,6.31,9.32,0.81,7.73,8.40,6.73,5.88,8.50,6.94,8.57,11.60,6.62,8.04,2.48,4.23,1.65,5.47,3.24,5.98,10.07,4.19,6.59,6.61,4.32,5.04,4.16,5.86,1.68,10.22,6.57,5.86,8.42,8.61,8.32,4.90,4.16,5.18,10.08,4.90,5.90,6.45,8.07,9.56,6.96,8.90,6.44,5.75,1.63,2.44,2.56,4.11,4.98,2.57,5.74,3.42,8.27,5.00,5.19,3.35,5.75,5.68,5.11,4.17,8.57,10.71,10.91,7.45,11.60,6.70,5.11,3.93,2.57,5.85,7.83,7.53,6.98,11.62,2.57,5.79,7.71,6.62,8.22,8.53,10.67,5.04,5.15,4.28,2.51,5.91,5.94,3.49,5.92,10.99,10.27,10.92,11.02,2.45,3.30,4.20,7.76,10.88,5.82,4.21,9.40,10.03,1.58,6.51,4.25,5.79,8.31,4.24,4.23
12	3854414	3855392	AAAAT	7.07	HG00372:14.30	0.82,20.55,14.30,5.15,0.86,2.36,0.83,23.81
1	31904158	31905504	ACCCTATCCACCCTCTCC	6.93	HG00372:10.93	0.81,1.66,4.17,0.83,0.83,0.83,0.84,0.80,1.67,1.68,0.85,2.52,1.64,0.82,0.85,0.87,4.11,1.60,0.81,0.81,10.93,5.06,0.82,1.68,1.65,2.44,1.58,0.85,0.81,1.68,0.87,5.79,2.41,1.65,5.47,2.43,0.85,2.51,1.89,1.68,0.83,1.70,2.51,0.86,0.82,3.45,0.84,1.63,3.37,0.81,0.90,4.34,4.85,0.81,2.44,1.63,2.56,0.82,0.85,1.65,3.33,3.46,1.67,3.24,1.70,1.67,2.57,0.82,0.83,0.83,1.70,0.79,0.86,3.34,3.48,0.84,0.87,2.49,1.71,1.65,0.86,0.83,0.82,1.71,0.82,0.86,0.84,1.70,1.74,1.69,2.52,0.85,2.45,0.82,0.84,1.55,2.51,0.83,2.51,1.58,4.25,0.83,1.66,0.85
Y	21551131	21552250	ACACATACATACATATATGT	6.23	HG00372:12.62	4.07,0.83,0.83,1.67,9.19,0.80,0.84,15.08,4.25,0.84,16.45,0.85,2.47,1.60,0.83,0.81,12.62,0.82,0.79,0.81,5.04,0.84,0.87,2.48,0.84,0.86,0.86,0.81,0.81,0.82,0.83,1.71,1.62,1.65,0.83,0.85,0.86,0.82,0.84,0.83
4	191030504	191030785	AACCCT	5.05	HG00372:5.05	5.05,5.04
7	2851698	2852781	ACATC	4.93	HG00372:8.41	2.45,3.33,4.25,3.26,8.41,1.69,6.65,15.91
10	71091488	71092525	AAAG	4.78	HG00372:7.57	23.37,8.21,7.57,27.08
17	43253519	43254793	AAAG	4.45	HG00372:23.55	17.95,11.64,13.32,24.73,19.21,15.92,15.81,11.91,13.47,8.96,25.60,23.55,2.55,8.96,5.63,9.08,14.07,11.77,2.50,9.37,13.14,16.75,13.77,0.83,1.65,1.67,14.78,5.83,18.00,17.39,5.81,17.97,17.13,6.83,20.98,7.64,11.98,20.79
1	24591899	24593366	ATCC	4.29	HG00372:10.93	3.27,0.82,0.81,4.99,3.34,1.66,4.99,1.67,0.83,5.01,2.39,1.67,1.68,2.50,5.96,1.68,3.29,9.04,4.07,1.64,4.27,3.42,1.73,9.04,0.80,3.34,4.06,3.22,10.93,2.90,5.06,0.85,1.73,1.68,2.48,1.63,3.94,3.39,1.63,2.58,1.68,4.20,4.25,5.14,1.66,4.14,3.21,6.60,2.54,1.56,1.62,1.71,1.68,2.51,2.47,7.77,4.20,2.50,9.20,1.68,1.70,0.84,0.86,3.33,1.63,5.00,3.45,0.84,5.72,1.69,1.61,2.69,4.34,2.61,6.47,4.03,0.82,4.07,2.56,1.64,1.66,7.72,0.82,2.56,3.31,3.33,0.86,0.84,4.11,4.86,5.11,4.17,4.28,4.94,3.36,0.83,4.19,3.41,1.57,1.71,3.34,3.48,3.35,1.75,4.98,3.42,4.14,2.57,0.83,3.41,3.28,3.36,3.43,2.57,3.34,3.38,0.85,3.49,3.38,1.69,3.42,2.54,2.45,2.47,1.68,3.11,0.84,2.50,0.84,1.71,4.18,2.37,5.69,1.70,3.31,6.65,0.85,1.69
7	156374423	156375321	AG	4.06	HG00372:5.05	1.67,5.05,0.84,1.69,0.81,0.84,0.84,0.83,0.80,0.85,0.84,0.83,2.69,0.85,1.64,1.66,0.82,0.87,0.86,0.86
3	127282194	127283372	ACC	4.05	HG00372:10.93	3.27,0.82,3.26,4.16,4.17,4.99,2.49,0.83,2.50,2.51,0.84,4.19,1.66,4.25,2.52,3.29,3.29,1.63,5.63,4.10,5.12,2.56,3.20,2.50,4.06,2.42,10.93,2.90,2.53,4.25,3.46,3.27,2.52,3.30,4.07,3.15,4.23,5.70,2.58,3.36,3.36,3.40,3.47,5.14,3.31,4.14,4.02,2.48,9.32,4.13,1.56,0.81,5.98,2.52,2.51,0.82,2.83,6.91,2.52,1.66,5.86,3.35,1.70,2.46,5.05,0.86,3.33,4.09,5.83,4.31,0.84,5.90,1.61,4.48,1.74,8.70,2.43,2.42,2.46,0.81,2.44,3.42,3.29,4.98,6.86,2.46,1.71,3.31,3.33,2.59,3.35,3.29,4.86,1.70,2.50,4.28,1.65,7.55,4.14,3.31,2.51,1.70,3.93,6.00,3.34,3.48,3.35,4.15,3.42,2.48,4.28,2.48,2.47,2.56,3.28,4.20,5.15,4.28,4.18,3.38,7.64,0.87,1.69,5.07,0.86,9.24,0.85,1.64,4.12,2.52,0.78,2.51,1.66,0.84,6.84,1.67,2.37,0.81,1.70,4.14,12.47,2.55,3.39
6	26753007	26753865	AAG	3.97	HG00372:6.73	1.63,1.67,1.66,0.84,0.83,0.84,4.11,3.28,0.85,0.82,0.81,6.73,2.59,1.65,1.69,1.56,2.43,2.56,0.82,0.84,1.68,0.84,1.68,1.66,2.59,0.90,3.48,4.03,1.64,0.84,0.84,0.83,2.51,0.86,11.10,0.84,4.29,1.71,1.74,0.86,0.82,0.85,0.83,1.70
6	170483453	170486687	AACAACCCCGAACAGAGAGG	3.83	HG00372:18.50	0.82,4.08,9.77,7.48,1.67,0.83,4.99,3.33,7.51,4.18,7.98,14.20,5.86,4.16,6.81,4.21,7.40,5.70,2.41,7.39,5.12,7.69,10.38,1.64,13.62,0.83,5.68,2.42,18.50,6.78,2.53,5.10,7.78,3.27,13.42,1.65,5.70,10.25,4.23,12.22,5.15,14.28,8.41,8.41,8.50,7.80,16.29,11.60,2.48,5.63,1.65,3.39,8.26,10.94,10.54,9.40,6.71,4.19,4.94,5.66,12.95,17.65,4.16,17.57,10.90,6.81,5.75,14.24,6.74,3.44,11.65,4.90,0.83,1.73,7.56,8.17,3.37,3.23,5.38,2.61,5.22,10.51,6.44,2.46,2.44,0.81,8.54,7.39,3.32,5.15,7.39,8.54,4.96,8.33,0.86,0.84,5.75,4.05,8.51,5.83,6.86,7.42,8.39,11.60,15.74,3.35,4.26,11.79,5.14,0.84,13.93,1.75,1.66,15.41,10.76,7.71,9.93,7.40,9.39,13.96,10.07,5.15,6.00,1.67,5.06,2.55,4.36,4.23,6.77,4.28,4.20,2.54,16.35,8.25,4.20,10.87,8.37,9.98,10.11,12.82,5.85,3.15,4.07,6.79,2.48,10.81,2.55,10.16
15	73668258	73670892	ACAGAGGCTGTG	3.79	HG00372:29.44	21.23,21.22,19.54,15.80,11.68,16.64,15.79,14.99,21.71,21.73,16.75,15.87,16.75,19.14,25.53,10.10,15.63,21.37,20.37,18.51,14.77,12.80,15.38,23.36,14.80,26.44,13.35,17.86,12.09,29.44,20.33,20.24,22.97,15.55,18.79,12.58,13.20,22.80,14.20,16.94,20.37,22.32,15.12,12.61,17.65,17.86,13.87,19.72,19.88,13.23,24.11,17.34,19.48,23.14,24.22,21.08,16.23,12.58,18.43,17.30,19.82,13.82,15.13,8.32,20.08,5.87,14.48,26.28,18.42,14.32,15.49,14.97,16.35,20.82,19.84,16.80,16.33,13.48,17.75,23.30,21.72,12.18,21.83,19.33,21.35,25.26,22.80,14.53,20.54,19.93,12.87,20.51,7.69,12.41,9.99,9.51,25.12,15.60,15.40,18.72,15.83,18.00,22.25,22.66,22.36,14.91,15.07,22.16,20.43,17.14,17.56,26.11,25.93,13.09,10.79,11.13,18.20,19.70,16.55,13.15,23.04,32.01,23.50,16.29,12.85,16.70,15.19,9.34,14.83,16.92,14.38,12.84,12.60,24.58,22.08,28.86,20.16,17.86,20.09,19.13,14.33,17.94,16.72,27.59,20.34,11.89,23.99,19.95,18.67,22.02
17	5765635	5766998	AAAG	3.70	HG00372:12.62	0.83,0.80,11.78,12.62,5.06,14.46,5.87,10.59,7.10,0.84,2.55,9.43,3.31,11.58,0.83,0.86,0.86,3.33,5.72,4.16,1.61,2.69,0.87,0.81,4.89,0.82,9.14,7.72,3.28,2.56,3.31,0.83,2.51,4.93,5.68,6.81,0.83,6.00,0.82,1.66,1.67,7.67,3.93,0.84,1.65,3.29,0.82,2.52,2.57,0.87,0.85,4.20,0.85,2.47,3.15,8.49
10	39110695	39138139	AATGG	3.68	HG00372:15.98	7.35,3.26,12.21,6.65,2.50,5.82,2.49,14.16,10.02,9.19,11.97,5.01,9.21,6.66,5.96,4.21,3.29,4.11,7.33,5.63,3.28,11.95,5.98,5.19,10.69,2.40,5.84,5.68,5.64,15.98,7.74,6.75,20.41,1.73,4.90,3.35,2.48,5.70,4.73,8.47,4.89,6.01,5.04,3.36,3.36,5.95,8.67,6.86,1.66,11.58,4.02,11.56,6.77,14.05,3.91,3.24,2.56,9.23,7.54,3.30,10.38,9.50,5.04,4.99,13.39,6.71,5.96,4.11,1.67,2.53,5.16,10.81,6.54,9.16,6.90,10.08,9.80,6.74,8.88,7.17,6.95,6.96,8.90,3.22,4.11,4.89,6.51,5.98,3.29,6.64,6.86,4.92,1.71,9.10,0.83,3.46,9.21,6.57,5.68,10.21,5.00,6.86,8.24,7.55,2.48,8.28,5.86,1.70,3.93,3.43,6.69,6.96,4.18,4.36,4.15,5.14,4.96,12.85,1.65,5.75,3.41,12.31,5.88,3.43,5.14,5.85,3.38,3.40,6.11,0.85,7.61,5.99,4.20,5.93,4.91,1.65,7.56,2.33,2.51,5.82,6.74,5.98,0.84,2.37,0.81,5.94,9.10,14.97,3.39,5.08
17	9533911	9534834	AAAG	3.60	HG00372:17.66	0.82,1.62,17.66,13.07,14.26,6.73,4.31,10.47,10.58,11.60,1.72
GL000210.1	27296	27620	ACC	3.59	HG00372:12.62	3.27,4.90,10.58,4.16,2.50,5.82,5.82,5.83,4.17,5.85,1.60,5.01,2.51,4.16,5.11,1.68,4.94,4.93,3.26,4.02,4.92,5.97,3.42,3.46,8.22,5.61,5.84,2.43,8.06,12.62,1.94,0.84,4.25,5.18,5.72,4.19,4.95,3.26,3.94,2.54,1.63,1.72,12.60,5.89,7.57,3.40,3.47,1.71,5.80,2.48,3.21,2.48,7.62,9.09,6.25,4.86,1.71,1.68,4.19,8.24,0.94,6.05,5.88,3.33,9.20,5.03,8.52,4.11,5.86,6.74,3.44,8.32,0.82,3.33,6.90,5.04,6.53,0.84,9.68,4.48,4.34,1.74,3.23,8.21,8.96,2.44,3.42,4.93,5.81,7.72,0.82,4.14,5.00,0.86,3.35,8.21,5.68,2.55,1.67,3.43,3.30,3.36,6.63,3.31,1.67,2.56,4.72,2.57,10.03,6.09,0.84,8.73,3.42,2.48,6.85,1.65,0.82,0.85,1.64,1.68,2.57,2.57,6.68,5.06,1.70,2.62,5.08,4.23,7.70,5.88,5.93,2.45,7.42,0.84,3.88,3.35,0.83,1.69,2.56,10.87,5.52,8.14,3.40,3.31,2.49,1.70,3.39
9	104203690	104204409	AAG	3.59	HG00372:5.89	0.82,0.83,3.99,0.85,0.84,2.47,0.81,4.83,0.85,1.60,5.89,0.97,1.68,0.83,1.69,1.72,0.83,0.83,0.83,0.85,1.68,0.84,1.72,0.83,1.63,0.84,0.81,0.90,0.81,1.63,0.85,2.46,0.85,0.83,0.82,0.83,0.84,1.57,1.74,2.51,2.62,2.48,0.86,0.83,0.85,1.64,1.72,0.86,1.67,3.40,0.85,0.86,0.82,0.82,0.84,2.33,0.83,0.79,1.65,1.70
10	96290875	96292101	AAAATAAAATAACAT	3.51	HG00372:8.41	4.07,6.65,0.83,0.83,0.83,3.34,2.51,0.85,0.84,3.29,0.81,0.80,1.64,0.80,1.67,0.81,0.81,8.41,1.94,0.85,0.82,4.95,0.81,1.69,4.20,0.84,4.25,0.87,0.86,0.83,2.48,3.21,1.65,0.83,1.56,5.13,0.94,6.91,3.36,4.18,2.46,5.86,2.58,0.83,4.09,3.33,0.86,2.42,1.79,0.87,2.61,0.81,0.82,0.82,1.64,1.65,1.67,2.59,2.43,1.67,0.82,1.66,1.67,2.36,0.86,2.51,0.87,0.87,0.83,0.86,0.86,2.48,5.97,1.72,4.28,2.53,3.40,3.49,0.86,6.54,0.84,4.19,0.83,1.71,0.84,0.79,3.25,4.96,0.83,0.85
X	59999	60337	AACCCTCACCCT	3.43	HG00372:4.21	0.85,4.21,0.97,0.84,2.60,0.81,0.85,0.86,0.85,0.87,0.82,0.85
5	159484504	159484647	ACGGGAGAGGGAGAGGGAG	3.36	HG00372:3.36	3.36
5	96515486	96516094	AT	3.28	HG00372:3.36	0.81,3.36,0.81,0.85,1.71
4	4773462	4774720	AGCAT	3.22	HG00372:23.55	15.51,9.79,5.70,9.18,1.66,1.67,3.19,12.56,6.81,5.05,3.29,13.04,9.66,3.28,10.38,18.08,13.62,23.55,2.90,4.32,4.90,5.87,10.73,7.62,7.57,5.10,1.73,4.97,16.51,6.77,8.26,10.16,3.42,4.19,4.19,3.30,9.50,8.32,6.69,10.90,5.96,9.21,10.11,9.47,9.15,2.50,1.73,3.36,19.38,22.40,21.72,3.28,4.89,6.51,11.96,24.65,12.46,5.15,4.96,11.66,12.97,8.37,5.75,3.24,0.86,3.30,0.84,5.02,4.26,3.14,0.86,0.84,2.62,10.79,4.28,1.64,13.66,11.49,6.72,4.18,4.24,6.98,12.69,7.70,4.20,8.47,7.36,10.72,7.56,11.64,9.21,8.95,2.55,9.10,2.49,3.39,6.77
10	39142240	39154889	AATGG	3.20	HG00372:13.46	4.90,4.08,4.89,8.31,4.17,4.16,5.82,9.16,7.51,11.70,4.79,8.35,9.21,2.50,6.81,5.05,6.58,4.11,6.52,4.02,8.21,5.12,5.98,6.06,5.75,3.20,5.01,9.74,4.84,13.46,0.97,9.28,6.80,0.86,3.27,5.03,5.78,4.07,4.73,5.08,0.81,3.43,5.04,7.57,2.52,10.20,14.74,4.29,4.97,4.14,5.63,4.95,8.47,2.48,1.56,2.43,2.56,3.36,9.22,2.47,5.66,4.32,5.88,2.50,4.18,9.23,5.96,3.29,5.02,5.05,1.72,7.49,2.45,4.16,9.49,5.88,2.45,1.69,10.49,3.58,10.43,5.22,4.85,3.22,4.93,4.07,7.33,7.69,4.93,6.64,6.01,6.56,6.62,4.16,4.32,5.02,4.93,6.49,3.40,5.83,7.71,6.59,3.36,4.14,4.14,8.37,5.97,3.14,6.00,3.34,2.61,0.84,9.60,1.66,3.42,10.76,10.28,1.65,4.93,2.56,4.93,5.04,3.43,10.28,6.68,3.38,2.55,4.36,2.54,8.46,4.28,2.52,7.63,3.27,0.82,2.52,1.55,3.35,4.16,5.06,3.42,8.36,4.07,4.25,10.75,7.48,5.94,1.69
10	38772394	38818774	AATGG	2.96	HG00372:123.64	88.17,45.70,74.90,87.31,36.72,59.07,64.83,62.46,96.86,100.29,54.24,64.31,95.49,60.73,104.65,49.65,53.46,82.20,51.34,53.13,59.09,62.29,84.58,72.67,82.20,51.28,80.96,51.13,41.90,123.64,66.80,106.25,129.29,38.01,59.65,85.54,56.10,50.48,37.86,53.35,66.01,84.14,89.04,80.71,47.08,106.30,86.72,67.72,77.04,102.57,45.00,70.17,99.08,79.34,46.89,41.35,27.33,91.45,108.91,42.85,67.02,71.68,127.78,52.40,105.43,62.06,81.76,42.71,73.69,46.32,98.96,110.64,57.21,89.09,108.68,52.93,71.86,64.87,87.14,84.24,59.08,61.79,53.37,46.72,46.80,52.16,120.50,74.34,25.47,61.45,75.50,92.72,29.04,68.66,64.12,57.05,61.97,88.70,84.32,64.67,65.81,93.41,92.30,62.94,81.17,93.60,119.72,48.59,40.08,71.99,66.88,54.84,56.05,76.82,106.23,67.62,74.47,107.93,24.82,79.75,70.84,60.75,58.76,86.62,51.41,62.64,60.76,72.16,80.26,38.91,80.34,61.61,52.94,83.05,50.70,36.28,53.77,38.82,79.54,42.42,59.84,93.13,51.82,37.06,63.45,37.37,108.37,131.36,53.47,86.37
16	33887613	33887709	ACTCC	2.95	HG00372:5.89	3.33,0.83,0.83,2.51,0.80,0.84,0.85,3.37,0.82,2.47,1.61,0.82,0.85,1.64,0.83,1.62,1.61,5.89,1.94,0.85,0.86,1.63,0.84,3.26,0.79,1.69,1.72,1.68,2.60,1.71,0.83,1.65,0.83,2.54,0.81,1.71,0.84,3.35,0.82,0.86,0.84,1.67,3.41,0.86,1.66,1.63,0.83,2.45,0.84,1.79,2.61,0.82,0.81,1.63,0.85,0.86,0.85,1.65,0.83,0.84,0.82,1.62,2.50,0.84,0.84,0.83,2.57,0.83,2.57,2.48,1.64,0.85,0.82,1.68,3.43,0.86,0.85,2.62,2.54,1.69,0.86,0.84,2.54,0.82,4.20,0.78,0.84,0.83,0.84,0.85,0.84,0.85
15	90205939	90207847	ACAGAGTCAGTGCCAGGGCC	2.94	HG00372:40.37	21.23,30.19,29.31,39.08,18.36,27.46,24.10,34.98,26.72,24.24,28.72,23.39,29.32,23.30,29.78,15.99,16.45,22.19,27.71,28.98,19.70,19.63,22.21,30.28,30.41,29.65,25.87,25.97,26.59,40.37,46.47,21.08,28.07,24.19,31.05,21.80,23.93,20.36,34.70,29.64,27.71,22.32,26.04,26.06,20.18,29.76,29.48,24.86,30.65,23.99,18.48,17.34,11.86,26.45,29.69,34.86,30.75,25.17,17.59,18.13,20.77,15.54,21.86,17.47,25.94,23.48,30.66,36.14,30.15,19.37,21.51,38.27,18.80,34.97,20.70,18.48,27.76,14.32,29.85,17.03,17.38,20.02,31.54,28.19,13.14,25.26,15.47,18.80,19.72,27.41,26.60,27.90,20.50,25.64,20.82,32.85,23.45,16.43,35.67,28.93,32.49,35.99,31.32,26.85,38.93,22.36,19.26,24.72,21.22,16.28,22.57,24.37,30.95,16.59,25.73,19.69,20.69,22.27,28.96,37.82,34.99,36.12,25.18,26.59,23.13,13.36,29.53,17.83,23.56,28.76,29.60,12.84,25.21,16.95,22.08,30.51,19.32,35.71,40.19,38.26,29.50,33.32,20.06,25.23,34.98,17.83,22.34,31.59,34.80,18.63
11	16581263	16582798	AAACATATATGTACGTAT	2.91	HG00372:18.50	9.80,15.50,8.96,14.14,6.68,8.32,9.14,5.00,15.86,3.34,3.19,11.69,3.35,5.82,5.11,7.57,10.69,3.29,2.44,9.39,11.11,5.19,13.97,9.61,12.52,1.62,12.89,18.50,4.84,5.06,8.51,5.18,4.90,5.03,3.30,13.41,2.54,3.26,9.44,0.84,15.97,4.20,3.40,27.75,11.14,4.97,9.10,5.63,7.43,2.54,7.44,14.85,12.97,7.69,5.87,6.59,16.99,4.32,4.20,18.30,2.51,7.55,2.55,1.64,8.37,2.58,0.83,1.63,4.16,9.49,2.52,11.43,3.37,16.14,6.27,6.08,7.83,8.09,4.03,13.14,4.89,12.21,10.25,6.57,8.58,13.95,5.98,9.10,8.64,0.84,6.57,12.16,11.06,1.71,0.82,4.20,6.63,3.31,10.88,13.64,4.72,15.43,6.69,6.96,2.51,0.87,0.83,5.99,9.10,4.28,9.87,3.36,0.86,2.57,12.53,5.91,3.49,4.23,1.69,0.86,1.69,4.91,4.95,10.08,6.99,6.70,2.50,0.84,6.69,2.37,17.83,8.27,1.66,3.39,8.47
Y	58971759	58979756	AATGG	2.89	HG00372:37.85	20.41,13.06,21.98,28.27,15.02,21.63,17.45,16.66,20.04,26.74,19.14,20.05,34.34,26.62,23.82,15.99,13.16,13.97,21.19,12.88,18.88,29.01,19.65,26.82,18.08,13.62,22.54,18.67,11.28,37.85,26.14,19.39,23.82,9.50,17.98,26.00,18.15,16.29,14.99,19.48,29.34,16.31,21.00,15.97,15.13,19.56,31.22,22.29,14.08,37.22,16.88,28.07,25.41,19.83,14.85,12.97,5.98,26.85,29.32,5.77,13.21,25.91,35.31,14.14,25.10,23.48,15.33,23.82,23.45,13.47,28.40,29.95,13.89,33.31,24.15,15.12,19.60,13.48,26.63,18.82,24.33,16.53,25.88,13.69,22.17,10.59,18.73,21.36,13.97,18.27,19.73,26.26,10.25,19.03,14.99,16.42,25.96,29.57,28.38,28.93,29.99,20.57,20.60,28.53,19.05,19.88,26.79,15.34,20.43,15.43,21.74,25.24,24.26,20.95,29.05,18.83,15.72,37.69,11.58,13.15,33.29,16.42,31.06,22.30,18.85,28.39,19.41,27.16,26.17,18.61,26.22,13.69,18.49,38.98,18.81,11.54,23.52,4.66,10.88,12.48,19.38,28.20,11.70,11.04,17.90,11.04,28.95,19.95,22.07,22.02
19	57252968	57254143	AAAG	2.84	HG00372:8.41	4.07,0.83,1.66,1.66,2.50,0.83,1.60,0.84,4.19,1.70,5.05,8.22,3.26,2.41,3.28,1.71,1.73,2.40,3.34,0.81,8.41,2.59,1.65,0.81,3.15,0.85,3.26,0.86,6.86,5.79,8.04,4.27,2.59,0.84,4.99,1.67,0.85,3.35,0.86,0.83,1.74,6.09,1.62,2.42,5.75,4.89,5.70,1.71,4.10,2.56,0.83,5.83,5.68,0.83,2.51,3.14,1.67,0.83,2.57,0.83,2.57,1.67,1.71,0.84,1.67,1.66,1.69,3.25,2.48,0.83
13	113311136	113312531	AAGGAGGCCCCACCAGG	2.70	HG00372:15.98	5.71,6.53,12.21,19.96,9.18,9.98,2.49,8.33,1.67,4.18,7.98,6.68,5.03,4.99,13.61,1.68,11.52,5.75,2.44,6.44,0.82,0.85,6.83,10.38,10.69,1.60,15.02,6.49,7.25,15.98,3.87,0.84,0.85,5.18,6.54,10.06,9.08,8.14,2.37,8.47,10.59,10.30,8.40,7.57,6.73,1.70,3.47,8.57,9.11,3.31,12.86,9.91,0.85,3.31,4.05,3.42,8.39,5.03,4.94,6.61,8.64,4.20,3.33,4.18,5.03,6.81,3.29,10.89,10.95,13.77,4.99,1.63,5.83,1.73,7.56,4.90,10.95,8.07,6.27,13.90,9.57,4.04,7.25,4.93,2.44,16.28,13.67,1.64,4.15,10.30,9.03,3.42,8.27,5.83,5.19,15.07,12.32,4.05,6.81,0.83,0.86,4.94,8.39,3.31,7.45,3.35,2.56,3.93,1.71,0.84,1.74,6.98,4.98,4.28,3.31,1.71,7.45,0.82,10.24,3.28,5.88,4.29,6.00,1.67,1.69,8.49,9.60,1.69,3.38,7.70,0.84,1.69,6.54,5.77,3.36,1.55,10.88,4.16,1.69,5.13,2.51,3.94,3.25,1.70,2.48,1.66,2.55,2.54
18	72723484	72724864	ACACATAGTGTATGT	2.68	HG00372:12.62	6.53,5.70,2.49,0.83,6.66,0.83,5.01,6.69,0.80,5.01,2.51,0.85,3.37,1.65,6.06,4.01,1.67,3.25,4.03,12.62,1.94,3.40,5.18,5.72,0.83,2.54,7.56,0.84,7.72,3.31,9.08,1.69,0.83,4.69,0.85,5.03,6.70,0.82,9.50,5.88,1.66,0.82,10.05,10.11,3.44,5.82,0.82,0.86,2.45,1.69,2.61,0.81,0.82,4.89,5.98,0.82,7.72,6.56,0.83,2.59,0.84,6.57,1.67,6.71,0.83,1.67,4.26,6.29,2.57,0.84,1.67,7.47,0.86,9.10,6.00,7.45,12.33,2.46,14.58,5.14,0.84,0.85,2.62,1.69,7.61,7.70,0.84,13.08,3.30,3.88,8.37,4.16,4.21,23.07,7.52,8.67,7.32,2.55,0.83,1.69
11	123327187	123328472	AAAG	2.66	HG00372:16.82	1.63,7.52,19.94,13.36,14.14,11.91,5.89,3.29,10.59,2.46,4.03,16.82,3.87,4.22,9.81,6.71,8.25,10.59,13.41,13.85,2.52,7.57,8.50,1.73,7.72,10.77,2.34,3.36,5.18,4.99,8.37,6.02,9.49,19.38,8.96,0.87,6.52,9.40,8.22,14.95,13.73,6.56,14.52,14.89,22.48,4.19,11.79,5.90,6.51,0.83
10	108009872	108011101	ACACACATATCTATATGT	2.59	HG00372:6.73	1.63,1.66,1.66,0.83,0.83,0.84,1.60,1.67,4.99,0.85,2.47,0.80,0.85,0.87,1.64,8.12,6.73,2.90,1.69,2.59,1.63,1.65,0.81,0.79,0.85,2.52,1.68,2.48,2.41,2.48,0.83,0.78,2.43,2.52,1.73,0.84,1.67,1.67,2.53,1.66,1.67,0.84,4.03,4.48,2.43,2.46,4.89,0.85,0.83,0.82,0.83,2.46,0.83,1.71,2.51,5.86,0.87,5.81,0.86,1.65,0.86,1.64,5.97,0.82,0.86,0.84,2.62,0.85,0.85,0.86,3.36,2.52,0.83,1.71,1.63,0.85,0.83,0.85,0.85
Y	13649665	13654612	AATGG	2.53	HG00372:5.05	0.82,4.07,2.49,0.83,2.50,1.67,0.80,3.35,0.85,0.84,0.85,1.73,1.64,0.83,2.42,5.05,1.70,1.63,0.81,1.68,1.65,0.80,2.48,0.84,3.36,1.67,1.72,1.63,1.63,0.81,2.61,2.42,1.63,2.44,0.85,1.64,1.66,0.86,0.83,1.67,1.62,1.65,1.67,0.84,1.66,1.65,0.83,3.38,1.71,0.84,2.48
12	127097026	127097027	AGAT	2.52	HG00372:2.52	2.52
2	43742562	43742882	AATATATTATATAT	2.51	HG00372:2.52	0.84,2.52,0.78
10	39090755	39099078	AATGG	2.48	HG00372:5.89	0.82,1.63,0.81,2.49,2.50,0.83,0.83,1.67,2.51,0.80,1.67,1.66,0.85,3.37,1.64,0.81,0.80,1.64,1.71,2.56,0.82,1.60,2.50,0.81,5.89,0.97,1.69,4.25,1.73,1.63,0.84,2.48,0.81,2.44,1.72,1.68,2.52,0.85,1.73,0.86,0.83,1.65,2.41,1.65,1.69,3.31,0.81,1.68,1.68,2.47,1.73,1.68,0.83,2.51,1.68,0.85,0.82,0.84,1.68,1.72,2.50,0.86,0.84,1.61,1.79,1.74,0.87,0.81,1.61,0.82,2.44,1.71,0.82,2.49,2.57,2.46,0.85,2.48,1.67,0.86,0.82,2.43,0.83,0.86,0.82,3.36,2.48,1.67,1.70,3.34,3.48,0.84,3.49,3.32,1.71,1.71,3.29,4.27,0.84,2.57,0.84,1.70,1.74,1.69,4.23,2.57,2.52,2.47,2.52,0.84,0.83,1.69,1.67,0.81,0.85,4.14,1.66,0.85,2.54
10	42354934	42383231	AATGG	2.40	HG00372:329.70	280.83,257.04,307.76,270.24,179.45,295.35,194.49,228.18,242.98,361.06,168.31,206.30,313.27,198.84,219.52,180.10,206.45,191.51,202.11,179.50,196.16,189.43,290.48,278.57,272.91,213.12,277.10,291.38,162.78,329.70,255.57,258.03,273.90,94.17,217.35,218.03,207.09,227.18,224.79,214.25,267.30,240.39,239.41,226.15,205.96,282.32,217.66,271.75,226.99,290.33,248.32,265.84,277.77,217.35,211.77,141.06,152.90,303.70,245.47,173.05,206.71,322.12,325.34,208.77,313.79,200.44,245.27,156.04,262.11,174.32,296.01,310.29,204.32,294.76,263.08,205.85,236.80,199.68,251.74,337.85,291.95,227.13,298.39,158.69,228.27,185.82,210.88,271.72,234.95,261.60,189.62,242.89,158.85,211.76,128.23,264.51,262.12,273.49,344.58,273.14,216.59,263.08,256.30,258.46,265.03,241.03,275.45,163.67,240.50,215.12,158.00,150.59,186.56,231.33,291.31,260.20,270.58,266.41,159.68,277.88,226.17,180.60,195.58,141.50,155.93,140.30,203.36,306.45,167.51,269.86,221.57,187.40,195.78,279.67,236.33,120.39,116.78,223.58,199.27,171.35,178.66,270.00,216.47,212.87,206.63,142.68,292.85,266.89,173.98,132.94
2	67000040	67001336	AAAG	2.40	HG00372:6.73	2.44,0.83,1.67,3.33,0.83,3.34,5.03,1.70,3.37,4.11,0.81,0.80,6.83,1.71,0.87,1.67,0.81,6.73,2.90,3.40,5.03,2.48,0.81,1.58,3.39,2.58,3.36,0.84,3.36,3.40,0.87,4.29,0.83,1.65,2.48,0.85,1.65,2.43,5.98,2.51,2.51,0.84,2.55,1.64,1.67,1.68,4.30,3.33,3.27,2.50,0.84,0.84,1.61,0.90,1.62,1.64,0.81,2.56,1.64,1.72,0.85,2.48,1.67,0.86,1.67,2.46,0.81,0.85,1.71,0.82,1.68,1.66,1.66,2.56,1.57,2.57,2.51,1.75,0.86,2.48,1.71,1.71,5.04,2.57,2.51,2.53,1.74,2.54,1.71,0.84,0.85,0.82,1.65,1.67,5.82,1.69,1.71,1.67,0.81,1.70,0.85
7	102800039	102800456	AATGGTGAGAGGCACTGGGG	2.40	HG00372:4.21	4.08,6.66,4.81,1.61,4.21,1.61,4.19,1.68,2.55,1.68,0.87
1	32010669	32012237	ATCC	2.32	HG00372:13.46	7.35,7.34,6.51,4.16,4.17,1.66,6.65,3.33,8.35,7.52,3.99,3.34,3.35,9.98,5.96,5.89,5.76,4.11,5.70,6.44,4.92,5.12,5.98,8.65,9.04,10.42,7.51,5.68,8.06,13.46,5.81,6.75,12.76,4.32,8.17,6.71,3.30,8.14,1.58,8.47,3.26,2.58,0.84,5.04,2.52,6.80,7.80,6.00,6.63,10.75,4.82,8.26,11.01,8.26,5.47,4.05,3.42,7.55,12.57,5.77,5.66,6.05,7.57,7.49,6.69,5.03,4.26,5.75,8.37,5.05,3.44,4.99,4.90,7.49,7.76,9.24,5.72,4.21,5.65,5.38,6.95,6.96,4.85,4.03,4.11,6.52,9.77,5.13,5.75,6.64,4.29,9.03,4.27,11.58,5.83,6.92,8.37,4.93,7.30,7.66,5.00,6.86,4.12,2.52,10.77,9.11,4.19,4.26,4.72,5.14,6.69,4.35,6.69,10.48,8.30,13.69,10.76,6.85,5.79,5.75,11.95,4.93,3.36,0.86,8.57,4.18,5.06,5.94,4.36,12.69,5.92,7.70,6.72,8.47,4.91,9.07,5.04,7.76,3.35,2.50,4.21,7.69,2.51,6.31,8.14,8.49,8.27,10.81,5.94,8.47
1	67095816	67096991	AAAG	2.30	HG00372:5.89	0.81,4.16,0.83,2.50,3.34,2.39,0.84,0.84,1.70,0.84,4.11,1.64,3.26,0.85,2.60,5.89,0.82,0.83,2.52,0.84,2.49,0.80,0.83,3.39,0.83,4.86,0.84,0.82,0.86,0.84,2.51,0.82,3.35,1.72,0.83,0.81,2.44,0.82,4.27,0.83,0.82,0.81,1.67,2.57,1.75,4.15,1.71,1.65,3.41,0.82,2.57,1.69,3.38,1.69,1.64,0.82,4.99,1.58,1.63,1.70,2.48
4	130592032	130593103	AAGG	2.29	HG00372:6.73	0.83,6.66,5.82,4.11,0.82,3.41,3.29,1.67,6.73,0.97,3.39,0.81,0.83,3.39,1.89,3.27,1.68,2.42,3.29,0.86,1.71,1.65,1.68,3.31,2.56,3.14,2.61,2.49,6.85,0.83,7.55,1.72,3.43,3.38,2.54,1.71,0.84,3.42,0.81,9.10
10	38401245	38402009	ACCGAG	2.25	HG00372:4.21	2.45,1.63,1.67,2.39,3.29,1.71,4.21,3.78,1.68,4.16,2.51,0.87,0.83,0.84,2.56
11	1377152	1378436	AG	2.08	HG00372:8.41	3.27,1.63,2.44,3.33,1.67,1.66,4.99,4.16,2.50,6.69,4.79,2.51,5.03,0.83,2.55,0.84,0.82,3.29,1.63,1.61,1.64,2.56,2.56,2.60,4.93,2.40,2.50,0.81,4.03,8.41,0.97,0.84,1.70,0.86,6.54,2.52,2.48,7.33,2.37,2.54,2.44,5.15,4.20,1.68,5.88,2.55,2.60,4.29,1.65,2.41,1.65,1.69,3.31,4.69,2.43,2.56,1.68,1.68,0.82,1.89,2.59,2.52,3.33,2.51,2.52,0.85,1.64,5.02,0.84,7.74,3.33,2.45,0.86,0.84,3.27,0.84,3.23,1.79,3.48,4.35,1.62,2.42,6.57,2.44,0.81,2.56,3.29,3.32,2.46,1.71,4.14,2.50,4.32,2.51,1.64,1.62,2.55,0.83,4.28,1.65,2.48,3.31,0.84,3.41,3.14,1.71,3.48,1.67,1.75,1.66,5.14,5.79,4.28,2.48,4.93,6.83,1.64,4.20,4.29,4.28,5.01,2.53,1.70,8.72,0.85,0.85,3.42,1.68,5.93,4.09,1.65,0.84,0.78,0.84,3.33,5.13,2.51,0.79,3.25,3.40,5.79,9.15,3.39,4.23
21	34563116	34564478	AACC	2.07	HG00372:9.25	3.27,8.98,1.63,1.66,4.17,4.99,3.32,4.16,1.67,4.18,3.19,4.18,2.51,0.83,3.40,5.05,5.70,2.41,5.75,9.39,5.13,5.19,4.11,1.60,7.51,4.06,2.42,9.25,4.22,3.40,3.46,3.27,2.52,2.48,2.44,3.15,4.23,3.26,4.29,4.20,3.36,1.68,2.55,1.73,2.57,3.31,2.48,0.80,4.13,5.93,3.31,5.47,3.24,3.42,3.36,2.51,4.72,3.45,4.20,1.66,2.51,6.71,4.26,2.46,0.84,2.58,4.99,5.72,5.00,7.76,3.36,5.72,0.84,1.61,7.17,1.74,2.61,4.04,3.22,1.64,4.89,7.33,2.56,4.15,2.57,1.64,3.42,4.96,1.67,2.59,1.67,0.82,3.24,5.11,6.66,6.86,7.42,2.52,3.31,0.83,5.86,3.93,3.43,3.34,6.09,0.84,2.62,3.32,4.28,1.65,1.71,1.65,0.82,3.41,4.93,5.04,3.43,7.71,1.67,1.69,4.24,3.49,2.54,4.23,5.13,2.52,2.54,3.27,4.12,5.04,3.88,8.37,2.50,3.37,3.42,1.58,2.44,1.70,3.31,6.65,5.94,3.39
10	121050546	121052242	AGG	2.05	HG00372:15.14	7.35,5.71,5.70,8.31,7.51,14.98,12.47,1.67,8.35,12.54,5.58,5.01,5.03,7.49,5.11,11.78,2.47,8.22,7.33,3.22,2.46,7.68,8.54,12.98,2.47,5.61,10.85,12.99,7.25,15.14,7.74,10.96,5.95,10.37,6.54,3.35,8.25,4.89,7.89,7.62,5.70,8.59,8.40,7.57,5.88,6.80,6.94,17.15,9.11,8.27,8.04,6.60,10.16,10.74,7.81,9.73,6.83,10.07,5.86,9.89,2.83,11.23,4.20,9.98,5.86,9.23,4.26,7.39,9.21,5.05,7.74,4.99,12.26,5.83,3.45,5.88,6.53,9.27,8.88,13.44,6.08,7.83,7.28,7.25,11.50,6.52,8.96,5.98,7.39,11.63,6.01,14.77,5.98,7.44,7.49,6.92,10.89,9.86,9.73,6.81,13.33,6.00,9.07,5.87,5.80,9.94,5.02,7.67,7.07,5.14,6.69,3.48,6.69,6.98,8.30,7.70,1.65,12.85,9.93,9.04,11.10,9.85,11.75,10.29,6.85,5.01,9.28,1.70,9.60,2.54,12.69,8.56,10.92,10.17,15.54,3.30,5.04,6.21,7.54,7.49,10.11,11.11,10.03,7.88,8.14,7.64,3.31,8.31,3.39,5.93
14	76765416	76766355	AAG	2.02	HG00372:10.09	3.26,4.99,3.34,11.17,0.81,2.47,10.09,1.65,27.35,20.92,10.77,0.79,5.86,1.63,1.70
4	4704607	4705073	AAGG	2.02	HG00372:4.21	0.83,4.21,4.29,1.68,4.34,0.86,3.31,0.83,0.83,3.33,4.34,0.86,4.11,0.83,0.86,0.87,0.78,0.84
5	73032559	73034112	AAAAG	1.96	HG00372:6.73	0.82,1.66,0.83,2.50,3.34,0.80,2.51,0.83,2.55,4.93,1.61,0.85,0.85,0.87,4.81,1.62,6.73,0.85,0.86,0.83,3.26,4.73,0.85,0.86,0.84,1.68,0.84,4.25,2.56,0.84,0.84,0.86,0.84,1.66,0.84,2.58,3.27,5.00,2.59,0.84,0.82,0.81,1.79,0.81,0.81,0.81,4.11,1.72,0.85,0.83,2.59,2.51,2.46,8.11,3.40,1.71,4.94,0.83,0.83,4.26,0.84,1.66,5.14,0.85,0.86,0.84,2.55,0.87,2.57,5.88,0.82,0.84,1.67,0.83,3.25,1.65,5.93
17	54869571	54870714	ACC	1.95	HG00372:19.34	14.69,17.14,13.84,14.14,13.35,11.65,7.48,5.00,10.02,9.19,13.56,9.19,15.08,13.31,11.91,8.42,16.45,9.04,8.15,13.68,11.49,14.51,13.67,12.11,9.04,8.81,10.02,15.42,12.89,19.34,9.68,10.96,15.31,10.37,11.44,4.19,12.38,9.77,17.35,8.47,8.96,10.30,15.12,9.25,16.81,7.65,23.41,12.00,10.77,11.58,8.04,9.91,10.16,15.70,17.19,8.11,10.25,5.03,17.59,14.01,8.50,12.95,10.93,5.82,8.37,12.58,9.37,14.78,15.07,6.74,5.16,13.31,8.99,11.66,4.31,12.60,14.70,5.90,14.52,8.96,13.03,9.57,6.47,8.86,8.21,18.74,16.28,6.84,13.97,12.46,8.58,12.31,10.25,7.44,10.82,7.78,15.91,5.75,10.54,9.36,9.16,13.71,14.01,11.75,11.60,17.39,8.37,5.11,15.72,11.14,5.85,10.45,15.06,5.24,4.98,7.70,12.41,17.99,7.45,11.51,13.66,15.60,11.75,2.57,3.43,12.53,10.13,8.49,7.85,13.54,5.07,9.41,10.92,9.32,13.90,12.37,11.76,17.86,12.56,10.81,12.64,8.54,10.03,14.98,17.90,10.19,17.37,9.15,11.88,14.39
15	42848903	42849485	AAAATATATATTATATAT	1.92	HG00372:8.41	3.27,4.08,6.51,1.66,3.34,4.16,0.83,0.83,0.83,1.67,7.98,1.67,3.35,4.16,0.85,6.58,3.29,2.44,1.61,4.10,2.56,2.56,1.73,1.64,5.61,5.01,8.93,2.42,8.41,0.84,0.86,4.90,2.52,4.13,4.07,3.15,3.39,1.63,6.87,3.36,3.36,0.84,0.85,0.87,2.49,1.65,0.80,0.83,3.39,2.48,4.69,2.43,1.71,4.19,1.68,1.65,0.94,2.59,9.25,4.99,6.69,3.35,1.70,2.46,0.84,3.37,0.83,1.63,6.66,0.86,1.68,3.27,1.69,0.81,3.58,0.87,2.43,2.42,1.64,3.26,2.44,2.56,1.64,3.32,0.86,4.10,0.85,2.48,1.67,1.73,6.70,3.29,0.81,4.25,4.12,0.83,0.84,0.85,0.79,0.86,0.84,1.74,3.49,0.83,1.65,6.00,3.31,0.82,1.71,3.28,1.68,2.57,0.87,4.23,0.86,3.36,3.27,4.66,1.66,5.06,4.27,0.84,5.52,4.07,0.83,0.83,2.55,0.85
17	31274361	31275441	AAGG	1.92	HG00372:5.89	4.08,3.26,2.50,0.84,0.82,0.87,1.64,0.81,0.81,5.89,4.22,0.86,1.63,1.68,1.63,3.94,3.26,0.86,0.84,1.70,5.14,0.83,1.89,0.84,1.66,1.67,1.64,3.35,1.73,5.72,0.90,1.74,2.43,1.61,0.81,0.85,2.46,1.70,1.71,1.67,5.14,0.87,0.83,1.65,0.83,0.82,1.64,0.84,1.70,4.28,0.84,0.85,0.82,5.02,3.34,0.85,0.83,2.49
2	40426775	40427787	AAATATATATATAT	1.92	HG00372:4.21	4.08,1.66,0.83,1.67,0.84,1.60,0.84,0.85,3.29,0.82,2.41,1.64,0.85,0.87,0.82,0.83,0.81,4.21,1.63,1.65,2.54,1.56,0.81,0.85,0.84,0.84,6.59,0.94,4.99,0.84,1.70,1.64,3.44,0.84,0.87,1.61,0.85
5	61893537	61894891	AAAG	1.89	HG00372:17.66	10.82,14.71,8.86,17.66,16.16,0.87,1.56,16.23,13.44,4.04,14.99,8.37,14.07,11.72,12.64
16	25884180	25885593	ATCC	1.78	HG00372:9.25	4.08,0.82,0.81,4.16,4.17,4.16,4.99,5.00,10.02,6.69,5.58,1.67,5.03,7.66,5.05,4.11,4.93,6.52,6.44,2.46,4.27,5.13,5.19,2.47,1.60,4.17,3.25,3.22,9.25,2.90,5.90,1.70,2.59,3.27,3.35,1.65,0.81,3.94,5.08,2.44,4.29,4.20,3.36,3.36,0.85,2.60,4.29,1.66,5.79,5.63,4.13,3.39,7.44,2.34,7.30,1.71,5.03,3.35,3.30,1.89,5.18,4.20,6.65,7.53,4.19,5.11,4.11,8.37,5.89,6.02,4.16,1.63,4.16,6.90,3.36,1.63,3.37,2.42,0.90,2.61,6.09,4.04,1.61,2.46,4.89,4.07,4.27,1.64,4.98,5.15,4.92,3.42,4.96,6.66,3.46,5.75,2.43,7.66,1.67,4.28,5.77,0.84,1.66,7.45,0.84,1.70,3.14,3.43,0.84,3.48,5.02,4.36,3.32,1.71,5.79,4.28,2.48,3.29,3.41,3.28,6.72,4.29,2.57,4.18,5.06,2.55,2.62,2.54,5.07,4.28,5.04,4.24,4.09,4.12,4.20,3.88,1.67,2.50,0.84,5.13,1.67,1.58,8.14,5.10,4.14,3.33,7.64,7.62
12	71431889	71432777	AAAG	1.78	HG00372:2.52	0.82,0.83,0.85,0.80,0.82,0.82,0.83,2.52,0.82,1.65,0.84,0.87,0.86
21	10084919	10084998	AATGCAATGGAATGGAATGG	1.77	HG00372:3.36	0.83,1.67,0.83,1.60,1.68,2.47,0.80,0.81,3.36,0.85,2.41,0.78,0.81,3.41,1.68,0.82,0.86,1.61,0.81,0.85,0.86,1.65,0.84,0.83,0.86,0.83,0.85,0.85,0.86,0.78,1.67,0.84,1.69
6	73188164	73189509	AAGCAGGAATGAGGCGCGG	1.74	HG00372:6.73	1.66,1.67,0.83,1.66,1.67,2.50,0.84,3.35,0.84,0.82,0.82,4.92,0.85,0.85,1.64,0.80,0.81,6.73,2.53,0.85,0.83,3.94,0.85,0.81,0.86,1.68,1.68,0.85,1.71,0.83,1.65,0.80,1.65,0.85,0.83,5.13,0.82,0.94,5.18,5.04,1.68,0.82,3.48,3.48,1.62,3.26,3.26,0.85,0.82,1.66,1.72,0.85,1.67,4.17,0.86,4.94,0.83,1.66,1.67,2.36,1.71,2.51,3.48,1.67,3.32,7.70,1.65,0.86,0.83,3.29,3.36,0.86,9.19,1.70,2.62,2.54,0.86,0.84,5.93,0.82,5.04,1.55,0.84,2.53,2.56,5.85,2.37,4.88,2.55,4.16,0.85,3.39
16	33898508	33900528	AATGG	1.73	HG00372:17.66	7.35,9.79,9.77,9.15,8.35,5.82,7.48,8.33,15.03,12.54,7.98,10.02,9.21,4.99,11.06,8.42,12.34,9.86,7.33,9.66,11.49,4.27,12.82,11.25,8.22,5.61,9.18,14.61,3.22,17.66,13.55,7.59,9.36,8.64,7.35,9.22,4.95,4.89,13.41,6.77,5.70,8.59,13.44,5.89,10.09,8.50,6.94,7.72,10.77,5.79,6.43,5.78,4.23,19.01,14.85,8.92,9.40,9.23,12.57,9.06,11.33,11.23,15.13,9.98,15.90,17.61,13.63,1.64,6.70,6.74,10.33,6.66,8.17,14.16,9.49,10.08,10.62,4.21,13.72,6.27,6.08,9.57,3.23,8.86,9.03,8.96,12.21,5.98,4.93,10.80,6.01,3.28,10.25,4.96,7.49,10.37,14.24,8.21,8.11,10.21,12.50,5.14,16.48,11.75,5.80,10.77,13.40,5.11,11.79,7.71,10.87,11.32,13.39,7.86,4.15,7.70,15.72,17.13,4.14,4.93,16.22,6.57,3.36,11.15,6.85,5.85,7.59,8.49,10.47,8.46,11.84,15.40,10.08,12.71,14.72,7.42,14.28,13.20,9.21,15.80,8.43,12.82,7.52,8.67,4.88,6.79,9.10,20.79,7.64,7.62
8	91244859	91246308	AAATATATATAT	1.70	HG00372:9.25	2.45,6.53,2.44,4.17,7.49,4.16,2.50,5.01,5.01,3.99,2.51,6.70,3.33,2.55,2.52,3.29,4.07,3.22,4.10,2.56,0.85,4.33,0.82,5.61,5.01,4.06,1.61,9.25,1.94,3.37,3.40,0.86,2.52,1.65,1.58,6.77,2.44,0.86,2.52,2.52,4.25,0.87,2.57,1.61,0.83,0.85,2.48,7.81,4.27,4.19,7.54,6.59,5.66,4.32,2.52,4.16,5.02,4.19,1.70,3.29,5.02,5.05,2.58,3.27,4.31,2.52,5.72,6.74,3.23,4.48,3.48,2.61,0.81,8.06,4.11,4.07,3.26,2.56,4.15,0.86,4.27,9.10,0.83,0.86,1.67,7.39,3.24,4.25,3.43,1.65,8.39,3.31,4.19,4.26,2.36,1.71,1.67,8.70,5.02,2.49,1.65,2.57,4.14,4.93,1.71,1.68,4.28,2.53,0.85,0.87,3.42,0.84,4.91,4.95,4.20,9.32,2.51,1.66,3.42,0.79,0.81,3.40,1.65,1.70,1.69
2	236433452	236435319	AATGTGGAGGACTGATACAT	1.68	HG00372:7.57	0.82,7.34,4.89,3.33,2.50,5.82,0.83,2.50,4.18,6.38,5.01,3.35,4.16,4.25,5.05,0.82,5.75,1.63,2.41,4.92,2.56,1.71,2.60,1.64,2.40,5.01,0.81,3.22,7.57,5.81,2.59,1.63,1.68,2.48,1.63,2.37,0.85,2.44,1.72,6.72,3.36,2.52,2.55,1.73,4.29,3.31,1.65,2.41,1.69,1.65,5.47,1.62,3.42,2.52,3.35,2.47,2.83,1.73,1.68,3.33,0.84,1.68,1.70,4.11,3.35,2.53,0.86,1.66,2.45,5.83,0.86,3.36,1.63,2.42,2.69,0.87,0.87,4.85,0.81,4.93,2.44,2.44,2.56,1.64,2.49,4.29,4.92,1.71,2.48,0.83,5.19,0.84,0.82,4.86,4.25,3.33,0.86,3.30,0.84,1.66,4.97,2.56,0.79,3.43,4.18,1.74,3.35,3.49,3.32,4.28,4.96,0.86,2.48,9.04,3.41,1.68,0.86,5.14,4.18,2.53,0.85,3.49,2.54,2.57,2.52,7.63,2.45,3.30,2.52,1.55,5.02,1.69,0.85,5.85,1.58,3.25,1.70,1.65,2.49,0.85,2.54
8	34290974	34291803	AT	1.68	HG00372:2.52	0.83,0.85,2.52,0.97,0.79,0.84,2.57,0.83,0.84,0.84,0.86,0.84,0.81,0.87,0.87,0.82,0.86
22	19049862	19050191	AG	1.68	HG00372:1.68	2.41,1.68,1.73
17	35687957	35687965	AAAT	1.68	HG00372:1.68	1.71,1.68
20	42076534	42076796	AGGGGGGGGGGGGGGGGGGG	1.68	HG00372:1.68	1.68,0.85
12	78544411	78544631	AC	1.68	HG00372:1.68	1.68,0.84
4	122504632	122504750	AAGG	1.68	HG00372:1.68	1.68,0.83
1	155708763	155708764	AAAT	1.68	HG00372:1.68	1.68
2	162347066	162347067	AC	1.68	HG00372:1.68	1.68
3	1123907	1124190	ACATATATACGTATACATG	1.68	HG00372:1.68	1.68
3	24819846	24819847	AAAT	1.68	HG00372:1.68	1.68
3	53313717	53313718	AAAT	1.68	HG00372:1.68	1.68
X	905112	905764	AGAT	1.67	HG00372:1.68	1.68,0.85,0.84,0.83
2	13958488	13958695	AT	1.67	HG00372:1.68	1.68,0.84,0.83
9	89263209	89263892	AAGG	1.67	HG00372:1.68	0.83,1.68,0.84
Y	17196150	17197397	AAAG	1.66	HG00372:3.36	0.82,0.82,1.63,3.33,0.83,0.83,1.67,2.51,1.60,1.67,0.84,0.82,1.71,1.67,3.36,0.82,0.79,0.84,0.83,1.61,0.83,2.34,1.68,1.68,0.84,0.82,1.63,1.61,0.81,1.61,1.63,0.85,0.83,0.84,1.62,0.83,0.84,0.84,0.86,0.84,0.78,0.84,0.79,0.81,0.83,0.85
20	40349038	40349570	AT	1.66	HG00372:1.68	1.68,1.65,0.85,0.81
1	64151237	64151993	AAAG	1.66	HG00372:1.68	1.68,0.80,0.81
Y	58975685	58978029	AATGGAATGGAGTGGAGTGG	1.65	HG00372:11.77	5.71,5.71,7.33,5.82,5.01,5.82,4.99,3.33,7.51,1.67,2.39,2.51,4.19,2.50,5.11,6.73,3.29,4.11,4.89,5.63,1.64,5.97,5.13,10.38,6.58,10.42,2.50,1.62,5.64,11.77,5.81,5.06,1.70,8.64,8.17,0.84,5.78,3.26,5.52,5.08,4.89,4.29,3.36,5.04,5.04,11.05,2.60,4.29,4.14,9.93,6.43,5.78,5.08,7.44,9.38,6.49,6.83,10.07,2.51,5.77,6.61,4.32,2.52,8.32,4.18,1.68,8.52,4.11,6.70,4.21,4.30,9.98,4.90,4.16,1.73,3.36,4.08,3.37,5.65,2.69,3.48,4.35,12.94,6.44,4.93,6.52,12.21,5.13,8.22,9.14,3.43,10.67,3.42,4.96,5.83,6.05,10.05,2.46,4.05,1.70,7.50,3.43,6.59,2.52,4.14,9.94,5.02,0.85,5.50,6.00,3.34,5.22,5.02,5.24,6.64,3.42,1.65,3.43,4.96,4.11,6.83,7.39,1.68,1.72,1.71,3.34,4.22,4.24,2.62,3.38,4.23,6.85,5.88,4.24,7.36,4.95,3.36,4.66,7.54,4.16,5.06,5.13,8.36,6.31,8.95,4.25,9.10,7.48,3.39,4.23
16	52991568	52992590	AAAG	1.65	HG00372:5.05	1.63,0.82,0.81,2.50,1.66,5.01,1.67,0.80,0.84,0.83,1.70,0.84,2.41,1.71,1.73,0.80,1.67,0.81,5.05,2.90,0.84,1.70,2.59,0.82,0.81,0.81,0.84,0.85,2.60,0.86,1.66,0.83,0.83,3.31,0.81,1.68,0.84,1.65,1.68,1.66,2.51,0.86,2.50,0.83,1.73,0.84,0.82,0.84,2.42,2.69,0.87,1.74,2.43,2.44,1.63,2.56,0.82,2.49,6.56,2.56,1.73,2.46,2.43,2.57,0.82,0.84,0.83,2.51,1.70,0.84,0.87,1.66,2.57,1.65,3.43,1.64,6.00,0.85,5.93,4.09,0.82,2.52,0.83,0.84,3.42,0.84,1.63,0.83,2.49,1.70,3.39
3	172361408	172362496	AAAAGCCCTAGAGTCACTC	1.64	HG00372:2.52	1.60,2.52,0.84,0.85,0.84,0.83,0.81,1.69,0.85,0.94,0.82,0.90,0.87,0.86,2.52,0.85
4	49112671	49112770	AACGGAATGGAATGGAATGG	1.64	HG00372:1.68	1.68,0.97,0.84,1.71
16	86452115	86453366	ACC	1.62	HG00372:2.52	0.83,0.84,0.80,0.81,2.52,0.85,0.83,0.78,0.94,0.86,0.82,1.73,0.87,1.71,0.83,0.84,0.87,0.83,0.82,0.85,1.55,0.83,0.84,0.81
16	47090684	47091567	AC	1.61	HG00372:4.21	0.81,2.49,0.83,0.83,2.51,1.68,0.83,2.52,1.64,0.81,0.80,2.46,1.73,0.82,1.60,0.81,0.81,4.21,0.97,0.85,0.84,0.86,2.52,0.84,2.52,3.40,2.60,0.86,1.66,0.80,2.54,0.83,0.81,1.68,0.94,3.45,1.68,0.84,0.85,0.82,1.66,0.82,1.67,0.86,1.79,0.87,0.81,0.81,2.44,0.81,1.71,0.86,0.82,2.50,0.82,0.81,0.83,1.65,1.68,0.83,0.85,1.57,0.87,0.87,0.83,0.86,1.65,1.71,0.83,0.82,2.56,0.86,0.84,0.87,1.69,3.36,2.54,0.83,0.85,1.63,1.65
8	116703289	116703559	AAAG	1.61	HG00372:1.68	0.83,1.68,0.84,0.84,0.83
X	1329601	1330907	ATCC	1.60	HG00372:5.05	4.08,2.45,2.44,5.82,1.67,2.50,1.66,2.50,1.67,1.60,0.84,0.84,3.33,0.85,2.47,0.82,2.41,1.64,3.42,0.87,2.47,1.60,0.83,0.81,1.61,5.05,0.84,3.40,0.86,2.52,1.65,3.15,1.63,0.86,3.36,0.85,0.86,0.83,4.14,0.80,0.83,1.56,0.81,1.68,3.35,0.82,1.89,2.52,0.83,2.51,0.82,0.84,0.84,0.86,0.83,0.82,0.81,0.90,0.87,2.43,0.81,0.82,0.81,0.83,0.86,0.85,1.65,0.83,3.46,0.82,1.62,3.40,1.67,1.71,1.68,0.83,3.41,3.14,0.84,2.62,3.32,2.57,4.14,1.71,1.64,1.71,0.82,0.84,0.86,1.67,1.70,0.87,0.86,1.69,1.64,0.82,0.83,0.84,0.85,2.51,1.58,1.63,0.83,3.33,0.85,0.85
17	4811511	4812646	AC	1.60	HG00372:5.05	1.63,2.45,2.49,1.67,1.66,3.34,0.84,1.60,1.67,1.68,1.66,1.70,0.84,2.47,2.47,2.44,3.22,1.64,1.71,0.85,1.64,1.62,5.05,1.94,3.40,3.27,2.52,2.48,1.63,2.37,0.85,0.81,0.86,2.52,0.84,1.68,2.55,3.47,3.31,0.83,1.61,1.65,1.69,5.03,0.84,1.73,1.68,2.51,0.84,1.67,3.37,2.58,1.66,1.63,0.83,0.86,1.61,1.79,0.87,3.48,4.04,2.42,2.46,2.44,0.81,1.71,0.83,1.72,0.82,0.85,3.31,0.83,0.86,0.81,0.85,2.50,2.47,0.84,1.66,4.14,0.84,2.56,3.14,0.86,0.84,0.87,1.67,1.75,2.49,2.57,1.65,5.14,1.65,1.64,0.85,1.64,2.52,1.72,0.86,1.67,1.69,0.87,1.69,2.57,1.68,1.55,0.84,0.83,0.84,1.71,1.67,1.58,2.44,0.83,0.83,1.70
12	117279265	117279958	AAATATATATATAT	1.59	HG00372:1.68	1.68,1.71,1.57,0.86,0.86
4	165331269	165332246	AAGG	1.58	HG00372:2.52	0.82,0.83,0.83,1.73,2.52,0.84,0.94,0.82,0.84,0.87,2.42,0.81,0.84,0.87,0.82,1.58,2.44
15	87577527	87577874	ACATACATGTAT	1.55	HG00372:1.68	2.50,0.84,1.68,4.16,5.06,0.84
3	192441212	192441396	AGGGGGGGGGGGGGGGGGGG	1.55	HG00372:1.68	0.83,1.68,0.85,0.81,0.86,0.86
7	141035987	141038010	ACC	1.51	HG00372:42.89	19.59,29.38,39.90,25.78,30.88,19.14,31.58,10.83,30.89,30.09,25.53,36.75,26.80,23.30,28.08,29.45,41.13,26.30,21.19,23.34,22.98,20.48,14.52,25.95,22.19,27.24,35.05,34.90,34.65,42.89,32.91,26.98,41.68,33.69,17.16,20.13,25.58,40.71,40.23,30.49,26.08,30.05,26.04,23.54,21.86,26.36,21.68,23.15,26.51,34.74,22.50,21.47,20.32,26.45,33.60,38.91,29.04,36.07,23.46,32.14,25.49,24.18,19.34,24.12,36.82,24.32,17.88,29.57,36.85,14.32,18.93,41.59,38.41,29.98,18.98,31.93,35.93,26.96,35.50,23.30,13.90,26.11,42.05,24.17,22.17,27.71,30.13,19.65,38.61,17.44,21.45,32.00,22.21,35.57,34.14,20.75,43.55,27.92,27.57,30.63,18.33,18.85,34.61,24.34,26.50,34.79,22.61,23.02,32.22,23.14,33.44,26.11,10.88,17.46,34.03,20.54,21.51,39.40,30.61,29.60,19.63,32.84,43.65,14.58,15.42,28.39,31.22,20.37,16.58,32.15,32.98,33.37,39.49,23.73,46.61,42.88,15.12,37.26,41.86,28.28,22.75,39.30,22.57,37.06,30.10,14.44,25.65,24.11,38.19,22.02
16	7058041	7059233	AGGG	1.51	HG00372:3.36	1.63,0.83,0.83,0.80,2.55,0.82,0.85,3.36,3.94,0.85,1.63,0.86,0.87,4.14,1.61,1.65,1.56,1.62,0.82,0.94,1.70,3.35,0.86,1.63,0.86,1.61,0.90,0.87,0.81,1.61,0.81,2.44,0.86,1.64,0.83,1.70,0.86,0.82,0.84,0.85,0.82,0.83
7	148028304	148029176	ACGGATGGAGTGG	1.50	HG00372:4.21	0.82,1.66,0.83,0.83,0.83,1.67,0.80,1.67,1.64,1.63,1.61,0.82,1.73,1.62,0.81,4.21,0.84,0.82,1.68,0.83,1.69,1.63,0.86,4.20,1.68,0.85,1.73,0.86,1.65,0.80,0.83,0.78,3.24,1.68,0.82,0.86,0.84,0.82,0.86,0.83,2.52,0.82,0.90,0.87,1.62,0.81,0.82,4.07,2.56,1.64,1.66,0.86,0.82,2.56,0.86,1.67,0.82,1.70,1.67,0.86,1.65,0.84,0.83,2.56,1.71,1.67,0.87,1.66,0.86,1.71,1.65,2.47,0.84,1.67,1.69,0.85,0.87,0.85,1.68,0.85,1.64,2.47,1.67,2.50,1.71,0.84,3.15,2.44,0.85,3.39,1.69
19	56360616	56362105	AAATTACACCGCAGCCACGG	1.49	HG00372:14.30	4.08,6.53,12.21,5.82,10.02,9.15,8.31,12.49,8.35,10.87,10.37,8.35,9.21,6.66,10.21,4.21,9.87,0.82,8.15,8.85,4.10,8.53,3.42,8.65,6.58,8.81,8.35,9.74,6.45,14.30,9.68,6.75,4.25,6.91,6.54,11.74,5.78,8.14,7.10,3.39,4.89,6.87,10.92,13.45,8.41,7.65,5.20,6.86,2.49,5.79,7.23,6.60,0.85,11.57,8.60,10.54,9.40,9.23,5.86,7.42,4.72,14.68,7.57,4.99,9.20,10.06,9.37,6.57,11.72,7.58,6.88,7.49,8.17,8.33,4.31,6.72,8.17,10.95,14.52,2.69,7.82,9.57,9.70,14.50,8.21,3.26,13.03,4.27,6.57,9.14,5.15,6.56,6.83,5.79,10.82,2.59,2.51,9.03,4.05,5.11,1.67,9.43,7.42,5.03,7.45,11.60,5.86,5.97,9.43,8.57,2.51,4.18,1.75,4.15,15.72,6.62,5.75,9.85,6.00,3.43,0.84,6.75,0.85,4.36,7.61,8.46,7.70,5.04,1.69,6.54,0.82,7.56,9.32,10.05,9.98,4.21,0.85,3.34,14.98,8.14,5.94,11.58,4.16,7.64,11.01
13	112092332	112092731	AAGCTGCAGGGG	1.49	HG00372:2.52	0.83,0.85,2.52,0.84,0.86,0.83,0.82,0.84,0.84,0.82,0.82,1.71,0.83,1.67,0.87,2.49,0.86,0.83,0.84,0.86,0.86,0.85,1.64,0.78,0.81,0.83,0.83,1.70,0.85
20	29803908	29833111	AATGG	1.48	HG00372:106.82	86.53,85.68,76.53,97.29,70.94,89.85,81.45,85.77,99.36,115.34,61.42,77.67,86.28,68.22,125.07,69.01,89.65,70.69,61.94,82.11,64.02,82.77,77.74,101.22,89.60,80.92,89.31,86.85,49.96,106.82,65.83,64.93,82.51,59.61,59.65,68.76,80.86,74.91,82.03,62.67,85.57,70.40,82.32,72.30,72.29,96.09,73.71,80.58,85.33,105.87,77.15,85.86,78.76,80.99,83.61,60.80,57.23,70.47,87.13,74.16,78.34,82.91,99.20,70.70,115.48,68.77,92.83,78.84,83.74,78.32,72.28,91.51,74.37,99.09,78.49,73.94,79.21,46.34,82.30,76.17,90.37,76.58,77.63,65.25,80.47,63.57,74.91,72.63,62.44,41.52,81.51,68.11,61.49,69.48,56.62,84.71,92.96,80.49,78.65,65.52,69.14,82.27,84.06,103.22,64.60,112.65,82.05,75.87,75.45,66.85,69.39,94.01,87.84,89.04,75.53,79.60,100.12,93.37,49.64,64.13,79.37,87.84,79.74,66.04,71.11,86.85,89.45,71.31,74.16,82.06,75.27,73.59,57.14,91.53,85.04,51.95,57.13,63.66,83.73,55.73,68.26,80.32,87.76,67.01,100.06,61.15,95.96,93.12,78.08,98.22
10	31062003	31063097	AC	1.46	HG00372:4.21	0.81,0.83,1.66,1.67,1.67,0.84,0.84,0.83,0.85,0.84,0.80,0.82,1.71,1.71,0.87,0.82,2.40,2.50,4.21,0.84,0.85,1.63,0.84,0.81,3.39,0.84,0.84,0.85,3.43,0.83,2.48,3.30,1.65,0.84,2.83,0.84,0.84,0.84,2.51,0.84,0.86,3.33,1.67,1.73,0.82,1.61,2.61,2.61,0.81,0.81,0.85,0.82,0.83,1.72,1.65,0.84,0.82,1.62,1.70,1.71,0.82,2.52,0.83,1.66,2.51,0.86,0.84,0.87,2.49,0.86,1.65,1.71,1.64,1.71,1.68,1.71,2.51,1.69,0.87,1.69,2.54,0.86,0.85,1.64,1.68,0.84,3.42,0.84,1.66,1.70,0.85
22	45475874	45476801	ATC	1.44	HG00372:10.93	4.90,5.71,4.89,5.82,5.01,7.49,8.31,2.50,10.02,6.69,4.79,5.01,5.86,4.99,7.66,9.26,6.58,8.22,6.52,4.83,5.75,3.41,5.98,5.19,2.47,7.21,6.68,3.25,8.86,10.93,3.87,5.90,12.76,4.32,5.72,0.84,8.25,4.07,3.94,3.39,13.85,6.87,5.88,7.57,6.73,5.95,7.80,4.29,1.66,5.79,4.02,3.30,3.39,4.96,3.13,6.49,1.71,4.19,3.35,4.12,6.61,6.05,5.88,6.65,5.86,4.19,3.41,7.39,4.19,0.84,6.88,6.66,4.90,5.83,4.31,3.36,7.35,4.21,8.88,6.27,3.48,0.87,4.85,7.25,7.39,7.33,4.89,4.27,4.93,4.15,4.29,8.21,5.98,4.96,3.33,5.19,7.54,0.82,4.05,7.66,10.00,2.57,6.59,0.84,4.97,4.97,4.19,3.41,1.57,4.29,3.34,4.35,6.69,0.87,7.47,7.70,2.48,7.71,4.14,4.93,10.24,8.21,4.20,9.43,6.00,2.51,10.13,3.40,4.36,2.54,5.92,8.56,9.24,5.93,4.09,5.77,7.56,3.11,4.19,5.82,5.90,5.98,5.01,2.37,2.44,12.74,4.14,5.82,3.39,6.77
9	136599020	136600024	AATGAATGAATGAGTG	1.44	HG00372:1.68	1.68,1.71,0.84,0.87,0.82,0.84,0.84
16	20728406	20729139	AAG	1.42	HG00372:5.05	0.82,4.90,0.83,5.82,0.83,2.50,0.84,2.50,1.70,2.47,0.81,0.82,0.85,2.40,0.81,5.05,1.69,2.55,1.63,2.52,2.48,1.63,0.85,0.81,1.72,0.84,2.52,0.84,0.85,1.73,0.86,2.49,4.96,0.80,0.83,3.39,0.83,2.34,1.62,1.71,0.94,0.86,2.55,1.64,1.68,4.16,0.83,0.86,0.82,3.37,0.81,5.38,0.81,0.81,2.46,0.81,2.44,1.71,3.29,2.57,3.28,0.85,1.73,4.93,0.85,1.68,0.83,0.85,2.36,0.86,1.75,1.65,0.86,1.65,2.56,0.84,0.84,0.87,1.69,0.85,0.82,0.82,2.52,0.84,0.83,0.85,2.37,0.85,1.66,0.85
10	82417404	82418764	AC	1.41	HG00372:6.73	0.82,1.63,2.44,0.83,1.67,4.16,1.66,0.83,4.17,2.51,3.99,0.84,1.68,0.83,2.55,5.89,0.82,1.64,1.63,4.02,2.56,2.56,4.33,3.29,5.61,1.67,2.43,4.03,6.73,2.90,1.69,8.51,0.86,3.27,1.63,2.37,4.23,1.63,0.86,0.84,2.52,0.84,5.10,3.47,6.00,3.31,0.83,0.80,0.83,2.54,4.96,3.13,3.24,0.85,1.68,1.65,3.78,1.73,1.68,2.50,4.18,0.84,1.70,2.46,4.19,2.53,5.16,0.83,1.63,1.73,2.52,1.63,1.69,2.42,2.69,6.95,3.48,2.43,1.61,1.64,3.26,3.26,5.13,3.32,4.29,0.82,0.85,2.48,4.16,0.86,1.67,0.82,4.86,2.55,2.50,4.28,1.65,2.52,2.48,2.48,3.35,1.70,1.57,2.57,3.34,0.84,3.49,1.66,0.86,4.14,3.43,0.83,1.64,0.85,3.28,0.86,0.86,2.51,5.06,3.40,1.74,0.85,3.38,0.84,7.63,0.82,3.30,2.33,0.84,1.66,2.56,2.51,2.37,1.63,0.85,0.83,3.33,2.55
2	16157599	16158495	AAAG	1.41	HG00372:2.52	0.82,0.83,1.67,0.84,0.83,0.85,0.82,0.85,1.71,1.60,2.52,0.85,0.82,0.79,0.83,0.83,0.84,0.84,0.82,0.84,0.81,1.63,0.83,0.83,0.83,0.84,0.79,0.83,0.82,0.84,0.84,1.69,0.82,0.84,0.85,1.65,0.85
17	25263083	25268114	AATGGAGTGGAGTGG	1.39	HG00372:5.05	1.63,0.81,0.83,0.83,1.66,1.66,1.67,1.67,3.34,1.60,0.84,1.68,1.66,3.40,0.84,0.82,2.47,2.44,1.61,1.71,1.71,2.60,2.47,1.60,2.50,1.62,1.61,5.05,4.84,3.37,0.82,0.84,0.83,3.94,0.85,0.81,1.72,1.68,2.52,4.20,2.55,0.87,1.71,0.83,2.48,1.61,1.65,2.54,0.83,1.56,0.81,0.84,1.65,0.94,1.73,0.84,0.83,2.51,0.84,0.85,3.35,2.53,0.83,3.27,2.50,3.45,0.84,1.63,1.69,2.42,2.61,3.23,0.82,1.63,2.44,1.71,1.64,0.85,1.67,1.73,0.84,1.64,0.81,5.11,3.33,0.86,3.30,3.36,2.48,0.83,1.67,0.85,2.57,3.35,0.87,2.49,1.71,0.83,1.71,1.65,1.71,3.28,1.72,0.86,1.67,3.38,0.87,1.69,3.42,1.68,1.69,1.64,1.68,3.11,0.84,0.84,0.85,4.18,0.79,2.44,2.55,4.14,1.66,0.85,0.85
7	97687663	97688499	AAAG	1.34	HG00372:2.52	2.52,0.82,0.85,0.84,0.84,0.83,0.83,2.41,0.82,0.86,2.42,0.82,3.32,0.82,0.86,2.62,0.78,0.84,0.85,2.54
3	165216008	165217299	AAAGG	1.33	HG00372:10.09	4.08,2.45,2.44,1.66,7.52,0.84,4.19,5.05,2.47,3.26,0.80,4.17,10.09,5.95,0.84,0.81,0.85,1.72,5.89,3.40,1.66,4.14,5.79,6.25,10.07,1.68,10.71,7.55,2.59,2.52,7.53,6.71,0.85,10.68,13.40,2.58,14.97,0.83,2.59,3.23,0.81,2.46,0.81,0.81,5.98,3.43,3.28,0.83,2.50,2.59,0.81,5.96,1.67,2.47,7.55,5.80,3.31,0.85,6.00,3.34,9.58,0.87,4.15,5.14,0.86,4.14,8.22,7.68,2.46,0.86,1.69,2.55,8.72,5.92,1.71,0.84,5.77,2.52,4.66,5.02,1.66,3.37,5.13,0.84,0.79,3.25,5.10,3.31,2.49,5.09,3.39
11	44929879	44930890	AAAG	1.31	HG00372:3.36	3.36,7.86,11.10,1.64,3.38,7.88,15.80
Y	28816324	28817246	AATGGAGTGGAGTGGAGTGG	1.27	HG00372:1.68	0.84,0.85,0.81,1.68,1.73,0.84,0.82,0.84
1	201702883	201703314	AAG	1.25	HG00372:1.68	2.44,0.80,1.68,1.68,0.82,0.83,0.85,0.84
20	31809732	31811141	ATCC	1.23	HG00372:3.36	1.63,0.83,1.66,1.68,1.66,0.85,0.81,0.82,1.71,4.27,1.64,1.67,3.36,0.97,0.84,1.72,0.84,0.84,4.29,0.83,2.48,0.80,0.83,0.85,0.78,1.68,0.94,0.84,1.70,0.84,1.68,2.58,4.16,1.73,0.84,0.82,1.69,0.81,1.74,0.81,1.63,0.81,0.82,0.83,1.64,0.83,0.83,0.86,0.84,0.82,0.81,0.83,1.71,1.71,0.86,4.28,0.84,1.70,0.85,1.65,0.83,0.85
2	33141267	33141625	ACC	1.22	HG00372:10.93	5.71,2.45,5.70,6.65,4.17,4.99,12.47,7.49,5.84,7.52,1.60,2.51,8.38,7.49,10.21,5.89,11.52,4.07,6.44,6.57,6.83,5.98,6.06,7.40,4.81,5.84,3.25,4.03,10.93,4.84,9.28,4.25,6.91,3.27,4.19,4.13,4.07,14.20,3.39,7.33,6.01,7.56,5.04,1.68,4.25,1.73,5.14,5.80,6.62,8.04,5.78,2.54,6.61,6.25,4.86,4.27,5.03,2.51,5.77,3.78,7.77,6.73,5.82,8.37,7.55,6.81,1.64,5.86,4.21,4.30,8.32,4.90,5.00,6.04,4.20,4.08,6.74,3.23,9.86,4.34,4.35,5.66,6.44,1.64,1.63,1.63,6.84,4.11,5.81,8.58,6.56,5.12,4.96,3.33,6.92,4.19,2.46,5.68,4.25,5.83,0.86,3.30,2.52,4.14,4.14,4.19,3.41,3.93,2.57,3.34,3.48,3.35,3.49,4.15,5.14,5.79,6.00,3.31,4.11,5.12,9.85,9.23,2.57,0.86,2.51,10.13,3.40,6.11,4.23,4.23,6.85,9.24,2.54,3.27,9.07,5.04,2.33,6.70,5.82,3.37,5.98,5.01,3.94,4.88,3.40,7.45,1.66,6.79,0.85
11	23836263	23836864	AAG	1.22	HG00372:3.36	0.83,1.67,0.80,1.67,0.83,2.52,0.82,0.82,0.85,0.85,0.80,2.50,3.36,0.83,0.81,2.55,0.83,0.83,3.39,0.84,1.65,0.94,0.86,0.84,1.70,0.82,0.83,0.86,0.84,0.82,0.81,0.81,0.86,0.83,0.82,1.70,0.83,2.57,0.83,0.83,0.84,0.85,0.84,0.83,2.57,1.65,0.84,0.86,2.53,1.74,0.85,1.69,0.84,1.71,0.79,1.63,4.16
17	81194947	81194954	AGCCCT	1.20	HG00372:2.52	0.83,3.42,2.52,0.84,4.19,5.15,0.87,0.83,0.94,0.84,0.84,1.67,0.84,0.81,0.86,0.82,0.83,1.65,0.85,0.83,1.64,1.71,0.87,0.86,0.82,0.83,0.83
3	132531531	132531793	AAAAG	1.18	HG00372:1.68	0.82,0.83,0.85,1.68,0.83,0.84,0.85,0.84
4	179874026	179875564	ACC	1.14	HG00372:22.71	9.80,13.06,21.98,10.81,10.02,7.49,13.30,18.32,10.02,10.87,9.57,15.03,15.92,5.82,11.06,20.20,9.05,12.33,12.22,20.12,4.10,11.95,18.80,6.92,4.93,20.83,26.71,8.12,8.86,22.71,10.65,15.18,18.71,23.33,12.26,5.03,9.08,14.66,14.99,11.86,13.04,16.31,18.48,15.13,15.97,13.61,18.21,7.72,15.74,23.16,16.88,8.26,5.93,20.66,13.28,11.35,2.56,10.07,9.22,9.06,17.93,9.50,14.29,17.47,6.69,14.26,7.66,16.43,8.37,15.16,14.63,12.48,15.53,5.00,9.49,9.24,14.70,11.80,16.14,10.75,10.43,13.05,16.17,20.14,18.06,30.97,13.03,5.13,16.43,19.93,29.17,13.95,3.42,9.93,13.32,6.05,10.05,18.89,15.40,17.02,6.66,10.28,11.54,10.07,14.91,21.54,6.70,8.52,14.93,13.71,6.69,4.35,14.22,9.60,15.77,10.27,5.79,16.28,10.76,13.98,16.22,14.78,10.07,15.44,7.71,13.36,13.50,11.88,8.72,12.69,10.15,8.56,15.96,11.02,15.54,16.49,10.08,16.30,9.21,5.82,6.74,10.25,15.04,9.46,4.07,4.25,11.58,17.46,9.34,12.70
20	2802785	2803051	ACGGGAGAGGGAGAGGGGG	1.14	HG00372:1.68	1.63,0.83,0.85,1.68,0.80,0.81,0.81,0.82,1.62
X	16848395	16849404	AC	1.13	HG00372:2.52	2.60,1.64,2.52,0.84,3.26,2.54,0.84,0.85,1.73,1.65,0.84,1.72,0.84,1.70
17	71264964	71265799	ACTC	1.11	HG00372:3.36	0.82,0.82,0.83,1.67,0.84,0.80,3.34,3.35,0.85,2.52,0.82,0.82,1.63,1.61,2.46,0.85,1.73,1.64,0.80,0.81,0.81,3.36,0.84,0.82,1.68,1.58,1.69,0.81,0.86,1.68,2.52,1.68,2.55,0.87,0.86,1.69,0.83,1.68,2.51,0.82,0.94,1.73,0.84,1.67,0.84,0.85,0.84,0.84,0.82,1.67,0.86,1.61,0.87,1.74,0.81,0.81,0.81,0.81,0.82,1.64,0.85,0.86,1.64,0.81,2.55,1.67,0.82,1.66,0.83,1.67,0.84,0.87,0.84,0.87,0.83,1.71,0.86,1.64,0.82,2.52,1.72,0.85,1.74,1.69,0.86,0.84,0.85,0.84,0.85,0.83,0.85
20	58542288	58543514	AAAG	1.11	HG00372:2.52	0.81,0.83,0.82,0.82,0.87,0.82,2.52,0.85,0.84,0.85,0.86,0.83,0.94,0.84,0.82,2.43,1.70,2.51,0.87,4.15,0.83,1.68,0.84,1.55,2.51,1.63,0.83,0.85
12	2546656	2547468	ACC	1.10	HG00372:3.36	0.82,0.83,2.50,0.83,0.83,2.51,1.67,2.55,1.68,2.47,1.63,0.85,1.60,3.36,0.84,0.85,1.73,1.63,0.84,1.63,0.79,0.85,0.81,0.86,0.85,0.87,0.83,0.83,0.83,1.69,0.83,2.34,2.52,0.86,0.84,0.84,2.55,1.64,0.84,0.86,2.59,0.84,0.82,1.61,0.90,0.81,0.81,0.82,0.85,0.82,0.83,0.86,1.64,0.85,0.83,1.67,0.86,0.84,0.81,0.85,0.83,0.86,0.82,0.84,1.67,0.84,0.84,1.66,1.71,0.82,0.85,1.72,0.84,0.85,0.87,0.85,1.71,0.84,1.69,1.64,1.71,1.63,0.85,1.65,2.49,0.85,0.85
X	155238180	155238996	AC	1.09	HG00372:10.93	3.27,3.26,7.33,4.99,4.17,1.66,7.48,5.00,5.84,5.01,1.60,9.19,3.35,4.16,7.66,3.37,3.29,3.29,2.44,8.85,9.85,11.09,5.13,6.06,2.47,9.61,4.17,3.25,5.64,10.93,4.84,1.69,8.64,6.54,5.87,6.60,8.14,4.73,4.23,4.89,4.29,7.56,9.25,5.88,6.80,6.07,5.14,4.97,1.65,6.43,3.30,4.23,6.61,4.69,1.62,7.69,11.75,2.47,2.83,6.05,3.33,1.67,3.35,4.26,11.50,6.70,6.74,2.58,3.33,9.81,1.67,7.76,2.52,5.72,5.06,7.26,5.38,2.61,6.09,10.51,5.64,8.21,4.07,8.14,4.27,2.46,9.14,5.15,7.39,7.69,3.31,3.33,3.46,6.70,11.50,6.49,9.36,2.50,4.94,0.84,0.83,2.56,6.00,2.51,5.22,0.87,9.96,2.57,4.14,0.86,0.83,4.11,1.71,3.28,9.23,4.28,1.67,0.84,5.94,4.36,1.69,9.30,4.28,3.36,6.78,2.45,3.30,1.68,1.55,4.19,0.83,4.21,0.85,2.51,2.37,4.07,1.70,1.65,3.33,5.09,5.08
6	23620509	23620798	AG	1.06	HG00372:2.52	1.63,0.82,0.83,1.67,0.83,1.67,0.84,0.84,0.85,0.82,1.63,0.85,0.85,1.64,0.80,0.83,2.52,0.97,0.81,1.65,0.83,1.56,0.84,0.83,0.84,0.86,0.83,0.84,0.82,0.81,0.83,0.86,0.85,0.83,0.86,0.84,0.82,1.70,0.84,0.84,0.84,0.83,0.86,0.82,1.64,0.86,0.84,0.85,0.78,0.84,0.85,1.63,0.83
5	16982431	16983366	AATATATATATAT	1.06	HG00372:1.68	0.82,0.84,1.68,1.68,0.97,0.86,0.82,0.85,0.82,0.85
10	10450318	10451829	ACAGAGCTGGTCCATGCCCC	1.04	HG00372:5.05	2.45,1.63,2.44,4.16,1.66,1.66,1.67,3.34,1.67,1.60,0.84,1.68,2.50,3.40,2.52,0.82,1.64,0.81,3.22,2.56,1.71,3.46,4.93,0.80,0.81,3.22,5.05,0.97,0.84,1.70,0.86,3.27,0.84,0.81,4.73,2.54,0.81,2.52,2.52,0.84,3.40,1.73,0.86,1.66,1.65,1.61,1.65,0.85,3.31,0.78,0.81,1.71,0.84,1.65,1.89,0.86,1.68,1.67,1.68,3.29,0.84,0.86,2.50,1.63,4.16,1.73,1.63,1.61,4.48,1.74,0.87,0.81,3.22,0.82,2.44,2.44,4.27,2.46,1.66,1.72,1.64,1.71,2.48,3.33,1.73,0.84,3.29,3.24,0.83,0.86,2.47,5.87,0.83,2.48,0.79,2.57,1.67,1.74,2.51,1.75,3.32,0.83,0.86,0.83,1.71,0.82,1.68,2.57,0.84,2.53,1.70,0.87,3.38,4.23,4.28,3.39,2.45,2.47,1.68,2.33,2.51,0.83,2.53,3.42,3.34,1.58,1.63,3.40,2.48,0.83,1.70,1.69
17	25263072	25268103	AATGG	1.03	HG00372:15.98	8.16,10.61,9.77,9.15,7.51,9.15,9.14,8.33,10.02,14.21,11.17,11.69,11.73,9.98,8.51,7.57,6.58,11.51,9.78,11.27,4.10,5.12,11.96,6.92,12.33,11.22,10.85,10.55,8.86,15.98,8.71,13.49,14.46,1.73,4.09,9.22,5.78,8.14,6.31,5.93,4.07,13.74,7.56,7.57,4.20,11.05,13.01,14.57,3.31,9.10,3.21,8.26,11.86,12.40,4.69,11.35,5.98,11.75,15.08,9.89,5.66,10.36,12.61,5.82,10.04,10.90,8.52,5.75,6.70,6.74,10.33,9.15,6.54,15.82,15.53,2.52,10.62,5.90,8.88,17.92,10.43,4.35,8.90,6.44,12.32,11.41,8.14,11.96,6.57,4.15,8.58,6.56,6.83,8.27,10.82,6.92,9.21,10.68,13.78,5.96,6.66,9.43,4.94,8.39,9.94,6.63,12.56,8.52,7.86,6.00,5.85,8.70,5.86,10.48,19.92,5.14,9.10,13.71,12.41,5.75,11.95,6.57,10.07,10.29,5.14,15.87,11.81,8.49,8.72,11.00,8.46,3.42,12.60,14.41,9.81,11.54,7.56,7.76,10.05,8.32,9.27,11.96,6.69,8.67,11.39,8.49,17.37,10.81,12.73,3.39
14	97980593	97981103	AAGG	1.01	HG00372:2.52	0.82,1.66,0.85,0.82,0.81,0.80,0.85,0.87,2.52,0.97,1.70,2.37,0.86,0.85,0.87,0.86,0.80,0.83,2.47,0.85,0.84,0.84,0.83,0.82,0.81,0.82,3.32,1.64,0.84,1.62,0.86,0.83,0.84,0.84,0.87,0.82,0.84,1.69,0.82,0.85,0.81,1.65
