motif	top_case_zscore	high_case_counts	all_counts
AGC	9.85	HG00101:10.58	1.63,10.58,4.89,0.82,54.12,5.77,0.83,0.84,0.85
AACCCGCAGCCACCAGAC	5.85	HG00101:12.21	4.90,4.90,12.21,7.48,11.68,4.16,3.32,3.33,1.67,6.38,5.85,2.51,1.66,2.55,5.89,8.23,3.29,3.26,5.63,5.75,4.27,1.71,0.87,1.64,0.80,4.87,4.03,5.05,0.86,1.63,1.68,2.48,1.63,0.81,5.04,1.68,2.60,4.14,0.80,4.95,2.54,7.44,3.91,2.56,5.03,0.84,4.12,1.89,2.59,1.68,4.18,5.87,10.68,3.35,3.37,1.72,1.66,3.33,5.18,2.52,5.06,1.61,0.90,0.87,0.87,4.04,6.52,4.98,1.64,3.42,2.51,1.64,1.62,0.83,0.84,2.56,3.93,0.87,2.62,4.28,0.83,1.71,3.31,4.10,3.36,5.01,5.06,3.38,1.71,0.84,0.85,1.65,1.55,4.19,3.33,5.13,0.84,0.79,0.83,2.55,1.69
AACGCGCAGCCACCAGAC	4.96	HG00101:47.22	17.14,16.32,47.22,14.14,30.05,21.63,31.58,9.16,13.36,20.89,8.77,17.54,18.43,35.78,14.46,21.04,39.48,13.15,30.97,22.54,18.88,15.36,11.96,16.44,8.22,16.83,14.19,18.67,21.76,30.28,0.97,12.65,3.40,4.32,14.71,10.90,18.15,12.21,23.66,8.47,3.26,4.29,8.41,10.93,0.85,26.02,0.86,19.05,38.57,12.38,9.32,22.31,24.22,16.23,17.62,14.24,28.84,21.71,26.77,9.25,1.66,36.82,15.93,7.66,39.42,10.05,18.53,16.35,11.65,8.17,13.32,17.25,20.17,4.08,22.75,8.88,17.92,15.64,13.05,24.26,1.61,0.82,19.56,0.81,13.67,23.82,24.08,5.15,22.16,11.10,6.62,8.33,11.24,14.24,24.64,15.40,5.96,4.17,8.57,13.19,9.11,10.77,9.21,4.26,23.58,0.86,13.38,13.06,10.04,5.24,3.32,6.85,2.48,8.57,22.34,18.91,13.13,5.04,12.86,4.28,4.18,3.38,1.70,0.87,18.61,4.23,13.69,10.08,1.69,1.64,15.67,4.20,3.11,10.88,18.30,9.27,18.80,9.19,11.04,3.25,2.55,20.68,13.30,24.61,16.09
ACAGAGGAGAGGCAGAG	4.67	HG00101:25.24	17.14,25.24,12.47,12.52,4.99,14.13,11.66,5.01,17.55,9.19,6.70,10.82,19.57,5.05,7.40,17.93,16.90,9.85,9.39,8.54,10.38,15.62,6.41,18.36,5.64,10.93,9.68,5.06,10.21,19.87,8.17,7.55,24.45,6.01,3.36,5.04,5.88,5.10,4.95,17.78,14.85,17.84,21.35,9.23,1.65,9.44,19.86,7.57,8.32,3.35,7.39,13.40,9.47,21.63,9.81,7.49,13.88,7.58,14.52,14.34,2.61,6.09,9.03,2.56,4.98,15.59,12.81,15.72,4.32,7.54,6.57,9.73,7.50,10.28,2.47,6.71,15.74,2.48,14.23,8.52,17.29,2.57,5.85,12.19,7.86,8.30,9.41,12.41,2.57,9.93,8.22,6.83,5.75,9.23,1.72,3.43,8.35,16.03,12.73,5.23,11.00,11.84,11.98,14.28,9.32,31.07,13.19,5.04,16.30,2.50,0.84,21.15,7.64,4.16,9.34,13.55
ACCAGCAGAGCCTC	2.90	HG00101:34.20	19.59,18.77,34.20,21.62,23.37,34.94,28.26,19.15,18.37,26.74,19.94,30.07,15.92,7.49,22.12,10.94,25.50,27.12,16.30,19.32,21.34,21.33,16.23,19.03,18.08,22.43,37.56,18.67,12.89,11.77,21.30,12.65,8.51,17.28,31.05,26.84,10.73,10.59,16.56,18.63,13.04,9.44,16.80,6.73,24.38,12.76,14.74,18.86,10.77,36.39,20.89,12.38,23.71,10.74,21.88,10.54,14.52,14.26,20.94,25.55,14.16,15.54,28.58,9.15,30.96,13.42,18.74,16.43,12.56,16.00,23.23,25.79,10.62,9.99,26.74,22.69,12.25,23.59,22.59,17.92,17.38,8.70,11.32,5.64,13.96,22.00,17.10,9.40,12.32,9.97,27.46,25.44,11.10,7.44,14.16,12.97,17.59,8.21,14.59,11.06,4.28,5.77,11.75,23.19,19.05,7.54,10.23,18.86,12.00,20.90,13.06,15.06,13.09,24.07,14.55,19.86,19.70,8.27,15.62,24.75,29.55,15.95,29.16,11.14,20.88,21.10,20.37,12.21,22.00,13.53,26.53,19.33,13.56,16.35,9.07,17.64,15.53,5.02,19.13,12.64,33.32,16.72,24.44,26.03,28.03,20.68,28.27,21.22,21.17
AACCCTCACCCTCACCCT	2.88	HG00101:6.51	6.51,0.83,4.17,1.66,0.83,0.80,0.84,0.84,1.64,0.81,0.82,2.43,1.61,0.84,0.85,0.86,0.84,3.30,2.44,4.73,2.54,1.72,0.84,1.68,1.70,2.60,1.71,1.66,0.83,0.80,3.31,2.34,0.81,2.47,0.94,3.36,0.83,1.64,1.67,1.72,0.83,0.83,0.86,2.52,3.27,1.69,3.23,1.79,4.35,2.43,2.42,0.82,1.63,1.63,4.93,1.72,0.82,0.85,0.83,0.83,1.67,2.46,0.81,2.55,4.17,0.86,2.47,1.66,0.84,1.70,6.29,0.86,2.51,2.62,0.83,1.71,0.83,0.86,0.83,2.47,3.28,1.68,1.67,0.84,0.85,3.38,0.85,2.52,3.27,3.36,0.78,0.84,3.33,1.71,3.25,2.49,1.69
ACACAGGGCC	2.56	HG00101:19.54	15.51,8.98,19.54,14.14,11.68,8.32,9.14,10.83,12.52,7.52,9.57,9.19,5.86,4.16,8.51,15.15,12.34,4.11,8.96,11.27,10.67,13.65,10.25,10.38,2.47,9.61,8.35,7.30,7.25,7.57,5.81,6.75,8.51,19.01,14.71,11.74,6.60,13.84,18.14,13.55,10.59,12.02,8.40,8.41,15.13,8.50,10.41,6.86,6.63,9.93,12.05,7.43,12.70,11.57,15.63,11.35,7.69,7.55,6.70,10.71,7.55,9.50,12.61,11.64,11.71,6.71,10.22,13.96,5.86,7.58,10.33,15.81,13.08,12.49,12.94,1.68,10.62,11.80,18.56,12.55,14.77,17.40,12.94,20.14,9.03,20.37,8.14,8.54,15.61,7.47,11.15,12.31,15.37,8.27,9.99,4.32,7.54,5.75,8.92,10.21,10.00,7.71,9.89,7.55,9.94,12.42,10.88,10.23,16.50,7.71,12.54,5.22,10.04,4.36,9.13,6.85,6.62,8.57,6.62,7.40,11.95,6.57,8.39,5.15,6.00,9.19,6.75,8.49,7.85,5.08,4.23,11.12,13.44,16.10,13.08,16.49,10.08,13.97,5.02,8.32,2.53,16.23,9.19,17.35,16.27,7.64,3.31,4.99,5.94,11.85
ACCCTCTCC	2.03	HG00101:13.03	0.82,3.26,13.03,0.83,1.67,0.83,0.83,1.67,5.84,2.51,0.80,1.67,0.84,1.66,2.55,1.68,4.11,11.41,3.22,0.82,3.41,4.27,0.80,8.35,0.81,2.42,6.73,1.70,2.59,1.65,11.40,0.85,2.44,1.68,2.52,0.85,4.34,4.97,1.61,8.26,37.51,0.81,9.40,3.36,9.22,12.36,7.55,3.45,3.33,1.67,0.84,0.85,7.54,6.74,0.86,10.81,0.82,3.33,1.73,0.84,0.82,0.84,9.68,5.21,2.61,2.44,2.56,13.14,0.86,3.28,0.85,0.83,4.16,5.19,1.67,1.64,2.55,0.84,20.43,1.71,0.83,1.71,3.31,0.82,0.82,0.86,0.84,0.87,3.38,2.57,6.54,2.50,8.36,1.70,4.96
ACGCCAGTCTCTGCCCC	1.96	HG00101:13.84	4.90,7.34,13.84,9.15,4.17,1.66,11.64,0.83,5.84,6.69,13.56,4.18,2.51,2.50,11.78,9.05,7.40,4.89,4.02,4.92,2.56,7.69,7.79,8.81,2.50,4.87,6.45,5.05,7.74,4.22,9.36,5.18,4.90,8.39,7.43,7.33,7.10,5.08,1.63,4.29,5.04,3.36,4.20,4.25,6.07,2.57,4.14,5.79,4.02,1.65,7.62,5.79,12.50,17.02,5.98,4.19,9.22,9.06,6.61,5.18,0.84,12.48,6.69,5.87,8.52,9.03,10.89,6.74,4.30,5.82,4.09,2.50,6.04,4.20,11.43,1.69,5.65,4.48,0.87,5.22,8.09,5.64,5.75,4.07,4.89,6.84,4.11,9.97,7.72,4.92,9.39,4.14,6.66,5.19,8.37,2.46,4.05,3.40,5.00,5.14,3.30,8.39,7.45,9.11,0.84,9.38,3.93,6.00,1.67,6.09,5.02,1.75,3.32,4.28,4.14,10.28,14.89,4.11,5.12,9.85,6.72,5.15,4.28,1.67,9.28,5.94,3.49,2.54,5.07,5.99,5.88,1.69,4.09,9.90,5.04,9.32,14.23,6.65,1.69,7.69,5.85,7.88,12.20,5.10,8.27,6.65,6.79,5.93
AAAAT	1.53	HG00101:47.22	119.14,47.22,24.11,21.70,1.66,4.16,21.71,56.83,29.78,2.52,14.81,8.22,10.59,25.76,7.39,0.85,6.83,6.06,20.55,21.63,22.54,8.12,0.81,32.80,0.97,5.06,0.82,18.45,4.13,22.80,12.70,0.81,36.06,14.28,0.84,22.70,6.94,3.43,27.30,2.41,28.79,9.92,21.10,1.62,5.98,17.62,9.89,3.78,0.84,28.28,14.48,6.70,1.68,1.72,21.63,0.82,0.86,14.70,8.43,3.23,2.61,16.53,4.85,0.81,2.46,1.63,17.91,17.94,2.46,7.47,7.72,5.98,1.65,4.16,0.84,45.99,12.97,5.83,9.43,4.12,4.97,5.80,12.56,20.46,13.36,33.42,3.34,33.95,4.36,0.83,5.99,3.31,3.43,4.14,8.21,7.55,2.57,11.99,43.88,5.94,35.77,3.38,8.46,4.28,2.52,5.08,35.16,6.60,3.36,45.80,9.21,4.16,26.49,30.09,28.38,0.81,8.49,14.13,44.13,44.88
ACAGCGGG	1.37	HG00101:3.26	3.26,1.60,2.52,0.81,0.84,0.83,0.85,0.83,2.46,0.83,0.87,1.71,0.83,0.85,0.85,2.46,4.20,0.84,2.53,21.29,0.85,2.48
AATTACCGCTCAGGCCG	1.31	HG00101:1.63	1.63,1.68,0.83,0.82,1.68,0.82,0.83
AAGGAAGGAAGGAGGGAGGG	1.26	HG00101:3.26	0.82,3.26,0.83,0.83,0.84,0.84,0.84,2.47,0.82,1.63,0.82,0.85,1.73,0.82,0.81,0.85,0.82,3.94,0.86,0.84,1.70,3.21,2.34,0.85,0.84,0.83,0.84,0.84,0.86,0.90,0.87,2.43,0.82,0.85,0.86,0.84,2.46,0.83,0.84,1.57,0.83,0.82,0.84,0.86,0.84,2.33,0.83,0.85,1.66
AAGGTATGGGTGCGG	1.15	HG00101:3.26	2.45,3.26,1.66,1.67,0.83,0.84,0.80,2.50,1.70,0.82,1.64,0.83,2.42,0.84,0.83,3.13,3.24,1.67,0.84,2.45,1.69,0.81,3.24,0.82,1.68,0.83,1.68,0.85,1.68,1.65,0.83,1.71
