motif	top_case_zscore	high_case_counts	all_counts
AACCCACGGCGAGCT	2.34	HG00448:4.84	0.81,0.83,0.83,4.17,0.84,2.39,0.83,0.85,0.84,1.64,0.80,0.85,1.64,3.20,1.67,2.43,0.81,1.68,4.84,0.84,1.70,0.86,1.63,0.83,1.58,0.86,0.84,0.84,0.85,0.87,2.49,0.83,0.85,0.83,0.82,2.51,0.84,0.85,2.51,0.86,0.83,1.63,0.83,0.86,0.84,1.74,1.61,1.63,1.64,1.64,0.85,0.83,0.86,0.82,0.81,0.85,2.47,0.84,0.83,1.67,0.85,2.62,0.86,3.43,2.56,1.64,1.68,0.86,0.86,2.53,1.70,0.87,0.85,0.85,0.86,0.82,0.78,0.83,0.84,0.85,0.84,2.44,2.55,0.83,0.83,0.85,0.85
AGCATCCCTGAGCCCC	2.03	HG00448:3.87	0.82,3.87,2.53,4.25,0.86,2.45,0.84,0.79,0.85,1.68,0.84,0.86,1.66,1.69,0.84,0.90,0.81,2.42,0.81,0.85,0.82,0.86,1.65,0.87,0.86,0.84,1.69,0.85,0.85,3.11,0.84,2.37,0.85,0.85
AAAAACGCAACAGCAG	1.86	HG00448:3.87	2.49,2.50,0.84,0.80,0.80,0.82,1.71,3.87,1.69,0.82,0.83,1.58,1.68,0.84,0.86,0.83,2.54,2.48,1.68,1.65,2.59,0.86,2.45,1.61,0.81,2.42,0.85,0.83,1.65,0.84,0.85,0.78,0.83,0.83,0.85
AAATATATATAGATATAT	1.50	HG00448:1.94	0.83,0.84,0.80,0.87,1.94,0.84,0.83,0.83
AC	1.31	HG00448:67.77	70.21,22.03,22.80,49.06,41.73,39.94,44.88,58.29,67.63,51.82,50.25,43.43,43.56,55.74,49.35,37.87,55.93,36.99,48.90,46.69,54.99,56.32,46.99,46.72,47.68,38.46,54.25,32.47,61.24,52.15,67.77,54.81,56.14,38.88,46.57,42.77,39.60,48.04,67.83,41.49,30.15,49.80,39.48,42.04,38.67,41.67,56.37,48.86,32.31,51.28,45.00,32.20,65.21,65.29,40.63,38.10,17.94,46.98,46.91,47.79,28.32,43.18,49.60,19.96,60.25,34.39,56.21,41.06,49.41,44.63,46.47,54.90,35.14,49.96,52.62,52.93,62.06,43.81,59.71,49.29,40.84,42.64,26.69,53.16,51.73,83.94,54.55,35.89,47.65,42.35,45.47,48.41,27.33,60.38,46.63,19.88,45.22,46.81,64.86,45.95,23.33,38.56,48.62,32.73,41.41,60.47,42.70,29.84,58.94,55.71,20.06,58.32,51.03,51.50,68.06,49.64,52.96,63.39,23.99,30.42,43.53,52.54,39.45,41.16,32.56,40.09,39.66,39.90,38.39,52.45,23.68,30.81,57.98,53.39,42.52,30.51,25.20,42.70,54.42,54.07,21.07,45.28,41.79,55.98,60.20,41.61,33.09,54.04,31.40,48.26
ACCCTGCGTCCTCC	1.31	HG00448:3.87	4.90,1.63,0.83,0.83,0.83,0.83,3.34,0.80,0.84,0.85,0.82,1.64,1.64,0.80,3.34,2.43,0.81,1.68,3.87,1.70,0.82,0.84,2.48,1.58,0.85,0.81,0.86,0.84,0.84,0.86,1.66,1.65,0.80,0.85,1.65,1.56,1.62,0.85,0.84,1.68,0.94,0.83,2.51,0.84,1.72,0.82,0.83,0.86,0.82,0.90,0.87,2.43,0.81,0.85,1.64,0.82,0.85,3.33,2.59,0.84,0.81,0.85,0.83,0.82,0.84,0.83,2.57,1.74,1.66,0.86,1.65,0.86,1.64,0.85,0.82,0.84,0.84,1.70,0.87,2.45,0.84,0.78,1.67,1.66,0.84,0.84,0.79,2.55,0.83,0.85
ACCATCCCAGGCAGGGAGG	1.21	HG00448:4.84	0.82,0.81,0.83,0.83,0.83,1.67,2.50,1.68,0.82,0.82,2.56,2.60,1.64,0.80,0.81,0.84,4.84,1.69,2.55,1.63,2.52,3.26,0.85,6.52,2.58,1.68,2.52,3.40,1.73,0.83,0.83,1.61,0.83,0.81,0.94,0.84,1.67,0.85,1.67,0.84,0.83,3.27,0.83,3.45,5.72,1.69,1.61,3.58,0.87,4.04,2.42,4.93,3.26,0.81,2.56,0.83,3.43,1.64,1.65,2.50,0.86,0.84,0.82,0.81,6.81,1.67,2.57,0.82,0.83,0.84,1.70,1.57,0.84,0.84,1.75,1.66,0.86,1.65,1.71,0.82,0.84,2.57,0.86,0.84,0.84,2.55,0.85,0.84,0.78,0.84,0.84,3.42,0.79,2.49,0.85
ACCACCACCACCTCC	1.18	HG00448:3.87	1.63,1.63,1.66,0.83,0.83,0.83,0.83,4.18,0.80,2.51,1.66,0.82,2.47,1.63,1.61,0.82,0.85,1.64,2.40,1.62,0.81,0.84,3.87,0.84,0.85,2.45,0.79,0.81,2.58,1.68,2.52,0.87,0.83,1.65,2.48,0.83,0.78,1.62,1.71,3.35,2.59,1.68,0.83,5.02,0.84,2.55,0.82,0.84,0.86,0.83,2.50,4.31,1.68,0.82,1.69,0.87,0.81,0.81,0.82,0.81,0.85,0.82,1.66,0.82,0.85,0.83,0.83,0.86,0.84,0.82,0.81,2.55,2.48,0.85,2.36,0.84,0.87,0.84,1.65,1.71,0.83,1.64,0.86,1.67,0.84,0.87,0.85,1.69,2.52,0.85,0.78,0.83,2.56,1.58,0.83
AGCCC	1.15	HG00448:12.59	4.90,6.53,4.89,6.65,3.34,8.32,9.14,6.66,7.51,13.37,3.99,6.68,3.35,3.33,5.96,9.26,6.58,6.58,6.52,11.27,5.75,7.68,5.98,4.33,13.15,2.40,8.35,2.43,4.84,5.05,12.59,4.22,12.76,3.46,2.45,9.22,3.30,8.14,9.46,2.54,4.07,2.58,8.40,2.52,4.20,3.40,6.07,6.00,4.97,5.79,2.41,1.65,4.23,4.13,6.25,4.86,7.69,9.23,5.86,4.12,2.83,2.59,4.20,7.49,6.69,2.52,8.52,6.57,2.51,4.21,3.44,7.49,7.36,8.33,9.49,3.36,3.27,3.37,10.49,7.17,4.34,6.09,4.04,4.03,2.46,4.07,4.07,3.42,6.57,4.98,8.58,6.56,3.42,4.96,2.50,4.32,5.02,3.29,9.73,5.11,7.50,11.14,5.77,5.87,1.66,3.31,10.05,3.41,7.07,11.14,5.85,6.09,8.37,2.62,13.28,6.85,6.62,12.85,4.96,5.75,5.97,4.10,6.72,6.86,8.57,5.01,10.13,9.34,8.72,5.08,6.77,5.99,5.04,7.63,7.36,2.47,7.56,6.99,9.21,2.50,10.96,9.40,5.85,9.46,7.32,8.49,6.62,12.47,3.39,7.62
AACCCACGGCCAGCT	1.08	HG00448:1.94	0.83,0.82,1.94,0.85,0.84,1.65,0.90,0.87,0.86,0.85,0.85,0.86,0.84,0.85,1.74,0.82
ACAGGCCACCACCAGC	1.08	HG00448:1.94	0.82,0.83,0.80,0.82,0.83,1.94,0.82,0.81,0.86,0.84,0.87,0.83,0.84,2.47,0.94,1.67,0.81,0.83,0.82,0.84,0.82,0.87,0.79,0.85
ACCTAT	1.01	HG00448:1.94	0.85,0.84,1.94,0.85,0.81,0.85,1.66,1.72,0.84,0.90,0.81,0.83,0.83,0.85,0.86,0.85,1.68,0.84,0.83,0.85,0.85,1.65,0.85
