#contig	start	end	unit	top_case_zscore	high_case_counts	all_counts
11	113796553	113797647	AAAGG	11.60	HG00136:12.56	4.79,12.56,0.81,0.87,0.79,0.87,5.67,1.68,1.74,0.81,0.86,0.82,0.83,0.86
12	83390472	83391713	ACACATATATATAT	10.13	HG00136:25.13	2.45,3.26,3.26,3.33,14.14,3.32,5.83,5.84,1.67,10.37,3.34,25.13,5.82,11.06,10.94,6.58,6.58,3.22,4.10,5.97,11.11,5.19,6.58,9.61,12.52,11.28,4.21,3.40,5.18,1.63,5.87,8.68,6.77,4.07,0.86,3.36,5.04,5.04,8.50,5.20,3.43,9.11,4.14,9.64,7.43,0.85,5.79,10.16,14.59,1.71,3.36,1.89,6.05,9.25,1.67,8.39,0.82,14.24,2.53,5.16,2.50,4.90,10.82,5.18,5.04,0.82,8.43,5.65,3.58,4.04,11.28,5.75,13.04,13.03,1.71,20.54,2.49,17.16,12.31,11.10,11.58,14.99,5.19,2.51,10.68,5.68,5.96,0.83,0.82,15.74,6.29,5.14,9.58,11.99,13.96,0.86,9.42,5.01,1.69,3.49,2.52,0.85,6.21,9.15,14.53,11.83,10.75,4.16,5.94,6.77
13	102813364	102814892	AAG	8.01	HG00136:40.21	12.52,15.82,5.01,0.80,40.21,23.56,18.92,4.27,22.49,15.62,17.53,18.67,2.48,13.03,16.94,27.35,12.97,23.06,20.97,1.68,8.52,13.14,3.35,12.05,0.82,0.82,2.47,0.83,0.85,0.85
Y	21551131	21552250	ACACATACATACATATATGT	7.16	HG00136:15.08	4.07,0.83,0.83,1.67,9.19,0.80,0.84,15.08,4.25,0.84,16.45,0.85,2.47,1.60,0.83,0.81,12.62,0.82,0.79,0.81,5.04,0.84,0.87,2.48,0.84,0.86,0.86,0.81,0.81,0.82,0.83,1.71,1.62,1.65,0.83,0.85,0.86,0.82,0.84,0.83
10	1368342	1369794	ACAGCGCCTCCCCACGGC	6.73	HG00136:8.38	1.63,0.83,1.67,0.84,8.38,0.83,1.65,0.81,0.82,0.81,0.84,0.84,2.52,0.87,3.43,0.83,0.83,0.85,0.85,0.83,0.86,0.84,0.84,0.81,0.87,1.61,1.71,2.48,0.82,1.67,0.83,0.86,0.84,4.23,0.82,1.71
2	24473898	24474869	ACACATATATAT	6.48	HG00136:6.70	6.70,3.42,5.77,2.52
12	101985064	101986077	AAGGAG	6.31	HG00136:7.54	0.83,7.54,1.64,3.26,7.68,2.44,0.84,2.48,0.84,0.84,7.66,0.82,0.84,0.83,0.83,0.86,0.86,0.85
18	67877801	67878806	AAACT	5.41	HG00136:7.54	7.54,4.93,1.60,10.07,2.59,4.94,3.11
19	46745990	46747144	AAAGG	5.33	HG00136:10.89	4.90,5.71,5.82,0.83,3.33,3.32,3.33,2.50,3.34,5.58,2.51,10.89,5.82,2.55,2.52,0.82,0.81,4.02,2.46,0.85,1.73,1.64,1.60,3.25,0.81,0.84,3.87,1.69,1.70,0.86,1.63,2.52,1.65,3.26,0.79,2.54,0.81,2.52,2.52,0.85,4.34,1.71,1.61,3.30,2.54,3.31,6.25,2.43,0.85,1.68,5.77,1.89,6.91,5.04,4.99,4.18,5.03,1.70,1.64,4.19,1.68,4.30,1.66,2.45,5.00,1.73,0.84,1.63,0.84,0.81,5.38,2.46,2.44,6.51,2.56,4.11,2.49,0.82,2.56,2.48,4.16,0.86,0.84,4.11,1.62,0.85,5.00,0.86,0.82,4.20,0.84,2.36,0.84,2.61,2.51,3.32,4.28,4.93,0.85,0.84,0.86,2.51,0.84,0.85,3.49,1.69,1.69,0.84,1.69,1.64,4.95,5.04,1.55,0.83,4.18,0.79,3.31,0.83,4.24,1.69
4	180799192	180800225	ACACATATATATAT	4.97	HG00136:5.03	0.83,5.03,2.62,7.76
5	168181944	168182666	AAAGAGAG	4.74	HG00136:6.70	1.63,1.67,6.70,5.75,3.20,9.24,2.48
4	39349335	39350670	AAAAG	4.61	HG00136:34.34	25.30,28.50,19.96,13.35,14.14,29.15,15.86,2.51,10.86,34.34,2.52,17.11,26.26,14.51,25.63,3.46,13.97,12.52,43.52,17.01,20.32,23.63,18.03,11.05,22.66,3.24,20.50,20.13,28.96,30.39,7.58,13.89,24.50,26.88,15.61,19.85,24.98,22.25,17.43,0.83,11.14,0.86,23.38,13.50,12.60,0.85,17.32,17.08,20.79,11.39,14.97,28.01
4	21715675	21717258	AAAAT	4.57	HG00136:46.07	8.98,18.77,39.91,10.85,15.86,26.74,15.03,46.07,20.42,7.57,21.37,28.17,9.85,17.09,15.62,21.70,4.87,19.34,17.86,17.28,20.13,17.33,19.08,11.14,10.75,13.66,16.09,17.36,23.44,15.40,13.40,30.49,4.32,12.61,15.80,2.55,15.60,7.54,20.21,22.37,13.89,18.32,25.01,13.88,17.92,17.38,10.44,17.24,13.04,8.30,41.85,14.89,44.09,35.17,12.32,34.05,8.51,16.28,18.22,21.54,7.86,6.00,12.19,19.24,13.97,9.96,13.24,17.13,28.77,15.11,14.58,12.85,11.69,21.15,9.41,11.76,16.10,9.00,5.77,32.76,13.20,27.63,10.25,4.18,12.41,12.47,14.39
15	93173582	93174375	AATACGT	4.43	HG00136:5.86	1.63,8.32,5.86,1.64,2.40,8.54,0.86,5.02,3.33
4	133931492	133932621	ACACATATATACATATATAT	3.95	HG00136:5.03	1.63,0.83,0.83,1.67,0.84,0.80,5.03,1.68,0.82,0.81,0.80,0.82,0.81,1.68,0.82,0.81,0.86,0.84,0.84,1.72,3.45,0.87,0.82,0.83,0.84,0.83
10	126786694	126787857	AG	3.37	HG00136:9.21	2.45,2.45,2.50,2.50,0.83,3.33,5.01,7.52,3.99,0.84,9.21,2.50,3.40,2.52,2.47,0.82,1.61,3.41,4.27,0.87,2.47,2.50,4.87,2.42,3.36,3.87,6.75,4.25,1.73,2.45,0.84,4.95,4.07,6.31,1.69,6.52,4.29,1.68,2.52,4.25,1.73,3.43,4.14,1.65,1.61,4.13,1.69,1.65,2.34,1.68,1.68,2.47,0.94,2.59,1.68,1.66,1.67,5.87,4.26,3.29,1.67,3.33,4.09,4.16,1.73,1.68,0.82,0.84,2.42,7.17,3.48,1.62,0.81,3.28,3.26,4.89,2.56,6.57,3.43,1.64,2.56,5.00,3.46,1.67,2.46,1.62,2.55,3.43,1.65,2.52,1.66,2.51,2.56,1.67,0.87,4.36,0.83,5.14,3.31,0.82,0.82,0.84,0.86,0.84,1.69,2.55,3.49,5.92,3.38,1.71,3.36,2.54,4.12,0.84,4.66,1.67,0.83,1.71,0.84,5.52,2.44,0.85,1.65,3.33,3.39
2	74430405	74431530	AAACT	3.35	HG00136:30.15	8.31,5.84,30.15,15.32,26.08,4.83,0.85,24.72,4.16,2.53,0.81,8.70,1.62,0.82,3.42,8.21,17.29,10.88,15.36,0.85,24.37,21.73
6	52036567	52037779	AAAG	3.20	HG00136:5.03	1.63,1.66,0.83,5.01,0.84,5.03,0.82,1.64,0.82,6.92,0.84,2.58,1.68,0.84,0.86,0.83,2.54,0.85,0.83,0.84,0.83,0.81,1.63,0.82,0.83,1.73,0.82,1.62,0.85,0.83,1.67,0.84,1.74,0.87,0.83,2.56,0.85,1.64,0.83
7	34831745	34832664	AT	3.19	HG00136:4.19	1.63,2.49,0.83,4.19,0.82,0.81,0.80,0.81,0.97,1.68,3.26,0.79,0.80,1.69,0.78,0.84,0.83,0.82,0.81,0.81,0.83,0.82,0.84,0.82
11	119634095	119635114	AAAG	3.16	HG00136:5.03	0.83,5.03,2.50,0.84,0.80,2.40,0.81,0.84,1.68,0.86,2.49,0.83,0.80,1.69,0.84,2.52,3.41,0.84,0.81,1.62,2.42,0.82,0.81,0.86,7.30,0.84,0.86
20	29828602	29830410	AATGCAATGGAATGGAATGG	2.99	HG00136:16.75	2.45,4.90,15.47,3.33,3.34,2.50,5.82,11.66,5.01,9.19,13.56,5.85,16.75,7.49,7.66,14.31,6.58,4.11,8.85,4.10,5.97,9.40,4.33,5.75,4.01,7.51,6.49,6.45,5.81,8.43,3.46,4.09,6.71,4.95,8.14,0.85,6.52,7.73,3.36,12.61,2.52,6.94,5.14,14.91,8.27,11.25,1.65,4.13,14.85,8.92,12.81,8.39,6.70,8.24,5.66,11.23,8.41,6.65,5.02,0.84,5.96,5.75,0.84,8.42,4.30,11.44,1.67,4.31,0.84,12.25,4.21,5.65,8.07,9.56,4.35,6.47,8.06,10.59,13.84,6.84,9.04,9.97,5.15,10.67,6.83,9.10,9.16,13.83,12.56,3.29,4.05,11.06,7.50,9.43,4.12,10.07,2.48,10.77,9.21,3.41,6.29,4.29,1.67,4.35,6.69,0.87,4.15,5.99,6.62,1.71,7.45,9.87,4.27,9.03,6.72,3.43,3.43,5.85,2.53,5.09,2.62,5.08,9.30,3.42,3.36,4.24,14.72,8.25,1.68,3.88,3.35,6.65,3.37,5.13,5.01,7.10,16.27,6.79,8.27,4.16,6.79,9.31
11	127148957	127150302	AAG	2.89	HG00136:10.05	0.82,0.82,5.70,3.33,1.66,3.32,5.00,3.34,3.34,2.39,0.84,10.05,0.83,5.11,2.52,1.63,4.02,2.46,0.85,0.85,6.06,3.34,1.62,0.81,0.84,0.97,0.84,4.32,2.45,7.55,2.48,0.79,0.81,4.20,3.40,0.87,0.83,0.83,6.43,4.13,1.65,2.34,1.62,4.27,0.84,0.84,6.61,0.84,1.68,0.84,4.30,3.27,1.67,3.36,1.63,0.84,0.81,5.38,3.22,2.46,1.63,1.63,0.82,0.83,1.72,1.64,0.85,1.65,0.83,1.73,4.93,2.43,2.55,4.17,0.86,4.94,5.87,1.66,1.67,1.70,7.86,1.71,0.84,5.24,5.81,5.99,4.96,5.14,0.83,9.04,6.57,3.36,6.85,4.18,1.69,0.85,3.49,10.15,0.85,0.86,2.52,5.08,2.45,8.40,6.99,0.84,4.21,0.85,1.67,9.46,4.25,1.65,2.49,5.09
3	152739956	152741328	AAAG	2.81	HG00136:11.73	0.81,1.67,3.34,2.39,11.73,0.85,0.82,0.82,1.63,1.64,2.56,0.85,6.92,4.11,9.61,8.35,2.42,1.68,1.94,0.85,0.82,4.19,0.79,0.85,7.33,1.72,8.41,3.47,2.57,3.31,0.80,8.26,0.85,1.65,0.85,0.84,5.66,1.73,0.83,5.02,2.55,8.21,0.84,10.81,3.27,1.67,0.84,0.82,1.79,2.61,13.92,3.23,3.28,4.89,0.81,2.56,5.75,0.83,6.56,1.71,0.83,0.86,0.84,1.64,2.50,1.71,4.94,0.84,14.08,3.31,0.84,1.70,0.86,0.84,2.61,4.18,0.87,4.98,0.86,1.65,8.27,2.47,6.83,4.10,0.84,9.42,0.84,0.84,0.85,1.74,2.54,2.54,2.57,6.54,6.60,0.84,3.88,8.37,29.11,0.84,2.56,6.69,1.58,2.44,3.40,7.45,9.15,0.85
X	132352028	132352856	AACGTGCGTGGCGT	2.79	HG00136:3.35	0.82,3.35,0.84,0.85,0.84,0.86,0.84,0.84,0.85
1	11524577	11525824	AAAG	2.68	HG00136:5.03	1.66,1.60,5.03,5.13,0.86,2.45,2.52,3.40,2.57,2.41,0.84,3.45,1.61,2.43,1.63,9.40,1.66,1.67,0.85,0.83
12	73264846	73266001	AAATATATATATATAATG	2.65	HG00136:3.35	0.83,3.35,0.85,0.87,2.47,0.82,0.81,1.66,0.82,0.83,0.84,0.82
7	158440692	158442222	AAATGGACTACAACCACGGC	2.64	HG00136:19.27	10.61,9.77,4.16,8.35,4.16,3.33,5.01,13.37,3.19,7.52,19.27,6.66,4.25,6.73,19.74,4.93,15.48,4.02,7.39,11.95,19.65,16.44,0.82,10.42,13.35,12.99,2.42,3.36,12.59,7.59,8.51,10.37,6.54,9.22,13.20,12.21,7.10,11.01,4.89,7.73,15.12,15.13,8.41,16.16,7.72,9.94,9.10,19.29,8.26,0.85,0.83,9.38,3.24,10.25,1.68,10.05,6.59,10.38,6.91,7.57,12.48,17.57,4.19,0.85,7.39,14.24,6.74,4.30,12.48,10.62,3.33,12.08,7.56,8.17,4.21,8.88,7.17,7.82,6.09,15.36,9.67,3.28,11.41,9.77,9.40,7.39,9.14,6.01,12.31,5.98,7.44,1.67,6.05,8.37,8.21,8.92,3.40,6.66,7.71,6.59,2.52,7.45,4.14,6.70,5.50,6.86,7.52,4.35,7.53,18.26,13.69,6.62,7.45,11.51,3.41,2.46,1.68,1.72,10.28,11.69,2.53,6.79,13.09,11.84,9.30,9.41,2.52,16.95,2.47,9.24,5.43,5.02,12.48,9.27,4.27,9.19,7.10,4.07,4.25,3.31,2.49,8.47
14	27688163	27688181	AG	2.51	HG00136:2.51	2.51
3	66478055	66478362	ACGGGAGAGGGAGAGGGAG	2.51	HG00136:2.51	2.51
16	16093363	16093836	AAGAG	2.51	HG00136:2.51	0.82,2.51
15	83388606	83390137	AAG	2.49	HG00136:5.03	0.83,0.83,0.80,5.03,1.63,4.83,0.82,0.87,1.67,1.73,2.54,0.84,0.84,1.66,1.65,2.54,1.68,0.82,0.94,0.84,0.82,3.37,0.86,0.83,2.53,1.61,0.90,2.61,0.81,2.44,2.49,0.85,0.83,1.67,4.32,0.85,0.85,1.71,1.74,0.84,1.66,0.86,1.64,0.85,3.36,1.74,0.85,1.64,1.68,1.63,0.83,0.85,1.69
2	13212023	13212405	AAAATATATGTGTATATAT	2.48	HG00136:2.51	2.51,0.85,0.86,0.83
2	221338149	221339024	AAAAT	2.42	HG00136:2.51	0.83,2.51,1.64,0.84,0.84
3	28888387	28889411	AGAGGGAGCG	2.36	HG00136:3.35	0.82,1.66,0.83,3.35,0.84,0.82,0.85,3.35,0.84,1.69,0.84,0.83,1.64,0.90,1.65,0.87,0.78
13	50836617	50837855	AAAG	2.35	HG00136:30.15	22.45,20.03,30.15,24.20,0.78,22.70,3.36,5.02,0.84,0.85,22.30,27.63
19	21666391	21667476	AAGAG	2.34	HG00136:4.19	0.81,0.83,0.83,1.67,1.60,4.19,0.82,2.56,2.47,0.81,0.84,0.97,0.82,0.84,0.81,0.87,1.66,1.61,0.83,0.94,0.84,1.68,1.64,2.53,2.58,0.82,0.84,1.74,3.26,0.81,1.71,0.82,0.83,0.83,0.86,0.83,0.85,1.70
9	139463705	139463947	AC	2.32	HG00136:2.51	0.83,2.51,0.82,0.80,0.83,0.86
9	25406432	25407248	ACACGTATATATATATAT	2.26	HG00136:4.19	2.50,2.51,4.19,1.73,4.27,0.84,0.83,2.48,1.71,2.52,1.69,0.85,1.55,1.69,0.84,3.15,0.81,0.83,1.66,1.70
7	1310953	1311979	ACACTGTCCACCTCCCACAG	2.24	HG00136:30.15	15.51,11.42,30.12,13.30,17.53,9.98,19.95,20.82,18.37,25.07,12.76,5.01,30.15,9.15,7.66,16.83,18.92,6.58,35.04,16.90,22.98,8.53,16.23,21.63,8.22,15.22,38.39,12.17,14.51,15.98,9.68,11.81,0.85,17.28,12.26,12.58,4.13,6.51,14.99,12.70,11.41,18.89,12.60,9.25,10.93,14.46,10.29,3.31,1.65,1.61,16.51,14.40,23.14,25.79,18.65,23.06,15.10,25.13,19.78,20.77,14.68,9.25,20.79,16.74,13.42,23.85,24.64,20.10,10.11,21.51,24.96,13.08,6.66,18.11,4.20,26.95,11.80,8.88,8.96,26.07,7.83,17.79,26.58,13.14,13.85,29.31,3.42,19.72,11.63,5.15,21.33,25.62,1.65,19.15,6.92,30.99,17.25,0.81,15.32,18.00,23.90,6.71,1.66,23.19,3.35,1.70,14.15,15.43,10.87,7.83,14.22,6.11,14.94,17.12,7.45,6.00,4.14,13.98,12.80,22.98,3.36,7.72,6.00,15.03,7.59,9.34,12.21,3.38,10.99,10.27,26.89,15.25,21.26,4.12,15.96,10.09,6.70,7.49,6.74,0.85,12.54,23.65,16.27,8.49,5.79,14.13,2.55,3.39
19	16848053	16849258	AAAAG	2.24	HG00136:11.73	7.35,8.36,11.73,4.21,13.98,14.03,1.56,6.57,7.50,9.43,14.83,7.53,6.70,8.49
11	122560922	122561248	AT	2.20	HG00136:3.35	3.35,0.85,0.84,0.86,0.82,0.84,1.58,0.85,0.84,0.84,1.68,0.83,0.85,0.84,0.86,1.66,0.84,0.83,0.82,0.87,0.82,0.82,0.82,0.82,0.79,0.87,0.83,0.85,0.82,1.69,0.85,0.82,1.66,0.85,1.70,0.85
12	118043420	118044599	AAGGAGGGGAGGGAGGGAGG	2.16	HG00136:9.21	0.82,4.90,2.44,4.16,3.34,4.16,0.83,2.50,1.67,6.69,5.58,4.18,9.21,1.66,1.70,3.37,5.76,0.82,4.07,1.61,5.75,1.71,3.42,6.06,2.47,2.40,2.50,5.68,2.52,3.87,3.37,3.40,1.73,0.82,4.19,0.83,5.70,10.25,3.39,7.33,3.43,6.72,3.36,4.20,2.55,1.73,4.29,5.80,2.48,1.61,2.48,3.39,3.31,1.56,1.71,5.87,4.19,0.82,2.83,2.59,4.20,4.99,1.67,0.84,1.70,1.64,5.86,7.74,4.16,4.90,0.86,0.84,2.45,5.06,5.65,0.87,3.48,3.23,3.22,2.46,7.33,7.33,7.69,3.29,1.66,4.92,3.42,4.96,3.33,6.05,5.02,1.64,5.68,5.11,6.66,3.36,0.83,6.63,1.67,1.70,4.72,0.86,4.18,2.61,4.18,4.15,3.43,3.31,2.47,5.12,4.20,0.86,3.43,1.67,2.53,1.70,4.36,3.38,0.86,0.84,0.85,3.27,4.12,7.56,1.66,2.53,3.42,6.31,6.51,2.55,1.65,0.85,4.23
18	77393001	77394301	ACC	2.15	HG00136:15.92	9.80,7.34,8.96,4.16,6.68,8.32,6.65,7.49,10.85,5.01,3.19,11.69,15.92,5.82,11.06,2.52,2.47,2.47,6.52,3.22,13.13,4.27,5.13,7.79,5.75,8.81,6.68,8.93,7.25,9.25,5.81,8.43,5.95,9.50,6.54,5.03,8.25,8.96,25.24,5.08,13.85,8.59,5.88,18.50,12.61,4.25,2.60,4.29,9.94,4.14,16.88,1.65,5.08,3.31,8.60,12.97,8.54,8.39,3.35,6.59,10.38,6.91,7.57,8.32,5.02,7.55,9.37,17.25,8.37,4.21,8.61,13.31,7.36,9.16,9.49,9.24,5.72,5.06,8.07,7.17,8.69,10.44,8.90,12.08,4.93,6.52,8.14,6.84,15.61,7.47,2.57,5.74,9.39,4.14,9.16,7.78,2.51,13.14,8.92,10.21,5.83,3.43,4.12,6.71,5.80,9.94,3.35,8.52,8.65,1.71,5.85,7.83,10.88,5.24,9.13,8.56,12.41,6.85,3.31,6.58,1.71,11.49,5.04,4.29,2.57,3.34,13.50,4.24,6.98,3.38,6.77,4.28,1.68,13.56,9.00,8.25,5.04,6.99,4.19,5.82,7.58,7.69,3.34,10.25,11.39,5.94,9.93,9.98,3.39,5.08
17	60869531	60871507	ACC	2.15	HG00136:6.70	4.90,0.82,1.63,0.83,1.67,0.83,2.50,2.51,0.80,0.84,6.70,2.52,4.11,6.58,1.63,1.61,1.64,0.85,0.85,0.87,2.40,6.68,3.25,1.68,1.94,2.55,2.59,1.63,0.84,3.30,2.44,0.79,3.39,1.72,5.04,0.84,0.84,0.85,2.60,1.66,1.65,0.80,0.83,0.85,3.31,0.78,4.86,0.85,1.68,1.68,0.82,0.94,0.86,0.84,0.83,1.68,0.85,1.68,0.86,1.66,1.63,0.83,0.86,0.84,0.84,1.61,0.87,1.74,3.23,0.81,1.64,4.89,0.81,1.71,0.82,0.83,0.86,1.65,0.86,0.84,0.82,0.81,0.85,0.83,2.57,1.65,0.83,0.83,0.84,1.70,2.36,0.86,0.84,2.61,4.15,1.71,0.83,0.86,1.65,3.29,0.85,2.46,2.52,3.43,0.86,2.51,4.22,0.85,3.49,4.23,1.69,0.86,0.84,1.69,0.82,1.65,2.52,0.78,1.67,3.33,1.69,0.84,2.37,2.44,1.70,1.65,2.49,5.09,0.85
16	86073379	86074583	AGAGAGAGGGAGAGAGGG	2.14	HG00136:4.19	0.82,2.44,2.49,3.34,4.19,1.66,0.85,0.84,0.82,0.80,1.64,0.85,0.85,0.80,0.83,0.81,0.84,0.86,0.84,1.69,0.78,1.62,0.85,0.84,2.47,0.86,0.84,0.83,1.70,1.67,0.86,0.83,0.82,0.83,0.90,0.83,1.62,0.83,0.83,2.36,1.75,0.83,0.82,2.56,0.84,1.70,2.54,0.85,0.82,0.83,0.85,0.81,0.83,0.85
2	9916501	9917253	ATCC	2.08	HG00136:8.38	1.63,1.63,4.89,5.82,1.66,4.16,5.01,5.85,3.19,5.01,8.38,4.99,2.55,2.52,3.29,4.11,6.44,3.28,1.71,0.85,1.73,2.47,4.01,1.67,7.30,3.22,3.36,0.97,1.69,3.40,0.86,0.82,1.68,2.48,2.44,5.52,2.54,6.01,1.68,1.68,3.36,3.40,3.47,2.49,4.14,3.21,1.65,2.54,3.13,8.92,0.85,3.35,3.30,1.89,0.86,3.36,0.83,3.35,1.68,2.51,2.58,6.66,3.33,0.86,1.68,0.82,1.69,5.65,4.48,5.21,2.61,4.04,2.42,4.11,0.81,3.26,5.13,2.46,1.66,3.43,3.28,3.42,4.96,1.67,4.32,4.19,0.82,7.30,10.21,1.67,1.68,3.31,1.66,2.51,2.56,2.36,5.14,0.84,2.51,4.36,4.98,3.42,1.65,7.71,1.65,0.82,3.41,1.64,2.52,0.86,3.43,4.18,4.22,4.36,0.85,2.54,5.04,2.54,3.27,2.52,2.33,0.84,3.33,2.53,5.13,2.51,2.37,1.63,0.85,4.14,4.16,2.55,4.23
15	50856056	50856742	AAAATAAAATAACAT	2.08	HG00136:2.51	0.83,2.51,2.50,0.81,3.40,1.67,0.84,0.84
13	114578559	114579860	ACACCCACACCCCAGCG	2.06	HG00136:5.03	0.82,0.82,0.81,0.83,0.83,0.83,0.83,0.84,0.84,5.03,0.83,0.82,0.82,0.81,4.02,1.71,1.73,0.83,0.81,1.61,0.97,0.84,2.55,0.86,0.81,2.58,2.52,0.84,0.86,1.66,1.65,1.65,0.85,0.83,1.68,0.82,1.73,2.52,0.84,0.84,0.85,0.82,2.53,0.86,0.82,1.67,2.59,0.84,1.63,0.81,2.69,2.61,3.48,0.81,1.61,0.82,0.81,2.44,2.56,0.83,0.86,1.64,0.85,0.83,1.73,1.64,1.62,1.70,0.83,0.86,2.47,1.68,1.66,0.84,1.70,2.51,1.66,4.28,1.65,4.28,0.82,2.56,0.82,0.84,0.86,0.86,1.67,0.85,4.28,0.84,0.85,2.45,0.82,3.35,0.83,0.84,0.85,2.51,1.63,0.85
21	46973041	46973464	AATCCCCCACACCCCCTCCC	2.02	HG00136:2.51	0.83,0.84,2.51,1.64,0.81,0.83,0.84,0.84
21	47553795	47554999	ACCCTCACCCTG	1.96	HG00136:5.03	2.45,2.50,2.49,0.83,0.84,2.51,5.03,1.66,1.70,2.52,0.82,0.82,1.63,1.61,4.10,0.87,1.64,1.60,2.50,1.61,0.84,0.97,2.53,3.40,1.73,2.45,1.63,0.79,1.69,1.72,0.84,0.84,0.87,0.83,1.61,0.85,1.65,7.03,1.62,4.27,3.35,2.47,3.78,1.68,1.66,1.67,0.84,0.84,1.72,0.83,0.83,1.73,2.52,0.84,2.42,1.74,2.43,0.82,1.63,1.71,3.29,0.83,1.72,0.82,0.83,0.83,2.51,2.43,3.40,0.82,0.84,1.70,0.79,1.67,0.86,0.83,0.84,1.71,0.86,0.85,0.78,0.84,0.85,0.83,1.66,1.69
16	86073160	86074489	AAGAGAGAGGGAGAGAGG	1.93	HG00136:9.21	4.08,0.82,1.63,5.82,0.83,0.83,4.16,4.16,5.01,1.67,2.39,0.84,9.21,1.66,0.85,1.68,7.40,4.93,4.07,8.05,3.28,4.27,3.46,0.82,0.80,5.84,1.62,8.06,5.89,0.86,1.70,0.80,0.83,6.77,6.61,3.91,5.13,4.19,9.89,7.55,4.32,0.84,7.49,5.86,2.52,7.66,0.82,0.84,1.67,0.87,0.82,4.14,0.86,3.24,1.67,2.48,5.50,0.86,2.51,2.61,5.24,0.83,3.43,2.48,2.47,3.41,9.19,3.40,4.20,3.39,0.82,0.84,1.66,0.85,0.84,5.69,0.83,9.15
20	55665328	55665726	ACACACACCTCCACCC	1.91	HG00136:4.19	4.90,1.66,1.66,4.19,0.85,0.85,2.60,1.64,0.81,0.81,1.63,2.44,0.84,0.83,0.85,4.18,3.35,1.68,0.82,0.83,1.74,0.81,2.46,3.32,1.68,0.83,0.83,0.84,1.65,0.85,2.52,0.85,1.66,1.69,1.63
10	42354935	42358543	AAAGGAATGGAATGGAATGG	1.91	HG00136:4.19	1.63,0.83,4.19,0.85,0.84,0.82,0.81,0.82,0.85,0.87,2.43,1.69,0.86,0.82,1.63,0.79,0.85,0.81,0.86,0.84,3.36,0.85,0.86,0.83,0.83,1.69,2.34,0.81,0.84,0.94,2.52,0.83,0.84,0.85,0.83,1.67,2.52,0.82,0.84,1.79,2.61,2.43,0.81,1.63,0.82,2.49,0.82,0.85,0.83,0.84,1.64,0.81,0.83,0.86,0.82,0.84,0.83,1.67,0.86,2.49,0.83,0.86,0.85,0.82,0.84,1.72,0.85,1.68,0.85,1.64,0.84,0.84,0.85,1.67,0.79,0.81,0.83,0.85
6	20756418	20757610	AAGG	1.91	HG00136:3.35	0.81,0.83,3.34,0.84,3.35,0.83,0.80,0.83,0.84,0.85,0.86,2.48,0.81,0.84,0.82,1.67,0.86,0.82,0.81,0.82,0.84,0.84,3.93,2.61,0.83,0.86,0.86,0.86,1.74,0.85,0.86,0.84,0.82,0.78,0.84,0.85,0.84,1.65,1.66,0.85,0.85
1	24393168	24394357	AAAG	1.89	HG00136:3.35	0.83,1.66,3.35,2.60,2.47,0.81,0.81,0.86,0.83,0.83,0.85,0.81,0.94,0.86,0.84,1.70,3.35,0.81,0.87,0.81,0.86,0.83,1.67,3.24,0.85,1.74,0.83
2	3272370	3273583	ACTCAGTCATCGC	1.84	HG00136:5.86	4.17,5.86,0.82,4.87,7.89,5.95,0.83,6.83,3.31,0.83,7.45,0.82,3.38,3.35,2.37
11	117966830	117967866	AAAG	1.82	HG00136:3.35	0.83,0.84,0.80,3.35,0.84,0.82,0.85,0.87,0.82,0.81,0.85,1.65,0.79,0.84,0.83,0.83,1.65,0.85,0.86,0.84,0.84,0.84,2.51,0.84,0.86,1.66,0.86,0.84,0.81,0.81,0.82,0.86,1.71,0.83,0.84,0.86,0.86,1.71,1.65,3.41,4.20,0.85,0.85,0.85,0.82,0.83,1.66,0.85
1	54975639	54976710	AAACC	1.81	HG00136:11.73	2.45,4.89,1.67,5.82,8.31,5.83,5.01,11.70,11.73,12.48,5.05,6.58,3.29,5.70,0.80,3.42,2.60,10.42,8.12,2.52,5.81,5.95,3.46,10.06,5.78,7.89,5.04,1.68,14.06,10.16,2.48,6.25,8.92,4.19,4.19,6.59,5.18,5.02,3.41,5.72,2.59,7.35,5.90,3.22,4.93,10.59,6.51,5.75,3.28,2.59,5.02,10.21,5.83
6	103471216	103472237	ACATATACATATAT	1.78	HG00136:3.35	0.82,0.83,1.67,0.83,3.35,1.68,1.65,0.81,0.82,0.85,0.80,2.50,0.81,1.68,0.84,2.41,0.83,0.85,0.85,0.84,0.82,1.66,0.86,0.84,0.81,0.82,0.82,0.86,0.84,4.14,0.83,0.86,0.85,1.69,0.84,1.58,0.81,0.83
GL000220.1	131141	133969	ACAGAGAGAGAGAGAGAGAG	1.76	HG00136:8.38	4.08,2.44,4.99,0.83,1.66,0.83,3.33,2.50,10.03,2.39,3.34,8.38,0.83,5.96,2.52,1.65,3.29,0.81,3.22,6.57,3.41,2.56,4.33,4.93,2.40,0.83,4.87,3.22,4.21,4.84,5.06,2.55,0.82,1.68,2.48,4.89,6.31,4.23,4.29,1.68,1.68,2.52,2.55,5.20,2.57,0.83,4.96,3.21,1.65,6.77,0.83,2.34,0.81,5.98,5.03,4.19,2.47,2.83,6.05,6.73,4.16,6.69,5.11,2.46,4.19,1.68,5.16,4.99,3.27,1.67,0.86,6.72,2.45,1.69,3.23,2.69,4.34,3.48,4.04,0.81,0.82,4.89,1.63,5.13,0.82,1.66,4.29,4.10,1.71,1.65,5.00,2.59,5.02,1.64,1.62,2.55,3.33,0.82,6.71,3.31,4.14,3.35,3.41,4.29,3.34,3.48,2.51,2.62,4.98,5.14,1.65,12.85,2.48,6.58,2.56,3.28,2.52,3.43,1.71,6.68,3.38,5.09,6.11,3.38,5.92,1.71,1.68,2.54,1.64,1.65,3.36,0.78,0.84,0.83,0.84,5.13,4.18,0.81,5.10,5.79,3.33,4.24,1.69
18	65876756	65878047	AAATATATATAT	1.73	HG00136:8.38	5.71,3.26,11.40,3.34,5.82,7.48,0.83,2.51,3.19,1.67,8.38,1.65,3.29,0.81,2.41,5.75,1.71,1.73,1.64,4.81,6.68,4.84,4.21,1.94,0.84,7.66,0.82,0.84,0.83,1.63,3.15,4.07,6.01,1.68,3.36,0.85,3.47,2.57,1.65,4.23,3.31,6.49,5.13,2.52,5.86,4.12,4.32,5.88,0.83,2.52,0.85,1.64,5.05,2.58,0.83,0.82,2.52,1.63,0.84,0.81,0.87,1.61,1.63,3.26,3.28,0.83,3.46,0.84,3.43,3.30,8.39,0.83,3.35,1.70,4.18,0.87,1.75,6.85,0.83,2.57,3.31,0.85,2.46,2.52,2.57,1.71,1.67,3.38,5.94,2.62,3.38,5.13,1.68,1.69,7.36,0.84,0.78,0.84,4.21,4.27,3.94,6.51,0.85,1.65,0.83,3.39,3.39
21	35778066	35778773	AAAACAAACCCACAG	1.71	HG00136:4.19	1.63,0.83,0.83,0.83,1.67,0.84,1.60,4.19,0.83,1.70,0.82,0.80,0.85,0.85,1.73,0.80,2.50,0.81,0.84,2.53,0.84,1.65,2.37,0.81,1.68,1.70,2.60,0.86,1.66,0.83,0.80,1.65,2.54,0.83,0.78,0.81,3.36,1.65,0.94,0.86,0.83,2.51,0.84,1.70,2.46,2.50,1.63,1.67,1.73,0.90,1.74,1.74,0.81,0.82,0.85,0.82,0.83,0.82,1.71,0.84,1.62,0.85,0.83,0.86,0.82,2.52,2.48,1.66,1.67,0.85,2.36,1.71,1.67,1.74,0.84,1.65,0.86,0.83,1.71,0.84,1.72,0.86,0.84,0.85,0.84,1.64,0.82,2.52,1.67,0.84,0.85,1.67,0.81,0.85,0.83
8	4343104	4344183	ACATACATATATATATATAT	1.69	HG00136:2.51	0.82,2.44,0.83,1.67,2.51,0.82,0.83,1.56,2.52,1.68,0.85
1	234275101	234276329	AAAAT	1.68	HG00136:21.78	15.50,8.96,29.98,23.39,21.78,16.30,28.38,12.50,22.62,13.42,9.26,0.82,12.00,16.57,28.44,15.77,8.35,11.54,15.96
20	47226874	47226953	AAG	1.68	HG00136:1.68	1.68,0.85
2	203948442	203948591	AC	1.68	HG00136:1.68	1.68,0.85
7	95144075	95144244	AAAG	1.68	HG00136:1.68	1.68,0.84
12	20303490	20303690	AT	1.68	HG00136:1.68	1.68,0.83,0.84
1	180314093	180314094	ACC	1.68	HG00136:1.68	1.68
13	99352985	99352986	AATGG	1.68	HG00136:1.68	1.68
1	68395233	68395234	AC	1.68	HG00136:1.68	1.68
7	146119254	146119255	ACC	1.68	HG00136:1.68	1.68
8	109935733	109935734	AC	1.68	HG00136:1.68	1.68
6	166032065	166033493	ACACT	1.67	HG00136:15.92	12.25,6.53,7.33,16.63,6.68,9.15,9.97,6.66,5.84,14.21,13.56,10.86,15.92,4.99,13.61,9.26,9.87,12.33,4.07,5.63,9.85,11.09,11.96,9.52,12.33,4.81,11.68,8.12,5.64,11.77,6.78,9.28,4.25,4.32,8.17,10.90,13.20,4.89,10.25,12.70,16.30,7.73,15.12,14.29,5.88,16.16,6.07,8.57,9.11,8.27,4.82,11.56,10.16,10.74,5.47,6.49,3.42,8.39,8.38,4.12,12.27,10.36,8.41,4.99,10.04,5.03,8.52,6.57,9.21,5.05,6.88,8.32,6.54,11.66,9.49,7.56,6.53,6.74,7.26,8.96,5.21,9.57,8.90,9.67,8.21,5.70,8.14,7.69,9.04,6.64,5.15,9.03,6.83,8.27,6.66,6.05,8.37,6.57,6.49,10.21,10.00,6.00,9.07,3.36,8.28,4.14,3.35,4.26,3.93,6.86,7.52,6.09,10.04,1.75,3.32,7.70,6.62,7.71,4.14,8.22,11.10,5.75,6.72,6.00,3.43,5.85,5.06,5.94,2.62,1.69,10.99,4.28,5.04,9.32,11.45,4.95,15.96,5.43,1.67,4.16,9.27,10.25,10.03,3.94,9.76,8.49,8.27,14.97,1.70,5.08
X	1854842	1855297	AAAGCGGAGGAGGGGG	1.67	HG00136:2.51	2.51,0.83,0.82,1.58,0.85,0.86,0.84,0.85,0.84,0.82,0.81,0.81,0.83,0.84,0.82,0.85,1.66
12	54092131	54092672	AAG	1.67	HG00136:2.51	0.82,0.81,2.51,0.82,0.80,0.94,0.84,0.84,0.84,1.63,1.62,0.82,0.82,0.85,0.85,0.83,0.85
19	16044719	16045311	ACTCATCCCTCTCCCCGCTC	1.67	HG00136:1.68	1.68,0.85,0.86
14	27687853	27688818	AAAG	1.66	HG00136:13.40	13.40,8.41,13.78,0.83,16.78,2.49,14.56,21.94,10.15,8.56,3.36,4.19,12.82
Y	58975723	58976907	AATGGAGTGGAGTGG	1.66	HG00136:2.51	0.83,0.80,2.51,0.83,0.80,0.82,0.84,0.84,0.80,0.83,0.85,0.78,0.82,1.73,0.82,0.86,0.82,0.83,0.83,0.85,0.86,0.86,0.86,0.84,0.84,0.85,0.84,0.83,0.85
11	131503079	131503286	AGAGAGAGAGAGGG	1.66	HG00136:1.68	1.68,0.85,0.78,0.81
11	66936133	66936368	AC	1.66	HG00136:1.68	1.68,0.81,0.81,0.85
8	127967925	127968461	AT	1.66	HG00136:1.68	0.82,1.68,0.82
9	134391554	134392274	AAGTGCTCCGTGTGAGG	1.65	HG00136:5.86	2.45,1.63,1.63,1.66,2.50,4.16,0.83,0.83,0.83,0.80,1.67,5.86,4.16,2.55,0.84,0.82,2.47,2.44,1.61,1.71,0.85,0.82,2.40,0.83,1.68,5.81,3.37,3.40,0.86,5.52,2.54,0.86,2.52,1.68,0.84,1.70,2.60,1.71,1.66,0.80,0.83,1.56,1.62,2.56,2.52,0.84,2.47,1.89,3.36,5.02,5.87,0.82,3.37,2.58,2.50,0.82,1.67,5.18,2.52,0.84,1.79,1.74,2.61,2.46,1.63,2.56,1.64,3.32,0.82,5.12,2.48,1.67,0.86,0.84,1.64,0.81,2.55,0.83,0.86,0.82,1.66,3.35,0.87,0.84,1.71,0.83,1.71,0.84,0.86,0.86,2.55,1.74,0.85,3.38,1.69,0.84,2.50,0.84,1.58,2.44,0.85,2.49,1.70
1	51974062	51974297	AG	1.65	HG00136:1.68	1.68,0.82,0.83
9	115628839	115629421	ACTCCTCCCCCCTCCTCAGC	1.65	HG00136:1.68	1.68,0.81,0.86,0.82
10	121071806	121072944	ACC	1.63	HG00136:8.38	8.14,4.16,2.50,3.33,1.66,6.66,4.17,1.60,1.67,8.38,4.99,1.70,6.73,0.82,4.93,10.59,4.02,0.82,5.97,5.13,0.87,1.60,5.84,1.61,0.84,0.97,3.37,3.40,0.86,0.82,4.19,0.83,1.58,1.63,1.72,2.52,0.84,11.77,2.55,0.87,2.48,0.80,2.48,0.85,4.13,1.56,2.43,4.19,1.68,2.47,7.55,10.36,1.68,0.83,3.35,4.19,4.21,5.16,1.63,1.63,1.69,2.42,3.58,4.34,2.61,1.62,1.61,0.82,0.81,2.44,4.27,3.29,1.66,6.86,4.92,1.71,0.83,6.92,1.67,0.82,2.43,0.85,0.83,4.28,3.30,0.84,1.57,0.84,0.87,1.66,2.57,1.71,3.31,0.82,0.84,1.72,3.43,0.84,1.69,0.85,1.74,0.85,3.38,0.86,0.84,0.82,0.82,1.66,0.85,1.63,0.85,1.66,0.85,1.69
2	192901485	192902819	AAAG	1.63	HG00136:7.54	7.54,4.73,5.93,5.89,3.36,7.65,4.08,7.83,4.85,5.70,6.49,0.85,7.70
5	78476457	78476729	AGAGG	1.62	HG00136:1.68	1.68,1.70,0.81,2.50
5	113953502	113953930	ACATATATATG	1.61	HG00136:1.68	1.66,1.68,0.84,2.43
15	77332769	77332948	AGAGGGAGGGGGGGGGGGG	1.61	HG00136:1.68	0.82,1.68,0.86,0.84
2	855899	856796	AAGGTGGGGGCTGAGGAAT	1.60	HG00136:5.86	0.81,0.83,0.83,2.50,1.60,1.67,5.86,0.83,1.70,0.84,4.11,0.82,1.63,3.22,0.82,1.71,0.85,0.87,1.64,2.50,5.68,1.68,0.84,2.59,2.44,0.86,5.04,1.68,0.85,2.60,0.83,0.80,8.60,3.24,0.82,4.32,0.83,6.81,0.82,0.84,6.88,0.84,0.82,0.81,0.90,3.23,1.64,1.63,1.71,1.64,0.86,0.82,3.42,2.48,0.83,0.84,1.64,1.65,3.31,0.83,0.84,2.51,3.49,0.83,0.86,0.86,0.84,3.49,1.69,0.82,1.68,6.31,0.85,0.83,0.85
5	65314467	65314718	AATATAT	1.60	HG00136:1.68	1.68,0.81,0.84,0.82,1.72
18	3600120	3601314	AGATATATAGATATATAT	1.59	HG00136:7.54	6.53,5.82,1.66,4.18,3.19,7.54,0.83,1.68,4.83,9.85,5.13,0.82,4.06,11.28,2.52,5.81,0.84,3.35,4.95,0.81,3.15,4.89,1.72,2.52,3.36,4.14,0.83,1.61,4.13,3.39,14.16,2.59,1.66,2.51,1.70,4.93,5.82,0.82,5.83,0.86,0.84,0.84,3.58,0.87,0.81,0.81,0.82,0.81,4.27,1.64,3.43,8.21,0.85,4.14,0.86,2.51,0.82,1.62,4.25,2.48,4.72,3.43,0.84,0.87,0.84,3.31,5.75,4.20,2.37,0.85
9	115287648	115288875	AAG	1.58	HG00136:10.05	10.61,1.63,4.07,3.33,2.50,4.16,3.32,4.16,3.34,4.18,4.79,0.84,10.05,6.66,6.73,4.11,1.64,4.07,3.22,8.21,4.27,0.85,3.46,4.93,3.20,1.67,3.25,2.42,7.57,1.94,2.53,4.25,3.46,0.82,0.84,2.48,0.81,3.15,2.44,10.30,3.36,9.25,1.68,1.70,3.43,6.63,11.58,3.30,1.69,4.13,3.13,0.81,1.71,5.03,3.35,3.30,5.66,2.59,0.84,2.50,6.69,4.19,2.55,2.46,2.51,1.68,3.44,5.82,0.82,5.00,3.45,2.52,4.08,8.43,7.26,2.69,0.87,0.87,3.23,3.22,3.28,6.52,9.77,6.84,3.29,0.83,6.86,4.10,4.27,3.31,3.33,3.46,11.72,3.29,2.43,0.85,5.14,0.82,1.66,4.14,4.19,4.26,4.72,2.57,0.84,3.48,1.67,5.24,4.98,1.71,4.14,5.14,6.62,2.56,2.46,2.52,4.29,0.86,2.51,4.22,3.40,5.23,2.54,2.54,6.85,8.40,5.93,0.82,4.95,2.52,1.55,0.84,5.82,5.90,2.56,2.51,2.37,4.88,5.94,6.62,5.09,2.54
17	25266122	25268331	ACTCC	1.58	HG00136:6.70	4.08,2.44,1.66,4.17,4.99,2.49,5.83,0.83,2.51,2.39,0.84,6.70,5.82,4.25,2.52,0.82,0.82,3.22,2.46,2.56,4.27,4.33,4.93,1.60,1.67,3.25,2.42,5.89,0.97,3.37,0.85,0.86,0.82,0.84,0.83,1.63,0.79,0.85,3.26,3.43,1.68,5.04,1.68,3.40,3.47,1.71,4.14,0.83,3.21,2.48,0.85,1.65,0.78,0.81,1.71,3.36,2.51,0.82,0.94,0.86,2.52,2.50,4.18,1.68,3.41,1.64,1.67,1.68,3.33,0.82,2.50,0.86,3.36,4.08,1.69,3.23,3.58,1.74,2.61,2.43,0.81,4.11,1.63,1.63,5.13,0.82,1.66,5.15,0.82,4.27,3.31,3.33,4.32,0.84,3.29,2.43,6.81,2.50,4.28,2.47,1.68,2.48,2.48,1.67,0.85,3.14,2.57,1.67,3.48,2.51,2.62,4.15,0.86,0.83,4.28,1.65,2.56,2.46,2.52,0.86,3.43,1.67,2.53,3.40,3.49,1.69,1.69,1.71,2.52,5.93,2.45,2.47,0.84,3.11,2.51,0.83,0.84,5.98,3.34,2.44,2.55,3.31,0.83,0.85
1	2055545	2056310	AACTACCACCATGACCCT	1.58	HG00136:6.70	0.82,3.26,0.81,2.49,2.50,0.83,1.60,0.84,6.70,1.66,0.85,2.52,3.29,3.26,1.61,0.82,0.85,0.82,4.81,1.67,2.52,0.97,1.69,0.85,0.86,2.45,0.84,0.83,3.26,1.58,2.44,1.72,0.84,2.60,1.71,0.83,0.85,1.65,2.34,5.67,2.56,2.52,2.51,0.82,1.89,1.73,4.99,1.67,1.68,0.85,1.64,0.84,3.37,0.83,0.82,3.45,0.82,1.61,0.87,2.61,1.62,5.70,1.64,0.82,1.65,2.46,5.68,1.70,0.83,3.43,2.47,0.84,10.77,1.66,0.84,3.93,0.86,0.87,1.67,5.14,0.83,1.71,3.31,5.97,2.46,1.68,0.86,7.71,0.84,0.85,0.85,0.85,1.68,3.39,2.45,1.55,1.67,0.83,0.84,0.85,4.73,8.14,3.33,1.69
12	47373524	47374045	AAGGAAGGAGAGGGAGGGG	1.57	HG00136:3.35	0.83,0.83,3.35,2.41,0.82,0.85,2.59,0.81,1.72,0.84,1.70,0.87,0.85,1.62,0.84,1.73,0.83,0.84,0.84,0.84,2.50,0.84,0.82,1.61,2.69,1.74,0.81,1.63,0.83,0.82,0.85,0.84,1.66,1.74,0.83,0.85,0.85,0.85,0.82,1.66,0.83
6	158577305	158578449	AAATATATTAATATTTATAT	1.56	HG00136:4.19	1.63,1.66,0.83,0.83,1.67,0.84,4.19,0.83,1.68,2.47,0.82,0.85,0.84,2.45,0.83,2.44,0.79,4.07,1.68,1.71,0.80,0.83,0.78,1.62,0.84,1.68,0.84,0.85,0.82,1.67,1.73,0.87,0.81,4.07,0.83,0.86,0.83,4.16,4.11,0.81,1.70,1.66,1.66,0.83,1.64,2.54,1.55,3.42,1.58,2.44,0.85
6	68404360	68405313	AT	1.56	HG00136:2.51	0.83,0.83,0.83,2.51,0.83,0.82,0.83,0.81,0.84,0.83,0.81,0.84,2.47,0.86,2.53,0.81,0.82,0.84,0.83,0.83,1.71,0.86,0.84,0.85,0.84,0.85,0.84,1.65
1	224198886	224204226	AATGG	1.54	HG00136:54.45	35.10,28.56,26.87,42.41,20.87,53.25,38.23,24.98,50.10,44.30,12.76,33.41,54.45,29.12,34.03,37.87,18.92,34.52,22.82,26.56,15.59,38.40,41.01,26.82,41.10,27.24,35.89,30.03,24.18,52.15,32.91,33.73,35.73,33.69,31.87,36.90,25.58,38.27,38.65,39.80,44.82,32.62,37.80,33.63,34.47,45.92,43.36,33.43,20.71,43.84,54.65,40.45,44.04,35.54,50.79,17.84,38.44,36.07,41.89,15.66,26.43,26.77,36.99,24.95,41.84,25.16,35.77,38.60,41.03,12.63,30.98,36.60,42.50,44.96,36.23,43.69,49.81,19.38,34.70,51.08,31.28,58.30,49.33,37.05,32.02,42.38,61.06,32.47,21.36,28.24,30.03,48.41,40.99,34.74,35.80,28.53,31.82,29.57,60.81,39.14,27.49,32.56,21.43,30.21,16.56,26.51,20.93,27.28,28.29,40.28,30.10,26.98,20.91,38.41,37.35,27.39,17.38,35.12,15.72,24.66,34.14,40.22,36.09,29.16,23.99,25.89,23.63,16.13,14.83,29.61,32.14,13.69,25.21,37.29,25.35,16.49,21.00,34.93,19.26,23.29,32.02,23.92,19.22,22.08,21.97,31.42,26.47,32.43,28.86,17.78
15	75282600	75283985	AAAG	1.54	HG00136:22.62	14.69,26.93,7.33,19.96,10.85,14.96,12.49,17.53,6.69,5.58,6.68,22.62,23.30,24.67,5.05,6.58,8.96,9.66,6.57,5.12,17.94,4.33,6.58,9.61,6.68,14.61,11.28,5.89,0.97,12.65,5.95,3.46,8.99,7.55,10.25,14.40,7.57,4.25,6.86,18.20,6.60,8.47,22.31,7.03,9.73,7.69,8.39,11.73,10.71,7.55,7.77,5.82,4.18,16.77,17.03,12.32,18.42,4.30,3.45,10.92,13.88,7.83,22.64,11.28,11.41,4.07,11.96,9.03,12.56,10.00,1.71,17.31,5.03,9.11,2.48,1.67,7.71,6.09,5.81,7.45,11.99,5.79,7.40,7.68,1.64,3.43,8.35,1.74,4.23,4.23,11.98,14.41,2.47,0.84,10.09,3.37,14.64,1.70,6.62,4.23
2	240627841	240629811	AGGGC	1.50	HG00136:13.40	4.08,6.53,15.47,4.16,1.67,4.99,4.16,5.83,2.50,7.52,4.79,2.51,13.40,4.99,5.11,6.73,9.05,3.29,4.89,6.44,6.57,6.83,4.27,8.65,7.40,7.21,5.84,11.36,4.84,4.21,6.78,5.95,5.18,2.45,7.55,4.95,4.07,9.46,3.39,4.07,6.01,10.08,7.57,4.20,8.50,9.54,3.43,10.77,6.62,7.23,7.43,6.77,2.48,13.28,3.24,6.83,7.55,2.51,11.54,2.83,3.45,6.73,5.82,10.04,4.19,5.96,9.86,5.86,5.05,8.61,6.66,6.54,5.83,9.49,1.68,11.43,5.90,8.88,6.27,11.30,6.09,5.66,4.83,4.93,7.33,9.77,4.27,7.39,4.15,5.15,5.74,4.27,5.79,2.50,6.05,5.86,3.29,8.92,5.11,5.00,2.57,4.12,6.71,6.63,6.63,6.70,2.56,7.07,4.29,2.51,10.45,14.22,2.62,4.15,2.57,11.58,5.14,4.96,4.11,6.83,3.28,4.20,1.72,9.42,9.19,5.91,4.24,4.36,7.61,6.77,5.13,8.40,5.08,11.45,1.65,6.72,11.64,8.37,3.33,2.53,5.13,12.54,12.61,13.02,3.40,4.96,4.99,3.39,4.23
13	30133608	30133845	AATGTGAGTGAGGGGGAGAG	1.50	HG00136:2.51	0.82,0.81,0.83,0.83,2.51,0.82,0.82,1.62,0.84,2.37,0.84,0.84,0.86,0.85,0.78,0.81,0.85,0.86,0.84,0.85,0.86,0.86,0.82,0.82,0.84,1.75,0.86,0.83,0.86,0.83,1.71,1.67,0.85,0.86,0.84,0.82,0.84,0.84,0.81
5	35714248	35714553	AATATATATACTATACAT	1.50	HG00136:1.68	1.68,0.84,0.83,0.94,0.82,0.87,0.83
13	21864051	21864993	AATACTGATATGACACCCAC	1.48	HG00136:2.51	0.82,2.44,0.83,1.67,0.84,2.51,0.85,0.82,0.81,0.81,0.86,0.79,0.81,0.83,0.83,0.78,1.68,0.86,1.67,0.84,0.83,0.83,0.84,0.87,0.82,0.86,0.84,0.82,0.85,0.83,0.86,0.83,0.82,0.86,0.82,0.78,0.83,2.48,0.85
8	113422196	113423221	ACATATATATAT	1.48	HG00136:2.51	0.81,0.83,0.84,2.51,0.85,0.80,0.81,0.83,0.83,0.81,0.82,1.64,0.86,0.83,1.68,0.79,1.71,0.84,2.57,0.85,0.82,0.78,1.71,0.79
6	166356192	166356371	AAAG	1.48	HG00136:1.68	0.80,1.68,0.83,0.83,0.86,0.85
1	235130870	235131883	ACATATATACATATATAT	1.47	HG00136:2.51	0.82,0.81,1.66,0.83,0.84,2.51,0.82,0.85,0.84,0.81,0.79,0.81,1.61,0.83,0.86,0.83,0.90,2.42,0.85,1.64,0.81,0.83,3.48,0.83,0.82,0.82,0.81,0.83
15	59831997	59832420	ACACGCGCGTATAT	1.46	HG00136:4.19	4.90,1.66,2.51,4.19,1.68,0.81,5.63,2.60,3.29,2.43,0.97,1.69,3.39,2.61,0.82,7.39,1.62,4.25
4	24389534	24389982	AG	1.46	HG00136:2.51	0.82,0.83,0.83,0.84,2.51,1.65,2.56,0.83,0.84,0.84,0.83,2.58,0.86,0.84,1.71,1.74
2	108322214	108323203	ACACATATATACATATAT	1.44	HG00136:1.68	2.51,1.68,0.82,0.81,0.82,0.84
1	18375758	18376722	ACC	1.43	HG00136:4.19	0.82,0.81,0.83,0.83,1.67,1.67,0.84,1.60,4.19,1.66,1.70,0.82,1.71,0.87,1.64,1.60,0.83,0.81,1.68,3.87,0.84,0.85,1.63,1.69,0.81,1.72,0.84,0.84,0.85,1.73,0.86,3.31,0.83,0.80,0.83,0.85,3.31,1.56,3.24,0.94,2.50,2.51,1.68,1.70,0.82,1.67,0.84,1.66,1.63,0.83,0.86,0.84,0.84,2.61,1.62,2.42,2.46,1.63,1.64,1.64,0.83,0.83,1.73,0.84,3.29,2.55,1.67,0.86,0.82,0.83,0.83,0.84,1.57,1.67,1.74,1.67,1.75,1.71,0.83,0.85,4.20,0.86,0.84,0.85,0.85,0.82,1.65,2.51,1.66,0.84,1.71,0.84,0.79,0.85,0.85
10	24078586	24079491	ACACATATGCATAT	1.40	HG00136:3.35	0.82,0.81,1.66,2.49,3.35,1.64,0.85,1.73,1.73,4.89,0.85,0.84,0.84,0.80,0.83,0.78,0.85,1.68,1.64,1.66,0.82,1.67,3.22,0.81,0.82,0.83,0.83,1.67,0.85,0.87,0.84,0.86,1.71,3.38,3.25
16	27880767	27881485	AG	1.40	HG00136:2.51	0.82,0.80,2.51,0.84,0.82,0.87,0.82,0.80,0.81,0.84,1.94,0.84,0.85,1.66,0.83,0.85,0.78,0.84,0.81,1.79,0.87,0.81,1.66,0.83,2.59,0.86,0.84,0.84,0.87,0.82,0.84,1.71,0.85
15	50855766	50856837	AAAATAACATAACAT	1.39	HG00136:9.21	7.51,9.21,5.89,8.96,4.84,6.80,0.84,9.16,7.56,10.11,9.86,4.85,7.25,4.05,2.55
6	11936907	11937430	ACTCT	1.39	HG00136:2.51	0.81,0.83,0.80,2.51,0.84,0.87,1.64,0.84,0.84,0.84,1.63,0.85,1.61,0.85,0.83,0.83,0.84,0.83,1.73,0.84,1.62,0.82,1.67,0.81,0.86
11	73827663	73828430	AAATATATATATAT	1.39	HG00136:1.68	1.68,0.83,0.84,0.82,0.86,0.86,0.78,0.83
8	128419892	128420616	AT	1.38	HG00136:2.51	0.81,0.83,2.51,0.85,0.85,0.85,0.97,0.84,0.87,2.48,0.84,2.47,0.84,0.83,0.84,0.86,0.81,0.79,0.87,1.64,0.84,0.87,3.38,1.55,1.70,0.83
12	96494391	96495203	AAATATATATATAT	1.36	HG00136:1.68	1.68,0.80,0.81,0.81,0.86,0.82,1.71
1	119931385	119931925	AT	1.35	HG00136:1.68	0.83,1.68,0.81,0.81,0.86,0.83,0.83,0.83
7	89972770	89974074	ACATATATACATATATAT	1.34	HG00136:5.86	0.82,0.81,4.99,5.84,1.66,2.50,1.67,0.80,1.67,5.86,0.85,2.52,2.47,1.64,0.81,1.61,2.46,2.56,2.60,3.29,1.67,0.81,1.68,1.69,2.55,0.81,3.43,3.36,2.55,3.47,1.66,0.83,0.83,0.81,0.85,0.84,2.47,4.72,1.73,4.20,3.33,1.67,1.70,0.82,5.02,1.68,0.87,0.81,1.65,1.73,0.82,1.70,0.83,1.65,1.68,5.02,1.71,2.51,6.09,3.35,2.49,1.71,0.82,2.46,1.71,5.92,3.38,1.71,1.68,2.45,0.84,7.49,0.84,1.63,1.70
22	49000843	49001272	ACC	1.30	HG00136:1.68	1.68,0.84,0.84,0.82,0.84,0.84,0.83,0.83
2	16252798	16253803	AC	1.28	HG00136:2.51	0.82,0.81,0.83,1.66,0.83,2.51,0.84,0.81,0.82,0.85,1.60,0.84,0.97,0.84,0.85,0.82,0.84,0.81,0.84,0.84,2.55,0.85,0.85,0.84,0.84,0.86,0.83,0.90,0.81,0.83,0.84,0.82,0.86,2.51,0.87,1.67,0.87,0.83,0.86,0.84,0.85,0.85,1.69,1.64,0.82,0.83,0.85
11	25236985	25237783	AATATATATATG	1.25	HG00136:1.68	0.82,1.68,0.81,0.79,0.84,0.83,1.70,0.81
7	35083336	35086391	AAATGGTGAGGGGCACTGGG	1.24	HG00136:21.78	7.35,4.90,10.58,24.94,5.01,7.49,19.95,10.83,13.36,10.03,15.16,15.03,21.78,13.31,0.85,7.57,14.81,8.22,3.26,19.32,14.77,5.12,4.27,20.76,7.40,11.22,9.18,18.67,10.48,15.14,5.81,4.22,3.40,11.23,12.26,3.35,11.55,9.77,17.35,16.09,12.22,9.44,14.28,7.57,9.25,1.70,11.27,11.14,9.94,10.75,12.05,16.51,6.77,26.45,27.35,16.21,15.38,15.10,9.22,9.06,11.33,13.82,8.41,12.48,7.53,10.90,13.63,11.50,17.59,11.79,9.47,11.65,8.17,6.66,11.21,9.24,6.53,6.74,9.68,3.58,11.30,13.05,6.47,2.42,10.67,5.70,8.96,2.56,10.68,12.46,13.73,6.56,9.39,21.51,2.50,12.10,15.91,5.75,7.30,6.81,9.16,3.43,4.94,12.59,12.42,15.74,10.88,5.97,9.43,7.71,10.87,13.93,5.02,9.60,8.30,7.70,11.58,8.57,6.62,11.51,11.95,10.67,8.39,1.72,5.14,9.19,5.91,3.40,6.98,13.54,10.15,11.12,7.56,7.63,13.90,5.77,10.92,12.42,19.26,6.65,27.81,14.53,17.55,17.35,12.20,5.10,10.75,4.99,8.49,11.85
7	72841972	72843157	AC	1.22	HG00136:5.03	3.27,0.81,2.49,2.50,3.32,0.83,0.83,3.34,2.39,1.67,5.03,0.83,1.70,0.84,0.82,1.64,3.26,1.64,2.56,3.42,1.73,0.82,0.81,2.52,2.90,3.40,1.73,2.52,1.65,0.81,1.58,2.54,1.72,4.20,2.52,0.84,1.73,1.66,2.48,0.80,1.69,0.83,1.56,1.62,3.42,0.84,3.30,2.83,3.45,0.84,1.68,1.70,0.84,2.53,0.86,2.50,3.27,0.83,2.59,1.68,1.63,1.69,2.42,0.90,1.74,3.23,1.61,1.64,0.81,0.85,3.28,2.50,1.73,1.67,2.46,1.62,4.25,4.17,2.47,2.52,4.14,3.31,1.67,3.14,0.86,1.67,5.22,2.51,0.87,1.66,2.57,2.48,4.28,0.83,0.82,5.12,1.64,0.86,1.71,2.51,1.69,1.70,1.74,2.54,0.86,3.36,0.85,0.82,1.65,1.68,1.55,1.67,0.83,0.84,0.85,1.67,0.79,1.63,0.85,1.65,2.49,0.85
21	44632159	44632595	ACC	1.21	HG00136:6.70	2.45,2.45,2.44,0.83,6.66,2.49,5.00,1.67,5.01,2.39,3.34,6.70,2.50,0.85,2.52,5.76,2.44,1.61,3.28,2.56,4.27,1.73,4.11,1.60,8.35,4.03,4.21,1.94,3.37,0.85,0.86,1.63,1.68,0.83,1.58,2.52,1.68,2.55,1.71,0.83,1.65,3.21,1.65,5.08,6.61,2.34,0.81,2.52,5.86,3.30,1.89,3.45,2.52,0.83,8.37,1.68,4.26,4.93,5.02,2.53,1.72,4.16,1.63,0.83,1.73,1.63,0.84,2.42,0.90,1.74,1.62,0.81,1.64,1.63,0.81,1.64,0.83,1.72,1.64,1.65,1.67,0.84,0.82,0.85,0.83,1.71,1.65,0.83,0.84,0.85,0.79,3.34,4.35,4.18,4.36,3.43,2.47,1.71,0.82,1.72,1.71,2.51,1.69,2.55,1.69,0.84,1.69,0.82,4.95,1.67,0.83,1.71,5.85,1.58,0.81,0.83,4.16,1.70
19	56361948	56362118	AATGCCCGAGGCTGCGGTGT	1.20	HG00136:1.68	1.68,0.85,0.82,0.81,0.82,0.84,0.84,0.84,0.83
7	154890565	154890844	AAG	1.19	HG00136:1.68	0.83,3.32,1.68,0.85,0.83,0.85,0.83,0.86,0.84
6	170460712	170462243	ACACACCTCACCCACCT	1.17	HG00136:5.03	4.90,1.66,3.34,0.80,6.68,5.03,4.21,4.07,0.80,0.87,2.40,0.83,0.81,0.97,0.85,2.59,1.68,0.81,0.84,1.70,0.87,2.49,2.48,2.34,2.43,0.84,1.65,1.89,0.86,0.84,0.83,6.69,7.66,1.67,3.37,0.82,0.83,1.68,0.82,1.74,2.42,0.82,4.07,1.64,0.82,2.56,4.16,0.85,2.57,3.36,2.48,0.83,3.35,0.85,1.71,0.87,0.86,0.86,0.82,0.82,0.86,0.87,0.85,0.85,0.84,1.67,0.84,0.84,0.79,0.81,3.40,1.66,2.55
17	78286928	78288036	ACC	1.17	HG00136:4.19	1.63,0.82,1.63,3.33,1.67,0.83,0.83,0.83,1.67,1.60,0.84,4.19,0.83,0.85,1.64,3.26,1.61,1.64,0.85,1.73,0.80,1.67,0.81,1.61,1.94,0.84,0.85,1.73,0.82,0.84,1.63,4.73,0.85,2.44,2.52,3.36,1.68,0.85,4.34,1.71,0.83,0.83,1.69,0.83,0.78,0.85,0.84,0.84,1.65,2.83,1.73,1.68,2.50,0.84,0.84,3.41,0.84,0.84,1.66,0.82,0.86,0.84,0.82,0.84,2.42,0.87,0.81,1.64,0.81,0.82,0.83,0.86,0.82,0.83,0.83,0.86,2.51,1.64,0.81,1.70,0.83,1.71,1.65,0.83,1.66,2.36,1.67,1.67,0.87,0.83,1.71,1.65,0.86,1.65,0.82,1.72,1.71,2.53,0.85,0.85,1.71,0.84,0.85,0.82,0.82,1.68,1.55,0.84,0.83,0.85,0.84,0.81,3.40,1.70,0.85
14	32356636	32357959	AAGG	1.17	HG00136:3.35	1.63,0.81,1.66,0.83,2.39,3.35,0.83,2.52,0.82,1.61,0.87,0.81,0.81,0.97,1.68,1.72,1.68,0.84,0.85,0.87,2.57,0.83,0.85,0.78,0.85,0.84,2.51,0.83,2.51,1.64,0.84,3.44,0.82,3.33,0.86,0.84,1.69,0.87,1.74,2.42,0.82,0.81,0.85,0.83,0.86,0.82,0.83,1.73,0.82,1.62,0.86,0.83,1.70,1.57,1.71,0.84,1.66,0.86,0.83,1.64,0.82,0.84,0.85,0.87,0.85,0.84,1.69,0.84,0.84,1.71,0.84,0.79,0.85,0.83,0.85
9	107457841	107458924	AAAG	1.16	HG00136:20.94	19.58,15.88,7.52,20.94,4.27,18.21,14.89,28.13,16.94,16.75,20.70,0.81,19.26,21.89,0.84
17	26842895	26845608	ACACACCTCCACAGGAT	1.14	HG00136:3.35	0.82,0.81,1.66,0.83,0.83,1.67,0.84,3.35,0.83,0.85,2.47,0.81,1.64,0.87,2.50,0.81,0.86,1.68,1.65,0.79,0.85,2.58,0.84,2.55,2.60,1.71,0.83,0.80,0.83,0.83,0.85,1.68,1.89,1.68,0.83,0.84,0.84,1.70,1.67,1.72,0.83,1.63,0.82,0.84,1.79,1.74,0.81,1.64,1.63,0.82,0.83,0.86,1.64,0.85,1.65,0.86,1.67,0.82,0.83,0.84,0.84,4.36,0.83,0.83,0.86,0.83,0.82,0.82,0.84,0.86,0.84,0.85,0.87,0.85,1.71,0.85,0.82,0.84,0.84,0.84,1.58,0.81,0.85,2.49
1	22904342	22905567	AC	1.14	HG00136:1.68	1.68,0.81,0.83,0.83,0.84,0.84,0.87,0.85,0.84
19	15726291	15727673	AATGAGTGAGCGAGGAGAGG	1.12	HG00136:9.21	1.63,4.08,3.26,1.66,1.67,2.50,2.49,4.16,2.50,0.84,0.80,0.84,9.21,4.16,4.25,0.84,0.82,0.81,4.02,1.64,3.41,2.56,3.46,4.11,5.61,5.84,4.06,2.42,3.36,0.97,5.90,1.70,4.32,2.45,3.35,4.13,7.89,0.85,6.52,4.29,10.92,6.73,1.68,4.25,4.34,0.86,3.31,3.21,2.48,1.65,10.94,1.62,2.56,4.19,1.68,1.89,1.73,5.04,0.83,2.51,3.35,2.55,5.86,4.30,4.16,6.54,3.33,11.21,4.20,4.08,1.69,6.45,0.90,1.74,2.61,6.47,6.44,4.93,5.70,5.70,5.98,0.82,4.98,4.29,2.46,6.83,2.48,1.67,3.35,8.21,5.68,7.66,2.50,5.14,6.59,2.52,2.48,4.14,5.02,10.22,3.43,1.67,2.61,5.02,3.49,2.49,3.42,8.27,6.00,0.83,3.29,2.56,5.75,0.84,7.72,0.86,2.51,2.53,1.70,3.49,2.54,2.54,5.99,1.68,4.24,10.63,0.82,1.68,3.88,7.54,4.16,0.84,5.13,5.01,1.58,1.63,7.64,4.14,3.33,2.55,0.85
16	22673738	22675001	AAG	1.10	HG00136:9.21	5.71,3.26,0.81,7.48,4.17,2.50,4.16,9.16,7.51,8.36,0.80,1.67,9.21,1.66,7.66,9.26,7.40,1.64,0.81,6.44,6.57,13.67,4.33,5.75,2.40,2.50,5.68,1.61,3.36,4.84,0.84,1.70,5.18,2.45,0.84,4.13,1.69,6.52,6.01,2.52,5.89,1.68,4.25,2.60,1.71,2.49,6.62,4.02,3.30,6.77,6.61,8.60,2.43,1.68,3.35,0.94,1.73,1.68,3.33,1.67,5.87,2.55,4.11,6.70,2.53,3.44,0.83,6.54,4.20,3.37,4.84,5.38,0.87,4.35,3.23,3.22,0.82,4.07,6.51,3.42,3.29,4.15,0.86,4.10,2.56,5.79,3.33,4.32,2.46,0.81,1.70,0.83,1.71,3.30,1.68,3.31,4.97,3.35,2.56,1.57,5.14,5.02,0.87,4.18,2.62,6.64,4.28,7.45,2.57,3.31,3.29,3.41,1.64,7.55,3.43,4.28,2.51,9.28,5.09,2.62,1.69,4.23,1.71,1.68,1.69,6.54,6.60,4.20,10.87,2.51,2.53,3.42,1.67,1.58,1.63,7.64,2.48,4.16,1.70,2.54
1	18829543	18829943	AG	1.10	HG00136:1.68	1.60,1.68,1.70,0.97,0.94,0.84,0.86,0.81,0.84
5	3631468	3631916	AG	1.09	HG00136:1.68	1.68,0.84,1.64,1.60,0.82,0.79,0.81,0.87,0.85,0.84
16	24490160	24490983	AT	1.07	HG00136:1.68	1.68,0.83,1.67,0.86,2.48,0.86,0.84,1.74,0.84,0.83
10	37042976	37043333	AAGGG	1.06	HG00136:1.68	0.82,2.44,0.83,1.68,0.80,2.42,0.86,0.84,0.86,0.83
17	71264964	71265799	ACTC	1.05	HG00136:3.35	0.82,0.82,0.83,1.67,0.84,0.80,3.34,3.35,0.85,2.52,0.82,0.82,1.63,1.61,2.46,0.85,1.73,1.64,0.80,0.81,0.81,3.36,0.84,0.82,1.68,1.58,1.69,0.81,0.86,1.68,2.52,1.68,2.55,0.87,0.86,1.69,0.83,1.68,2.51,0.82,0.94,1.73,0.84,1.67,0.84,0.85,0.84,0.84,0.82,1.67,0.86,1.61,0.87,1.74,0.81,0.81,0.81,0.81,0.82,1.64,0.85,0.86,1.64,0.81,2.55,1.67,0.82,1.66,0.83,1.67,0.84,0.87,0.84,0.87,0.83,1.71,0.86,1.64,0.82,2.52,1.72,0.85,1.74,1.69,0.86,0.84,0.85,0.84,0.85,0.83,0.85
7	44213509	44214701	AAG	1.04	HG00136:4.19	2.44,0.83,4.17,1.67,4.19,1.70,0.84,0.82,0.80,1.71,0.85,0.87,1.67,1.61,0.97,0.84,1.73,0.82,0.83,0.85,2.44,1.72,1.68,2.52,0.85,2.60,1.71,2.49,0.83,1.56,0.81,0.82,0.86,1.66,1.64,2.51,1.68,2.58,1.66,1.63,3.33,3.45,1.68,2.45,0.84,0.81,3.48,0.81,0.81,0.86,0.85,0.83,0.86,1.64,1.70,2.50,0.83,0.83,1.67,0.86,1.67,0.87,4.15,1.65,0.86,0.83,0.82,2.56,1.68,0.84,3.49,1.69,1.68,0.84,3.88,0.84,0.85,2.51,1.58,0.81,1.70,4.16,1.69
11	25236696	25237696	AAATATATATAT	1.04	HG00136:1.68	1.68,0.81,0.85,0.83,0.84,0.82,0.84,0.83,1.67,0.86
15	96823412	96824642	AAG	1.03	HG00136:4.19	1.63,5.00,0.83,5.01,4.19,0.85,3.37,0.82,0.81,2.41,0.82,3.41,2.56,0.84,1.70,0.82,0.84,0.81,2.37,2.54,0.86,5.04,3.36,3.40,0.87,0.83,2.54,1.65,1.66,2.55,1.64,0.83,0.82,0.83,2.52,3.27,0.84,1.74,1.66,0.86,0.82,0.81,0.85,3.42,1.68,0.81,0.85,1.66
14	76765413	76766402	AAAG	1.02	HG00136:2.51	0.83,0.83,1.67,2.51,0.84,0.87,0.97,0.86,0.82,0.86,0.83,1.61,0.83,0.83,0.85,1.68,0.83,0.90,0.81,1.71,0.83,0.85,1.66,0.85,0.84,0.87,1.66,0.82,0.86,0.87,0.85,2.57,2.56,1.66
2	38552063	38553345	AC	1.00	HG00136:3.35	1.63,0.83,1.67,0.80,1.67,3.35,2.50,0.85,0.82,1.64,1.71,0.85,0.82,3.20,1.67,0.81,2.42,2.52,2.90,0.84,0.85,0.84,0.81,1.58,0.81,0.84,0.87,1.61,0.83,0.81,0.84,0.86,0.84,0.83,0.84,0.85,1.67,1.68,1.66,1.73,2.61,1.74,1.62,2.42,3.26,0.81,1.71,0.86,2.48,0.83,1.67,2.46,1.62,0.82,0.79,0.84,1.75,0.83,0.86,0.83,0.85,0.82,0.86,0.86,0.84,0.85,0.87,0.85,0.84,0.84
