motif	top_case_zscore	high_case_counts	all_counts
ACAGGGTGCTGATGAGG	4.45	HG00119:19.94	10.81,11.70,19.94,3.33,2.47,4.17,1.61,0.84,4.29,0.84,22.61,9.89,0.84,1.67,0.83,6.85,4.14,8.47,0.82,0.81,24.82
AAGGAGGAG	4.17	HG00119:4.79	2.45,3.33,4.79,10.36,0.83,18.89,1.63
AATATATATGTATGG	3.26	HG00119:3.99	3.99,2.51,0.87,5.61,0.86,0.84,4.28,0.78,3.33
AAGGAAGGAGGG	2.75	HG00119:3.19	3.19,0.84,4.10,0.81,0.83,0.78,3.24,0.86
ACAGGGTGG	2.71	HG00119:26.32	4.90,6.53,15.47,19.96,9.18,19.14,7.48,4.16,4.17,10.87,26.32,11.69,5.03,23.30,12.76,15.63,3.29,2.41,1.64,5.12,13.84,13.97,3.20,2.43,10.48,0.84,0.97,0.84,0.85,13.82,0.84,7.43,4.89,3.15,8.47,0.81,1.68,5.04,6.73,0.86,13.25,3.31,16.94,2.48,0.81,1.68,4.19,27.19,11.33,10.36,5.04,4.16,36.06,7.66,8.21,2.51,20.21,10.33,9.15,7.36,14.99,3.45,1.68,15.51,27.43,3.58,6.08,1.74,5.64,13.14,6.51,1.71,10.68,7.47,3.43,5.74,4.27,5.83,0.86,0.84,4.11,2.43,1.70,0.83,5.14,0.83,1.66,12.56,2.56,3.14,5.14,4.18,0.87,4.98,0.86,9.93,3.43,0.83,8.22,1.71,2.46,1.68,4.28,0.84,2.53,3.40,4.36,7.61,0.85,0.86,1.69,0.82,1.68,1.55,23.44,1.66,1.69,2.56,8.36,0.79,1.63,0.85,0.83,4.99,0.85,3.39
ACAGGGTGCCGATGAGG	2.39	HG00119:2.39	2.39
AACATATATATGG	2.34	HG00119:4.79	4.08,1.66,1.66,1.67,0.84,4.79,1.67,0.84,0.83,0.81,2.41,5.19,0.82,4.96,0.85,0.81,3.42,2.59,1.66,0.85,0.86,1.63,0.83,2.53,0.81,0.82,3.24,1.70,1.66,0.79,1.66,2.55,1.69,0.85
AAATGGTGAGGAGCACTGGG	2.24	HG00119:2.39	2.39,2.54,0.78,0.83,0.85,0.84
ACCCAGCCTCCAGCCCAGT	1.60	HG00119:1.60	1.60,0.84,0.81
ACGCCAGTCTCTGCCCC	1.58	HG00119:13.56	4.90,7.34,13.84,9.15,4.17,1.66,11.64,0.83,5.84,6.69,13.56,4.18,2.51,2.50,11.78,9.05,7.40,4.89,4.02,4.92,2.56,7.69,7.79,8.81,2.50,4.87,6.45,5.05,7.74,4.22,9.36,5.18,4.90,8.39,7.43,7.33,7.10,5.08,1.63,4.29,5.04,3.36,4.20,4.25,6.07,2.57,4.14,5.79,4.02,1.65,7.62,5.79,12.50,17.02,5.98,4.19,9.22,9.06,6.61,5.18,0.84,12.48,6.69,5.87,8.52,9.03,10.89,6.74,4.30,5.82,4.09,2.50,6.04,4.20,11.43,1.69,5.65,4.48,0.87,5.22,8.09,5.64,5.75,4.07,4.89,6.84,4.11,9.97,7.72,4.92,9.39,4.14,6.66,5.19,8.37,2.46,4.05,3.40,5.00,5.14,3.30,8.39,7.45,9.11,0.84,9.38,3.93,6.00,1.67,6.09,5.02,1.75,3.32,4.28,4.14,10.28,14.89,4.11,5.12,9.85,6.72,5.15,4.28,1.67,9.28,5.94,3.49,2.54,5.07,5.99,5.88,1.69,4.09,9.90,5.04,9.32,14.23,6.65,1.69,7.69,5.85,7.88,12.20,5.10,8.27,6.65,6.79,5.93
AAACTATATATATATAGTG	1.55	HG00119:1.60	1.60,1.62,0.82,0.86
AATATATACGTATGG	1.47	HG00119:1.60	1.60,1.67,0.85,0.87,0.83,0.84
AGATATAGATATAGATATAT	1.37	HG00119:1.60	1.60,1.70,0.83,1.71,0.82,3.25
ACACTGCCCACCTCCCACAG	1.34	HG00119:113.27	101.23,114.24,84.68,70.68,47.57,91.52,132.99,69.12,71.81,64.35,113.27,78.51,56.96,91.52,99.55,99.31,105.28,55.07,58.68,86.93,49.24,72.53,44.43,69.21,40.28,88.94,72.61,88.47,99.93,47.94,37.76,32.89,22.97,48.38,40.86,63.73,80.03,52.11,80.45,80.45,35.86,81.56,48.72,63.05,68.09,37.42,63.30,89.15,70.42,41.36,121.35,78.43,55.05,42.97,136.75,82.69,107.63,76.34,84.61,73.34,67.96,69.95,68.94,90.66,151.46,78.00,45.99,103.48,60.29,70.74,72.28,62.39,89.09,72.44,63.83,42.01,57.98,80.88,50.83,90.51,79.94,104.43,39.62,76.52,72.26,98.61,37.45,44.43,80.51,94.67,51.48,59.08,85.40,94.30,56.62,34.58,72.02,68.17,21.89,104.66,18.33,35.13,57.69,62.94,24.85,78.69,52.75,77.57,63.66,58.28,27.59,50.49,44.34,43.65,33.20,95.01,61.23,11.14,60.40,26.31,32.43,36.94,48.68,23.16,39.41,96.04,31.22,28.01,32.28,50.76,52.43,52.20,92.43,18.64,62.15,32.98,21.00,97.81,3.35,31.61,38.77,10.25,34.27,35.48,97.62,73.89,62.05,30.76,33.95,45.72
