motif	top_case_zscore	high_case_counts	all_counts
ACTAG	174.25	HG00256:174.25	174.25
AGGAT	10.26	HG00256:10.69	10.69,1.68,0.80,0.90,0.86,1.65,0.86,0.84
ACCACCACCATCGCC	3.43	HG00256:4.93	0.82,1.63,0.83,0.80,0.84,4.93,0.85,0.87,0.82,5.68,0.81,0.85,3.13,2.51,1.73,1.71,0.82,0.84,0.86,1.69,1.64,1.55,0.83
AATCCCAATTGATGGAG	2.95	HG00256:13.15	0.82,2.44,4.99,1.66,3.34,5.03,3.40,13.15,4.33,4.01,2.42,0.97,3.37,1.70,2.59,7.35,10.06,7.43,3.94,1.63,1.72,2.52,2.55,0.86,3.31,12.70,4.96,1.56,3.42,0.84,2.47,1.64,6.66,1.63,0.83,1.73,3.36,3.27,1.69,1.61,2.61,0.87,1.61,1.63,2.44,14.79,0.83,2.56,3.35,4.11,2.43,2.57,4.20,0.83,4.19,0.85,5.02,3.31,2.57,6.62,1.64,10.91,2.57,7.64,1.74,3.38,16.81,1.69,0.82,3.30,0.84,0.84,2.53,1.67,0.81,2.54
ACACGGGACT	2.77	HG00256:6.58	1.63,0.81,2.49,0.84,0.83,6.58,6.58,2.44,1.61,0.85,1.73,4.93,1.67,0.81,0.81,3.36,0.97,3.27,0.84,0.84,1.70,0.83,0.83,1.65,0.83,4.69,1.62,0.84,0.84,1.65,1.89,0.86,2.50,3.35,0.84,1.70,0.82,1.68,0.83,0.84,1.61,0.90,1.74,1.74,0.81,0.82,1.63,2.56,4.11,1.72,1.64,0.83,2.47,0.84,2.56,0.79,0.84,0.84,0.87,1.71,0.83,5.14,3.31,4.93,2.46,0.86,1.69,1.70,0.87,2.54,1.68,2.33,0.84,2.53,12.20,2.48,1.70,0.85
ACACTCACCCTCTCC	2.21	HG00256:4.11	0.82,0.83,1.66,1.66,0.83,0.83,5.01,0.84,0.83,0.85,0.84,4.11,1.63,0.80,1.64,2.56,0.85,0.84,1.70,0.81,1.72,2.55,0.87,0.86,0.80,0.78,0.81,0.85,0.84,0.84,0.84,0.83,2.51,0.85,1.64,0.84,0.86,1.68,0.82,0.84,0.81,0.90,0.87,1.62,0.81,3.28,0.85,1.64,1.66,1.72,0.82,0.83,0.86,0.84,0.82,0.81,0.85,0.79,0.86,0.86,0.86,1.65,0.85,0.84,1.67,0.87,0.84,0.82,0.78,0.84,0.85,0.79,0.83,0.85
AACAT	2.07	HG00256:2.47	2.47,3.31,12.36,10.08,1.57,4.93
AAGGAGGCCCCACCAGG	2.04	HG00256:4.11	0.82,1.63,0.81,4.16,0.83,0.80,1.70,0.84,2.47,4.11,0.80,0.85,1.73,2.47,0.83,0.81,1.94,2.45,1.68,0.85,0.86,1.68,1.68,2.52,0.83,1.71,2.52,0.94,0.86,1.68,0.85,1.64,1.72,0.82,0.84,2.42,0.87,0.87,0.81,0.82,1.72,0.83,0.83,1.64,0.85,0.83,0.83,0.85,0.84,1.70,0.82
ACACACATATATGTGTAT	1.64	HG00256:1.64	1.64
ACACACCTGGGCTCCCATGC	1.61	HG00256:4.11	0.82,0.82,1.67,2.50,0.83,1.67,2.39,0.84,0.84,1.68,4.11,4.11,0.81,0.80,0.85,0.85,0.87,1.67,0.81,1.61,0.84,0.85,1.68,0.83,0.79,1.69,1.63,0.86,0.84,0.85,0.87,0.86,2.49,0.83,2.41,0.83,1.56,1.62,0.85,0.84,0.82,0.86,0.84,1.70,0.84,1.66,0.82,1.63,0.84,1.74,1.74,0.81,0.82,1.63,0.83,0.86,0.82,2.56,0.83,0.83,2.59,1.67,1.64,1.62,0.86,0.82,0.83,1.66,1.67,3.14,0.84,3.32,0.86,0.83,2.57,0.83,4.11,0.85,0.82,0.84,0.86,2.57,0.84,1.69,0.85,0.85,0.84,0.85,1.64,1.65,0.84,2.33,0.84,1.66,0.84,0.79,0.83,0.83,1.70,1.69
ACACGGGACTACACGGGGCT	1.27	HG00256:4.11	1.63,2.45,0.81,1.66,1.66,0.83,0.83,0.80,4.11,4.07,1.61,0.82,0.87,0.80,2.43,0.81,0.84,1.69,0.84,2.37,0.86,0.83,1.65,0.78,3.24,0.85,0.84,0.84,1.65,4.16,0.84,0.84,0.85,1.64,0.86,0.84,0.81,0.90,0.81,0.82,1.63,0.85,2.46,3.40,3.33,0.82,0.83,0.84,1.57,0.83,0.86,0.83,1.65,4.10,1.69,1.70,0.87,0.85,0.85,1.64,0.84,5.69,0.83,0.85,0.85
AAGAAGGTGGTGGGAG	1.16	HG00256:15.62	13.88,0.82,19.12,0.83,19.15,1.67,0.80,2.47,15.62,1.61,1.71,0.82,42.71,17.36,2.52,4.18,21.29,6.74,8.52,1.71,2.57,4.20,1.67
