#contig	start	end	unit	top_case_zscore	high_case_counts	all_counts
17	46935200	46935721	AATGG	15.18	HG00449:15.18	15.18
5	116061437	116062599	AAAAT	10.59	HG00449:13.49	8.05,0.85,13.49,1.58,0.80,2.59,0.84,0.86,2.45,2.59,0.84,8.07,0.81,0.82,20.68,0.84
5	78476199	78476925	AAGGG	7.15	HG00449:15.18	0.83,4.99,5.83,3.34,1.60,5.82,4.07,0.80,9.86,5.68,5.89,0.97,15.18,0.81,5.93,4.07,7.46,0.85,9.09,9.38,5.03,0.82,3.45,0.84,4.16,0.84,5.75,3.37,5.16,4.09,9.80,0.84,1.61,6.51,3.31,3.24,5.00,0.86,4.12,0.83,2.56,3.93,0.87,0.84,4.36,4.15,0.86,0.83,11.14,7.45,2.56,5.75,6.72,8.58,4.18,7.64,0.84,8.18,3.30,5.90,3.94,0.83
12	125916386	125917419	ACACATACATATATAT	7.11	HG00449:14.34	0.85,14.34,2.59,8.17,7.55,5.89,2.52,7.72,4.96,11.25,1.69,7.55,2.50,6.66,7.76,3.36,7.35,1.69,6.45,3.48,4.27,9.99,4.19,4.93,3.33,4.12,0.83,1.57,5.85,1.74,3.38,6.85,1.55,4.25,2.48,1.69
14	23749192	23750436	AAAAT	6.32	HG00449:49.75	17.46,24.96,1.67,16.75,21.88,13.97,3.22,22.21,16.44,17.63,12.62,49.75,13.42,8.14,16.09,11.41,17.17,15.12,14.05,39.85,6.83,32.72,16.05,19.34,1.70,12.56,52.41,10.62,13.07,18.54,6.45,4.85,25.74,18.79,17.37,7.49,0.81,14.99,26.56,10.77,34.79,19.26,16.50,12.45,21.40,14.07,14.75,11.04,22.07
X	17067624	17068779	AAAG	5.57	HG00449:24.45	2.44,4.21,13.68,10.25,13.55,24.45,17.01,20.73,17.98,6.71,16.29,4.23,18.48,12.61,3.40,4.34,21.51,19.00,4.11,5.72,18.32,4.20,16.01,13.90,6.96,7.39,3.26,6.84,10.80,1.64,7.78,19.26,13.14,18.33,9.07,1.68,15.91,3.43,16.72,5.86,1.71,11.58,15.42,0.84,3.42,6.78,11.72,13.67,26.75,19.53,18.20,0.83,14.39
2	1783129	1784974	ACCAGCAGAGACTC	4.90	HG00449:11.81	4.90,0.83,0.83,0.84,3.35,2.44,0.80,1.64,1.71,0.85,0.82,1.60,3.87,11.81,0.85,2.59,0.84,1.65,5.70,7.10,0.85,5.15,1.68,5.04,5.04,5.95,5.20,5.14,2.49,0.80,0.85,3.31,0.78,3.24,0.85,2.51,4.12,0.86,0.84,3.33,2.52,2.55,1.64,0.84,0.84,4.90,4.16,0.86,5.04,8.17,7.26,6.27,4.34,1.74,2.43,4.83,3.28,8.15,4.89,9.86,0.83,8.54,0.83,6.66,3.35,1.64,4.05,8.51,4.12,2.52,6.63,3.41,0.86,3.48,1.75,0.83,0.86,0.83,1.71,0.82,5.88,0.84,2.54,0.85,0.85,3.30,0.84,1.55,5.02,3.33,3.37,2.56,5.01,1.58,0.81,0.83
X	80810066	80811398	ACACATATATAT	4.78	HG00449:10.12	5.71,2.44,2.49,0.83,3.32,1.67,0.83,3.34,1.68,2.50,3.37,1.65,1.64,1.61,3.41,2.60,1.64,6.41,1.62,3.36,10.12,1.70,0.86,5.03,3.30,5.70,5.08,4.89,6.01,1.68,2.52,3.36,4.25,0.86,6.43,0.83,3.39,0.83,3.13,0.85,2.52,4.72,4.32,1.68,3.41,1.64,5.05,4.99,2.50,1.73,4.08,1.69,4.03,0.90,0.87,3.28,2.44,1.71,3.29,2.49,2.57,2.59,3.35,8.21,1.62,0.84,4.35,2.57,4.22,0.85,5.93,4.95,1.55,4.18,1.66
8	146300457	146301287	ACCCTG	4.49	HG00449:5.06	5.06,0.82,0.83,1.69,0.83,0.83,0.83,0.79,1.64,0.83
5	132961098	132962571	AATATATATATATGG	4.25	HG00449:29.51	14.69,3.26,19.54,19.12,19.20,13.31,9.14,14.16,13.36,5.85,0.80,19.21,0.84,14.14,9.36,5.89,9.87,13.15,17.11,8.05,16.41,2.56,10.25,1.73,9.04,14.42,20.03,17.86,8.06,2.52,9.68,29.51,22.97,12.09,7.35,10.06,16.50,6.51,14.99,6.77,16.30,10.30,15.96,5.04,13.45,16.48,28.17,26.47,7.23,9.08,7.62,2.48,30.48,10.54,10.91,13.40,22.25,7.55,3.36,13.31,2.51,6.71,12.77,8.21,17.59,6.74,4.30,8.32,3.27,15.82,5.18,2.52,14.70,12.64,11.30,7.17,9.56,11.31,11.28,13.96,15.48,0.81,16.24,19.72,16.61,10.30,10.67,3.42,8.27,19.15,7.78,2.51,9.03,9.73,12.76,10.00,8.57,3.30,10.07,4.14,13.25,2.51,7.67,12.57,2.51,13.09,3.32,13.69,13.24,7.71,12.41,11.10,8.21,0.84,8.44,3.40,18.32,0.85,2.52,8.47,16.35,9.90,0.84,13.20,1.67,20.23,7.69,0.84,7.88,10.19,5.79,9.34
12	123936737	123937153	AAATATATATAT	3.83	HG00449:5.06	0.82,1.60,5.06,2.43,5.98,1.68,0.84,0.84,2.55,0.84,0.86,0.82,1.72,0.82,0.83,0.79
2	150762163	150763116	AAAGAGAG	3.73	HG00449:7.59	1.63,4.17,0.83,2.51,1.60,1.70,1.73,1.60,7.59,1.63,5.87,5.78,0.79,2.54,2.44,0.84,0.87,3.43,4.14,4.02,1.65,0.81,1.71,4.32,0.82,0.84,0.82,1.67,0.86,3.27,0.84,3.48,5.66,3.26,3.26,4.15,1.64,0.83,2.59,0.84,1.62,0.85,0.84,0.87,0.83
11	69029933	69031288	ATCC	3.71	HG00449:9.28	2.45,3.26,2.44,4.16,1.67,3.33,4.16,2.50,4.17,1.67,3.99,2.51,2.51,5.82,3.40,1.68,4.11,3.29,4.89,8.05,3.28,3.41,4.27,3.46,4.11,4.01,4.17,2.43,2.42,0.84,1.94,9.28,5.10,1.73,4.90,3.35,2.48,4.89,3.94,2.54,1.63,1.72,5.04,1.68,1.68,2.55,2.60,2.57,1.66,3.31,0.80,1.65,4.23,5.79,0.78,2.43,2.56,4.19,2.51,3.30,1.89,1.73,2.52,0.83,2.51,3.35,2.46,3.37,1.72,4.16,4.09,5.00,0.86,2.52,2.45,0.84,3.23,0.90,2.61,7.83,4.04,3.22,2.46,5.70,1.63,4.27,0.82,0.83,4.29,4.10,1.71,2.48,3.33,3.46,2.51,0.82,1.62,3.40,1.67,3.43,3.30,3.36,0.83,4.14,4.19,2.56,3.93,3.43,2.51,3.48,4.18,2.62,2.49,1.71,0.83,3.43,3.31,0.82,3.41,3.28,2.52,10.29,0.86,1.67,3.38,2.55,6.11,2.54,2.54,5.13,3.36,3.39,4.09,1.65,2.52,0.78,0.84,4.16,2.53,2.56,5.01,0.79,3.25,5.10,3.31,5.82,1.70,3.39
14	101012000	101013274	AGGGCCGGGGCGGGGCG	3.68	HG00449:10.96	4.08,4.90,0.83,3.33,0.83,5.01,1.68,2.50,12.76,6.58,0.82,1.61,1.64,3.42,5.84,2.42,6.73,7.74,10.96,6.71,9.08,2.37,1.69,3.26,1.72,8.40,7.57,6.07,2.57,9.10,2.48,4.23,1.56,0.81,0.84,1.68,5.77,4.72,5.18,0.84,0.83,3.35,6.71,1.70,4.11,5.89,0.86,0.86,10.75,1.74,6.09,5.66,3.28,0.81,4.89,4.10,1.67,0.82,5.68,0.85,0.79,1.63,0.83
2	242843791	242845035	AGGCGGCGGCGGAGGGG	3.59	HG00449:10.12	1.63,2.45,3.26,2.49,2.50,3.32,5.00,1.67,1.68,4.25,5.05,4.11,4.93,0.81,8.05,0.82,5.97,3.42,1.73,5.75,1.60,2.50,4.06,3.22,5.05,3.87,10.12,2.55,4.09,0.84,1.65,2.44,3.94,5.93,4.89,3.36,0.84,3.36,3.40,2.60,0.86,3.31,3.31,6.43,1.65,1.56,3.24,6.70,2.47,1.89,3.36,3.35,0.84,5.75,2.58,4.99,3.33,4.31,4.90,7.58,9.68,1.79,4.34,1.74,2.43,0.81,9.78,1.63,5.13,4.11,0.83,2.57,4.92,4.27,2.48,4.16,0.86,4.19,3.24,5.11,4.17,4.12,4.20,3.31,1.67,0.85,8.65,0.86,1.67,0.87,0.84,2.62,2.49,3.31,1.71,3.31,4.27,3.28,0.84,1.72,2.57,2.51,3.38,1.70,1.74,3.38,1.69,2.52,3.39,2.45,3.30,2.52,4.66,1.67,2.50,2.53,0.85,6.69,2.37,0.81,1.70,0.83,1.70
20	47114839	47115890	AAAG	3.51	HG00449:8.43	1.66,1.64,12.11,11.68,4.21,8.43,2.55,5.03,2.37,0.81,0.84,10.09,0.86,0.83,0.83,0.83,0.85,0.85,0.84,3.41,2.43,5.11,1.68,0.83
4	14933264	14934115	AAAATATATATTATATATAT	3.50	HG00449:4.22	0.83,2.49,1.71,2.43,0.84,4.22,0.81,0.84,2.34,0.85
1	180508757	180509696	AAAG	3.29	HG00449:4.22	2.49,0.84,4.22,1.68,0.85,0.78,0.85,0.82,6.56,0.84,3.43
X	870209	871675	AAAG	3.10	HG00449:30.36	0.82,9.99,6.38,12.07,0.82,15.02,11.28,25.17,30.36,11.91,6.54,26.00,9.08,17.91,12.70,18.74,22.32,15.96,10.09,18.49,28.06,11.27,19.72,8.27,5.63,0.78,5.03,12.48,9.20,11.50,21.63,8.99,9.99,22.43,10.92,13.88,10.95,15.33,16.13,7.82,18.27,26.69,15.30,23.63,14.66,23.07,5.15,15.59,10.25,29.78,15.82,26.80,5.86,21.35,6.49,9.36,5.86,7.71,5.85,1.71,9.10,9.93,0.85,0.82,0.86,6.75,3.40,5.23,10.99,1.71,9.24,11.02,0.84,0.84,12.64,12.82,0.84,15.46,11.03,4.23
12	83802981	83803675	AT	3.00	HG00449:3.37	3.37,3.26,0.86,1.68,1.66,2.50,1.66
X	114939534	114940994	AAAG	2.97	HG00449:21.92	12.21,6.65,6.68,4.16,3.32,7.49,16.70,10.03,5.58,7.52,5.11,6.73,7.40,6.58,9.78,8.85,9.39,3.42,12.82,8.35,16.23,4.84,21.92,14.69,8.17,5.87,13.84,5.08,11.41,13.74,6.72,12.61,12.61,13.61,14.91,6.62,1.61,8.26,18.18,4.69,12.97,6.83,9.22,4.94,10.38,9.25,6.65,11.71,10.90,18.74,12.32,19.26,7.58,5.16,19.97,4.90,4.16,11.21,10.92,17.69,22.59,17.03,6.95,4.35,4.83,5.75,6.52,5.70,2.56,0.82,12.46,4.29,1.64,14.89,9.16,11.24,5.75,4.86,11.06,11.14,8.24,15.94,0.83,1.67,8.52,1.71,7.52,10.45,12.55,12.22,5.81,6.85,18.85,9.93,5.75,2.56,8.39,12.86,1.71,9.19,0.84,15.28,4.23,6.77,10.27,7.56,11.02,10.63,3.30,2.52,11.64,4.19,3.33,3.37,11.11,11.70,9.46,3.25,21.23,4.14,9.98,2.55,11.01
6	100265746	100266978	AAG	2.94	HG00449:6.75	0.85,3.87,6.75,0.85,4.13,2.37,4.23,2.44,7.73,2.52,0.87,5.14,0.80,0.81,0.83,2.59,3.27,1.69,2.42,2.69,5.21,0.81,2.42,2.46,1.63,2.56,0.82,4.27,4.14,1.67,1.64,0.85,1.67,5.04,1.71,2.37,0.83
2	26810926	26812744	AAG	2.79	HG00449:17.71	4.90,12.24,5.70,11.64,0.83,4.99,1.66,8.33,0.83,3.34,7.98,7.52,14.24,1.66,7.66,5.89,6.58,4.93,2.44,4.02,7.39,9.39,6.83,5.19,7.40,2.40,6.68,5.68,10.48,1.68,11.62,17.71,12.76,6.05,8.99,16.77,11.55,4.07,15.77,5.08,8.15,7.73,11.76,2.52,10.09,11.05,11.27,4.29,8.28,9.93,16.88,4.95,1.69,3.31,3.13,4.05,5.13,9.23,10.89,14.83,4.72,5.18,9.25,5.82,7.53,1.68,2.55,10.68,3.35,5.89,1.72,11.65,15.53,11.66,16.39,5.88,15.51,10.11,9.68,8.07,13.03,2.61,8.09,8.06,9.85,14.67,9.77,10.25,13.97,13.29,9.44,6.56,6.83,12.41,12.49,12.10,11.72,10.68,8.92,8.51,2.50,0.86,13.19,5.03,0.83,4.14,3.35,5.97,2.36,3.43,1.67,6.96,2.51,6.98,4.98,3.42,2.48,5.14,19.03,0.82,4.27,3.28,10.07,8.58,11.14,2.51,10.13,4.24,6.98,6.77,3.38,3.42,5.88,11.02,10.63,1.65,4.20,2.33,7.54,8.32,3.37,5.13,5.85,0.79,3.25,5.94,10.75,4.16,3.39,12.70
18	23882177	23883213	AAAGTGGAGGGGGTATG	2.73	HG00449:8.43	0.82,4.90,4.07,0.83,4.17,0.83,0.83,3.33,2.50,2.51,0.80,5.01,0.84,2.50,0.85,2.52,2.47,3.26,3.22,4.10,1.71,2.60,0.82,0.80,2.43,3.22,5.89,3.87,8.43,0.85,1.73,5.72,0.84,1.65,4.89,3.94,2.54,5.70,3.43,0.84,1.68,5.04,4.25,1.73,3.43,3.31,0.83,4.02,3.30,1.69,3.31,2.34,11.35,0.85,0.84,3.35,4.94,2.83,2.59,4.20,2.50,0.84,1.68,4.93,3.35,4.30,5.82,0.82,2.50,2.59,1.68,5.72,3.37,2.42,0.87,1.74,4.85,1.61,0.82,2.44,2.44,2.56,4.11,1.66,1.72,1.64,0.85,1.65,1.67,4.32,3.35,3.29,0.81,8.51,3.33,1.71,0.83,4.14,1.67,2.56,3.14,0.86,5.02,5.22,3.35,1.75,3.32,1.65,3.43,1.65,1.64,1.71,5.75,4.20,2.57,1.67,4.24,1.74,4.23,1.71,2.52,5.93,5.72,3.30,3.36,2.33,6.70,2.50,3.37,3.42,1.67,2.37,0.81,1.70,4.16,2.55,0.85
9	123854246	123855593	AATATATATCTATATATAT	2.63	HG00449:11.81	2.45,0.82,0.81,3.33,0.83,12.47,2.50,2.50,7.52,1.60,1.67,2.51,4.99,3.40,2.52,6.58,7.33,2.41,5.75,11.95,3.42,1.73,0.82,0.80,0.83,7.30,5.64,1.68,7.74,11.81,5.10,7.78,4.90,3.35,9.90,3.26,3.15,3.26,7.73,6.72,3.36,7.57,6.80,1.73,3.43,2.49,9.93,2.41,1.65,0.85,1.65,0.78,3.24,5.13,2.52,1.68,5.77,1.68,2.50,5.03,0.82,3.44,5.82,4.90,4.16,0.86,0.82,5.06,6.45,2.69,8.69,3.48,8.06,3.28,6.52,5.70,3.42,6.57,2.49,6.86,5.74,10.25,3.31,4.16,0.86,3.35,2.43,0.85,8.33,2.57,10.71,3.36,8.28,4.14,4.19,6.29,6.86,4.18,6.09,2.51,1.75,1.66,4.28,1.65,0.86,7.45,0.82,2.56,2.46,1.68,1.71,4.24,2.62,1.69,3.38,5.99,6.72,3.39,5.72,1.65,2.52,2.33,1.67,3.33,1.69,1.67,3.25,4.25,3.33,10.18,5.08
3	13490782	13491920	AAAAG	2.57	HG00449:14.34	14.34,16.29,13.25,5.86,13.63,8.17,12.76,4.11
20	35236982	35238122	AC	2.57	HG00449:7.59	1.63,4.08,1.63,1.66,3.34,0.83,4.99,0.83,0.83,0.84,1.60,3.35,0.85,6.58,6.58,2.44,0.85,6.58,4.17,2.43,8.06,5.05,7.59,1.73,0.82,3.35,4.13,0.81,0.79,0.85,1.63,4.29,0.84,2.52,2.55,0.87,3.43,1.66,1.65,1.61,0.83,1.69,2.34,3.36,3.35,0.86,1.66,2.51,0.84,4.26,0.84,2.45,2.50,3.45,2.52,0.84,2.42,0.90,0.87,2.61,3.22,0.81,4.07,1.71,4.11,2.49,0.86,0.82,3.42,3.46,0.84,0.85,4.17,2.57,3.31,2.48,4.19,1.70,6.00,2.51,2.61,4.36,0.83,4.14,3.43,1.64,1.64,2.51,0.85,3.38,1.71,3.36,0.85,0.84,1.71,3.34,1.63,1.70,3.39
5	82927466	82927597	AAAGAGAG	2.53	HG00449:2.53	2.53
22	35111074	35112135	AGG	2.52	HG00449:5.90	0.82,0.81,0.83,1.66,0.83,2.50,1.67,0.80,1.67,2.51,4.25,0.82,2.47,0.81,0.80,1.64,2.56,2.47,1.67,0.81,0.84,0.97,5.90,0.86,1.63,0.84,1.65,0.81,1.58,0.85,1.63,4.29,2.52,3.36,1.73,2.48,3.21,0.83,1.69,0.78,1.62,1.71,0.84,2.51,2.47,2.83,0.84,2.51,2.55,2.46,3.35,0.86,1.66,4.09,1.67,3.45,2.45,1.61,0.90,0.87,1.62,1.61,0.82,0.81,0.82,1.66,1.72,1.64,0.83,0.86,0.84,1.64,0.81,1.70,1.67,2.57,1.65,1.68,1.66,0.83,1.67,0.85,0.86,1.67,0.87,1.67,0.87,1.66,0.83,3.43,0.83,3.29,1.71,0.82,0.84,0.86,3.43,4.18,0.84,2.55,0.87,0.85,0.85,0.86,2.52,0.82,0.82,2.52,0.78,0.84,0.83,0.84,1.71,0.79,0.81,2.48,1.66,0.85
19	19317688	19318710	AACCACACCCAGCCATACAC	2.49	HG00449:4.22	1.63,1.63,0.81,1.67,2.50,0.84,1.66,0.85,1.65,0.81,0.80,0.85,1.64,0.83,0.84,0.97,4.22,0.85,0.86,0.82,0.84,2.48,1.63,0.85,1.72,0.84,0.84,0.85,0.86,1.65,1.65,0.85,1.65,1.56,0.85,2.52,0.94,0.84,0.84,0.85,1.67,0.82,0.86,0.84,1.63,0.84,1.74,0.82,0.82,0.86,1.64,0.83,0.83,0.86,0.82,1.71,0.82,0.83,1.67,0.79,0.87,0.86,0.83,0.85,0.84,1.70,0.86,1.69,0.82,1.65,0.84,0.83,0.85,0.81,1.65,0.85
16	1334424	1334735	CCCCCCCCCCCCCCCCCGGG	2.47	HG00449:2.53	0.84,2.53,0.84,0.83,0.84
6	169239516	169240017	ACCGCGTCCTCATCGGC	2.41	HG00449:5.90	5.05,1.94,5.90,1.73,6.71,1.63,4.29,0.85,0.81,0.84,0.82,5.16,0.84,0.81,0.81,0.82,2.56,3.31,3.35,0.84,3.43,0.87,0.86,11.10,1.64,2.57,0.84,0.87,0.85,0.85,3.30,1.68,0.78,3.15,0.83,1.70
14	25598532	25599323	AATATATATATATG	2.39	HG00449:2.53	2.53,0.84,2.57,3.35,3.32
15	92838666	92839670	AAAG	2.36	HG00449:3.37	1.63,1.73,3.37,0.86,3.28,1.71,1.66,1.69,0.82,3.34
7	101132277	101133563	AAAG	2.35	HG00449:10.12	1.63,0.81,2.50,2.50,4.99,1.67,8.35,6.38,1.68,2.55,2.52,3.29,1.63,7.24,0.82,0.85,1.73,2.47,4.81,5.84,0.81,0.84,10.65,10.12,1.70,1.73,0.82,2.44,5.52,8.15,3.36,5.04,0.84,0.85,2.57,1.65,8.84,1.65,4.23,0.83,2.43,5.13,6.71,7.42,2.59,3.36,0.84,11.92,8.21,7.54,6.88,0.83,2.52,0.87,5.75,4.89,5.13,7.39,6.01,0.82,0.85,3.31,6.66,12.10,4.11,1.70,0.84,0.86,1.71,0.85,1.65
15	79350875	79352339	AAGGATAGGGAAGGGAAGGG	2.24	HG00449:5.90	0.82,0.83,0.84,1.67,0.84,0.83,5.96,0.82,0.82,0.85,0.85,1.68,5.90,3.40,0.86,1.65,3.15,2.54,2.44,1.68,2.52,1.68,0.87,0.86,0.83,1.61,2.48,0.85,0.83,0.85,0.83,0.84,5.75,1.67,3.27,3.33,1.73,0.84,2.45,3.37,2.42,2.69,0.81,0.81,0.81,1.63,0.85,0.82,0.86,1.71,1.65,0.83,3.29,0.85,3.30,2.52,4.14,1.67,0.85,5.50,0.86,1.75,2.57,4.96,3.29,0.85,1.72,0.86,0.84,1.69,1.70,1.69,2.52,0.82,1.65,0.84,1.55,1.67,0.83,0.84,0.85,0.84,2.37,2.44,0.83,2.49,0.85
7	71579239	71579739	AAGGG	2.19	HG00449:10.96	6.65,6.69,4.11,5.75,5.70,4.33,4.84,10.96,4.32,5.03,1.65,3.26,2.54,3.26,10.30,7.56,3.36,5.04,6.80,2.49,4.96,4.82,1.65,0.85,0.84,2.46,4.21,13.08,1.67,5.18,8.98,0.84,5.65,1.79,3.48,8.09,1.61,3.28,18.74,11.40,13.67,2.46,1.66,5.74,0.85,6.62,5.83,6.05,4.86,2.55,1.68,4.97,5.02,2.47,4.29,6.68,3.40,5.13,5.88,3.39,5.06,3.39,2.54
X	143793454	143794664	ACACATATATATAT	2.11	HG00449:8.43	1.66,0.83,0.84,1.67,0.84,1.68,0.82,0.83,2.42,0.84,3.87,8.43,3.40,4.09,2.52,0.81,3.94,4.23,0.81,5.04,4.20,8.41,1.70,0.86,4.14,1.56,0.84,0.84,0.86,9.98,3.27,0.83,1.73,1.68,1.69,12.10,2.69,1.74,8.09,0.82,5.75,1.66,2.57,4.10,4.14,7.78,5.02,3.40,3.30,1.66,0.85,3.35,0.87,2.56,1.71,1.69,3.40,5.92,5.13
1	112712623	112713269	AAAG	2.11	HG00449:3.37	0.82,0.83,0.80,0.84,1.71,2.47,3.37,0.85,0.83,1.62,0.84,0.83,0.81,0.90,0.81,1.61,0.82,0.82,1.65,2.49,1.65,0.86,0.85,0.82,0.86,0.83
X	860382	860698	AAG	2.11	HG00449:2.53	2.53,1.66,0.81,0.83,0.86,0.84,0.84,0.85
12	26668457	26669945	AAAGG	2.04	HG00449:16.86	8.16,2.45,4.07,4.99,11.68,12.48,9.97,9.16,5.01,8.36,10.37,10.02,12.56,4.16,11.06,8.42,9.05,9.86,4.89,8.85,4.10,10.24,12.82,13.84,10.69,8.81,4.17,3.25,14.51,10.93,1.94,16.86,7.66,14.69,2.45,15.93,7.43,8.14,12.62,14.40,8.15,4.29,11.76,7.57,14.29,7.65,7.80,4.29,8.28,6.62,2.41,10.73,4.23,6.61,13.28,3.36,15.08,4.12,8.50,9.50,7.57,8.32,6.69,10.06,9.37,9.03,13.40,5.05,11.19,10.81,11.44,6.66,4.31,5.88,14.70,13.48,11.30,17.03,12.16,5.22,1.62,4.83,3.28,8.96,5.70,5.13,7.39,10.80,3.43,22.16,5.98,4.96,5.83,9.51,3.35,7.39,1.62,10.21,7.50,2.57,4.94,5.03,3.31,5.80,4.19,7.07,6.86,6.69,2.61,0.84,7.86,9.13,3.42,10.76,11.14,4.14,2.56,7.39,8.39,5.15,16.70,3.38,1.70,6.11,0.85,7.61,4.28,5.88,1.69,17.99,6.60,0.84,1.55,4.19,6.65,1.69,5.13,2.51,6.51,1.70,5.79,3.33,2.54
19	56360687	56362108	AAATTACACCGCAGCCTCGG	2.02	HG00449:9.28	5.71,2.45,1.63,4.99,1.67,5.82,4.99,5.00,6.68,1.67,3.34,5.03,4.16,5.96,4.21,4.94,3.29,0.81,4.02,3.42,3.46,3.29,4.81,9.18,0.81,2.42,5.05,0.97,9.28,5.95,1.73,4.09,1.68,4.95,3.26,6.31,0.85,3.26,2.58,3.36,2.52,5.04,2.55,1.73,5.14,2.49,8.27,4.82,4.13,0.85,4.96,6.25,4.86,9.23,5.03,6.59,1.89,1.73,5.88,2.50,4.18,5.03,0.85,2.46,2.51,4.21,6.02,2.50,6.54,5.00,3.45,6.72,2.45,8.43,4.03,7.17,8.69,3.48,3.23,4.03,3.26,4.89,4.27,3.29,3.32,0.86,2.46,1.71,1.65,4.16,3.46,2.51,0.82,1.62,0.85,3.33,5.14,3.30,1.68,4.97,0.83,0.84,1.70,4.72,1.71,1.67,5.22,1.67,2.49,0.86,7.45,3.31,1.64,1.71,4.93,0.84,0.86,0.84,4.22,0.85,6.98,3.38,3.38,1.71,5.88,0.85,2.45,5.04,1.55,2.51,4.16,3.37,2.56,4.18,0.79,4.07,0.85,1.65,2.49,0.85
17	77866953	77868470	ACCATCATCATCATCATC	1.97	HG00449:12.65	2.45,1.63,5.70,0.83,4.17,3.33,4.16,2.50,3.34,7.52,0.80,1.67,5.03,1.66,2.55,4.21,1.65,6.58,4.89,4.83,4.10,4.27,1.71,5.19,4.11,8.81,3.34,3.25,8.86,2.52,3.87,12.65,5.95,13.82,4.09,4.19,3.30,1.63,10.25,6.77,1.63,7.73,1.68,2.52,4.20,4.25,4.34,4.29,1.66,2.48,1.61,0.83,5.79,9.38,6.49,3.42,3.36,5.03,2.47,1.89,3.45,3.36,2.50,7.53,1.68,4.11,3.35,2.53,2.58,9.98,5.72,1.67,1.73,4.20,1.63,1.69,8.88,6.27,1.74,4.35,2.42,12.32,4.89,1.63,5.13,6.57,4.15,7.72,4.10,2.56,3.31,3.33,2.59,5.02,3.29,5.68,5.11,4.17,5.14,5.77,3.36,8.28,6.63,2.51,11.08,10.22,11.14,7.52,9.58,5.02,4.36,2.49,5.99,5.79,10.28,7.45,3.29,3.41,6.57,8.39,7.72,7.71,10.02,6.75,4.24,4.36,5.08,9.30,5.99,9.24,6.78,3.27,6.60,10.92,3.88,10.05,14.97,0.84,11.96,5.01,3.15,2.44,7.64,4.96,4.99,4.24,3.39
5	180062518	180062669	ATCC	1.97	HG00449:5.06	0.82,0.82,1.63,1.66,0.83,0.83,1.66,1.67,1.67,0.80,2.51,1.68,0.83,1.70,0.84,1.65,2.47,0.81,3.22,0.85,0.85,2.60,1.64,1.60,2.50,0.81,0.81,0.84,1.94,5.06,1.70,2.59,1.63,0.84,0.85,3.26,0.86,2.52,1.68,0.84,0.85,0.83,1.61,1.65,2.54,1.62,1.71,2.51,0.82,0.83,1.67,2.52,0.85,4.11,2.53,1.72,1.63,1.67,0.86,1.68,0.82,0.84,1.61,1.74,0.87,1.62,0.81,1.64,1.63,2.44,2.46,2.49,3.43,1.64,1.71,1.65,1.67,1.73,2.51,0.81,1.70,0.83,0.86,1.65,2.52,2.48,0.83,1.67,0.79,2.57,1.74,1.67,4.98,0.86,2.48,3.43,2.47,5.12,2.46,2.57,1.71,2.51,1.69,1.70,1.69,0.86,0.84,0.82,1.65,0.84,2.33,3.35,1.66,1.69,1.71,0.79,0.85,1.65,0.83,1.70,0.85
13	53907757	53909019	AAAG	1.95	HG00449:10.96	6.53,0.82,4.16,0.84,1.65,8.15,1.61,1.71,4.93,10.96,8.64,8.25,14.28,12.00,5.63,1.65,3.78,6.65,2.52,2.53,0.83,11.96,1.66,3.35,3.29,17.84
2	192828475	192829603	AAAG	1.93	HG00449:14.34	13.87,6.68,5.63,14.34,0.84,14.52,9.89,7.57,2.51,3.58,1.64,2.57,18.78,11.00,14.02,3.39
18	1746487	1747772	AG	1.92	HG00449:6.75	1.63,0.82,0.81,3.33,1.66,0.83,2.50,3.34,1.67,3.99,5.01,0.83,0.85,3.37,0.82,3.29,1.63,0.80,0.82,1.71,2.56,0.82,0.83,1.62,3.22,3.36,2.90,6.75,2.55,1.73,1.63,2.52,2.48,3.39,1.72,2.52,2.52,0.84,3.40,6.07,0.86,4.14,5.79,0.80,2.48,2.54,2.48,2.34,0.81,0.85,2.52,2.51,0.82,0.86,1.68,1.66,1.67,0.84,2.55,0.82,7.54,0.84,0.86,4.16,5.72,1.67,1.73,1.68,3.37,0.81,2.61,0.81,2.42,2.46,0.81,1.63,5.13,1.66,0.86,3.28,3.42,2.48,3.33,4.19,0.82,2.43,1.70,3.30,1.66,0.83,6.70,0.85,1.57,1.71,0.84,1.74,0.84,3.49,1.66,1.71,1.65,1.64,0.85,1.68,4.29,0.86,0.84,1.69,1.70,1.74,0.85,0.85,0.86,0.84,0.85,2.45,0.84,0.84,1.66,2.56,0.84,0.85,3.31,0.83,0.85,2.54
12	92821862	92822379	AAGGAAGGAAGGGAGGGAGG	1.89	HG00449:4.22	2.45,1.66,2.51,0.84,0.82,0.82,0.80,2.56,0.83,1.61,2.52,4.22,1.73,0.82,0.85,0.85,0.87,2.57,2.41,1.69,0.83,0.81,2.52,0.82,1.66,2.51,0.82,0.84,3.44,0.83,2.42,1.73,1.67,0.82,0.81,0.86,1.67
11	56869182	56870393	AAG	1.83	HG00449:10.12	2.45,0.83,4.16,4.16,0.83,3.34,3.99,0.84,0.81,0.80,2.46,0.85,0.81,6.45,1.68,1.94,10.12,5.95,8.17,0.84,2.48,6.31,7.33,18.03,0.84,14.29,3.40,0.87,7.72,10.77,1.65,12.86,2.48,1.69,4.96,1.56,2.43,4.27,7.55,0.84,4.93,1.67,8.42,0.86,5.88,3.27,2.42,0.90,1.74,1.62,3.28,4.89,1.63,3.32,8.58,5.12,9.99,5.68,1.65,0.84,2.48,0.79,2.57,2.51,0.87,0.83,1.64,3.41,0.82,0.84,3.43,0.84,0.87,2.54,0.85,1.71,1.68,0.82,0.84,1.55,5.02,2.50,5.06,2.51,0.81,0.83,1.70
4	167586267	167587565	ATATATATCC	1.79	HG00449:3.37	0.82,0.81,0.83,0.80,1.67,0.84,0.80,0.80,0.97,3.37,1.70,0.81,0.81,0.86,0.84,1.66,0.83,1.61,1.56,0.84,0.84,1.68,0.83,2.51,0.83,1.74,1.63,0.82,0.86,1.65,0.84,0.82,0.81,0.85,0.83,0.82,0.85,2.54
16	89247869	89249118	AGCCTGCCCTCCCCC	1.78	HG00449:5.90	4.08,0.82,0.81,1.66,0.83,1.67,0.80,2.51,4.16,3.40,3.29,0.80,0.85,0.85,0.87,2.47,3.20,4.06,4.84,0.84,4.84,5.90,2.55,1.73,3.27,2.52,1.65,1.63,0.79,2.44,0.86,1.68,1.68,3.36,0.85,3.43,0.83,1.65,1.61,1.65,1.69,1.65,1.56,0.85,0.86,1.66,3.35,1.68,1.70,0.82,2.51,1.68,0.86,1.66,0.82,0.83,4.31,0.84,4.08,1.69,0.81,1.79,2.61,1.74,4.04,0.81,4.11,1.63,2.46,0.83,0.86,0.82,0.85,1.65,1.67,5.19,2.51,0.82,2.43,4.25,2.50,0.86,3.30,1.66,1.66,3.35,2.56,1.57,1.71,2.51,0.87,2.51,3.32,1.71,0.83,3.29,2.56,3.28,4.20,1.71,0.84,0.84,0.85,0.87,3.38,1.69,0.86,1.68,1.69,3.27,0.84,0.78,0.84,2.50,3.37,0.85,0.84,0.79,3.25,1.70,2.48,0.83,1.70,1.69
X	124484397	124485902	AG	1.76	HG00449:49.75	1.63,23.66,30.94,20.79,15.86,6.66,9.97,25.05,10.87,12.76,16.70,0.84,2.50,17.87,21.04,31.26,12.33,18.74,14.49,12.31,22.18,17.09,22.49,17.26,14.42,20.87,24.35,23.37,14.30,18.39,49.75,24.67,43.20,17.16,45.28,14.85,0.81,35.49,39.80,13.04,36.92,21.00,33.63,22.70,28.06,27.75,27.43,28.99,0.83,33.75,13.21,38.11,43.80,36.73,19.46,44.42,16.78,20.11,0.94,28.50,16.81,25.78,20.08,20.13,36.62,20.53,48.57,37.05,24.09,27.45,22.07,24.98,16.39,36.97,19.60,53.08,39.43,22.59,19.14,37.20,19.71,31.78,0.85,30.40,19.10,18.88,29.54,20.50,9.93,21.65,45.81,20.10,32.03,30.00,38.29,21.66,20.57,26.37,36.92,16.56,60.47,15.91,33.25,31.44,0.86,6.69,39.17,16.73,48.01,16.60,41.94,28.27,20.68,32.89,20.48,26.27,42.81,26.59,14.56,18.37,27.85,31.41,21.81,44.84,21.14,18.49,50.85,40.89,47.83,21.84,24.07,30.98,32.44,27.81,34.18,22.57,18.92,37.42,30.57,18.20,49.89,22.91,44.88
X	197796	198175	ACGGCCTCCCCTCCCCCTGC	1.76	HG00449:3.37	0.81,1.67,0.84,0.83,0.84,3.37,0.85,0.82,0.83,0.85,0.86,1.68,1.70,1.73,2.49,0.82,0.86,1.68,0.84,2.50,0.84,0.90,0.81,0.81,1.63,0.85,0.82,0.86,0.83,1.64,0.81,0.83,0.86,0.82,1.68,1.66,0.86,0.86,1.70,0.87,0.78,0.84,0.85,0.84,0.81
20	4098436	4099987	AAG	1.74	HG00449:16.86	3.27,4.90,12.21,18.29,11.68,10.82,15.79,9.99,5.01,7.52,10.37,12.53,14.24,2.50,11.06,10.94,5.76,7.40,7.33,11.27,25.44,10.24,16.23,4.33,13.97,7.21,6.68,12.17,8.06,9.25,10.65,16.86,6.80,5.18,7.35,11.74,9.90,4.89,10.25,13.55,13.85,6.01,10.92,5.89,8.41,12.76,3.47,7.72,8.28,14.89,8.04,17.34,8.47,9.92,10.16,12.97,6.83,3.36,7.54,0.82,6.61,5.18,10.09,7.49,8.37,3.35,5.96,7.39,20.10,10.95,8.61,6.66,2.45,5.00,7.76,2.52,1.63,9.27,7.26,3.58,10.44,4.04,8.06,13.14,6.52,12.21,14.53,3.29,5.81,6.01,11.49,12.81,14.89,5.83,2.59,7.54,4.93,9.73,8.51,3.33,2.57,9.07,7.55,7.45,4.19,11.93,12.57,8.57,4.18,9.58,12.55,1.75,0.83,8.56,0.83,6.85,10.76,4.93,4.27,3.28,7.55,4.29,6.00,2.51,7.59,4.24,3.49,0.85,10.15,5.13,2.52,3.39,7.36,5.77,2.52,13.20,7.54,5.82,5.90,5.98,10.87,12.61,7.32,3.40,7.45,2.49,5.94,7.62
3	194247132	194247656	AAAG	1.74	HG00449:3.37	0.82,1.63,0.81,0.83,0.83,1.66,2.46,0.85,3.20,0.97,3.37,2.55,0.82,0.79,0.85,0.84,0.87,0.81,0.85,0.84,0.83,1.63,2.59,0.90,0.87,0.81,1.63,0.81,0.86,0.83,0.83,1.62,0.85,1.71,0.83,0.86,0.84,0.86,0.86,0.84,0.81
15	66952087	66952876	AAATACATATATATATATAT	1.73	HG00449:2.53	0.81,0.80,0.81,0.81,2.53,0.81,1.58,0.84,0.83,1.71,0.82,0.84,0.87,0.85
4	83632828	83633839	AT	1.71	HG00449:4.22	1.63,0.83,0.84,1.68,0.85,0.82,0.82,0.82,0.87,1.60,0.81,4.22,0.85,0.86,0.81,1.70,1.71,2.48,1.65,0.78,0.81,0.85,0.82,1.67,1.68,0.84,1.69,1.61,0.87,4.04,0.83,0.86,1.65,0.84,2.36,1.67,1.75,2.49,1.71,1.65,3.31,0.85,4.10,1.68,1.72,1.69,0.85,0.85,3.38,2.57,0.84,1.64,1.65,1.68,1.55,0.83,1.71,2.51,3.15,0.85
12	109300434	109301569	AGG	1.70	HG00449:5.06	4.99,0.80,1.66,3.29,0.82,0.82,1.71,0.81,5.06,1.70,0.86,4.19,4.13,2.44,1.58,1.69,0.86,3.36,1.68,3.40,5.14,0.83,2.51,1.68,0.84,0.85,0.82,1.63,0.84,2.45,1.69,3.48,1.62,0.81,2.46,0.85,0.82,1.66,4.27,1.65,1.67,4.32,0.81,2.55,0.83,2.56,1.65,1.68,2.45,1.58,1.66
6	156880369	156880531	AG	1.69	HG00449:1.69	1.69,0.79
12	43994726	43994727	ACC	1.69	HG00449:1.69	1.69
12	92821962	92822379	AGGG	1.69	HG00449:1.69	1.69
13	70804401	70804402	AACCCT	1.69	HG00449:1.69	1.69
14	101262399	101262801	AG	1.69	HG00449:1.69	1.69
14	37510052	37510053	AAAG	1.69	HG00449:1.69	1.69
2	106908883	106908884	AACCCT	1.69	HG00449:1.69	1.69
2	48206771	48206772	ACATATATATATATATAT	1.69	HG00449:1.69	1.69
7	109381560	109381561	AGAT	1.69	HG00449:1.69	1.69
8	144072037	144072038	AC	1.69	HG00449:1.69	1.69
X	75530554	75531351	AAATATATATATAT	1.68	HG00449:1.69	0.97,1.69,1.66,0.79
8	78255798	78256295	AAATAAATAAATTTATTTAC	1.68	HG00449:1.69	0.84,1.69,3.36
8	120511498	120511511	AATATATATATGGG	1.68	HG00449:1.69	0.81,1.69
9	28188622	28190173	AAGGAAGGGAGGGAGG	1.67	HG00449:4.22	1.63,1.66,0.83,0.83,0.83,0.84,1.60,1.68,0.84,0.82,0.85,1.71,2.60,0.82,1.60,1.67,2.42,0.84,0.97,4.22,0.82,0.83,3.26,1.58,0.85,0.81,0.86,0.85,4.34,2.49,0.83,1.65,0.85,0.83,3.91,2.43,0.85,0.84,1.65,0.83,1.67,0.82,0.84,0.84,2.58,0.83,2.50,1.63,1.61,1.74,1.62,0.81,2.46,0.81,1.71,2.46,1.66,2.46,1.65,0.83,0.86,0.82,0.83,1.57,0.83,0.83,1.64,1.64,2.55,1.69,2.45,0.84,1.69,0.84,1.63,0.83,2.49
12	131129800	131131536	ACCACCTCCCTC	1.66	HG00449:30.36	4.90,0.82,4.07,1.66,20.03,2.50,0.83,1.67,15.03,20.89,21.72,1.68,5.82,2.55,7.57,15.63,13.97,9.78,4.02,9.85,5.97,0.85,13.84,12.33,17.63,6.68,13.80,12.09,9.25,19.36,30.36,14.46,15.55,20.43,13.42,7.43,21.17,37.07,5.93,29.34,15.45,12.60,16.81,6.73,16.16,9.54,2.57,31.48,5.79,24.91,8.26,18.63,17.36,17.02,12.81,18.46,8.38,0.82,11.33,8.64,30.26,2.50,26.78,2.52,19.59,5.75,0.84,13.47,12.91,13.31,13.08,2.50,10.35,15.12,5.72,26.96,25.82,14.34,9.57,10.51,12.89,14.78,21.19,10.58,4.27,13.14,10.80,1.72,16.41,14.52,17.37,16.65,14.70,13.40,4.11,5.68,11.06,12.50,11.14,0.82,10.77,14.91,17.58,5.11,1.57,10.28,8.36,13.06,0.84,11.35,19.09,6.85,10.76,0.86,10.76,10.69,23.04,20.52,10.91,11.15,3.43,7.52,30.38,3.40,6.98,16.92,18.61,0.86,13.44,5.93,10.63,7.42,7.56,22.51,36.84,4.16,5.06,1.71,15.88,11.04,12.20,11.89,13.24,7.48,9.34
14	71376272	71376854	AGG	1.65	HG00449:4.22	1.63,1.63,0.81,0.83,2.50,0.83,0.84,1.60,0.84,1.66,1.70,0.82,1.64,0.81,0.82,3.41,0.85,0.87,0.80,2.50,0.81,0.81,1.68,1.94,4.22,1.70,0.86,2.45,0.83,1.63,1.58,0.85,0.81,3.36,0.84,0.84,1.70,0.87,0.83,0.83,0.80,0.83,0.83,0.78,0.81,0.85,1.68,1.66,0.84,2.51,1.72,0.82,0.83,0.84,1.63,0.90,1.74,0.87,2.42,0.82,0.85,2.46,0.86,2.46,1.71,0.83,2.50,1.62,0.82,1.68,1.66,0.83,0.85,2.57,2.51,0.84,0.87,0.83,0.86,3.43,0.83,0.82,1.71,3.28,2.52,0.86,1.71,0.84,0.85,0.87,1.69,0.84,1.69,0.82,1.68,2.33,0.84,1.66,0.84,0.85,0.84,0.79,1.63,1.70,0.83
X	117994436	117995897	AAAG	1.63	HG00449:11.81	0.82,4.90,0.81,0.83,2.50,4.16,0.83,10.85,1.67,1.67,3.35,1.66,0.84,3.29,1.63,1.61,1.64,1.60,3.25,5.05,11.81,0.82,11.74,0.83,1.63,1.58,1.69,0.81,6.01,5.89,3.36,5.95,3.47,6.86,3.31,1.65,0.80,0.83,5.93,4.96,4.69,1.62,5.13,0.84,1.68,0.82,5.66,6.05,6.73,2.50,4.18,0.84,2.55,7.39,7.54,5.05,2.58,4.99,5.72,7.49,2.59,9.24,5.72,4.21,1.61,10.75,2.61,6.96,0.81,0.81,4.93,3.26,1.63,0.85,1.64,0.85,0.83,4.16,5.19,11.72,3.29,4.86,4.25,2.50,8.57,7.42,4.20,1.66,1.70,1.57,7.71,5.02,4.35,3.49,3.32,3.42,0.83,11.99,2.48,7.40,1.71,1.64,6.00,0.86,5.06,4.24,2.62,1.69,3.38,0.86,10.92,11.02,4.95,10.08,6.21,0.84,1.66,1.69,4.27,5.01,1.58,4.07,3.40,3.33,2.55,0.85
1	46004222	46005066	AAAAG	1.63	HG00449:1.69	1.69,1.67,5.99
5	17811319	17812109	AAATACATATAT	1.62	HG00449:6.75	1.67,0.83,4.17,0.80,3.34,0.84,1.70,0.84,8.23,0.80,2.46,0.85,0.82,4.81,0.83,3.36,5.81,6.75,5.95,4.09,0.84,1.65,2.44,2.37,5.93,1.68,3.36,2.57,0.83,1.65,1.62,9.23,1.68,0.82,0.86,1.67,2.55,0.84,3.27,0.83,4.31,0.84,0.82,1.61,0.90,0.87,3.23,0.81,3.28,4.89,0.81,0.85,3.43,2.46,1.67,0.86,3.35,2.46,2.43,0.85,1.67,2.52,4.14,0.85,10.03,2.61,1.67,0.87,4.15,1.65,1.71,0.83,0.84,1.74,3.38,0.84,0.85,0.82,0.78,3.35,1.67,4.88,3.40
2	184147997	184149097	AAAG	1.58	HG00449:23.61	20.05,23.01,23.61,0.81,27.69,13.18,16.05,14.23,23.45,18.72
12	102808925	102809881	AAGG	1.56	HG00449:1.69	0.84,1.69,0.83,0.83,0.83,0.83
10	77431603	77432221	AAGGG	1.55	HG00449:8.43	5.75,8.43,6.80,1.73,1.63,1.69,4.07,0.86,5.04,4.20,4.25,3.47,7.46,4.14,3.21,2.50,6.90,0.84,8.98,3.37,5.38,6.95,3.48,1.61,2.46,4.07,4.27,1.66,0.86,2.56,11.58,1.67,7.78,4.11,1.65,2.52,4.14,6.82,2.57,4.18,1.67,6.85,0.83,1.71,3.41,2.46,2.57,1.67,3.38,5.92,0.84,5.02,0.84,1.71,0.79,0.83,13.58
17	10749563	10749738	ACCACCACCTCCACCTCC	1.55	HG00449:1.69	1.69,0.82,0.86,0.81,0.86,0.84
22	21309398	21309987	AAATATATATATATATAT	1.54	HG00449:1.69	0.82,1.69,0.84,0.83,0.82,0.84
12	130313290	130313832	AGGG	1.52	HG00449:7.59	2.45,1.63,2.44,4.99,2.50,0.83,0.83,5.01,2.51,1.60,0.84,0.84,3.33,5.96,4.94,4.93,4.89,4.27,1.71,0.87,4.11,2.50,0.81,2.42,1.68,0.97,7.59,1.70,0.86,4.09,0.84,4.89,4.73,1.69,3.26,1.68,0.84,0.84,8.50,1.73,1.71,1.66,4.82,1.65,2.54,0.83,8.60,1.62,0.85,2.52,3.35,4.12,1.68,1.66,0.84,1.70,1.64,0.84,2.53,2.58,0.83,0.82,0.83,1.73,1.68,0.82,0.90,2.61,1.74,2.43,0.81,0.81,0.81,2.56,2.46,2.49,1.72,0.83,3.33,3.46,1.62,1.70,1.67,0.86,1.65,0.84,0.83,1.66,1.67,0.85,1.57,0.86,0.84,0.87,0.84,1.66,1.65,5.14,4.14,0.82,1.71,3.28,4.20,4.29,3.34,1.70,0.87,2.54,0.85,1.68,5.08,9.81,0.82,0.84,5.43,0.84,1.66,2.53,0.85,2.51,7.88,9.76,5.94,3.31,4.99,1.70,1.69
2	100632044	100633484	ACC	1.52	HG00449:4.22	1.63,1.66,2.50,2.50,1.66,1.67,3.34,3.34,1.60,0.84,0.84,0.83,0.85,0.82,0.81,0.80,0.85,0.85,2.60,1.64,0.80,1.67,0.81,0.84,0.97,4.22,2.55,0.86,1.63,0.79,1.63,0.84,0.84,4.25,1.71,2.49,1.65,0.80,0.83,1.69,1.68,1.68,1.65,1.89,0.86,2.50,1.67,0.84,0.85,0.86,0.83,0.82,3.33,0.84,0.82,0.84,0.81,0.87,0.87,0.82,0.81,1.67,1.67,0.82,1.62,1.67,1.71,1.65,1.68,3.31,1.67,2.56,0.79,0.86,2.61,0.84,1.71,0.83,1.64,0.85,1.64,0.86,0.86,0.85,1.69,0.84,0.85,0.82,0.82,0.84,1.71,0.84,1.58,0.83,0.85,0.85
X	112336557	112337301	ACATATATACATATATAT	1.50	HG00449:1.69	1.69,0.84,0.86,0.82,0.87,1.69
13	114515427	114516346	ACAGGTCCCGGGTGGGTC	1.44	HG00449:3.37	2.49,0.84,1.68,0.85,3.37,1.70,0.79,0.84,1.68,0.83,2.48,0.84,0.83,0.83,2.69,1.74,0.87,0.82,1.63,0.82,0.85,0.86,4.14,4.29,0.84,3.25,1.70
X	1705882	1706413	AGGGG	1.41	HG00449:2.53	0.81,0.83,0.83,0.85,1.65,1.63,0.85,2.53,0.86,0.87,0.83,0.78,0.81,1.73,0.84,0.82,0.81,0.87,1.64,1.63,0.82,0.85,1.67,0.84,0.85,0.83,0.84,0.79,0.85
10	38401009	38402289	AAGACC	1.39	HG00449:13.49	6.53,6.51,5.82,9.14,4.17,5.01,2.51,5.11,6.58,2.40,0.81,1.94,13.49,22.12,1.73,4.09,5.78,3.26,5.08,8.59,6.72,7.57,5.88,7.65,6.07,5.14,8.28,5.79,12.05,11.57,8.24,5.02,9.23,2.58,5.83,11.21,4.08,7.26,12.16,2.61,12.13,8.06,8.15,21.17,9.14,12.01,8.21,5.12,17.37,8.33,10.68,10.54,1.70,3.33,0.86,4.12,0.84,12.42,4.19,8.52,2.57,8.36,3.49,4.15,0.86,2.48,3.41,1.64,5.85,11.00,6.77,15.40,3.27,3.30,2.51,1.67,2.44,4.16,11.88,9.31
12	98343948	98345129	AAAG	1.38	HG00449:5.06	0.82,1.63,0.83,2.50,3.32,5.01,4.79,2.50,3.40,0.82,0.82,1.63,3.22,0.82,1.71,2.60,1.64,1.60,1.67,1.68,5.06,2.59,0.84,0.81,2.37,0.85,1.72,8.40,0.84,0.85,1.66,3.31,1.71,1.68,0.82,0.86,2.52,0.83,2.51,1.68,1.67,0.84,1.66,0.83,2.52,0.82,1.69,2.42,1.74,3.22,1.64,0.81,3.26,3.42,0.82,0.86,0.82,1.70,0.83,1.71,2.47,1.68,2.48,2.51,3.14,2.57,1.67,0.87,0.84,3.32,5.14,0.83,0.83,4.93,0.85,1.68,0.86,0.86,1.67,0.84,0.87,1.69,0.85,0.86,1.68,0.82,0.82,0.78,0.84,0.83,0.85,0.84,0.79,1.63
6	468831	469778	ACAGAGACAGAGAGAG	1.37	HG00449:1.69	1.69,0.87,0.83,0.82,0.84,3.15,0.85
X	116557388	116558023	AAATATATATATTCC	1.36	HG00449:9.28	0.82,1.63,0.81,2.49,0.83,4.16,5.00,1.60,0.84,2.50,0.84,6.58,2.47,9.66,0.85,1.71,1.73,1.67,0.81,5.64,1.68,0.97,9.28,0.84,0.83,0.81,0.79,4.23,4.29,4.20,0.84,0.84,0.85,1.71,1.66,1.61,1.65,1.69,11.57,2.34,2.43,5.13,2.52,1.65,4.72,1.73,1.68,4.16,4.18,0.84,8.52,2.46,1.67,4.21,1.72,2.45,2.59,4.20,2.45,2.53,6.45,1.79,0.87,0.81,1.61,0.82,0.82,1.71,1.65,1.73,2.46,0.81,0.85,2.50,6.86,1.68,0.83,3.31,2.51,2.56,4.72,1.71,1.74,4.18,4.36,5.81,6.85,1.65,1.71,2.56,1.68,3.43,0.86,1.67,7.59,11.04,2.62,7.61,3.38,2.57,7.56,1.69,1.64,7.42,6.72,1.67,1.66,1.69,7.69,0.84,2.37,8.49,3.33,11.03,7.62
1	240122054	240123144	AAAG	1.35	HG00449:2.53	0.83,0.80,1.68,0.83,0.82,0.85,2.53,0.82,6.94,0.86,1.71,1.68,2.45,0.82,0.81,3.40,0.84
12	69593933	69595079	AAGAGATAGGAGATGAGG	1.29	HG00449:1.69	1.69,0.84,0.86,0.87,1.69,0.85,0.84,0.85
20	47725112	47725377	AC	1.29	HG00449:1.69	0.83,0.85,3.25,1.69,2.37,0.85,0.84,1.64
5	16943749	16944774	AAGG	1.27	HG00449:3.37	0.83,1.64,0.84,3.37,5.10,1.73,0.84,2.44,0.85,0.86,0.84,2.55,2.41,1.56,0.85,0.84,0.84,2.46,2.58,0.86,0.82,0.84,1.74,0.81,0.81,0.82,0.83,6.92,0.82,1.62,1.68,0.83,0.84,0.85,0.83,0.84,0.84,0.81
7	71144449	71144812	AAGGGAGGGAGGGAGGGAGG	1.26	HG00449:2.53	0.84,0.82,0.80,1.71,0.80,3.25,2.53,0.82,0.81,0.79,1.71,1.65,0.85,0.78,0.81,0.94,0.83,0.82,0.84,0.84,1.74,0.81,0.81,0.85,2.46,0.83,0.85,0.81,0.84,0.83,0.79,0.83,1.55,0.85,0.81
GL000220.1	118579	120531	AG	1.24	HG00449:908.18	442.47,370.46,550.39,581.22,255.40,455.10,338.29,313.12,467.58,961.14,681.21,619.73,626.55,402.68,496.04,376.18,427.70,655.92,471.04,388.79,618.84,441.99,499.79,394.49,494.03,463.10,193.64,478.87,449.66,312.03,637.00,908.18,618.39,551.17,615.28,1066.69,780.51,832.17,609.69,482.70,364.28,671.38,495.62,611.20,632.16,716.86,577.54,604.36,626.29,413.57,429.13,606.80,408.18,411.57,367.27,260.23,620.14,521.83,488.42,496.90,376.62,423.16,482.55,682.05,867.74,199.60,401.12,341.64,589.54,306.54,533.51,561.52,677.54,369.70,509.77,548.66,805.95,400.19,764.11,468.68,432.71,705.75,1022.13,700.80,504.16,731.04,630.19,1115.95,562.74,522.36,560.28,651.54,580.75,529.40,690.28,682.03,789.72,423.79,483.22,614.35,653.11,413.04,554.63,587.41,405.00,559.93,790.35,632.51,551.72,781.62,615.29,813.89,476.86,467.91,507.93,702.70,595.78,776.96,642.87,535.20,588.90,693.65,358.42,512.85,580.88,901.95,467.48,505.09,649.96,570.18,574.22,332.87,532.72,639.01,516.81,296.03,483.90,509.26,665.63,337.71,419.69,587.85,498.13,231.00,836.30,264.98,507.94,714.19,843.61,499.58
11	22456721	22457790	AAAAT	1.22	HG00449:21.92	1.67,1.68,21.27,25.26,21.92,13.61,17.35,18.89,19.33,10.41,27.10,25.94,15.38,16.99,14.97,20.44,3.44,19.14,0.81,23.51
X	130269530	130270139	AATATATATATGG	1.20	HG00449:15.18	4.08,6.53,3.26,2.49,3.34,1.66,3.34,6.69,6.38,3.33,2.55,2.52,4.11,6.58,2.44,3.28,0.85,0.85,2.60,0.83,0.81,1.61,1.68,9.68,15.18,9.36,16.41,4.90,17.61,15.47,10.25,6.77,4.07,10.30,1.68,6.73,9.25,6.80,2.60,4.29,8.28,0.83,5.63,4.13,7.62,2.48,0.78,1.62,1.71,5.87,2.51,3.30,16.99,2.59,2.52,12.48,3.35,3.35,4.26,0.82,5.86,0.84,5.16,12.48,8.17,8.33,2.59,3.36,5.72,9.27,6.45,11.65,3.48,4.35,19.41,8.86,8.21,8.15,9.77,5.98,3.29,4.98,4.29,7.39,5.12,7.44,10.82,10.37,5.86,9.86,4.05,11.06,5.00,7.71,5.03,1.66,5.80,4.19,8.52,11.79,2.57,5.85,6.09,6.11,4.98,6.85,4.14,8.57,5.79,4.11,5.12,6.57,9.23,1.72,1.71,3.34,11.81,7.64,5.23,12.69,3.38,8.56,6.72,8.47,7.36,4.12,4.20,6.99,4.19,4.99,7.58,8.54,3.34,8.67,11.39,7.64,7.45,15.80,5.09,10.16
22	44757303	44758792	AACCCCTGGCTATAACT	1.19	HG00449:16.02	10.61,12.24,6.51,13.30,6.68,12.48,4.16,2.50,19.20,4.18,11.97,2.51,6.70,9.98,9.36,9.26,13.16,9.86,11.41,15.29,4.10,9.39,14.52,4.33,7.40,7.21,13.35,9.74,5.64,5.05,4.84,16.02,6.80,12.96,11.44,10.90,3.30,5.70,14.20,4.23,14.67,5.15,11.76,3.36,6.73,3.40,5.20,12.00,14.08,11.58,7.23,12.38,7.62,4.96,4.69,16.21,7.69,3.36,9.22,14.83,11.33,9.50,7.57,12.48,6.69,6.71,11.07,13.96,5.86,5.89,11.19,9.15,8.99,6.66,8.63,5.04,8.98,9.27,8.88,5.38,8.69,11.31,8.90,9.67,8.21,13.85,10.58,9.40,13.97,3.32,9.44,14.77,8.54,8.27,11.66,9.51,9.21,6.57,4.86,10.21,14.99,6.86,14.83,6.71,8.28,14.91,10.05,4.26,3.93,12.00,3.34,6.96,8.37,3.49,8.30,5.14,10.76,7.71,7.40,5.12,5.75,10.07,11.15,9.42,13.36,10.13,6.79,5.23,8.46,3.38,5.99,10.92,9.32,12.27,4.12,6.72,14.75,21.77,8.32,6.74,2.56,10.03,3.94,8.14,9.34,3.31,12.47,7.64,3.39
1	15374659	15375676	AACGACCCAGGACC	1.15	HG00449:4.22	0.82,1.63,0.83,1.66,0.83,0.80,3.33,1.70,0.84,1.65,0.81,1.61,0.85,0.85,0.87,5.75,0.80,0.83,0.81,2.42,0.97,4.22,2.55,1.73,0.84,1.63,0.79,0.85,2.58,1.68,1.68,1.68,0.85,2.48,1.65,2.54,1.65,0.85,0.84,1.65,0.84,2.50,0.84,0.84,2.51,1.68,0.86,2.50,1.63,1.67,1.73,1.63,1.69,3.23,0.90,0.87,0.87,1.62,1.64,0.81,0.85,0.82,3.32,1.72,3.28,1.71,1.65,2.59,1.67,1.62,3.40,0.86,2.47,1.68,1.66,1.67,0.85,2.51,3.48,1.75,3.42,2.57,0.83,1.71,1.64,1.71,1.67,1.69,0.85,1.69,0.85,1.71,1.69,0.82,0.82,0.84,3.11,1.67,0.83,1.69,1.71,2.51,0.79,2.49,2.55,1.69
4	118986809	118988152	AACATATAATATAT	1.11	HG00449:3.37	0.81,1.66,0.83,1.60,0.84,0.84,1.64,2.44,2.46,0.85,0.85,0.87,2.40,0.83,0.81,5.81,3.37,0.85,0.86,1.63,1.63,1.58,1.69,0.81,1.68,1.68,1.73,0.83,2.41,0.85,0.83,1.68,1.65,1.73,1.68,1.66,1.67,0.85,0.84,1.66,0.82,1.63,0.84,3.23,0.81,1.64,3.26,2.44,0.85,0.86,0.82,1.65,1.67,0.84,0.85,0.87,2.57,0.82,1.71,1.69,0.85
15	44579861	44581318	AG	1.06	HG00449:11.81	4.08,6.53,3.26,14.14,5.01,2.50,4.99,6.66,4.17,9.19,4.79,3.34,6.70,8.32,2.55,1.68,9.05,9.86,4.89,10.46,6.57,6.83,9.40,4.33,10.69,7.21,6.68,4.06,4.03,5.89,4.84,11.81,16.16,2.59,0.82,8.39,7.43,2.44,2.37,2.54,5.70,5.15,3.36,2.52,7.65,9.54,4.29,2.49,4.14,6.43,9.91,2.54,7.44,3.91,6.49,2.56,3.36,3.35,4.94,3.78,5.18,3.36,12.48,5.02,3.35,2.55,4.11,5.02,4.21,8.61,4.16,10.62,7.49,8.63,7.56,8.98,8.43,2.42,6.27,4.34,5.22,4.83,4.11,1.63,6.51,2.56,4.93,1.66,2.57,0.82,3.42,4.14,5.00,3.46,8.37,1.64,12.16,8.51,3.33,3.43,0.82,0.84,0.83,10.77,0.84,5.11,3.93,2.51,4.18,4.36,2.57,3.43,1.65,4.27,4.10,1.68,0.86,4.18,0.84,4.24,0.87,5.13,5.88,5.08,4.09,3.30,1.68,1.55,2.51,1.66,2.53,5.13,2.37,1.70,1.65,13.30,3.39
4	158701278	158702531	AGAT	1.06	HG00449:5.90	0.82,3.26,0.83,0.83,0.83,3.34,5.01,0.84,0.84,1.65,2.47,0.81,2.41,1.64,0.85,0.87,1.64,1.67,0.81,1.68,1.94,5.90,0.85,1.73,1.63,3.35,1.65,1.63,3.15,4.23,0.81,1.72,3.36,0.84,5.04,0.85,4.34,1.71,0.83,2.48,1.65,2.54,3.31,0.78,0.81,5.98,0.84,4.32,4.20,4.99,4.18,0.85,1.67,1.68,2.58,4.16,0.83,0.86,0.84,4.21,4.03,1.79,0.87,1.62,1.64,3.26,3.26,0.85,2.46,3.32,8.58,0.82,1.71,1.65,0.83,5.19,2.51,2.43,4.25,2.56,0.87,1.67,8.56,0.83,1.64,0.86,0.84,1.70,3.38,0.85,6.85,2.45,0.82,0.84,0.78,0.84,1.71,3.15,3.40,0.83,2.49,0.85,1.69
X	6252295	6252780	AG	1.06	HG00449:2.53	1.63,1.67,0.83,0.81,0.85,0.82,0.81,0.97,2.53,0.86,0.83,0.83,0.83,0.86,0.87,1.64,0.85,1.68,0.83,2.61,0.84,1.75,0.82,0.84,0.86,5.08,1.71,0.84,0.85,1.67,0.85
5	144426802	144427942	AAAG	1.05	HG00449:4.22	0.87,7.74,4.22,2.55,2.37,0.81,0.86,0.84,0.83,6.43,3.44,13.32,4.07,6.70,0.85,0.86,0.82,1.70,0.84,0.85,0.85
20	47575219	47576286	AGGG	1.03	HG00449:4.22	2.45,3.26,0.81,1.66,1.67,1.66,0.84,1.60,0.84,0.84,1.66,0.85,0.84,0.82,1.64,0.81,0.82,0.85,2.56,3.29,0.83,1.61,0.97,4.22,0.85,1.73,1.63,0.84,3.26,1.58,1.69,1.63,2.58,1.68,0.84,1.70,2.60,0.86,1.66,1.65,2.41,2.48,5.67,1.71,0.84,0.84,0.82,0.94,1.68,2.50,0.84,2.55,0.82,2.51,0.84,0.86,0.83,1.63,2.50,2.59,0.84,0.82,0.84,2.42,0.87,1.74,1.62,1.61,1.64,3.26,2.44,1.71,3.28,0.85,0.83,2.51,0.82,2.43,0.85,0.82,3.36,0.83,0.83,3.93,1.71,1.67,0.87,2.51,3.32,0.86,1.71,2.48,1.64,0.85,0.82,0.84,0.86,1.70,0.87,2.54,3.42,2.45,1.65,0.84,2.33,2.51,0.84,0.85,0.84,0.79,0.81,1.70,0.83,2.49
10	129226412	129228079	AATCCACACGGCACCCC	1.02	HG00449:3.37	0.82,1.63,0.81,1.66,0.83,0.84,0.85,0.84,0.81,0.80,1.64,2.56,3.46,1.64,0.83,3.37,0.85,0.82,1.68,2.48,1.63,0.85,0.81,1.68,1.70,0.83,4.23,0.85,1.68,0.94,0.84,0.85,0.84,1.72,2.50,0.81,1.74,3.22,1.63,1.64,0.83,0.83,5.02,0.81,0.84,0.83,0.87,0.86,0.82,0.85,2.52,1.69,2.33,0.84,0.81
9	77753498	77754225	AAAGAAAGCAAG	1.01	HG00449:4.22	5.01,0.84,4.02,2.43,1.61,2.90,4.22,1.73,2.52,4.07,3.39,2.58,2.55,1.66,1.65,4.82,4.27,3.35,2.47,0.94,2.50,1.68,2.46,1.63,1.64,2.57,3.29
19	32575462	32576340	ATCC	1.00	HG00449:5.06	0.82,1.63,1.66,0.83,4.99,1.66,0.83,2.50,2.51,4.79,2.51,0.83,1.70,0.84,0.82,0.82,0.81,0.80,0.82,4.27,0.85,4.33,2.47,2.40,0.83,1.62,1.61,0.84,0.97,5.06,1.70,0.86,1.63,3.35,1.65,1.63,0.79,0.85,3.26,4.29,3.36,3.36,4.25,3.47,2.57,1.66,0.83,2.41,1.65,1.69,1.56,1.62,3.36,0.84,1.65,1.89,2.59,3.36,1.67,1.68,2.46,0.84,0.83,7.49,0.86,1.68,0.82,1.69,4.03,1.79,0.87,0.87,1.62,3.22,1.64,1.63,3.26,0.85,0.82,0.83,0.86,1.64,1.65,1.67,1.73,0.84,0.81,1.67,1.71,2.47,0.83,4.19,1.70,1.57,0.86,0.87,2.62,2.49,1.71,0.83,1.71,1.65,1.64,2.56,2.46,0.86,4.28,0.84,2.53,1.70,0.87,0.85,2.54,1.71,0.84,0.85,0.82,0.84,1.55,3.33,1.69,0.85,2.51,0.79,1.63,2.48,1.66,1.70,0.85
1	31904158	31905504	ACCCTATCCACCCTCTCC	1.00	HG00449:5.06	0.81,1.66,4.17,0.83,0.83,0.83,0.84,0.80,1.67,1.68,0.85,2.52,1.64,0.82,0.85,0.87,4.11,1.60,0.81,0.81,10.93,5.06,0.82,1.68,1.65,2.44,1.58,0.85,0.81,1.68,0.87,5.79,2.41,1.65,5.47,2.43,0.85,2.51,1.89,1.68,0.83,1.70,2.51,0.86,0.82,3.45,0.84,1.63,3.37,0.81,0.90,4.34,4.85,0.81,2.44,1.63,2.56,0.82,0.85,1.65,3.33,3.46,1.67,3.24,1.70,1.67,2.57,0.82,0.83,0.83,1.70,0.79,0.86,3.34,3.48,0.84,0.87,2.49,1.71,1.65,0.86,0.83,0.82,1.71,0.82,0.86,0.84,1.70,1.74,1.69,2.52,0.85,2.45,0.82,0.84,1.55,2.51,0.83,2.51,1.58,4.25,0.83,1.66,0.85
