motif	top_case_zscore	high_case_counts	all_counts
AAAGAAGG	11.83	HG00613:11.83	11.83,1.66
ACGCAGGGGGCTCCGCTGGC	7.03	HG00613:7.89	0.81,0.85,0.82,7.89,0.85,0.83,1.69,1.64,0.83,0.83,0.83,1.64,0.86,0.82,0.84,0.85
ACAGAGGAGAGGGAGAG	6.22	HG00613:18.14	8.16,12.21,7.48,2.50,1.66,11.64,2.50,2.51,5.58,4.18,4.19,10.82,11.91,4.21,4.11,10.59,6.44,7.39,5.12,3.42,5.19,3.29,4.01,11.68,4.03,5.89,6.78,4.22,1.70,13.82,5.72,18.14,5.15,4.20,0.84,3.36,3.40,5.78,12.70,8.60,6.49,11.10,3.36,5.77,4.72,9.50,4.20,4.16,1.68,4.93,8.37,3.44,12.48,4.90,1.67,4.08,5.90,5.65,0.90,5.21,3.48,0.82,4.98,6.56,11.10,4.14,2.59,5.02,4.93,6.49,4.17,6.00,3.36,9.94,1.66,4.19,2.56,6.29,3.43,5.85,6.96,4.36,1.66,5.14,7.45,1.71,9.10,4.11,7.68,4.93,2.52,2.57,10.86,7.59,7.64,4.36,4.23,5.07,3.42,4.20,4.24,21.26,4.95,0.84,6.99,2.53,13.02,5.10,0.83,1.66,4.24,8.47
ACTCACTCCTCTCCCCGCTC	6.21	HG00613:15.77	4.08,8.98,4.17,2.50,3.33,3.34,9.57,8.35,3.33,0.85,3.37,1.64,9.78,3.22,0.85,2.56,4.33,7.51,11.36,5.64,5.05,3.40,5.18,10.06,4.95,1.63,15.77,4.89,15.12,0.84,0.87,4.97,3.31,2.48,2.54,4.05,4.94,6.05,0.84,4.19,2.55,9.03,0.84,2.50,4.09,5.88,3.23,4.34,10.44,12.89,4.11,23.63,0.81,6.84,8.58,9.03,1.71,2.48,3.35,3.29,3.40,3.34,0.87,2.57,5.75,2.52,3.39,3.88,5.10,1.65,2.55
ACCACCCCTGGCTCC	5.87	HG00613:18.93	5.71,3.26,2.44,6.65,2.50,2.50,12.47,4.16,2.50,4.18,2.39,6.68,5.86,4.99,4.25,5.89,5.76,6.58,7.33,4.02,5.75,0.85,9.40,1.73,4.11,2.40,2.50,7.30,4.03,5.05,6.78,13.49,6.80,11.23,9.81,3.35,7.43,4.07,18.93,5.08,7.33,4.29,3.36,3.36,12.61,4.25,9.54,2.57,3.31,0.83,10.45,1.65,5.93,6.61,3.91,9.73,6.83,3.36,6.70,13.18,6.61,2.59,3.36,5.82,10.04,1.70,9.03,5.86,7.58,5.16,3.33,7.36,4.16,6.04,5.88,7.35,2.53,8.88,3.58,3.48,7.83,4.04,3.22,4.11,13.04,4.89,4.27,11.50,0.83,9.44,13.13,10.25,12.41,9.99,8.64,10.89,7.39,7.30,7.66,5.83,6.00,4.94,5.03,7.45,8.28,5.86,4.26,12.57,11.14,4.18,4.35,6.69,4.36,8.30,8.56,7.45,3.43,7.45,4.93,8.53,16.42,8.39,6.00,4.28,4.18,9.28,2.55,2.62,9.31,1.69,5.99,10.92,5.93,13.90,8.25,4.20,17.08,11.72,11.65,5.06,7.69,5.01,13.40,9.76,14.44,2.48,9.15,11.03,8.47
AACCCT	5.60	HG00613:31816.73	3338.11,7050.25,9477.11,5402.23,6401.65,8230.81,7297.65,3942.27,7493.05,7450.10,4765.27,2565.78,4631.27,4610.02,4292.51,5077.19,12558.06,5608.99,12266.48,9463.82,4848.11,3331.16,6149.54,7390.66,3646.48,5157.45,9401.40,7747.15,12801.71,4796.59,8546.22,9195.63,5624.21,13667.84,18879.94,6934.35,8984.17,13124.99,31816.73,4578.83,10745.15,12073.76,7308.36,10561.06,16416.01,4179.58,11167.46,8995.15,17444.05,2631.99,12221.32,4155.16,6157.45,13313.06,6758.59,10760.38,7385.31,6002.67,4040.54,6428.33,20208.97,2972.51,4592.64,6706.56,6993.83,5642.58,10232.50,5988.62,3670.36,9712.30,5508.93,7118.43,7638.44,8018.50,6059.42,5661.37,10866.06,13937.68,17772.21,9009.81,7651.50,12404.15,15687.69,10720.57,12181.05,24401.38,12348.87,5050.81,7957.22,8885.97,7603.70,5178.64,6991.18,12190.17,10933.72,6200.54,9742.15,7526.36,11376.79,14515.53,6130.40,10805.92,11341.45,14459.41,8409.80,15838.66,4397.16,17739.24,20300.61,7206.88,2538.89,9742.26,7692.47,6852.75,14544.12,8850.06,9454.63,12914.50,8214.15,7566.85,8213.91,22140.18,4238.06,9640.32,4698.44,15410.02,8962.29,8491.45,5010.37,6247.49,5453.83,7338.46,13880.16,8919.89,28199.63,13494.53,8529.66,29862.88,14938.63,15418.05,3494.89,10734.17,23526.80,20323.62,13080.63,17403.51,2576.12,7072.07,15695.89,8785.00
ACACACCTCACCCTCCT	4.66	HG00613:89.13	39.19,48.14,48.04,29.93,21.70,32.45,34.91,17.49,51.77,33.43,28.72,38.42,36.02,57.41,26.38,35.35,84.72,18.90,34.23,31.39,43.50,17.07,15.38,14.71,32.06,34.45,46.74,50.32,42.71,40.37,17.43,26.14,19.56,13.82,38.40,31.87,54.45,52.93,89.13,34.72,13.85,26.61,7.56,40.35,42.03,21.26,19.08,15.43,31.48,24.81,55.45,26.42,27.10,22.31,46.89,51.88,28.19,19.30,37.70,38.73,33.04,14.68,15.13,29.94,51.88,41.93,40.88,64.06,26.80,40.42,19.79,50.74,4.90,16.65,25.01,26.89,10.62,26.96,67.78,34.05,24.33,23.50,62.27,25.78,45.98,95.35,27.68,31.62,13.97,38.20,42.90,54.16,44.41,47.15,26.65,31.98,28.47,28.75,43.78,39.14,17.49,22.28,19.78,48.67,36.44,15.74,15.07,40.06,25.94,26.57,10.87,25.24,40.16,13.97,29.05,11.98,31.44,17.99,39.71,4.93,13.66,14.78,23.50,38.59,3.43,5.01,35.44,16.13,17.45,54.99,48.20,15.40,9.24,5.08,19.63,59.37,39.49,29.50,51.91,40.76,15.17,33.32,26.75,146.64,51.25,39.92,28.13,31.59,41.59,14.39
ACCCTGCATCCTCC	4.55	HG00613:5.52	0.83,0.83,0.84,0.84,1.66,0.85,0.81,0.80,0.85,0.81,0.81,0.84,1.70,2.52,0.83,5.52,0.86,0.84,0.85,0.78,0.82,0.84,0.84,0.82,0.83,0.84,0.82,0.83,0.83,0.82,2.36,0.78,0.85,0.81
ACC	4.53	HG00613:1234.37	997.60,1040.40,910.26,894.69,763.69,975.08,1013.19,841.08,996.96,1021.32,849.52,783.43,854.38,965.10,1123.97,937.51,973.03,841.68,858.13,972.38,798.58,849.00,688.60,731.02,767.77,877.33,1034.95,836.81,958.15,842.75,915.80,701.58,1054.75,885.50,835.08,847.82,831.67,891.61,1234.37,779.09,824.73,965.01,919.85,981.11,874.26,653.09,1011.12,681.52,724.04,687.36,900.04,612.58,813.82,913.21,985.38,752.33,809.77,771.83,849.49,1049.00,753.23,776.38,869.26,946.55,1210.83,660.87,810.76,987.15,749.48,666.13,765.85,812.75,867.97,696.10,720.23,750.31,903.12,784.38,997.30,708.85,709.89,650.93,852.31,907.01,807.96,969.83,871.19,654.53,969.39,905.21,832.27,935.45,668.71,804.02,854.31,594.73,845.00,654.57,839.96,878.98,743.91,829.51,815.05,815.65,814.15,1094.18,678.16,722.87,1040.57,692.49,762.42,1086.34,806.48,798.76,1234.97,769.46,796.85,1066.50,858.81,818.84,1109.53,1035.96,969.49,704.95,513.20,896.94,1231.14,779.28,613.32,881.50,767.88,768.42,942.77,722.07,1081.86,773.47,761.98,989.79,977.10,836.78,700.33,1098.79,810.72,968.96,1132.42,973.28,747.85,968.61,775.71,966.98
ACAGAGGAGAGGCAGAG	4.18	HG00613:24.45	17.14,25.24,12.47,12.52,4.99,14.13,11.66,5.01,17.55,9.19,6.70,10.82,19.57,5.05,7.40,17.93,16.90,9.85,9.39,8.54,10.38,15.62,6.41,18.36,5.64,10.93,9.68,5.06,10.21,19.87,8.17,7.55,24.45,6.01,3.36,5.04,5.88,5.10,4.95,17.78,14.85,17.84,21.35,9.23,1.65,9.44,19.86,7.57,8.32,3.35,7.39,13.40,9.47,21.63,9.81,7.49,13.88,7.58,14.52,14.34,2.61,6.09,9.03,2.56,4.98,15.59,12.81,15.72,4.32,7.54,6.57,9.73,7.50,10.28,2.47,6.71,15.74,2.48,14.23,8.52,17.29,2.57,5.85,12.19,7.86,8.30,9.41,12.41,2.57,9.93,8.22,6.83,5.75,9.23,1.72,3.43,8.35,16.03,12.73,5.23,11.00,11.84,11.98,14.28,9.32,31.07,13.19,5.04,16.30,2.50,0.84,21.15,7.64,4.16,9.34,13.55
ACACCCTCCATCCATCCC	3.82	HG00613:22.87	5.71,6.53,14.66,2.49,5.01,4.16,8.31,4.16,3.34,7.52,9.57,0.84,2.51,5.82,7.66,5.05,6.58,10.69,4.89,8.85,3.28,4.27,3.42,8.22,10.42,9.18,13.80,11.28,10.93,7.74,10.12,5.95,6.05,9.81,10.90,13.20,14.66,22.87,9.32,8.15,7.73,9.24,12.61,5.04,8.50,11.27,4.29,4.96,16.88,4.95,6.77,6.61,26.57,14.59,0.85,1.68,2.51,4.94,5.66,3.45,2.52,8.32,6.69,5.03,4.26,9.03,4.19,9.26,10.33,15.81,1.63,3.33,5.18,8.40,5.72,8.43,20.98,2.69,7.82,6.09,15.36,14.50,9.85,17.11,13.03,6.84,1.64,2.49,7.72,7.39,12.41,4.16,6.92,10.89,2.46,10.54,0.85,1.67,12.00,4.94,7.55,10.88,5.11,26.72,6.86,5.85,5.22,6.69,5.24,6.64,8.56,3.43,6.62,1.64,10.24,4.10,7.55,8.58,8.35,1.69,8.49,4.36,7.61,1.69,1.71,5.93,16.35,5.77,10.08,14.75,13.40,3.33,6.74,6.84,12.54,14.19,21.97,9.34,9.10,5.82,2.55,7.62
ACCCACTCTATCCCAGC	3.68	HG00613:21.30	7.35,5.71,9.77,8.31,19.20,5.82,9.14,14.99,10.85,5.85,2.39,27.56,5.03,9.15,14.46,14.81,8.22,1.63,10.46,4.10,6.83,9.40,5.19,9.86,11.68,14.61,6.45,6.73,5.81,0.84,3.40,6.91,6.54,7.55,6.60,5.70,21.30,12.70,8.15,10.30,5.04,15.97,11.77,5.10,11.27,5.14,8.28,1.65,4.02,4.13,0.85,12.40,7.03,0.81,16.23,5.03,2.51,1.65,11.33,1.73,1.68,11.64,5.02,0.84,1.70,11.50,4.19,6.74,5.16,3.33,13.08,3.45,4.20,8.17,7.58,8.88,6.27,0.87,4.35,9.70,6.44,13.14,4.89,8.14,3.42,8.22,6.64,13.73,12.31,1.71,4.96,6.66,4.32,12.56,8.92,8.51,2.50,11.14,7.42,10.07,5.80,8.28,2.51,7.67,6.29,10.28,10.03,6.09,11.71,6.98,14.94,7.70,2.48,0.86,17.37,14.80,14.51,13.96,13.43,4.29,0.86,5.01,8.44,17.83,2.62,16.07,7.61,5.99,10.08,5.93,7.36,11.54,4.20,17.86,6.70,11.65,9.27,5.98,6.69,21.29,31.73,5.94,0.83,9.15,13.58,16.09
ACAGGAGGAGCCCCTATCCC	3.05	HG00613:14.99	8.98,6.53,9.77,6.65,9.18,7.49,3.32,2.50,5.84,1.67,1.60,2.51,7.54,2.55,7.57,10.69,5.75,2.44,6.44,1.64,8.53,2.56,3.46,8.22,4.81,5.01,5.68,5.64,3.36,1.94,4.22,6.80,6.91,4.09,6.71,4.13,4.89,14.99,6.77,4.07,7.73,8.40,7.57,10.09,10.20,3.47,6.86,3.31,5.79,10.45,5.78,5.93,3.31,12.50,7.30,3.42,7.55,4.19,4.12,7.55,1.73,3.36,13.31,4.18,4.19,3.41,6.57,10.05,5.89,8.61,4.99,2.45,5.83,7.76,8.40,6.53,6.74,14.52,2.69,6.95,1.74,9.70,8.86,4.11,13.85,8.96,6.84,9.86,1.66,5.15,11.49,6.83,5.79,5.00,4.32,5.86,5.75,10.54,6.81,3.33,3.43,3.30,3.36,4.14,8.28,9.21,3.41,7.07,4.29,3.34,4.35,2.51,3.49,4.98,3.42,10.76,0.86,0.83,7.40,4.27,4.10,5.88,12.01,10.28,2.51,12.66,0.85,4.36,10.15,3.38,1.71,3.36,2.54,16.35,8.25,6.72,8.54,10.88,5.82,7.58,5.13,5.85,10.25,13.02,6.79,5.79,4.16,5.09,5.08
AACCACCGCCGCGACCCT	3.02	HG00613:3.15	3.15,1.61,0.85,3.35,0.82
ACCACCACCACTACT	2.98	HG00613:11.04	3.27,0.82,3.26,0.83,0.83,0.83,0.84,0.80,0.84,1.68,2.50,1.70,1.68,9.87,0.82,2.41,1.64,0.85,0.85,0.87,5.75,7.21,10.85,1.68,1.69,10.37,4.07,11.04,1.69,0.81,1.68,1.68,0.87,1.65,8.04,5.79,3.13,4.27,7.55,1.68,2.47,0.94,0.86,0.83,1.67,2.46,0.84,2.58,0.82,7.49,0.84,0.82,0.84,2.69,2.61,0.81,0.85,1.64,0.83,4.93,2.57,2.52,0.83,2.51,2.57,0.84,4.35,0.84,0.87,0.83,1.71,0.83,4.28,3.31,0.85,5.75,0.84,0.86,0.86,4.22,0.85,3.42,0.84,1.69,1.64,0.82,0.78,1.66,0.84,2.55,0.83,30.76,0.85
AGG	2.95	HG00613:114.37	52.25,37.54,62.69,56.54,34.22,41.60,40.73,29.98,48.43,57.67,40.68,50.11,39.37,42.43,47.65,55.54,64.98,46.85,32.60,41.05,64.02,40.96,47.84,38.93,29.59,44.87,43.40,65.74,48.35,38.69,37.76,32.89,43.38,52.70,55.56,46.12,47.85,61.88,114.37,42.34,39.93,48.08,45.36,38.67,68.93,41.67,60.70,44.58,63.79,38.88,97.24,23.12,38.96,52.89,101.59,37.29,35.02,48.66,44.40,53.56,44.36,37.13,42.87,63.21,43.51,31.87,34.92,43.53,47.73,48.00,31.84,51.58,58.85,38.30,32.78,37.81,62.06,41.28,75.04,34.95,43.44,47.86,59.84,62.83,45.98,67.64,61.88,43.58,101.87,55.64,54.91,62.36,52.10,35.57,54.12,29.39,40.20,35.32,60.81,33.19,43.32,34.28,39.56,49.51,46.38,72.89,34.33,29.84,75.45,48.85,32.60,53.97,34.30,48.89,50.63,40.23,54.61,55.68,47.99,41.11,52.06,63.21,52.88,27.44,28.27,59.30,35.44,40.75,46.24,37.22,46.51,36.79,47.89,50.00,101.40,46.18,36.12,76.85,94.61,37.43,42.14,59.81,68.54,77.26,99.25,45.01,28.95,74.00,37.34,40.64
AATGGGTGGGTGGATGGATG	2.93	HG00613:4.73	0.83,1.67,0.83,0.80,1.64,0.85,0.82,0.80,2.43,2.53,0.84,1.63,4.73,1.65,0.83,0.81,0.83,0.86,0.82,0.83,0.81,1.71,0.84,5.11,2.36,1.71,1.67,0.87,1.67,1.65,0.82,0.86,1.71,0.84,0.85,0.86,1.68,0.84,0.79,3.31
ACCATC	2.78	HG00613:8.68	3.27,1.63,0.81,0.83,1.67,1.66,1.66,0.83,12.54,1.60,4.18,3.35,4.25,5.89,4.11,6.58,3.26,3.22,2.46,1.71,3.42,1.73,1.64,2.40,5.84,2.43,4.03,0.84,3.87,4.22,0.85,4.32,0.82,2.52,3.30,4.07,8.68,0.85,2.44,1.72,2.52,1.68,0.85,6.94,0.86,0.83,3.31,4.02,0.83,4.23,1.65,5.47,3.24,3.42,1.68,1.68,0.82,0.86,2.52,1.67,0.84,2.55,7.39,2.51,0.84,0.86,1.66,0.82,0.83,3.45,3.36,0.82,0.84,0.81,0.90,1.74,5.22,0.81,5.64,4.11,0.81,0.81,0.85,5.75,5.81,1.72,0.82,0.85,0.83,5.83,0.86,1.67,4.93,1.62,3.40,4.17,1.65,0.83,0.83,0.79,0.84,4.35,2.51,0.87,1.66,3.31,1.71,0.83,5.97,1.64,0.86,4.22,0.85,0.85,0.85,1.71,2.52,2.54,2.45,3.30,1.68,0.83,0.84,1.58,1.63,0.85,0.83,2.49,0.85
AATTACCGCTCAGCCCG	2.31	HG00613:2.37	2.37,0.85,0.82,0.84,0.85
AATGGATGAATGGGTGGGTG	2.30	HG00613:2.37	2.37,0.86,0.83,0.84,1.65
AAAGGATGAGGG	2.29	HG00613:119.89	75.92,70.18,88.75,60.70,67.61,79.87,59.84,54.96,101.87,90.26,78.97,111.08,73.71,59.90,108.06,70.69,99.52,76.44,74.97,78.89,61.56,69.11,63.22,70.07,66.58,80.12,86.80,71.42,97.51,74.01,76.48,73.36,75.70,89.85,90.70,69.60,67.66,102.60,119.89,90.61,73.35,74.69,46.20,77.35,100.88,82.49,77.18,53.15,102.72,69.48,98.84,41.28,93.15,84.30,131.28,95.66,91.40,46.14,77.91,64.28,57.58,43.18,66.41,85.67,71.96,56.19,47.69,67.34,54.43,46.32,65.40,71.54,85.00,70.78,70.73,73.94,66.96,76.67,121.03,69.00,71.25,76.58,115.64,78.13,93.61,110.84,78.98,64.94,105.15,75.57,64.35,97.65,92.24,64.52,75.77,64.83,71.18,64.88,89.19,68.07,68.31,82.27,28.02,43.64,62.95,114.30,46.05,22.16,115.53,61.71,47.65,49.62,67.76,55.00,79.68,76.18,76.13,82.24,49.64,69.88,91.32,64.85,95.69,41.16,53.12,54.28,52.32,70.46,62.82,43.99,43.98,101.83,73.94,82.21,125.11,42.88,42.01,88.50,113.03,29.94,73.32,96.55,84.42,83.57,112.27,93.42,29.78,35.75,61.11,84.67
AAAGGTGTGTGTGGGTGG	2.12	HG00613:15.77	5.71,6.53,8.96,3.33,8.35,7.49,6.65,3.33,9.18,8.36,4.79,12.53,4.19,2.50,4.25,7.57,6.58,4.93,9.78,2.41,15.59,10.25,9.52,6.58,6.41,6.68,1.62,17.73,5.05,9.68,15.18,11.91,9.50,13.07,5.87,4.95,12.21,15.77,8.47,8.15,7.73,10.08,5.04,7.57,9.35,6.94,6.00,7.46,4.96,12.05,2.48,3.39,0.83,12.50,8.92,4.27,9.23,11.73,13.18,9.44,2.59,2.52,9.98,6.69,2.52,3.41,14.78,7.54,8.42,10.33,5.82,8.99,4.16,1.73,10.92,6.53,5.90,13.72,8.07,9.56,9.57,12.13,9.67,9.03,10.59,11.40,5.98,11.50,4.15,6.86,9.85,11.96,8.27,14.16,8.64,5.86,6.57,12.97,10.21,9.16,1.71,2.47,4.14,10.77,3.35,8.57,9.20,10.45,5.02,10.48,1.66,4.14,2.57,6.62,2.47,8.53,6.57,3.36,0.86,3.43,2.51,10.13,4.24,7.85,6.77,5.07,6.85,6.72,9.00,9.90,13.20,5.02,5.82,0.84,10.25,4.18,22.08,12.20,6.79,0.83,8.31,8.49,5.08
AAAGGCTGGAGGGGTCGGG	2.05	HG00613:3.15	0.85,0.97,0.82,3.15,0.86,0.87,0.78,1.72,2.42,0.81,0.82,0.83,1.67,2.36,0.86,0.84,0.83,1.65,0.86,0.84,0.82,0.82,1.55,0.85,0.84,0.79,0.85
AAGGAAGGAAGGAGGGAGGG	1.98	HG00613:3.94	0.82,3.26,0.83,0.83,0.84,0.84,0.84,2.47,0.82,1.63,0.82,0.85,1.73,0.82,0.81,0.85,0.82,3.94,0.86,0.84,1.70,3.21,2.34,0.85,0.84,0.83,0.84,0.84,0.86,0.90,0.87,2.43,0.82,0.85,0.86,0.84,2.46,0.83,0.84,1.57,0.83,0.82,0.84,0.86,0.84,2.33,0.83,0.85,1.66
ACGGAGGGAGGGAGGGAGGG	1.67	HG00613:2.37	0.81,2.37,0.87,1.66,0.86,0.81,0.81,0.86,0.83,0.79,0.81
AC	1.58	HG00613:67.83	70.21,22.03,22.80,49.06,41.73,39.94,44.88,58.29,67.63,51.82,50.25,43.43,43.56,55.74,49.35,37.87,55.93,36.99,48.90,46.69,54.99,56.32,46.99,46.72,47.68,38.46,54.25,32.47,61.24,52.15,67.77,54.81,56.14,38.88,46.57,42.77,39.60,48.04,67.83,41.49,30.15,49.80,39.48,42.04,38.67,41.67,56.37,48.86,32.31,51.28,45.00,32.20,65.21,65.29,40.63,38.10,17.94,46.98,46.91,47.79,28.32,43.18,49.60,19.96,60.25,34.39,56.21,41.06,49.41,44.63,46.47,54.90,35.14,49.96,52.62,52.93,62.06,43.81,59.71,49.29,40.84,42.64,26.69,53.16,51.73,83.94,54.55,35.89,47.65,42.35,45.47,48.41,27.33,60.38,46.63,19.88,45.22,46.81,64.86,45.95,23.33,38.56,48.62,32.73,41.41,60.47,42.70,29.84,58.94,55.71,20.06,58.32,51.03,51.50,68.06,49.64,52.96,63.39,23.99,30.42,43.53,52.54,39.45,41.16,32.56,40.09,39.66,39.90,38.39,52.45,23.68,30.81,57.98,53.39,42.52,30.51,25.20,42.70,54.42,54.07,21.07,45.28,41.79,55.98,60.20,41.61,33.09,54.04,31.40,48.26
AAAGGTGTGTGTAGGTGG	1.57	HG00613:3.15	0.82,0.83,1.67,0.83,0.83,0.83,1.67,0.81,0.87,0.84,2.55,0.86,3.15,2.54,0.81,0.85,0.84,0.84,0.84,0.84,0.84,0.84,1.63,0.86,0.82,1.62,0.87,0.83,2.57,0.83,0.85,1.68,0.85,0.85,0.86,0.82,0.84,0.79,1.70,1.70
AAAGAACGCCTGCAGG	1.57	HG00613:1.58	1.58,0.90,0.83,0.85
ACCCCGCGC	1.56	HG00613:5.52	1.63,0.82,2.44,1.66,1.67,4.16,0.83,0.83,0.80,5.85,2.51,0.83,1.70,0.82,4.93,0.80,0.82,0.85,0.82,2.40,0.83,2.43,0.81,0.97,0.84,2.55,0.86,1.63,3.35,0.81,5.52,1.69,1.63,1.72,5.04,0.84,0.84,2.55,2.60,2.49,0.80,2.48,1.56,3.24,4.27,2.51,3.30,0.94,1.73,1.68,0.83,3.35,1.70,2.46,1.67,2.53,5.16,3.33,0.82,1.67,0.86,1.68,0.82,2.53,2.42,0.90,2.61,4.04,0.81,0.81,2.46,0.83,3.43,0.82,1.65,0.86,1.67,1.64,2.43,0.85,0.86,2.48,0.84,0.84,1.75,2.49,0.86,0.83,2.57,0.83,0.85,3.28,0.86,1.71,0.84,0.85,0.87,0.85,0.85,0.86,1.68,5.72,1.65,0.84,2.33,3.35,2.50,0.85,0.84,3.15,2.44,1.70,2.48,0.83,2.55
AACCCCACTGCACCTGCCC	1.55	HG00613:3.94	1.63,0.81,1.67,1.67,1.67,3.19,0.85,2.41,0.81,1.94,0.84,0.84,3.94,0.86,0.83,0.85,0.78,1.62,0.85,2.59,0.84,0.82,0.84,0.86,0.84,0.81,0.81,2.44,1.64,0.83,0.86,0.86,3.30,0.84,1.66,1.67,3.32,0.86,0.86,1.65,0.84,0.87,2.54,1.69,0.82,1.65,0.84,1.55,1.67,0.83,0.85,0.84,1.63,3.40,2.55,0.85
AAATAAATACAGTATTTAT	1.51	HG00613:9.46	1.63,1.66,10.02,4.79,4.19,5.89,3.29,5.63,6.41,4.17,7.25,5.81,5.06,7.66,4.32,1.63,2.52,4.95,9.46,1.69,2.44,6.87,0.84,1.70,8.67,4.29,0.83,4.14,6.60,4.23,1.71,9.03,1.67,2.53,5.72,1.67,0.86,3.36,1.69,4.48,1.74,1.62,4.83,3.26,0.85,9.04,4.29,2.46,4.27,4.16,1.73,8.92,2.55,4.19,1.67,2.62,4.98,0.86,3.31,4.28,3.31,3.29,4.93,2.52,2.57,9.19,9.41,5.43,0.84,0.79,0.85,1.65,2.49
AAGGAGGGAGGGGAGG	1.31	HG00613:3.94	3.26,0.83,0.83,2.49,2.50,1.60,2.51,2.47,0.85,3.29,0.83,1.62,0.85,0.82,0.84,1.65,0.81,3.94,0.85,0.84,0.85,0.83,2.34,0.85,0.84,0.82,0.83,1.67,1.64,4.19,0.86,0.83,0.84,5.65,1.74,2.43,0.81,0.81,2.44,0.85,1.65,1.67,0.82,1.62,0.86,1.66,0.84,0.83,0.86,0.82,0.86,0.86,0.84,2.62,0.85,3.27,1.55,0.84,1.58,0.81,0.85,0.83,0.85
ACACAGGGCC	1.26	HG00613:18.14	15.51,8.98,19.54,14.14,11.68,8.32,9.14,10.83,12.52,7.52,9.57,9.19,5.86,4.16,8.51,15.15,12.34,4.11,8.96,11.27,10.67,13.65,10.25,10.38,2.47,9.61,8.35,7.30,7.25,7.57,5.81,6.75,8.51,19.01,14.71,11.74,6.60,13.84,18.14,13.55,10.59,12.02,8.40,8.41,15.13,8.50,10.41,6.86,6.63,9.93,12.05,7.43,12.70,11.57,15.63,11.35,7.69,7.55,6.70,10.71,7.55,9.50,12.61,11.64,11.71,6.71,10.22,13.96,5.86,7.58,10.33,15.81,13.08,12.49,12.94,1.68,10.62,11.80,18.56,12.55,14.77,17.40,12.94,20.14,9.03,20.37,8.14,8.54,15.61,7.47,11.15,12.31,15.37,8.27,9.99,4.32,7.54,5.75,8.92,10.21,10.00,7.71,9.89,7.55,9.94,12.42,10.88,10.23,16.50,7.71,12.54,5.22,10.04,4.36,9.13,6.85,6.62,8.57,6.62,7.40,11.95,6.57,8.39,5.15,6.00,9.19,6.75,8.49,7.85,5.08,4.23,11.12,13.44,16.10,13.08,16.49,10.08,13.97,5.02,8.32,2.53,16.23,9.19,17.35,16.27,7.64,3.31,4.99,5.94,11.85
ACTCACTCCTCTGCCCGCTC	1.24	HG00613:3.94	0.82,0.83,0.83,3.34,1.60,4.18,1.70,5.05,1.63,1.60,0.83,4.06,1.61,1.68,3.35,0.83,3.94,1.72,1.68,0.87,1.66,0.85,2.43,2.47,0.82,3.27,0.83,1.68,1.74,2.42,0.82,2.44,2.46,0.78
AAGGCGGATCCCCGAGGTG	1.22	HG00613:3.15	1.63,1.66,0.83,1.67,0.83,0.85,1.64,1.61,0.82,1.67,4.03,1.68,0.97,0.84,0.86,0.84,3.15,0.81,0.86,0.84,0.85,0.87,1.69,2.34,0.85,0.84,0.94,1.67,0.82,1.68,0.86,0.86,1.69,0.87,0.87,0.81,0.81,0.81,1.64,0.83,0.82,0.83,0.86,0.84,0.82,2.48,0.79,1.74,2.62,0.82,0.85,1.71,0.86,0.84,1.69,2.45,0.82,0.78,2.51,1.69,0.85,0.85
AAGGAAGGGAAGGAGG	1.14	HG00613:15.77	6.53,5.84,4.16,3.32,1.67,5.85,2.51,5.82,3.40,3.37,5.76,3.29,2.41,4.92,2.60,6.41,10.02,4.06,5.89,4.84,14.69,9.81,5.87,4.13,17.10,15.77,2.54,5.70,11.16,4.20,9.25,15.97,8.50,4.34,2.57,12.43,11.58,4.13,3.39,3.13,5.87,4.72,1.68,3.35,5.82,7.36,4.16,2.59,5.88,4.08,7.58,13.72,2.69,6.95,7.83,27.49,5.64,0.82,11.41,8.96,4.27,19.72,0.83,3.43,8.21,6.83,4.96,13.32,7.78,6.70,4.11,17.03,5.11,0.86,0.84,7.07,0.87,1.71,0.83,1.65,1.64,4.20,6.85,5.06,3.49,4.23,4.23,1.69,0.83,7.69,3.34,7.88,1.63,1.70,0.83,6.79
AACCCTCACCCTCACCCT	1.11	HG00613:4.73	6.51,0.83,4.17,1.66,0.83,0.80,0.84,0.84,1.64,0.81,0.82,2.43,1.61,0.84,0.85,0.86,0.84,3.30,2.44,4.73,2.54,1.72,0.84,1.68,1.70,2.60,1.71,1.66,0.83,0.80,3.31,2.34,0.81,2.47,0.94,3.36,0.83,1.64,1.67,1.72,0.83,0.83,0.86,2.52,3.27,1.69,3.23,1.79,4.35,2.43,2.42,0.82,1.63,1.63,4.93,1.72,0.82,0.85,0.83,0.83,1.67,2.46,0.81,2.55,4.17,0.86,2.47,1.66,0.84,1.70,6.29,0.86,2.51,2.62,0.83,1.71,0.83,0.86,0.83,2.47,3.28,1.68,1.67,0.84,0.85,3.38,0.85,2.52,3.27,3.36,0.78,0.84,3.33,1.71,3.25,2.49,1.69
ACTCACTCACTCCCCTCCTC	1.11	HG00613:3.15	0.82,0.83,0.80,0.82,0.81,0.87,0.82,0.80,2.43,0.81,1.70,1.63,0.83,0.81,3.15,0.85,0.81,0.87,0.86,1.61,0.85,1.56,0.81,0.85,0.82,0.84,0.84,2.52,4.26,0.82,1.67,0.86,0.84,1.61,0.87,0.81,0.85,2.46,1.66,0.86,2.46,1.71,0.84,0.85,0.83,0.84,0.83,0.84,0.85,0.84,1.65,1.64,0.86,0.84,0.87,0.86,0.85,2.45,0.82,0.78,0.84,0.83,0.85,1.58,2.44,0.85,1.65,0.83
