#contig	start	end	unit	top_case_zscore	high_case_counts	all_counts
4	75278700	75279857	AAGGC	19.60	HG00595:20.43	0.83,0.83,0.82,0.80,1.94,20.43,0.83,0.83,0.83,0.82,0.82,0.84,0.86,0.84,0.87,0.85
12	79686614	79687485	AAAAT	14.66	HG00595:14.71	0.80,14.71,5.89,4.36
18	29725010	29726067	AAAG	12.21	HG00595:14.71	0.81,0.83,10.85,0.83,9.36,14.71,0.81,0.86,3.27,0.86,0.82,0.81
5	78475778	78476687	AAGGC	11.44	HG00595:11.44	11.44
4	53701397	53702534	AAAAT	8.26	HG00595:44.12	0.83,3.35,0.80,2.46,0.83,14.52,6.80,16.41,44.12,14.26,10.25,15.24,20.61,13.44,21.86,36.42,19.85,12.86,0.83,9.15,5.72,8.98,1.79,8.70,16.17,16.42,2.44,12.21,7.69,37.79,4.15,19.73,34.97,10.89,18.72,15.72,14.94
9	73083239	73084566	AAAG	7.70	HG00595:13.07	5.71,0.81,0.83,4.16,0.83,2.39,0.84,2.55,0.84,1.65,7.24,5.19,2.47,2.50,5.90,13.07,1.72,0.86,1.66,1.56,2.52,1.68,4.94,3.78,1.66,1.67,2.55,0.82,1.67,5.89,4.30,1.63,0.87,4.03,8.96,8.96,4.93,4.92,2.52,1.70,0.84,0.87,0.83,2.48,5.12,0.82,0.84,4.29,0.86,2.54,1.71,3.36,0.82,0.84,3.35,1.66,3.37,1.58,1.65,0.85
17	37654510	37655029	AAGG	7.56	HG00595:8.17	0.86,8.17,0.85,0.81,1.70,1.69,2.44,1.67
11	44544461	44545529	AAG	6.82	HG00595:20.43	1.66,0.84,1.61,1.61,20.43,0.83,0.83,0.87,0.86,1.66,2.56,0.87,0.83,19.03,12.85,14.58,5.85,0.85,2.33,0.84,1.66
10	36031108	36032222	AAAG	6.57	HG00595:10.62	2.90,4.32,10.62,3.35,10.30,8.41,6.80,0.84,0.81,4.27,4.98,5.83,2.62,2.51,0.86,1.64,4.12
2	64196838	64197778	AGATATATAT	6.37	HG00595:7.35	0.83,6.80,1.73,7.35,2.37,2.46,0.86,2.49,0.87,0.85,0.84
11	61429942	61430864	AAAG	5.95	HG00595:8.99	5.01,3.33,0.83,8.99,5.70,6.56,0.83
7	26994686	26995864	AAAGG	5.76	HG00595:12.26	1.63,1.66,2.50,3.33,2.50,3.35,1.70,0.82,4.89,1.71,0.85,1.64,12.26,4.34,0.86,7.23,3.30,3.39,2.48,3.13,2.56,0.84,1.65,4.72,1.73,0.84,3.35,5.11,0.82,1.68,9.15,1.73,8.98,0.84,8.21,3.42,5.19,6.81
1	16492224	16493138	AGCCATCCATCCATCCATCC	5.48	HG00595:5.72	1.61,0.85,5.72,2.47,0.82,1.66,0.83
6	155948190	155949614	AAAGAAGGAAGGAAGG	5.20	HG00595:12.26	0.82,1.63,1.63,3.34,0.83,3.34,1.60,1.67,0.84,0.83,2.55,0.84,4.94,2.44,1.61,4.92,0.87,2.47,2.40,0.83,0.81,1.61,0.84,5.81,3.40,5.18,12.26,7.55,1.65,4.89,7.89,3.39,4.89,5.15,2.52,2.52,6.73,5.95,7.80,0.86,6.63,6.62,7.23,0.83,1.69,0.83,3.13,2.43,1.71,0.84,0.84,6.59,3.78,0.86,1.68,5.86,5.03,0.85,1.64,5.02,3.37,2.58,4.16,1.63,3.33,7.76,4.20,3.27,2.53,1.79,1.74,1.74,2.43,5.64,8.21,6.52,4.89,1.71,4.11,2.49,9.44,1.64,6.83,0.83,3.35,2.46,5.68,0.85,3.33,2.47,1.66,1.66,1.67,0.79,4.29,1.67,1.74,1.67,0.87,0.83,0.83,1.71,4.93,0.85,3.28,6.72,1.71,5.01,0.85,4.36,0.85,4.23,3.42,6.78,0.84,3.88,3.35,2.53,3.42,1.67,2.37,4.88,6.62,0.83,0.85
19	6994998	6995998	ACCACCACCACCATC	4.87	HG00595:22.06	13.88,8.98,21.17,12.47,8.35,15.81,16.62,9.16,3.34,11.70,8.77,11.69,14.24,4.99,9.36,6.73,5.76,12.33,8.15,10.46,9.03,12.80,8.54,6.92,8.22,12.02,8.35,8.93,11.28,10.93,7.74,10.96,12.76,11.23,22.06,5.87,14.03,1.63,14.20,16.09,3.26,3.43,7.56,15.97,14.29,5.10,5.20,1.71,13.25,4.96,12.86,5.78,12.70,6.61,13.28,6.49,11.10,6.71,15.92,9.89,11.33,13.82,5.88,6.65,11.71,9.23,10.22,13.96,9.21,16.00,6.02,2.50,8.99,3.33,11.21,1.68,4.08,5.06,7.26,19.72,18.25,7.83,15.36,2.42,8.21,6.52,4.89,10.25,11.50,14.12,3.43,19.69,2.56,14.06,5.83,5.19,13.40,1.64,4.05,6.81,6.66,10.28,12.36,5.03,16.56,3.31,1.67,1.70,11.79,4.29,9.20,6.09,10.88,6.11,8.30,6.85,5.79,3.43,9.93,6.58,5.12,7.39,8.39,6.00,9.42,10.86,5.91,4.24,6.98,9.31,10.99,11.98,10.92,4.24,1.64,17.32,7.56,6.21,13.40,3.33,3.37,7.69,4.18,9.46,5.69,9.34,8.27,9.98,11.88,9.31
3	184470186	184470744	AAGGAGGTGGTGGGAG	4.74	HG00595:4.90	4.32,4.90,1.65,0.83,6.27
12	15313573	15314708	AAAG	4.53	HG00595:8.99	1.63,1.70,0.82,0.80,0.81,0.84,3.37,8.99,16.77,0.81,4.73,2.57,2.49,0.83,0.83,0.83,0.84,1.63,10.82,3.45,0.84,0.81,3.58,9.56,4.35,1.62,1.64,1.71,2.46,0.85,3.46,6.57,0.84,1.67,0.84,0.84,1.69,1.67
7	107939097	107940045	AAAG	4.41	HG00595:24.51	8.98,0.82,10.58,1.70,6.73,4.01,24.51,20.13,23.10,20.18,4.69,3.42,10.07,1.89,3.29,10.05,5.89,6.88,11.21,17.15,17.09,10.89,10.68,4.94,0.86,4.24,0.82,2.51,17.37
17	44018623	44019416	AAGGAAGGAAGGCAGG	4.08	HG00595:4.09	4.09,1.72,0.84
4	191043948	191044199	AACCCG	4.04	HG00595:5.72	0.83,0.84,0.80,1.67,0.83,0.82,0.80,0.85,0.87,1.64,0.80,0.84,0.85,5.72,1.68,0.83,1.61,0.83,0.84,0.82,1.73,1.67,0.84,1.70,0.82,0.84,0.83,0.82,0.82,1.69,1.79,1.61,1.64,1.64,0.83,1.64,0.85,0.83,0.85,0.83,1.71,1.65,0.84,0.84,0.86,1.66,0.84,0.85,0.86,0.84,2.33,0.85,0.84,0.79,0.83
17	35145640	35146950	AAAG	3.89	HG00595:7.35	6.65,5.11,3.28,1.60,1.67,1.61,0.84,0.97,0.85,0.86,7.35,0.81,1.63,2.58,0.84,4.20,2.57,0.83,0.83,0.83,0.82,2.51,5.02,0.86,0.83,2.50,2.59,2.52,0.82,0.87,3.48,1.61,2.44,5.70,1.71,0.86,1.64,2.56,4.32,3.24,0.85,0.84,2.51,0.83,0.85,0.85
13	63317264	63318928	AAAG	3.67	HG00595:10.62	0.81,2.50,0.84,4.02,0.85,7.40,6.68,3.25,3.22,0.97,2.53,1.70,4.32,10.62,9.08,8.14,7.10,3.39,3.26,6.87,7.56,0.84,2.55,1.73,0.86,8.28,1.65,3.21,1.65,2.52,1.65,0.94,2.52,5.86,0.83,0.82,2.59,5.04,0.82,4.84,0.90,2.61,5.22,2.43,3.22,7.33,1.63,4.27,1.64,1.66,3.43,4.92,6.83,2.48,3.33,3.46,0.84,2.46,1.62,3.33,0.84,3.14,5.02,6.64,4.36,0.78,1.63,0.85,0.83,2.49
16	24624136	24625132	AAAAT	3.33	HG00595:4.09	0.85,4.09,15.61,0.83,1.69,16.88,0.85
12	130534244	130535297	AATAG	3.27	HG00595:4.09	3.37,1.65,0.81,0.85,0.81,0.84,1.70,0.86,4.09,0.83,0.82,0.85,0.85
2	129098664	129099173	ACCACCACCACCACCATC	3.23	HG00595:8.17	2.45,2.44,1.66,2.50,1.66,0.83,1.67,1.67,0.80,2.51,0.84,1.66,4.25,2.52,4.94,3.29,2.44,1.61,2.46,1.71,2.56,1.73,1.64,0.80,1.67,2.43,1.61,3.36,4.84,7.66,1.73,8.17,1.65,3.26,3.15,2.54,0.81,1.72,0.84,0.84,5.04,1.71,0.83,1.65,2.48,1.65,3.91,3.24,4.27,1.68,6.70,1.89,1.68,2.50,1.68,1.70,4.93,0.84,1.68,1.72,2.45,1.67,1.68,3.27,1.69,1.61,1.79,3.48,2.61,5.64,0.82,3.26,3.26,4.27,0.82,1.66,4.29,3.28,4.27,1.65,2.50,1.73,2.51,4.11,1.62,0.85,0.83,1.71,1.65,2.48,0.83,0.85,0.79,1.71,1.67,1.74,1.67,1.75,1.66,1.71,1.65,0.86,1.65,0.82,5.97,0.86,1.71,4.18,4.22,1.70,4.36,0.85,0.84,3.39,2.45,2.47,1.68,1.55,6.70,2.50,1.69,0.85,0.84,0.79,4.07,0.85,2.48,0.83,1.70,0.85
2	159648501	159648983	AAAG	3.17	HG00595:5.72	1.66,2.50,0.83,1.67,2.52,0.82,2.50,2.42,0.84,0.86,5.72,2.52,0.79,0.83,0.80,1.65,4.13,0.81,2.59,0.83,2.51,0.85,0.84,1.68,1.66,0.82,0.82,4.34,1.61,0.81,1.71,0.83,0.86,2.56,0.83,1.67,0.86,0.84,1.64,0.85,1.68,0.87,0.84,1.65,0.86,1.71,0.82,3.11,3.37,0.85,0.83
19	16041707	16042312	AACGAGTGAGTGAGGAGAGG	3.01	HG00595:6.54	0.81,1.68,3.37,0.86,6.54,2.48,1.69,3.36,5.63,0.82,9.86,6.56,2.48,7.49,3.46,1.71
1	216527930	216529083	AAAG	3.00	HG00595:5.72	0.80,5.72,4.96,0.78,7.35,0.86,4.86,5.81,0.86,2.56,3.15
1	183838711	183840173	AACTACCCTGGCCGGAAGAC	2.93	HG00595:8.99	0.82,5.71,1.63,2.49,3.34,3.33,0.83,3.33,0.83,3.34,2.39,4.18,2.50,2.55,5.05,2.47,2.47,5.70,1.61,4.92,1.71,1.71,1.73,0.82,0.80,5.84,0.81,1.61,0.84,1.69,3.40,4.32,8.99,3.35,1.65,3.26,3.15,4.23,3.26,4.29,0.84,2.52,3.36,4.25,0.87,7.72,0.83,4.14,3.21,0.83,0.85,1.65,3.91,4.05,4.27,1.68,2.51,0.82,4.72,2.59,3.36,1.66,1.67,5.87,2.55,3.29,0.84,5.05,3.44,3.33,4.09,2.50,2.59,0.84,2.45,4.21,5.65,8.07,3.48,2.61,1.62,5.64,4.11,4.89,1.63,2.56,3.29,3.32,5.15,3.28,2.56,3.31,0.83,5.19,7.54,5.75,4.05,2.55,2.50,3.43,0.82,5.03,3.31,3.31,0.84,0.85,3.14,4.29,1.67,1.74,2.51,3.49,3.32,1.71,0.83,1.71,0.83,4.11,2.46,4.20,1.72,0.86,1.67,7.59,0.85,1.74,5.08,2.54,1.71,1.68,3.39,0.82,1.65,1.68,2.33,1.67,6.65,2.53,3.42,3.34,4.73,2.44,2.55,2.49,0.85,3.39
22	50311076	50311474	ACCTCTCACCTGGGGCCGG	2.80	HG00595:3.27	0.83,0.80,0.81,0.84,3.27,0.84,0.84,0.84,0.83
8	86440579	86441621	AAAG	2.71	HG00595:4.90	0.82,0.83,1.67,0.84,1.68,1.66,1.70,0.84,0.85,0.80,0.83,0.81,0.84,1.94,1.69,4.90,0.83,0.79,1.63,0.86,0.83,0.83,1.61,1.69,0.83,0.85,1.68,0.83,0.85,0.84,0.84,0.83,2.52,0.81,0.87,2.42,0.82,1.66,2.57,4.10,0.85,1.65,0.84,1.64,0.85,0.86,1.65,2.52,0.83,0.84,0.86,1.66,0.83,0.82,0.85,0.82,4.28,0.85,4.23,0.86,0.85,0.78,0.81
X	109932521	109933691	AGATATATAGATATATAT	2.66	HG00595:4.90	1.60,1.66,0.81,0.85,1.73,1.64,3.34,0.84,4.25,4.90,1.58,1.69,0.81,1.68,0.84,0.85,1.73,1.66,1.65,0.83,0.83,0.85,0.83,0.82,0.83,1.68,1.61,0.90,1.74,4.04,0.81,0.85,0.82,2.49,0.86,0.82,0.83,2.59,0.84,0.81,1.70,1.67,1.65,3.36,0.86,4.96,1.71,0.85,0.85,1.66,0.85
2	11093195	11094660	AACCACATCCACATCCAC	2.62	HG00595:13.07	1.63,1.63,5.70,6.68,0.83,1.66,0.83,1.67,5.85,3.19,2.51,2.51,1.66,3.40,3.37,1.65,4.11,1.63,4.02,4.92,10.24,4.27,2.60,4.11,4.01,6.68,3.22,1.68,3.87,10.96,5.95,9.50,13.07,6.71,5.78,4.07,3.94,9.32,3.26,6.87,6.72,3.36,3.36,5.95,10.41,1.71,9.11,1.65,4.82,1.65,1.69,7.44,4.69,4.86,1.71,4.19,1.65,0.94,0.86,5.04,3.33,10.90,5.96,5.75,4.19,10.95,1.72,1.66,1.67,4.31,3.36,4.08,2.53,14.52,9.86,4.34,3.48,2.46,0.81,3.26,4.27,1.64,4.98,10.30,4.92,3.42,8.27,6.66,4.32,8.21,6.49,4.25,5.83,0.86,1.65,9.23,4.97,2.51,0.85,11.79,6.86,5.85,3.48,10.88,0.87,3.32,1.71,4.14,3.43,1.65,2.47,4.27,5.75,3.36,5.15,3.43,1.67,2.53,2.55,4.36,2.54,2.54,1.71,5.04,1.69,4.91,3.30,0.84,1.55,5.86,2.50,1.69,2.56,2.51,4.73,5.69,5.10,8.27,10.81,4.24,4.23
22	21309344	21310283	AAATATATATATATATAG	2.59	HG00595:6.54	3.27,2.50,4.16,2.53,6.54,6.07,1.68,2.47,5.86,0.82,9.99,1.68,6.47,1.67
21	33155751	33158202	ACC	2.48	HG00595:17.16	3.27,12.24,9.77,8.31,3.34,14.14,4.99,9.99,9.18,12.54,6.38,8.35,6.70,8.32,11.91,8.42,12.34,9.04,13.04,8.85,10.67,10.24,8.54,10.38,5.75,12.02,11.68,4.87,12.09,12.62,6.78,8.43,5.95,6.91,17.16,9.22,7.43,8.14,12.62,10.16,3.26,3.43,5.04,8.41,11.77,8.50,12.14,5.14,9.11,5.79,13.66,6.60,7.62,10.74,7.03,8.92,6.83,4.19,10.05,9.06,8.50,12.95,5.04,4.99,12.55,6.71,4.26,9.03,7.54,5.89,10.33,6.66,7.36,6.66,7.76,7.56,12.25,4.21,9.68,9.86,8.69,10.44,4.85,8.86,7.39,7.33,4.89,6.84,5.75,4.15,4.29,8.21,11.96,13.23,5.83,4.32,6.70,9.86,5.68,4.25,9.16,10.28,9.89,14.27,9.11,19.88,13.40,10.23,7.86,7.71,11.70,14.80,10.88,11.35,21.58,6.85,14.07,11.14,14.07,8.22,6.83,14.78,15.11,10.29,12.85,7.52,15.19,8.49,9.60,8.46,14.38,14.55,6.72,7.63,9.81,11.54,5.88,8.54,10.05,9.98,9.27,11.11,13.37,14.19,27.66,5.94,10.75,11.64,13.58,9.31
4	130931638	130932167	AAATATATATAT	2.48	HG00595:5.72	0.82,5.71,2.44,2.49,1.67,2.50,2.49,1.67,0.83,4.18,2.39,5.01,0.84,2.52,2.47,0.82,0.80,2.46,1.71,0.82,2.40,1.67,1.62,0.81,0.86,5.72,1.65,1.69,0.86,5.20,1.66,0.80,1.65,0.83,2.43,1.71,0.84,0.84,1.89,0.86,0.84,1.67,0.84,3.41,0.82,1.67,2.58,1.73,1.74,2.43,2.44,0.85,0.82,0.85,0.84,0.81,1.68,1.71,0.84,1.66,4.14,0.86,0.85,3.28,0.86,0.86,1.69,2.45,2.52,1.55,0.84,3.33,1.71,1.67,1.70
12	48655165	48655464	AAGGGTGGGAGGAGGGTG	2.41	HG00595:2.45	2.45,0.81,2.44,1.69,1.64
2	70662518	70663033	AATAG	2.40	HG00595:3.27	1.67,0.81,3.27,0.83,1.61,0.83,0.83,0.82,1.67,0.85,1.71,0.82
10	125616408	125617772	AAGGCGGCGTGGAGATGG	2.36	HG00595:5.72	1.63,2.44,4.99,0.83,2.49,0.83,2.50,2.51,0.84,0.85,0.84,1.64,2.44,0.82,1.71,0.85,2.60,0.82,0.80,2.43,0.84,0.97,4.22,0.85,0.86,5.72,2.52,2.48,0.81,0.81,0.86,1.68,0.84,0.84,0.85,3.47,0.86,4.14,5.79,1.61,1.65,3.13,0.81,0.85,1.68,4.19,0.82,2.83,0.84,1.66,0.84,0.82,0.84,2.53,0.82,0.83,0.82,2.53,1.61,0.87,1.64,0.81,3.42,0.82,0.85,0.83,1.73,3.35,1.70,0.85,0.79,1.74,0.87,0.83,0.83,0.85,0.82,1.72,0.84,0.84,0.87,0.85,1.71,1.69,0.82,2.51,0.79,1.63,0.85
9	94476176	94477321	ACCCCTCCCTCTCGCCGG	2.31	HG00595:5.72	0.81,3.33,0.83,0.83,3.34,1.68,3.33,4.11,3.29,0.85,2.60,3.25,5.72,0.81,0.85,1.63,0.86,0.84,1.68,4.02,1.89,0.84,1.67,2.46,4.21,2.50,4.31,3.36,0.81,0.90,0.81,1.66,6.62,0.85,0.86
14	100419169	100419574	ACCACCACCATC	2.31	HG00595:2.45	0.84,0.84,2.45,0.86,0.87,0.85
13	21839426	21840348	AAAG	2.30	HG00595:16.34	10.37,16.34,15.81,25.81,8.07,1.61,13.03,27.91
11	15469943	15470908	AAAG	2.28	HG00595:2.45	2.45,0.84,0.83,0.83,0.84,0.83
7	126543075	126544418	ACACATATACATATATATAT	2.23	HG00595:4.90	0.82,1.63,1.66,0.83,0.84,1.67,0.84,3.40,0.84,1.65,2.44,0.85,0.85,1.73,0.82,1.60,0.83,0.81,0.84,0.85,1.73,4.90,2.37,0.85,2.44,4.29,2.52,1.70,0.87,1.66,2.48,2.51,0.86,3.33,0.84,2.55,1.68,0.86,1.66,0.82,0.86,1.61,4.48,1.74,1.62,1.64,0.81,0.81,1.64,0.83,0.86,1.64,0.85,0.83,1.73,0.84,1.62,0.85,0.82,0.84,0.83,0.83,1.67,1.57,0.86,1.67,0.87,0.83,0.83,0.82,0.84,0.86,0.87,3.38,0.86,0.85,2.45,2.37,0.81,1.70
6	2944379	2945575	AAGGGAATTATGTATGGG	2.20	HG00595:4.09	3.27,0.83,0.83,0.85,0.81,4.09,1.68,2.52,0.85,1.66,0.83,1.61,1.65,3.36,2.47,0.84,0.86,1.63,0.87,3.28,0.83,1.65,4.05,0.78
13	84433822	84435088	AAAG	2.19	HG00595:4.09	0.81,1.67,0.80,1.68,2.50,0.85,0.84,0.82,0.85,0.84,0.97,2.55,4.09,0.84,0.84,1.70,1.69,0.78,4.19,1.65,5.66,0.82,2.51,1.73,0.84,0.81,0.90,0.81,0.81,0.85,0.84,0.81,0.85,0.79,0.86,0.84,1.67,0.83,0.85,0.82,0.84,1.69,1.74,0.86,0.84,0.84,0.79,0.81
1	204737410	204738358	AAAG	2.17	HG00595:4.09	0.83,0.83,0.83,0.83,0.82,0.85,0.81,0.84,0.84,1.70,3.46,4.09,0.83,2.37,0.84,1.73,0.86,1.61,0.84,0.82,0.84,1.72,2.45,5.83,0.81,0.90,0.87,1.62,0.85,0.86,0.84,1.70,1.68,2.48,1.67,0.83,0.86,0.85,0.86,0.86,0.84,0.87,0.85,3.30,0.85,0.85
3	3832074	3832442	ACATACATGTATATGTGCAT	2.17	HG00595:3.27	1.71,1.70,3.27,1.69,0.81,0.86,0.84,0.83,0.80,1.63,1.68,1.79,0.81,0.82
17	9533911	9534834	AAAG	2.16	HG00595:13.07	0.82,1.62,17.66,13.07,14.26,6.73,4.31,10.47,10.58,11.60,1.72
3	36369898	36370953	AAGG	2.06	HG00595:5.72	1.63,0.83,2.51,0.84,0.85,0.85,0.83,1.69,5.72,1.68,3.30,4.07,0.85,0.81,0.84,0.85,2.57,2.48,0.80,3.30,1.69,0.83,1.68,2.55,1.67,1.68,1.63,2.42,0.90,2.61,1.61,1.63,0.81,0.86,0.82,0.83,0.83,0.86,5.75,3.24,0.85,1.67,3.30,0.83,0.85,4.72,3.43,0.87,0.84,0.87,1.66,0.86,5.79,2.57,4.11,3.41,1.64,1.68,0.86,1.67,0.87,0.85,2.57,4.24,1.65,0.84,0.78,0.83,1.69,3.42,1.58,0.83,1.70,3.39
21	32115248	32116197	AATATATATACG	2.05	HG00595:4.09	1.66,2.51,0.86,4.09,0.81,3.39,1.72,1.68,0.85,1.66,3.33,3.36,0.84,1.74,0.81,0.81,0.85,0.82,0.86,5.98,0.83,2.57,1.66,0.84,0.79,0.83,0.82,0.86,1.71,0.84,0.82,1.65,0.78,0.84,0.85,0.85
4	25452816	25453402	AAGG	2.05	HG00595:2.45	2.45,1.58,1.68,4.16,0.84,0.90,0.84,0.85
9	129670840	129671884	AAAG	2.04	HG00595:22.06	22.06,3.35,18.74,19.75,24.36,12.61,32.09,28.12,0.83,0.82,1.69,1.79,13.03,2.42,7.33,3.26,14.59,10.67,4.14
4	28125769	28126760	AATATATATATATG	1.98	HG00595:3.27	4.16,0.82,3.27,5.66,0.90,0.84,0.81,3.30,4.24,7.88
13	113761009	113761542	ACACCCACACCCCCGGG	1.95	HG00595:8.99	2.45,3.26,4.07,4.99,0.83,4.16,4.99,5.83,1.67,4.18,3.19,1.67,0.84,2.50,3.40,5.89,6.58,0.82,0.81,0.80,1.64,3.42,0.87,0.82,4.81,2.50,3.25,4.03,2.52,2.90,0.84,4.25,2.59,8.99,0.84,4.13,5.70,1.58,9.32,0.81,0.86,0.84,0.84,4.20,5.10,3.47,0.83,2.48,4.02,3.30,1.69,1.65,3.91,0.81,2.56,1.68,3.35,3.30,2.83,0.86,2.52,4.16,4.18,1.68,2.55,3.29,4.19,0.84,4.30,4.16,8.17,0.83,9.49,2.52,4.08,5.06,3.23,1.79,2.61,9.57,4.85,4.03,4.11,5.70,2.44,2.56,4.11,4.98,1.72,8.21,0.85,2.48,3.33,2.59,1.67,0.82,4.05,4.25,8.33,0.86,4.94,0.84,0.83,3.31,5.86,3.41,5.50,5.14,1.67,0.87,1.75,1.66,1.71,5.79,2.57,1.65,3.29,5.12,2.46,4.20,1.72,2.57,3.34,0.84,4.24,0.85,1.69,0.84,3.39,4.91,1.68,2.33,3.35,2.50,2.53,2.56,3.34,0.79,4.07,2.55,2.48,4.16,0.85,0.85
20	61852313	61853530	AATCCCTGCAGTCCCTGC	1.92	HG00595:9.81	4.08,1.63,0.83,0.83,5.82,0.83,0.83,0.80,2.51,0.84,3.29,0.80,4.27,0.87,9.04,2.40,8.86,5.89,9.81,3.36,1.70,3.31,4.14,4.02,5.87,0.84,1.89,4.16,0.84,7.39,0.84,0.86,0.83,2.52,0.84,0.87,7.25,0.81,8.96,2.56,2.49,2.57,0.82,0.85,4.16,3.35,0.81,0.83,6.86,4.94,6.71,15.74,4.19,3.14,5.22,1.71,3.31,0.83,0.82,4.93,1.72,7.71,3.38,0.85,5.13,0.85,13.90,3.11,7.54,0.83,2.53,6.69,1.58,4.88,0.83,9.34,2.54
4	53498561	53499326	AAAG	1.90	HG00595:2.45	0.82,2.45,0.84,2.52,2.55,0.82,0.85,0.84,0.83
2	47728943	47730322	ATCC	1.83	HG00595:11.44	8.98,0.82,0.81,3.33,2.50,6.66,1.66,2.50,0.83,5.01,1.60,3.34,1.68,1.66,8.51,2.52,1.65,0.82,3.26,2.41,4.10,1.71,14.52,6.06,3.20,2.50,9.74,0.81,5.05,2.90,2.53,9.36,1.73,11.44,5.03,3.30,5.08,8.15,5.15,6.72,2.52,3.36,5.95,3.47,3.43,9.11,6.62,4.02,3.30,7.62,3.31,5.47,0.84,2.47,6.05,7.57,0.83,2.51,1.68,1.70,2.46,0.84,1.72,2.50,7.36,8.33,4.31,4.20,8.17,4.21,4.03,8.96,1.74,4.35,1.62,4.83,2.46,1.63,3.26,5.98,4.93,3.32,4.29,4.10,1.71,2.48,8.33,6.05,5.86,2.46,11.35,4.25,2.50,6.00,2.47,9.23,2.48,3.31,1.67,2.56,5.50,5.14,3.34,5.22,5.02,6.11,7.47,7.70,9.93,7.71,2.48,4.93,5.97,1.64,0.84,5.15,11.14,5.85,11.81,8.49,7.85,3.38,3.38,5.99,1.68,4.24,9.81,4.12,2.52,5.02,5.82,1.69,6.84,4.18,3.94,2.44,4.25,6.62,8.31,5.94,4.23
5	5954274	5955631	AAGGAGGGAAGGGG	1.77	HG00595:13.89	5.71,5.71,4.89,3.33,4.17,3.33,6.65,1.67,4.17,0.84,3.99,5.85,4.19,4.99,6.81,6.73,5.76,0.82,4.89,3.22,6.57,1.71,3.42,4.33,2.47,3.20,7.51,4.06,4.03,4.21,3.87,9.28,7.66,6.05,13.89,5.87,8.25,10.59,8.68,3.39,7.33,7.73,3.36,7.57,10.09,5.95,13.87,5.14,10.77,4.96,10.45,1.65,9.09,10.16,5.67,0.85,1.68,5.86,10.71,6.61,2.59,4.20,10.81,4.18,1.68,1.70,3.29,9.21,2.53,2.58,11.65,8.99,6.66,8.63,7.56,12.25,10.95,10.49,3.58,4.34,11.31,18.60,8.06,6.57,11.41,11.40,5.98,3.29,1.66,6.86,13.95,6.83,4.14,6.66,4.32,4.19,9.86,7.30,12.76,7.50,3.43,0.82,0.84,1.66,0.83,6.70,5.97,6.86,5.22,0.84,3.49,3.32,1.71,2.48,1.71,4.96,0.82,2.56,0.82,1.71,5.01,2.53,1.70,0.87,2.54,10.15,0.86,5.04,3.39,13.08,0.82,5.04,13.40,1.66,6.74,2.56,0.84,3.15,11.39,5.10,4.14,1.66,4.24,4.23
10	6894182	6895013	AT	1.70	HG00595:2.45	2.45,1.65,2.44,0.84,1.61,0.87,0.82,1.66,3.35
6	155339232	155339763	AGGGG	1.67	HG00595:3.27	0.82,0.83,1.67,1.68,0.83,0.84,0.81,0.82,0.85,0.82,0.80,0.84,0.85,3.27,1.68,0.83,0.81,0.79,0.81,0.86,0.84,0.86,0.80,0.83,1.56,0.81,1.71,0.94,3.41,0.82,0.84,0.82,0.84,0.87,0.82,0.86,0.83,0.81,0.83,0.84,1.66,1.66,0.79,0.84,0.83,0.83,1.64,0.85,0.84,0.86,1.69,1.63,0.85,0.83
14	106049030	106049497	ACCAGGGCTGAGTGACGAGG	1.64	HG00595:3.27	0.83,1.68,0.84,0.82,0.82,1.61,0.85,1.69,3.27,0.79,0.85,0.81,0.86,1.68,1.68,0.85,0.86,1.66,1.65,0.81,0.84,0.83,0.84,1.69,0.81,1.62,0.81,2.44,0.83,0.86,0.83,0.83,0.84,0.82,0.83,0.85,1.74,0.84,0.83,0.85,1.66
16	24519665	24520360	AAAG	1.63	HG00595:1.63	1.63,0.86,0.82,0.84
5	76371929	76372070	AT	1.63	HG00595:1.63	1.63,0.83,0.85
1	2055672	2055772	AACTACCCCCATGACCCT	1.63	HG00595:1.63	1.63,0.83
12	126012352	126012353	AGGGGGGGAGGGGGGGGGGG	1.63	HG00595:1.63	1.63
14	28489825	28489826	AACCCT	1.63	HG00595:1.63	1.63
1	43046751	43046920	ACGGGAGAGGGAGAGGGAG	1.63	HG00595:1.63	1.63
16	87829363	87829364	AACCTCCATAACCTCCCT	1.63	HG00595:1.63	1.63
17	11845011	11845012	AGAT	1.63	HG00595:1.63	1.63
1	95264197	95264198	AACCCT	1.63	HG00595:1.63	1.63
2	31353446	31353447	AC	1.63	HG00595:1.63	1.63
3	120591635	120591668	AAAGC	1.63	HG00595:1.63	1.63
5	41457455	41457456	ACACACCTCACCCACCT	1.63	HG00595:1.63	1.63
6	49832199	49832200	AC	1.63	HG00595:1.63	1.63
6	7196017	7196018	AACCCT	1.63	HG00595:1.63	1.63
6	87508494	87508495	AAAT	1.63	HG00595:1.63	1.63
7	113626244	113626245	ATC	1.63	HG00595:1.63	1.63
7	130859467	130859468	AGAT	1.63	HG00595:1.63	1.63
8	84523425	84523426	AACCCT	1.63	HG00595:1.63	1.63
5	156275306	156275474	AC	1.63	HG00595:1.63	0.80,1.63
3	195557303	195557896	ACCCAGCCGGCCACTGC	1.61	HG00595:1.63	1.63,0.83,0.90,0.81
16	1969765	1970539	ACCGTGGGGACTGCTGAG	1.60	HG00595:2.45	0.84,0.80,2.45,0.86,0.84,0.86,1.56,0.84,0.82,0.86,0.81,0.87,0.85,0.86,0.83,0.83,0.84,0.83,0.85,0.84,0.81
2	113558101	113558642	AAAG	1.59	HG00595:2.45	0.83,0.85,0.85,0.83,0.97,0.85,2.45,0.86,0.80,0.90,0.81,1.61,0.82,0.82,0.82,0.83,0.84,2.56,0.85,0.87
9	139520517	139520751	CCCCCCCCCCCCCCCCCCCG	1.59	HG00595:1.63	1.63,0.84,0.87,0.84
2	97324687	97325319	AAGG	1.59	HG00595:1.63	1.63,0.83,1.69,0.81,4.27
12	98862183	98862998	AAAG	1.58	HG00595:3.27	0.84,1.67,3.27,0.84,2.58,1.68,1.70,0.83,0.82,2.50,2.43,4.83,1.63,5.15,1.62
16	52784343	52785499	AGGGG	1.57	HG00595:5.72	0.82,1.63,3.26,3.34,1.66,0.83,0.83,2.50,5.01,1.60,2.51,0.84,1.66,0.85,3.37,2.47,4.11,4.07,1.61,2.46,2.56,1.71,0.87,2.47,2.40,3.34,1.62,4.03,1.68,3.87,0.85,2.59,5.72,4.19,1.65,1.63,1.58,0.81,1.72,1.68,1.68,2.55,3.47,1.71,0.83,0.83,2.41,2.48,1.69,2.48,1.56,2.43,0.85,2.52,8.38,1.89,2.59,4.20,1.66,2.51,1.70,0.82,2.53,3.44,4.16,2.45,0.83,0.86,3.36,1.63,2.53,3.23,2.61,0.87,1.62,0.81,2.46,1.63,1.63,3.42,3.32,0.86,0.82,0.85,1.73,1.67,3.24,2.55,3.33,1.71,1.65,1.68,1.66,1.66,2.51,2.56,2.36,1.71,1.67,3.48,0.84,1.75,3.32,2.57,1.65,4.28,4.14,3.29,2.56,1.64,0.84,3.43,1.67,0.84,0.85,3.49,1.69,5.07,1.71,0.84,2.54,0.82,0.82,1.68,0.83,1.69,2.56,1.58,2.44,3.40,2.48,1.66,2.55,4.23
15	87578065	87578430	ACAT	1.57	HG00595:1.63	0.87,1.63,1.67,0.84,1.57
10	54538621	54538921	AAGGAGGGGAGGAGGGAGGG	1.57	HG00595:1.63	0.84,0.86,1.63,0.82,0.84
5	7371106	7373224	ACC	1.56	HG00595:19.61	11.43,7.34,13.03,12.47,11.68,8.32,5.82,2.50,2.50,9.19,13.56,9.19,0.84,13.31,9.36,3.37,13.98,4.11,11.41,8.05,6.57,9.39,6.83,7.79,9.86,15.22,5.84,4.06,8.06,10.09,9.68,8.43,18.71,15.55,19.61,4.19,11.55,7.33,13.41,15.24,6.52,3.43,10.08,8.41,10.09,11.05,12.14,7.72,14.91,11.58,17.68,7.43,9.32,8.26,6.25,7.30,8.54,1.68,10.05,5.77,0.94,2.59,5.04,14.97,10.04,2.52,8.52,14.78,6.70,18.53,14.63,8.32,12.26,9.99,10.35,6.72,21.23,5.06,13.72,4.48,9.56,6.96,11.32,8.86,9.03,13.04,15.47,10.25,3.29,6.64,21.45,5.74,9.39,12.41,11.66,12.10,3.35,9.86,0.81,27.23,5.83,8.57,4.12,9.23,4.97,10.77,7.54,5.97,5.50,11.14,5.02,9.58,5.86,6.11,16.60,11.13,8.27,8.57,9.93,9.87,5.97,6.57,2.52,5.15,3.43,13.36,4.22,3.40,3.49,8.46,8.46,5.13,4.20,8.47,12.27,15.67,9.24,9.32,13.40,15.80,5.90,5.13,3.34,11.83,5.69,19.53,5.79,12.47,5.94,10.16
6	69370945	69371099	AT	1.55	HG00595:1.63	1.63,0.84,0.81,0.82,0.84
8	3039686	3040413	AC	1.53	HG00595:1.63	0.85,1.63,0.86,0.84,0.85
14	54361118	54362550	AAAG	1.52	HG00595:13.89	0.82,3.26,5.82,0.83,2.50,0.83,14.99,5.01,2.51,1.60,1.68,0.83,2.52,0.82,4.93,1.63,7.24,3.28,3.42,0.87,0.82,8.35,7.30,10.93,0.84,1.70,19.87,13.89,13.42,7.43,4.89,2.37,1.69,7.33,0.86,19.32,1.68,5.10,3.47,0.86,0.83,9.10,4.82,6.60,0.83,1.56,12.58,0.84,5.77,2.59,2.52,4.99,8.37,0.84,2.55,3.35,3.37,3.44,10.81,2.45,2.50,2.59,5.04,10.11,13.72,2.69,5.21,3.48,3.23,3.22,6.57,3.26,1.63,6.84,2.46,4.15,3.43,4.10,2.56,1.65,4.16,4.32,4.19,3.29,4.05,9.36,0.83,0.86,5.03,0.83,0.83,3.35,3.41,0.79,0.86,0.84,1.74,0.83,2.57,0.82,1.71,1.68,0.86,0.86,2.53,1.70,3.49,1.69,3.39,0.82,1.65,0.84,3.33,2.53,2.56,0.84,2.37,7.32,0.83,1.66,0.85
11	11268488	11269104	ACACACGGAGAGAGAGAGAG	1.52	HG00595:2.45	0.84,2.45,0.83,0.81,1.58,0.84,0.85,0.86,0.84,0.84,0.87,1.62,0.82,1.66,2.48,0.83,0.83
4	33103333	33103584	AAAG	1.50	HG00595:1.63	1.63,0.87,0.86,0.86,0.85
5	82926697	82928305	AAAG	1.47	HG00595:16.34	1.63,1.63,8.35,6.66,12.47,7.49,15.03,11.70,7.98,10.02,6.70,4.99,0.84,6.58,15.62,4.02,5.75,6.83,8.54,2.60,18.08,10.02,3.25,0.97,5.06,15.31,1.73,16.34,6.60,4.07,0.79,1.63,8.59,4.20,8.41,15.31,13.87,1.71,14.08,6.62,1.61,0.83,7.62,0.81,0.84,9.22,0.82,11.33,6.73,2.50,2.52,15.07,8.17,3.33,4.31,6.72,2.45,0.81,15.23,3.48,6.09,0.82,8.15,1.63,4.27,2.46,2.49,1.72,2.46,5.98,9.93,5.19,3.35,19.46,5.96,1.67,3.36,4.14,5.02,1.70,0.79,3.43,2.62,3.42,0.83,6.62,7.71,0.84,0.85,1.69,9.81,2.47,0.84,3.34,2.44
8	143302665	143305123	ACTC	1.47	HG00595:10.62	9.80,2.45,5.70,7.48,4.17,4.99,7.48,4.16,8.35,8.36,4.79,10.02,4.19,4.16,7.66,1.68,4.11,4.11,5.70,4.83,3.28,4.27,5.98,0.87,4.93,7.21,5.01,4.87,5.64,5.05,2.90,5.06,9.36,6.05,10.62,5.87,1.65,7.33,3.15,4.23,2.44,9.44,3.36,6.73,3.36,5.95,5.20,5.14,2.49,3.31,2.41,4.23,2.48,6.25,4.05,2.56,6.71,6.70,2.47,7.55,5.18,7.57,7.49,6.69,2.52,7.66,4.93,5.02,4.21,4.30,12.48,7.36,3.33,4.31,5.04,3.27,1.69,0.81,7.17,6.95,4.35,4.04,2.42,6.57,5.70,3.26,4.27,0.82,6.64,3.43,8.21,3.42,9.10,4.16,6.05,8.37,4.93,7.30,5.96,4.17,3.43,8.24,5.87,7.45,9.94,2.51,5.97,5.50,3.43,3.34,7.83,6.69,1.75,6.64,2.57,3.31,4.28,4.96,3.29,5.97,4.10,4.20,4.29,5.14,4.18,9.28,3.40,3.49,6.77,7.61,11.12,2.52,3.39,4.91,4.95,0.78,5.86,5.82,3.37,7.69,4.18,7.10,4.07,3.40,5.79,7.48,4.24,2.54
1	24225750	24226788	AAAG	1.46	HG00595:8.99	1.63,0.83,3.34,4.16,3.33,7.51,1.67,0.83,0.82,1.71,2.56,3.46,0.82,0.80,4.17,1.61,9.68,1.69,1.70,1.73,8.99,1.65,7.33,4.73,1.69,3.26,4.20,2.55,2.57,9.94,2.48,2.41,4.95,1.65,0.84,4.12,1.89,1.70,1.68,0.86,6.66,6.54,3.33,3.45,2.52,3.23,0.90,4.34,6.96,0.81,2.46,14.67,8.14,3.42,2.46,3.32,4.29,1.64,14.89,3.46,0.84,4.11,4.86,2.55,1.66,1.71,0.85,0.82,2.54,8.18,0.84,1.69,1.67,1.66
1	241837616	241838275	AAGGAGGGAGGGAGGCAGG	1.45	HG00595:3.27	0.81,1.67,1.70,1.69,3.27,1.65,2.44,0.85,1.68,0.84,3.31,0.83,1.56,0.94,0.84,2.58,0.82,0.84,0.90,0.87,0.81,0.81,1.64,0.86,9.03,2.46,0.85,0.82,1.66,1.71,1.68,0.84,0.85,0.86,0.84,0.82
21	24444430	24445072	AAAG	1.44	HG00595:1.63	0.83,1.63,1.68,1.71,1.66,2.43
2	170609267	170609907	AT	1.43	HG00595:1.63	0.83,1.63,0.84,0.83,0.81,0.86,0.81
1	36042179	36042926	ACCCCAGCGCCAGCGGG	1.41	HG00595:1.63	0.83,1.63,0.85,0.83,0.79,0.87,3.88
17	49908352	49909612	AGC	1.38	HG00595:17.98	8.98,7.34,6.51,6.65,3.33,19.22,7.49,7.24,15.59,14.71,1.68,6.78,10.37,17.98,12.58,5.78,15.77,8.47,9.78,30.26,14.57,15.74,7.44,10.22,5.05,3.36,11.65,8.69,15.59,4.32,5.02,8.21,5.87,23.19,23.50,5.88,13.36,11.04,16.58,16.07,15.22,7.76,12.54,2.48,10.16
1	2390167	2391517	AAGGAGGACCACCAGC	1.37	HG00595:7.35	0.82,2.49,2.50,0.82,5.63,0.84,0.84,1.70,7.35,1.68,0.83,2.54,0.84,0.84,4.20,0.85,1.73,1.71,1.66,2.48,5.63,6.61,9.73,0.84,0.84,0.85,0.86,0.83,1.63,0.83,1.73,3.36,1.63,1.61,1.79,3.48,4.35,1.62,0.81,0.82,0.85,2.46,3.32,3.42,7.44,2.50,12.10,1.67,3.29,2.43,4.25,0.83,0.82,3.31,0.83,0.84,0.79,1.67,0.87,2.51,1.75,1.71,0.83,0.86,0.83,0.85,0.82,3.36,1.71,4.18,0.84,12.21,1.69,0.85,1.69,0.82,0.82,1.68,1.67,1.66,0.84,2.56,11.04,2.44,2.48,1.66
2	222980239	222981594	AAAG	1.37	HG00595:6.54	2.45,6.65,1.66,1.66,4.16,2.50,5.01,3.99,1.66,2.55,4.21,2.47,0.82,4.02,4.10,1.71,2.60,1.64,0.80,2.50,3.25,1.61,1.68,2.90,2.53,2.55,6.54,2.52,2.44,1.58,0.85,2.44,1.72,2.52,0.84,0.84,1.70,5.20,4.29,0.83,4.96,0.80,4.13,2.54,0.83,3.13,1.62,5.13,2.52,1.68,0.94,0.86,0.84,1.66,5.02,2.55,0.84,2.53,0.86,3.33,2.45,2.50,1.68,3.27,2.53,0.90,4.34,0.87,0.81,4.03,2.46,2.44,2.44,1.71,0.82,3.32,2.57,0.82,3.31,0.83,6.05,5.86,2.46,1.62,3.40,1.67,1.71,0.82,0.84,0.83,1.67,0.85,1.57,1.71,4.18,0.87,4.18,5.24,3.42,0.83,6.85,0.83,0.82,1.71,1.72,1.71,4.18,0.84,1.70,2.62,0.86,5.04,0.85,0.82,1.65,0.84,1.55,1.69,4.27,0.84,3.94,1.63,3.40,3.33,1.69
9	90459951	90460415	ACGGGAGAGGGAGAGGGAG	1.36	HG00595:3.27	0.81,1.71,1.64,2.55,3.27,0.79,2.60,0.83,2.41,2.45,0.84,0.81,1.74,1.64,0.81,0.83,5.15,2.48,0.86,1.67,1.64
22	43892924	43893480	ACCACCACTACCTCC	1.36	HG00595:2.45	0.82,0.83,0.83,3.29,3.20,0.81,0.84,2.45,1.68,1.58,0.85,0.86,0.83,0.84,1.89,0.83,0.85,0.82,2.53,0.83,0.85,0.86
3	105802379	105803631	AAGG	1.35	HG00595:4.09	0.82,1.63,0.83,1.66,0.83,0.83,1.67,0.84,1.67,1.68,0.82,0.82,0.85,0.85,0.87,3.29,4.01,0.81,2.52,0.97,1.70,0.86,4.09,1.68,0.83,1.63,0.79,0.81,0.86,0.84,1.68,2.52,0.85,1.73,1.71,2.49,1.65,0.80,1.65,1.69,0.83,0.81,1.71,0.84,0.82,1.73,0.83,1.67,0.84,1.70,0.84,1.68,0.86,1.63,3.33,1.73,0.84,1.63,0.84,0.81,4.48,0.87,0.87,1.61,1.64,0.85,1.64,1.66,0.86,2.56,1.65,0.83,3.46,1.67,2.55,0.86,0.84,2.62,2.48,0.86,0.83,0.85,0.85,0.85,0.86,0.84,0.81,2.49
22	50862194	50863516	AAGGTCCGTCCGCGTGTGG	1.34	HG00595:4.90	1.66,2.50,1.66,1.68,0.82,2.44,1.64,1.71,0.82,0.80,0.83,3.25,0.81,2.52,1.70,3.46,4.90,0.83,2.37,1.63,2.52,0.84,0.84,2.55,0.87,3.43,0.80,0.83,0.81,1.68,0.94,1.68,3.35,2.50,2.45,1.67,0.86,0.84,1.61,3.58,0.81,0.81,0.85,1.64,4.15,1.72,0.82,0.85,2.48,2.59,3.35,1.64,1.62,3.43,3.36,1.66,4.19,0.86,0.87,1.66,3.31,3.31,0.85,1.64,0.84,1.71,0.84,0.84,0.87,1.69,4.23,1.71,0.84,0.85,0.82,0.82,0.78,1.67,0.83,0.79,1.70,4.14,0.83,5.09,1.69
3	2328659	2329917	AAG	1.31	HG00595:11.44	2.45,3.26,1.63,1.66,2.50,0.83,5.82,4.16,4.17,0.84,2.39,4.25,8.42,3.29,3.29,2.41,0.82,0.85,0.85,5.19,3.29,3.20,3.34,8.93,2.42,4.84,0.84,3.40,4.32,11.44,10.90,3.26,6.31,0.85,9.78,10.30,1.68,7.57,10.93,2.55,2.60,5.14,6.63,2.48,1.61,0.83,3.39,4.13,5.47,2.43,7.69,5.03,3.35,0.82,0.94,2.59,14.23,2.55,4.11,2.53,0.86,6.66,4.09,0.83,2.59,7.56,4.90,0.84,8.88,3.58,1.74,4.35,4.04,7.39,4.07,2.44,4.27,0.82,1.66,1.72,4.10,2.56,4.96,5.00,1.73,2.51,7.39,12.97,2.55,4.17,2.57,1.68,5.80,3.31,1.67,5.97,0.79,3.43,4.35,1.67,2.62,4.15,2.57,4.14,6.85,1.65,12.33,0.85,2.46,0.86,2.57,5.01,6.75,3.40,4.36,11.84,4.23,0.86,2.52,2.54,2.45,5.88,3.88,2.51,1.69,0.85,2.51,0.79,6.51,0.85,2.48,0.83,0.85
8	85948369	85949465	AAAGG	1.27	HG00595:3.27	1.63,0.82,1.63,0.83,0.83,0.84,1.68,1.65,0.82,1.71,1.71,0.87,0.83,2.43,1.68,1.70,3.27,0.83,0.85,0.84,3.31,0.80,0.85,0.78,0.84,0.94,0.85,0.82,3.35,1.66,0.87,2.46,0.83,6.49,2.47,0.79,1.75,0.85,0.84,1.71,1.65,1.66
7	102800342	102800440	AATGGTGAGGAGCACTGGGG	1.26	HG00595:1.63	1.63,0.79,0.81,0.81,0.81,0.85,0.83,0.87
2	129097360	129099229	ACC	1.25	HG00595:20.43	15.51,17.95,12.21,13.30,14.19,8.32,6.65,9.99,15.03,16.72,11.17,15.03,12.56,11.65,17.87,7.57,11.52,13.97,13.85,14.49,9.85,5.97,9.40,11.25,9.04,12.02,10.85,19.48,8.06,14.30,4.84,10.96,15.31,15.55,20.43,11.74,9.08,11.40,26.03,6.77,13.85,17.17,13.44,15.97,14.29,9.35,10.41,12.86,9.11,12.41,20.09,4.13,9.32,14.88,18.75,12.97,14.52,14.26,6.70,11.54,16.99,8.64,7.57,10.81,19.25,11.74,11.07,9.03,8.37,5.89,5.16,14.97,11.44,12.49,12.94,16.80,14.70,10.11,8.07,11.65,9.56,17.40,9.70,13.69,13.14,17.93,17.10,15.38,18.07,11.63,9.44,12.31,12.81,11.58,22.48,12.97,8.37,12.32,17.03,10.21,13.33,12.00,14.83,14.27,14.08,14.91,8.37,17.05,9.43,6.00,10.03,16.54,4.18,13.09,9.96,16.26,16.55,14.56,9.10,13.98,17.92,27.09,17.63,13.72,10.28,14.20,16.88,8.49,9.60,12.69,12.69,9.41,6.72,10.17,22.90,7.42,10.08,13.97,19.26,6.65,17.70,6.84,16.72,13.40,13.02,9.34,8.27,14.13,8.49,13.55
19	1692081	1693278	AAAG	1.23	HG00595:17.16	7.74,17.16,11.55,13.74,13.45,11.25,6.61,7.26,8.07,19.33,12.21,18.05,18.32,7.54,21.38,18.83,15.67,11.11,0.84,7.32
5	81288445	81289753	AAAAG	1.22	HG00595:22.06	10.61,18.29,9.19,3.33,30.43,10.38,32.06,10.42,10.02,22.06,1.68,7.33,26.82,10.30,24.38,15.31,4.29,19.05,19.85,12.86,2.48,3.36,2.83,13.45,0.84,18.80,17.69,6.08,16.98,17.72,1.63,15.47,10.25,16.43,12.46,19.69,11.10,1.65,10.68,21.89,5.87,4.14,3.41,6.96,7.86,2.49,0.86,5.01,0.85,20.16,5.94
1	18930766	18931715	AATGGTGGCTCAGGCGGGG	1.22	HG00595:2.45	0.83,0.83,0.83,0.84,0.80,0.84,0.82,0.87,2.47,0.80,0.83,0.81,0.85,2.45,1.63,0.86,0.84,0.80,0.83,0.82,0.84,0.84,0.90,1.74,1.72,0.86,0.84,0.84,0.84,1.66,0.83,0.86,0.85,0.84,0.85,0.85,0.82,1.55,0.84,0.85,1.58,0.81,0.85
10	3511119	3511457	AAAG	1.19	HG00595:2.45	0.83,1.67,0.80,0.84,0.85,0.84,0.87,0.80,0.83,0.97,2.55,2.45,0.84,0.83,0.83,0.82,0.86,0.87,0.81,1.63,1.71,0.82,0.86,0.83,1.64,0.84,0.87,1.67,0.82,0.86,0.84,0.84,3.40
8	4116043	4116150	AGGG	1.19	HG00595:1.63	0.85,1.63,0.79,0.86,0.84,0.84,0.83,0.85,0.78
2	6263404	6264602	AAAG	1.17	HG00595:5.72	1.66,0.97,0.84,0.85,5.72,4.07,3.94,2.52,3.43,0.83,3.21,1.62,4.16,2.45,2.50,2.53,0.81,0.90,0.87,4.04,3.22,7.33,2.56,0.82,0.83,1.72,5.74,1.65,6.66,5.86,3.29,4.86,0.85,1.67,7.07,3.43,0.83,1.71,2.48,1.69,2.57,5.08,1.68,3.88,0.83
10	129595303	129596262	ACCCCCCCCCCCCCCCCC	1.16	HG00595:1.63	0.83,1.63,0.84,0.82,0.81,0.81,0.83,0.84,0.84
20	61888995	61889250	ACAGCGGAGGACAGGGATGG	1.14	HG00595:1.63	1.63,0.84,0.85,0.82,0.83,0.86,0.85,0.78,0.85
14	55701097	55701705	AAG	1.14	HG00595:1.63	0.84,0.84,1.63,0.81,0.80,0.83,0.83,0.87,0.85
10	124828091	124828636	AC	1.14	HG00595:1.63	0.83,1.63,0.78,0.84,0.81,1.65,0.82,0.84,0.85
15	57367403	57368564	AAAG	1.13	HG00595:26.96	38.72,30.24,26.96,11.55,15.24,15.12,13.45,2.52,40.76,11.14,10.75,19.29,31.06,20.41,3.37,24.21,5.75,29.05,22.31,2.46,15.72,17.84,10.28,1.65,11.14,1.67,7.61,7.36,20.61,12.47
11	68434484	68435038	ACCCTCGTCTCCCCCTC	1.11	HG00595:1.63	0.84,1.73,0.84,1.63,0.86,0.84,1.67,0.81,2.51
14	95889394	95889731	AAACCCCCCCCCCCCCC	1.11	HG00595:1.63	0.82,0.80,1.67,0.81,1.63,0.83,0.81,0.86,0.85
X	32572318	32573539	AAAG	1.10	HG00595:22.06	13.06,10.02,14.52,12.96,22.06,15.77,7.62,5.15,8.50,14.06,12.86,3.30,11.86,11.96,0.84,12.95,14.14,14.48,14.63,18.30,31.93,15.17,8.07,20.85,22.64,18.06,21.17,22.22,19.72,10.30,10.25,14.89,22.48,31.98,12.56,18.07,19.57,11.51
19	13713346	13714538	AAG	1.10	HG00595:8.99	1.66,0.80,0.83,0.81,5.89,2.53,8.99,1.65,14.66,8.47,5.70,6.01,1.68,0.84,1.70,6.00,6.63,17.37,3.31,0.84,3.41,5.05,5.72,5.83,13.80,0.84,0.87,4.11,13.85,4.27,0.83,1.72,6.49,0.84,0.85,4.96
2	54424554	54425595	AATAC	1.10	HG00595:1.63	1.60,1.63,0.85,4.97,0.86,0.83,0.83,0.86,0.82
4	102026851	102028157	AAAG	1.09	HG00595:17.98	9.80,5.82,1.67,1.66,7.48,2.50,3.34,9.19,5.58,6.70,0.85,6.73,4.93,5.63,4.27,15.38,1.64,8.01,10.85,10.55,19.34,4.21,12.59,1.69,7.66,14.69,17.98,9.22,1.58,8.47,7.33,10.08,7.57,8.41,19.56,6.86,26.51,6.62,19.29,0.83,3.39,7.81,2.43,2.56,10.93,6.69,12.05,12.48,13.08,2.50,12.08,14.28,16.33,7.58,4.84,8.96,6.08,7.83,1.62,4.83,14.78,12.22,4.89,9.86,9.14,3.43,4.92,10.25,9.10,9.16,14.70,24.29,4.11,1.62,10.21,4.97,4.26,1.75,0.83,8.57,4.14,0.82,6.83,3.38,1.65,10.25,1.63
2	118035549	118036187	AT	1.08	HG00595:2.45	0.83,2.39,2.51,0.83,0.82,1.71,0.80,0.83,0.81,2.45,0.84,0.87,1.68,2.50,0.81,0.86,2.46,1.68,0.84,0.83
17	5226410	5227601	AATATATATATATATCTAGG	1.07	HG00595:5.72	0.82,1.63,4.99,1.67,3.33,5.85,0.80,4.18,4.25,6.73,1.61,2.56,1.64,4.01,7.30,1.61,3.36,3.37,0.86,5.72,2.52,1.65,2.37,4.23,2.58,2.52,2.60,3.43,3.39,0.78,0.84,2.83,0.86,2.51,2.53,2.58,2.45,0.83,0.86,1.63,1.69,1.61,3.58,2.61,3.23,1.63,2.56,3.33,4.32,3.24,2.48,4.19,0.87,0.87,5.79,0.85,10.02,0.85,1.69,1.68,0.78,4.25,0.83,0.85,4.23
3	193080239	193081020	AAAG	1.07	HG00595:3.27	2.50,1.67,0.84,0.85,0.82,2.50,0.81,0.81,0.85,0.86,3.27,2.48,2.37,1.69,0.84,1.73,2.48,0.83,1.69,0.86,0.84,0.84,0.86,1.66,0.82,0.83,0.84,0.82,2.53,0.87,1.74,0.81,0.81,1.71,0.82,3.42,3.24,0.85,0.83,1.71,1.68,0.87
14	103774213	103774446	AAAG	1.07	HG00595:1.63	0.82,0.84,1.63,0.82,0.82,0.86,0.85,1.66,0.86,0.85
11	134870548	134871471	ATCC	1.04	HG00595:4.09	0.82,0.82,0.83,2.50,0.80,1.67,0.82,4.02,1.71,2.60,0.80,0.84,0.97,0.84,1.70,0.86,4.09,2.37,0.85,0.81,2.52,0.84,0.85,2.60,2.57,0.83,0.83,0.80,0.85,1.65,0.94,3.45,1.67,1.68,1.66,0.82,0.86,4.03,4.48,2.61,0.87,3.22,0.81,0.85,0.82,0.85,2.48,0.84,0.82,4.05,1.65,1.68,2.48,0.84,1.75,1.66,0.86,3.31,2.47,1.64,0.84,0.85,0.86,0.84,3.36,0.84,1.66,1.69
18	74220015	74220875	AATATATAATATATAT	1.02	HG00595:2.45	0.81,0.84,0.83,0.84,0.81,0.81,0.97,0.84,2.45,0.79,1.65,2.34,0.81,1.65,2.51,0.82,0.82,0.81,0.85,0.82,0.86,0.83,1.57,0.87,0.86,0.84,2.45,1.68,0.84,0.84,1.63
