#contig	start	end	unit	top_case_zscore	high_case_counts	all_counts
3	165578242	165579723	AAAG	10.07	HG00181:15.32	3.26,1.66,5.82,15.32,4.02,2.53,0.86,0.84,0.79,0.85,0.81,0.85,1.65,0.85,4.96,2.59,0.84,0.86,0.84,0.81,1.74,1.63,0.85,4.16,0.86,0.81,5.83,5.77,0.83,3.41,0.84,1.75,4.96,4.96,12.33,5.85,0.85,0.85,2.57,0.85,5.04,7.58,1.63,5.82,0.85
12	7780666	7781767	CCG	9.17	HG00181:22.97	1.63,4.89,2.49,5.84,9.15,8.31,16.70,1.60,5.01,6.66,22.97,1.68,13.16,13.15,12.22,2.41,18.06,9.39,5.98,13.84,7.40,12.02,5.01,12.09,5.89,7.74,5.06,4.25,7.78,6.54,10.06,6.60,15.77,0.85,0.86,5.88,10.93,5.10,3.47,9.43,2.48,11.01,11.57,6.25,9.73,5.98,6.71,9.22,17.30,9.44,8.64,4.20,11.71,6.71,7.66,13.96,6.70,10.11,2.58,10.62,4.31,5.88,6.53,0.84,13.72,4.48,1.74,0.87,5.66,8.06,13.14,0.81,6.51,13.97,9.97,6.01,11.49,4.27,7.44,10.05,6.49,7.66,3.31,4.26,1.67,6.98,0.83,4.14,4.10,4.29,2.55,3.49,1.69,13.90,2.33,1.66,0.84,3.31,3.33,3.39
9	113463299	113464854	AAAAT	8.90	HG00181:39.14	16.32,21.17,23.28,12.52,10.82,14.13,20.89,26.32,11.69,8.38,4.16,39.14,13.47,31.26,18.08,19.56,25.76,15.36,24.78,38.93,17.26,23.24,10.85,19.48,19.01,18.89,10.93,10.93,6.43,14.03,12.70,26.57,7.69,0.84,5.86,16.48,24.54,3.36,19.96,24.27,15.10,34.07,10.68,26.80,13.47,8.61,14.66,10.62,11.30,13.03,13.05,12.89,18.73,6.84,17.23,9.39,18.32,8.37,12.97,11.91,6.66,26.56,9.23,19.88,6.82,18.86,6.69,20.02,12.55,6.98,9.41,14.89,23.04,13.96,23.63,30.56,13.09,8.46,10.99,17.11,10.08,14.84,10.05,7.49,17.09,5.01,18.71,16.99,14.39
20	29803908	29833111	AATGG	8.27	HG00181:125.07	86.53,85.68,76.53,97.29,70.94,89.85,81.45,85.77,99.36,115.34,61.42,77.67,86.28,68.22,125.07,69.01,89.65,70.69,61.94,82.11,64.02,82.77,77.74,101.22,89.60,80.92,89.31,86.85,49.96,106.82,65.83,64.93,82.51,59.61,59.65,68.76,80.86,74.91,82.03,62.67,85.57,70.40,82.32,72.30,72.29,96.09,73.71,80.58,85.33,105.87,77.15,85.86,78.76,80.99,83.61,60.80,57.23,70.47,87.13,74.16,78.34,82.91,99.20,70.70,115.48,68.77,92.83,78.84,83.74,78.32,72.28,91.51,74.37,99.09,78.49,73.94,79.21,46.34,82.30,76.17,90.37,76.58,77.63,65.25,80.47,63.57,74.91,72.63,62.44,41.52,81.51,68.11,61.49,69.48,56.62,84.71,92.96,80.49,78.65,65.52,69.14,82.27,84.06,103.22,64.60,112.65,82.05,75.87,75.45,66.85,69.39,94.01,87.84,89.04,75.53,79.60,100.12,93.37,49.64,64.13,79.37,87.84,79.74,66.04,71.11,86.85,89.45,71.31,74.16,82.06,75.27,73.59,57.14,91.53,85.04,51.95,57.13,63.66,83.73,55.73,68.26,80.32,87.76,67.01,100.06,61.15,95.96,93.12,78.08,98.22
14	101151262	101151894	ACCTCAGCCCCCTCC	8.15	HG00181:12.76	3.27,1.63,0.81,5.01,1.66,4.16,0.83,3.34,7.52,0.80,2.51,12.76,0.84,4.11,4.07,3.22,7.39,0.85,3.42,0.87,1.64,1.68,1.94,2.53,4.09,0.83,0.79,0.85,0.84,2.52,3.40,0.83,3.30,1.69,4.96,3.13,5.67,2.56,4.19,2.51,2.83,0.86,0.84,2.50,2.51,3.35,3.35,3.37,1.72,0.86,1.68,1.79,0.81,0.82,1.64,2.56,0.83,0.86,1.67,3.29,0.81,0.85,6.66,0.86,2.47,1.68,2.48,1.71,2.51,1.74,3.35,1.66,0.86,3.29,2.56,1.68,2.57,0.84,0.86,1.68,1.65,2.33,0.84,0.83,4.21,0.85,0.81
19	56442335	56443702	AAAGAAAGACAG	7.76	HG00181:18.72	7.35,7.34,6.51,2.50,9.15,10.03,5.58,0.84,10.82,18.72,0.82,1.61,5.12,4.87,12.09,0.85,4.32,4.09,5.03,1.63,3.94,3.43,5.95,1.65,6.77,0.78,14.59,5.98,9.06,4.32,12.61,6.65,4.93,2.53,2.50,8.17,0.83,1.73,3.36,8.43,4.03,4.48,6.57,9.78,10.68,2.49,0.86,5.74,1.71,2.57,2.48,1.71,0.87,5.14,1.64,5.97,2.55,3.38,3.39,1.68,2.33,10.25,0.79,1.70
15	68196577	68198392	AAAGAGGGAGAGAGAG	7.28	HG00181:62.96	13.06,30.19,23.61,33.26,14.19,12.48,5.82,21.65,10.85,8.36,35.90,35.91,15.92,20.80,62.96,16.83,8.23,40.28,44.82,9.66,31.19,36.69,17.94,19.90,15.62,45.67,32.55,54.38,45.93,21.87,17.43,24.45,36.58,9.50,14.71,29.35,10.73,15.47,15.77,11.01,12.22,16.31,13.44,28.58,22.70,13.61,7.80,12.86,10.77,17.37,9.64,24.77,7.62,18.18,17.19,17.02,8.54,8.39,19.27,48.62,18.88,27.64,16.81,29.11,15.06,18.45,25.55,25.46,35.17,8.42,26.68,15.81,9.81,9.16,23.29,3.36,8.98,5.90,25.01,6.27,9.56,7.83,7.28,12.08,12.32,18.74,12.21,14.53,9.86,11.63,14.59,5.74,9.39,9.93,21.65,10.37,20.94,14.78,33.24,17.02,41.65,24.85,20.60,25.17,33.96,74.55,18.42,40.06,27.51,27.43,23.41,21.76,15.06,21.82,31.54,29.96,24.00,23.13,27.30,27.95,46.94,28.73,30.22,12.86,22.28,31.74,42.19,42.44,27.92,32.15,29.60,36.79,36.13,32.20,48.25,16.49,26.04,14.75,32.65,25.79,25.28,23.92,20.06,33.11,40.68,29.72,14.06,31.59,40.74,17.78
16	2844639	2845514	ACATATAT	6.78	HG00181:6.81	0.81,6.81,1.57,0.83
7	151013166	151014218	AAAAT	6.55	HG00181:42.54	20.41,22.03,14.13,15.82,20.04,0.84,20.74,42.54,20.48,0.84,0.85,19.01,0.78,20.27,16.78,21.05,17.69,6.45,4.83,2.44,0.86,0.86
1	21852937	21854023	AAAAG	5.97	HG00181:22.97	0.82,1.66,9.19,22.97,20.48,3.46,6.58,3.34,9.91,10.16,4.05,10.91,8.61
14	93572296	93572393	ACGGGAGAGGGAGAGGGAG	5.96	HG00181:5.96	5.96
2	154265345	154266111	AATATATACATATACATATG	5.59	HG00181:5.96	3.99,5.96,6.57,5.02,0.81,0.83
14	101012000	101013274	AGGGCCGGGGCGGGGCG	5.45	HG00181:12.76	4.08,4.90,0.83,3.33,0.83,5.01,1.68,2.50,12.76,6.58,0.82,1.61,1.64,3.42,5.84,2.42,6.73,7.74,10.96,6.71,9.08,2.37,1.69,3.26,1.72,8.40,7.57,6.07,2.57,9.10,2.48,4.23,1.56,0.81,0.84,1.68,5.77,4.72,5.18,0.84,0.83,3.35,6.71,1.70,4.11,5.89,0.86,0.86,10.75,1.74,6.09,5.66,3.28,0.81,4.89,4.10,1.67,0.82,5.68,0.85,0.79,1.63,0.83
11	90004058	90005077	AAGG	5.27	HG00181:16.17	4.90,4.08,4.99,6.68,9.15,5.01,3.99,2.51,3.35,9.98,16.17,1.68,11.52,8.22,6.52,1.61,2.56,13.67,1.73,9.04,8.12,1.68,9.68,1.68,10.59,2.54,4.07,7.56,8.41,5.95,8.28,3.31,6.43,6.60,10.16,3.24,5.03,5.03,11.54,1.89,4.32,2.52,4.99,5.03,11.92,3.29,3.37,6.02,12.48,5.72,2.50,3.45,4.20,1.63,5.90,2.42,7.17,3.48,4.04,2.46,11.11,1.64,2.49,5.15,1.64,0.85,2.48,9.03,0.85,3.33,1.71,3.30,5.86,8.52,6.86,3.34,1.74,8.37,3.49,1.66,5.99,9.93,0.83,8.22,6.83,6.00,6.68,1.74,8.46,5.13,2.54,18.81,9.07,3.88,5.02,8.32,1.71,4.18,7.10,3.25,2.49
X	51363800	51364996	AAG	5.22	HG00181:23.82	8.32,0.83,1.67,10.03,19.94,23.82,8.05,17.24,13.15,10.02,16.23,0.79,0.83,11.86,0.78,9.23,13.31,0.84,14.24,0.86,0.83,19.93,0.85,10.54,0.85,14.16,3.43,0.84,0.84,0.78,0.84,8.67,7.48,5.08
1	31248354	31249854	AAAGG	5.19	HG00181:20.42	5.71,17.91,0.83,12.48,1.66,0.83,0.83,19.22,4.18,2.50,20.42,4.93,0.81,0.80,0.82,5.12,1.71,6.92,0.82,0.83,3.25,2.42,6.78,4.22,8.51,4.90,1.68,4.13,8.14,7.89,3.39,4.89,8.40,5.04,8.41,1.70,3.47,4.29,7.46,1.65,11.25,0.83,4.86,3.42,4.19,5.66,0.84,2.51,1.68,0.85,2.46,0.84,3.44,11.65,9.81,9.99,15.53,0.84,12.25,3.37,9.68,4.48,2.61,4.35,8.90,7.25,4.11,2.44,14.66,5.13,4.93,2.49,10.30,6.56,5.12,4.96,12.49,6.92,9.21,1.64,6.49,5.11,0.83,4.94,0.84,4.97,3.35,15.34,7.07,1.67,9.60,6.64,12.84,16.55,2.48,12.01,3.43,5.01,8.44,11.88,10.47,10.99,12.84,0.85,9.00,0.82,10.08,6.99,3.35,4.16,3.37,14.53,6.69,2.37,1.65,2.49,4.24
8	55273004	55274591	AAGAAGGGAAGG	5.06	HG00181:21.27	3.33,5.85,2.39,11.73,21.27,1.68,2.47,13.95,10.55,8.06,9.25,9.28,11.06,10.62,2.52,7.43,8.96,0.79,0.85,9.78,22.32,4.20,3.36,3.36,9.35,16.48,10.75,4.02,4.13,4.86,5.18,8.32,2.51,1.70,8.99,5.04,13.88,7.58,0.90,0.87,8.70,10.51,2.42,13.04,0.81,5.75,3.32,9.44,5.74,4.14,8.64,8.37,9.86,7.66,2.57,0.84,7.54,5.50,1.67,9.58,2.62,2.48,6.58,0.84,15.44,7.71,0.84,2.53,4.36,17.77,0.85,3.36,1.69,7.36,2.47,13.44,0.78,10.11,0.84,1.63,0.85,1.66,1.70
14	42904351	42905362	AATATATATATGTATAT	4.89	HG00181:5.96	0.83,1.60,5.96,0.81,0.84,0.84,0.81,3.15,0.81,0.84,7.80,0.83,2.48,1.68,0.82,0.81,0.83,0.83,0.82,0.87,0.84
9	139016552	139017761	AACC	4.76	HG00181:11.91	4.08,2.45,1.63,4.16,3.34,7.49,4.16,4.16,3.34,3.34,2.39,3.34,7.54,1.66,11.91,2.52,1.65,2.47,1.63,3.22,0.82,4.27,1.71,2.60,1.64,4.01,5.01,5.68,4.03,3.36,1.94,5.90,5.95,2.59,6.54,2.52,1.65,0.81,2.37,3.39,4.89,4.29,2.52,4.20,5.04,5.10,4.34,2.57,1.66,6.62,4.82,3.30,3.39,1.65,3.91,4.05,1.71,5.03,5.03,4.12,0.94,3.45,5.88,3.33,7.53,1.68,0.85,3.29,2.51,4.21,4.30,4.99,6.54,3.33,4.31,2.52,4.08,6.74,7.26,4.48,3.48,2.61,6.47,8.86,4.93,1.63,3.26,5.13,3.29,4.15,3.43,3.28,5.12,3.31,2.50,0.86,5.86,6.57,1.62,2.55,1.67,3.43,2.47,10.07,5.80,3.31,1.67,3.41,3.93,3.43,2.51,6.09,5.86,2.62,1.66,5.14,4.96,0.86,2.48,5.75,9.39,5.75,5.04,6.00,6.85,4.18,4.22,3.40,6.98,4.23,4.23,4.28,6.72,3.39,5.72,3.30,3.88,2.51,5.82,2.53,3.42,1.67,3.94,4.88,1.70,3.31,4.16,4.24,4.23
4	183021772	183022823	AAGG	4.67	HG00181:9.36	0.82,0.82,5.82,2.50,2.50,5.85,4.18,3.35,9.36,4.21,1.61,1.64,0.82,0.80,1.62,6.45,0.84,0.83,3.94,0.85,5.04,2.48,1.69,4.13,2.34,4.05,1.68,1.89,0.86,3.41,3.29,1.67,0.84,1.63,3.37,5.22,3.26,2.57,4.10,0.83,3.24,2.52,0.83,0.84,0.79,0.84,3.43,0.84,0.86,5.01,0.85,2.54,2.52,0.83,1.69,3.42,8.95,1.66
X	1800021	1801207	AAAGAGAGAGAG	4.63	HG00181:8.51	2.45,0.83,8.51,0.82,0.83,0.81,0.81,0.97,2.55,1.73,3.27,0.79,2.44,1.68,0.85,2.49,0.80,0.83,1.62,2.52,1.68,0.84,2.50,3.35,1.70,0.86,0.82,2.50,0.86,0.84,8.98,3.37,0.81,0.87,1.62,1.61,1.64,0.82,0.86,3.28,1.65,1.73,7.39,2.43,0.85,0.86,1.65,2.52,0.83,1.70,5.50,2.61,0.84,0.83,0.86,1.65,7.71,1.64,1.64,0.84,1.69,3.40,0.85,0.85,0.84,1.55,3.35,0.83,4.21,2.56,1.67,5.52,2.44,0.85,1.65,0.85,0.85
4	191031605	191032704	AACCCT	4.60	HG00181:6.81	10.61,3.34,6.81,6.68,0.84,6.00,3.43
10	132769118	132770423	AAGG	4.57	HG00181:29.78	8.16,17.14,4.99,4.16,4.16,2.51,2.51,9.21,29.78,3.28,4.27,0.85,5.75,0.84,3.46,3.27,4.19,1.69,6.72,19.34,0.84,1.73,2.57,3.31,4.96,4.02,0.83,21.17,3.31,10.16,7.69,25.13,3.78,1.68,1.70,0.82,1.66,4.16,2.45,1.69,3.58,2.61,3.23,2.42,1.64,1.63,19.10,8.21,0.83,4.05,8.51,12.50,0.84,5.80,16.57,7.67,11.00,0.84,6.69,11.98,24.82,9.10,17.07,3.36,3.43,6.85,13.36,4.24,2.52,27.12,3.27,1.68,1.55,9.21,7.49,9.27,19.22,7.32
8	119378730	119378956	AAAATAAAATAAAATAACAT	4.25	HG00181:4.25	4.25
2	11093185	11094830	ACATCC	4.23	HG00181:48.50	33.47,32.64,28.50,43.24,19.20,27.46,30.75,26.65,20.87,28.42,25.53,25.06,18.43,40.77,48.50,23.56,29.61,18.90,31.78,24.15,22.16,17.07,25.63,25.95,17.26,26.44,31.72,34.09,23.37,37.01,16.46,21.08,22.97,12.09,16.34,27.67,16.50,28.50,24.45,17.78,21.19,27.47,21.00,24.38,31.94,25.51,20.81,27.43,22.37,33.09,33.75,18.99,29.64,33.06,34.38,33.24,29.04,15.10,43.56,36.26,27.37,20.73,29.42,24.12,23.43,27.68,36.62,37.78,20.94,25.26,30.12,33.28,25.34,33.31,25.01,26.89,21.23,28.65,29.05,24.20,21.72,13.92,28.30,27.39,28.74,30.15,30.94,23.07,36.97,24.08,16.30,36.93,19.64,15.72,16.65,18.15,27.64,9.03,24.32,24.68,29.16,23.99,31.32,24.34,39.75,28.16,25.95,22.16,21.22,27.43,22.57,17.41,18.41,25.32,15.77,33.38,24.82,32.55,23.99,28.77,30.73,25.45,31.90,13.72,12.85,38.42,48.10,22.07,19.19,27.92,26.22,22.25,21.01,22.88,31.07,48.65,21.84,22.51,23.44,32.44,15.17,33.32,26.75,26.81,16.27,27.18,27.30,40.74,26.31,28.79
2	52162515	52163542	ACATATATATATAT	4.00	HG00181:5.96	0.82,1.63,4.17,0.83,0.83,2.51,5.96,1.64,4.89,1.73,0.80,4.17,1.62,2.54,0.81,0.85,3.29,1.66
8	38413432	38414910	AAG	3.81	HG00181:28.93	13.88,24.48,21.98,5.82,32.55,20.80,9.97,4.16,5.84,5.85,15.16,1.67,0.84,6.66,28.93,14.31,5.76,3.29,5.70,16.90,9.03,3.41,14.52,6.92,13.97,9.61,10.85,12.99,4.84,8.41,7.74,17.71,1.70,19.01,5.72,1.63,8.68,1.63,1.72,26.90,5.04,1.70,1.73,5.14,5.80,1.65,6.43,9.08,18.63,4.13,19.54,12.16,12.81,23.49,15.08,21.43,5.66,12.09,2.52,19.13,15.06,10.90,14.48,3.29,15.91,8.42,4.30,6.54,8.33,7.76,5.04,3.27,10.95,8.07,15.23,20.22,1.61,8.21,11.41,0.81,15.38,4.15,12.01,6.56,6.83,4.14,8.33,0.86,5.86,7.39,30.00,3.40,1.71,13.25,3.35,3.41,3.14,9.43,3.48,0.87,4.96,17.13,3.31,12.80,0.86,2.57,1.69,0.85,8.46,1.69,9.24,8.47,4.12,1.67,9.98,0.84,0.81,9.93,5.82,0.85,2.54
11	125934224	125935503	AAGAGGTGGTAGTATT	3.75	HG00181:25.53	16.33,9.79,4.07,3.33,36.72,3.33,19.20,10.03,25.53,5.05,7.24,8.21,12.80,5.13,18.17,6.58,10.42,12.09,12.76,9.50,20.43,1.63,7.10,7.62,14.67,20.61,14.28,13.45,4.20,9.35,1.73,10.29,14.91,6.62,14.46,11.56,1.69,7.03,5.67,6.83,12.57,3.30,1.89,7.77,7.49,1.67,7.39,8.37,17.68,4.30,38.27,30.24,7.49,12.08,17.64,10.62,21.06,4.03,2.69,2.61,9.70,16.11,11.50,16.30,21.17,5.13,16.43,8.30,9.03,4.27,14.06,21.65,21.61,5.86,18.89,16.22,4.25,7.45,1.75,8.49,14.41,3.30,0.85
3	8087498	8088523	AGATAGATATATATAT	3.34	HG00181:5.11	1.63,0.82,1.66,0.80,0.84,5.11,1.64,0.81,1.61,1.64,2.56,2.60,1.67,0.81,0.84,1.62,3.45,0.83,0.84,0.85,3.27,0.85,1.64,0.83,0.83,0.83,0.83,1.71,1.71,0.87,0.85
16	25632360	25633619	AAAG	3.21	HG00181:6.81	1.63,0.83,0.83,1.66,0.83,0.83,1.67,1.67,4.18,0.84,4.99,6.81,0.82,1.63,0.85,0.85,0.81,0.84,4.25,3.35,0.83,1.63,1.58,2.54,3.26,1.72,0.84,1.68,1.68,0.85,1.73,4.29,0.83,0.83,1.61,0.83,1.65,1.62,0.85,0.84,1.68,0.82,0.94,0.86,3.36,0.83,1.67,3.41,0.84,0.83,3.33,1.73,0.81,1.74,0.81,0.81,0.81,0.83,0.82,2.56,2.48,0.83,3.46,0.84,0.81,5.96,0.83,0.86,0.82,3.36,1.67,0.85,3.14,3.43,0.87,1.67,0.87,3.42,2.48,1.71,0.82,2.52,1.72,1.71,0.84,0.84,0.85,1.74,0.85,0.86,0.84,3.27,0.84,0.84,0.85,2.51,3.25,0.85,0.83,1.70
12	129916186	129917232	ATCC	3.07	HG00181:6.81	3.27,3.26,1.63,1.67,0.83,3.32,1.67,1.67,5.85,0.84,2.51,3.33,6.81,2.52,0.82,2.47,1.61,2.46,2.56,3.42,0.87,2.47,2.40,0.83,0.81,1.61,1.68,1.94,2.53,0.85,2.52,1.63,3.39,1.63,1.72,0.84,4.20,4.25,0.87,1.71,0.83,2.48,2.41,0.83,0.78,0.81,0.85,1.68,1.68,1.65,0.94,1.73,0.84,3.35,1.68,0.85,1.64,3.35,0.84,1.72,4.16,1.63,0.84,0.82,0.84,0.81,0.87,1.61,0.82,0.81,0.81,0.85,1.64,0.86,0.85,1.65,0.84,1.62,1.70,1.67,0.86,0.84,0.83,2.48,1.67,0.79,2.57,1.67,2.61,5.86,2.62,1.66,0.86,1.65,3.43,2.48,1.71,1.72,5.14,2.51,2.53,3.40,0.87,1.69,1.69,3.42,3.36,2.54,0.84,0.78,3.33,0.84,1.71,2.51,0.79,0.83,0.83,0.85
17	10661681	10662361	ACCCGCCTCCCAGCCCCT	2.89	HG00181:22.12	8.98,8.16,15.47,27.44,15.86,16.64,9.14,11.66,9.18,16.72,8.77,13.36,13.40,19.97,22.12,7.57,10.69,13.15,13.85,11.27,9.03,8.53,11.96,8.65,13.97,6.41,13.35,14.61,15.31,13.46,3.87,14.34,14.46,14.69,10.62,10.90,13.20,8.96,11.83,12.70,8.96,10.30,11.76,12.61,15.13,16.16,8.67,8.57,18.23,11.58,16.88,10.73,8.47,10.74,14.07,12.97,11.96,13.42,11.73,8.24,9.44,12.95,10.93,15.80,7.53,16.77,8.52,13.14,10.89,5.89,28.40,15.81,13.89,7.49,11.21,11.76,14.70,5.90,19.36,7.17,16.51,7.83,15.36,11.28,12.32,19.56,13.84,15.38,18.07,14.12,16.30,21.33,5.98,3.31,13.32,8.64,15.07,8.21,12.97,9.36,17.49,11.14,13.19,11.75,9.94,16.57,15.07,9.38,19.65,15.43,11.70,11.32,15.06,13.09,6.64,8.56,9.93,6.00,12.41,18.09,11.10,9.85,11.75,7.72,11.14,11.69,13.50,12.73,7.85,9.31,21.14,10.27,10.08,16.95,17.99,10.72,8.40,10.87,15.07,7.49,13.48,12.82,17.55,14.98,14.64,15.29,15.72,12.47,16.13,15.24
2	222431034	222432069	AAGGAG	2.89	HG00181:5.96	4.16,0.84,5.96,1.68,1.64,4.83,6.57,3.41,1.73,0.82,3.25,2.42,2.55,1.73,3.35,0.81,0.85,1.63,5.15,0.84,0.84,0.83,0.83,0.83,1.65,0.86,2.52,0.83,1.67,2.51,1.72,2.45,0.84,0.81,1.61,0.81,1.71,0.82,0.86,0.83,3.29,0.86,0.83,0.84,0.84,0.84,0.85
4	19289900	19291090	AAAG	2.89	HG00181:4.25	0.82,0.83,0.84,4.25,0.85,0.80,0.81,1.58,0.81,0.84,1.65,0.80,0.85,0.83,2.52,1.67,0.85,2.42,0.90,1.73,0.84,0.86,1.68,1.71,0.78
14	48240186	48241211	AAG	2.88	HG00181:4.25	2.45,0.82,2.50,4.25,0.84,0.80,0.80,0.81,0.81,1.69,0.84,0.85,0.81,0.84,0.84,0.85,0.87,0.83,0.83,1.67,0.85,0.83,0.81,0.81,2.46,1.66,0.82,0.86,2.46,0.81,0.83,1.64,0.85,0.81
4	5707226	5708610	AGAT	2.87	HG00181:17.02	5.71,5.71,7.33,14.14,5.84,10.82,9.97,11.66,10.85,8.36,15.16,5.01,8.38,1.66,17.02,6.73,11.52,3.29,1.63,13.68,10.67,12.80,11.96,6.06,18.91,10.42,10.02,8.93,9.67,11.77,7.74,9.28,9.36,9.50,9.81,8.39,12.38,8.96,9.46,5.93,6.52,6.01,10.08,2.52,4.20,8.50,8.67,8.57,12.43,9.93,7.23,12.38,7.62,4.96,10.16,1.62,2.56,13.42,4.19,2.47,6.61,7.77,12.61,8.32,5.86,5.87,5.96,9.86,9.21,3.37,11.19,9.98,10.62,4.16,11.21,11.76,6.53,5.90,5.65,12.55,12.16,3.48,9.70,3.22,8.21,6.52,4.07,11.11,8.22,7.47,1.72,3.28,7.69,2.48,9.16,11.24,7.54,9.03,6.49,7.66,7.50,7.71,17.31,14.27,7.45,13.25,10.05,11.93,8.65,14.57,10.03,10.45,9.20,9.60,2.49,6.85,5.79,14.56,6.62,8.22,8.53,5.75,10.91,12.01,7.71,6.68,15.19,6.79,11.34,5.92,2.54,6.85,3.36,5.93,5.72,4.95,4.20,10.09,8.37,2.50,14.33,6.84,10.03,6.31,7.32,9.34,3.31,9.98,7.64,1.69
21	40955140	40956063	AAGGG	2.80	HG00181:10.21	2.45,0.82,2.49,1.67,4.16,3.32,5.01,6.38,2.51,10.21,1.68,7.40,1.63,4.92,1.71,3.46,1.64,3.20,0.83,2.43,2.42,9.68,0.84,6.80,3.46,1.63,3.35,5.70,1.63,6.87,5.04,0.84,2.52,2.49,0.83,1.65,1.69,7.81,1.62,0.85,3.36,0.84,0.82,5.18,6.73,2.50,0.84,4.19,7.66,4.21,0.86,5.82,3.27,0.83,2.52,3.27,0.84,4.48,3.23,2.42,5.75,7.33,3.42,2.46,2.49,2.57,2.56,3.31,3.33,0.86,5.86,3.29,0.81,2.50,0.86,2.52,1.66,3.35,3.41,3.93,5.14,0.84,2.62,3.32,1.71,6.62,1.64,5.04,2.57,0.86,8.35,2.53,7.61,0.85,0.86,6.54,2.52,7.76,3.35,8.43,4.18,1.58,4.88,4.25,0.83,4.99,0.85,5.93
13	114578684	114580282	ACACCCACACCGCAGCG	2.76	HG00181:10.21	4.90,2.45,4.89,1.66,5.84,3.33,8.31,5.83,2.50,2.51,1.60,2.51,6.70,2.50,10.21,5.89,6.58,4.93,2.44,5.63,4.92,4.27,6.83,2.60,4.11,3.20,4.17,4.87,0.81,4.21,6.78,5.95,3.46,2.45,7.55,1.65,5.52,7.62,5.70,5.15,0.84,1.68,2.52,5.10,0.87,3.43,2.49,1.65,8.04,4.13,5.93,0.83,9.38,4.05,5.98,6.71,1.68,3.30,1.89,2.59,2.52,4.99,6.69,4.26,9.03,2.51,3.37,1.72,4.16,3.27,6.66,1.73,3.36,3.27,2.53,4.03,1.79,4.34,4.35,7.28,5.64,5.75,4.07,7.33,0.85,6.57,1.66,4.29,1.71,0.83,1.73,2.51,3.29,7.30,2.55,0.83,3.43,3.30,1.68,4.14,2.48,1.67,4.72,4.29,1.74,1.67,2.62,2.49,1.71,4.14,4.28,4.14,2.47,2.56,4.93,5.04,1.72,2.57,0.84,4.22,3.40,1.74,4.23,4.23,3.42,2.52,3.39,3.27,2.47,4.20,7.76,7.54,0.83,1.69,1.71,5.85,2.37,3.25,4.96,4.99,0.85,5.93
14	84863876	84865234	AG	2.73	HG00181:11.06	2.45,0.82,2.44,2.49,3.34,4.99,9.14,1.67,7.51,1.67,5.58,6.68,3.35,6.66,11.06,6.73,4.11,1.64,4.07,4.83,2.46,1.71,3.42,9.52,4.11,3.20,9.18,2.43,3.22,3.36,5.81,7.59,3.40,1.73,6.54,1.68,0.83,5.70,2.37,2.54,3.26,1.72,3.36,0.84,1.68,4.25,4.34,3.43,1.66,4.96,4.02,4.13,0.85,3.31,3.91,4.86,2.56,3.36,0.84,3.30,6.61,3.45,1.68,4.16,10.04,3.35,3.41,3.29,1.67,2.53,4.30,3.33,7.36,1.67,1.68,3.27,0.84,4.84,7.17,0.87,5.22,0.81,4.03,1.64,1.63,2.44,4.27,2.46,8.30,4.29,3.28,2.56,3.31,3.33,3.46,3.35,2.46,5.68,5.11,3.33,2.57,4.12,3.36,3.31,1.66,7.54,1.70,0.79,4.29,2.51,3.35,0.87,3.32,4.28,9.93,5.14,3.31,3.29,6.83,0.82,4.20,5.15,6.00,2.51,4.22,8.49,3.49,9.31,4.23,2.57,3.36,4.24,4.91,1.65,1.68,2.33,1.67,0.84,6.84,3.34,2.37,2.44,5.10,4.16,4.24,1.69
3	9341617	9342253	ACCACCACCACCACCATC	2.72	HG00181:5.96	1.63,0.81,1.66,0.83,2.50,1.67,1.60,2.51,5.96,0.84,0.82,0.82,0.81,1.64,0.85,1.71,0.87,0.80,1.67,2.43,0.81,0.84,1.69,0.85,1.73,1.63,0.84,0.83,2.44,1.58,0.85,0.81,2.52,0.84,1.68,2.55,0.87,1.71,2.41,0.83,2.54,0.83,0.78,0.82,1.73,3.36,2.50,1.67,0.84,0.85,0.82,1.67,1.66,0.82,0.84,2.45,0.84,1.79,1.74,1.62,3.22,0.81,0.81,0.85,0.82,0.83,1.72,0.82,1.65,0.83,0.86,0.82,1.62,3.40,4.17,2.52,1.66,2.56,1.57,0.86,1.67,1.75,2.49,4.28,3.31,5.14,1.64,1.71,0.84,0.86,2.51,1.69,1.70,1.74,0.85,2.57,0.84,7.63,3.27,0.82,0.84,0.78,1.67,0.83,0.84,0.79,3.25,2.55,1.65,2.49,0.85,2.54
10	133952293	133953009	AC	2.69	HG00181:4.25	1.63,0.83,0.83,0.84,1.66,4.25,1.60,0.97,0.86,0.83,0.81,0.79,0.86,0.87,0.80,0.85,1.65,0.86,0.83,0.84,0.84,0.85,0.82,1.67,0.87,1.62,0.81,0.83,0.82,0.81,0.86,0.84,0.86,1.66,2.56,0.84,1.69,0.85,0.86,2.54,0.84,1.71,0.84,0.85,0.83
11	31932229	31933477	AAAGG	2.66	HG00181:15.32	0.82,3.26,2.44,3.33,9.18,5.82,2.50,5.01,3.34,0.80,7.52,6.70,15.32,6.58,1.64,3.26,6.44,0.82,5.97,1.71,11.25,0.82,0.80,1.67,1.62,4.84,7.57,1.94,2.53,10.21,10.37,4.09,1.68,11.55,4.89,3.15,9.32,3.26,12.02,4.20,10.09,5.88,5.95,1.73,5.14,10.77,11.58,0.80,2.48,4.23,12.40,0.78,4.05,2.56,1.68,5.03,9.89,1.89,4.32,9.25,6.65,6.71,1.70,1.64,14.24,0.84,6.02,1.66,2.45,15.82,16.39,8.40,3.27,6.74,8.88,6.27,1.74,2.61,7.28,12.89,1.64,22.82,10.58,11.11,11.50,9.14,6.01,4.10,11.96,11.58,11.66,11.24,5.02,9.86,4.86,10.21,0.83,0.82,3.36,2.48,0.83,3.35,5.11,5.14,0.84,1.74,0.84,4.36,6.64,11.13,8.27,2.57,7.45,2.56,7.39,3.36,1.72,2.57,0.84,10.19,3.49,10.15,2.57,2.52,1.69,0.82,4.12,4.20,2.33,2.51,0.84,0.84,9.34,15.72,4.24,2.54
7	1312648	1312788	ACACTGTCCACCTCCCACAG	2.63	HG00181:4.25	0.81,0.84,0.80,4.25,1.65,0.81,0.80,0.80,0.84,0.97,1.70,0.82,0.83,0.81,0.81,1.66,1.65,3.24,0.85,0.84,0.94,1.73,0.82,0.84,0.81,0.82,1.63,0.83,1.65,0.81,0.85,0.83,2.36,0.84,0.87,0.84,0.86,1.65,0.86,0.84,5.08,0.82,0.82,1.67,0.81,0.85
8	698224	698675	ACCCCACCGCAGACCCGCCC	2.57	HG00181:3.40	3.40,0.82,0.81,0.82,0.85,0.82,0.83,0.81,0.85,0.83,0.80,0.83,0.78,0.82,0.94,0.83,0.82,0.81,0.81,0.81,0.81,0.86,0.83,0.84,0.81,0.84,0.86,0.84
10	2125632	2127262	AAG	2.56	HG00181:14.46	4.08,10.61,8.14,8.31,7.51,6.66,5.82,9.16,8.35,5.01,5.58,1.67,2.51,10.82,14.46,7.57,13.16,9.04,2.44,4.83,2.46,5.12,8.54,0.87,8.22,4.01,3.34,3.25,2.42,5.05,10.65,5.90,7.66,11.23,5.72,9.22,4.95,9.77,9.46,8.47,2.44,9.44,4.20,7.57,15.97,10.20,14.74,13.72,8.28,5.79,4.02,0.83,3.39,5.79,4.69,6.49,5.13,12.58,10.05,10.71,3.78,0.84,7.49,8.37,6.71,7.66,9.03,5.89,1.72,8.32,17.16,9.16,3.45,10.92,4.08,5.06,9.68,2.69,11.30,6.09,10.51,8.86,12.32,8.96,5.70,5.13,0.82,10.80,6.86,9.03,11.96,8.27,6.66,1.73,3.35,0.82,8.92,5.96,4.17,2.48,6.29,6.69,6.69,5.24,7.71,4.14,5.97,4.93,4.18,3.38,8.49,1.69,2.57,5.88,0.85,2.45,1.65,2.33,0.84,4.16,3.37,2.51,3.25,5.10,4.14
2	68848987	68849412	AAGG	2.55	HG00181:2.55	2.55,4.30
8	119378869	119379069	AAAATAAAATAACATAACAT	2.55	HG00181:2.55	2.55
17	16358848	16359887	AGG	2.54	HG00181:4.25	1.63,1.66,0.83,0.83,1.67,4.25,1.68,0.81,1.61,1.64,0.80,0.81,0.97,0.85,0.82,2.52,1.65,1.63,0.86,0.84,1.73,0.86,1.66,0.83,0.80,0.84,0.84,2.50,0.84,0.85,1.64,0.84,1.67,0.90,0.87,0.81,0.85,0.82,0.86,0.85,0.83,0.83,0.84,1.67,3.30,0.83,0.87,1.67,0.83,0.86,1.64,1.71,0.84,0.86,1.67,1.70,0.85,1.69,0.82,0.84,0.78,0.83,0.85,0.85
20	34548145	34549460	AAGAGAAGGG	2.49	HG00181:4.25	0.81,0.83,1.67,0.83,1.67,0.84,0.83,4.25,0.81,0.82,1.71,1.71,0.87,1.64,0.80,0.81,0.84,0.83,0.81,3.43,0.84,0.84,1.70,0.86,0.83,0.83,1.69,2.48,0.81,1.68,2.52,0.84,0.85,1.67,0.84,0.83,0.83,0.84,0.82,0.87,0.81,2.46,0.81,0.82,0.82,0.83,0.86,1.67,0.82,1.62,0.85,0.84,0.84,0.87,0.83,0.84,1.66
15	75282600	75283985	AAAG	2.48	HG00181:24.67	14.69,26.93,7.33,19.96,10.85,14.96,12.49,17.53,6.69,5.58,6.68,22.62,23.30,24.67,5.05,6.58,8.96,9.66,6.57,5.12,17.94,4.33,6.58,9.61,6.68,14.61,11.28,5.89,0.97,12.65,5.95,3.46,8.99,7.55,10.25,14.40,7.57,4.25,6.86,18.20,6.60,8.47,22.31,7.03,9.73,7.69,8.39,11.73,10.71,7.55,7.77,5.82,4.18,16.77,17.03,12.32,18.42,4.30,3.45,10.92,13.88,7.83,22.64,11.28,11.41,4.07,11.96,9.03,12.56,10.00,1.71,17.31,5.03,9.11,2.48,1.67,7.71,6.09,5.81,7.45,11.99,5.79,7.40,7.68,1.64,3.43,8.35,1.74,4.23,4.23,11.98,14.41,2.47,0.84,10.09,3.37,14.64,1.70,6.62,4.23
22	49619735	49620817	ATCC	2.47	HG00181:5.96	1.63,0.81,0.83,0.83,0.83,0.83,0.83,5.01,0.84,0.80,0.84,0.83,5.96,0.82,1.64,0.81,3.28,1.71,2.56,3.29,4.01,1.62,2.42,1.68,0.97,0.84,1.70,2.59,0.82,2.52,4.13,0.81,1.58,0.85,1.72,1.68,0.84,2.55,0.87,1.66,2.48,1.61,0.85,0.83,0.78,0.81,0.85,2.52,0.84,1.65,1.89,1.73,3.36,0.83,3.35,0.84,1.70,3.35,1.68,1.72,2.50,1.63,0.83,1.73,0.84,0.84,3.23,0.90,1.74,1.62,3.22,0.81,3.26,1.71,0.82,3.32,1.72,0.82,0.85,1.65,0.83,0.86,0.84,2.46,0.81,3.40,0.86,1.65,1.68,0.83,1.67,2.56,1.57,0.84,1.74,1.67,6.11,2.49,0.86,2.48,2.57,0.83,0.82,0.85,0.82,0.84,1.72,0.86,2.51,0.84,1.70,0.87,2.54,3.42,3.39,3.27,0.78,1.67,0.83,1.69,0.85,3.34,2.37,1.70,0.83,0.85,0.85
8	269700	270493	ACACACACACCTAG	2.44	HG00181:5.96	1.63,1.63,2.44,0.83,0.83,0.83,2.50,0.80,1.67,1.68,1.66,5.96,0.84,0.82,2.44,3.22,0.82,2.56,3.42,0.87,1.64,1.60,0.83,4.06,1.61,1.94,2.53,1.73,4.09,1.68,0.83,1.63,1.58,2.54,1.63,1.68,2.52,0.84,2.55,1.73,1.71,1.65,0.80,1.69,2.48,0.78,0.81,0.85,4.19,0.84,1.65,0.94,0.86,1.68,0.84,2.55,1.67,1.68,0.86,1.63,2.59,1.68,0.82,0.84,4.03,1.74,0.87,0.81,3.22,4.93,0.81,0.81,2.56,3.29,0.86,0.82,2.56,1.65,1.67,1.73,1.67,2.46,2.43,1.70,1.65,2.48,6.63,0.84,0.79,0.86,2.61,0.84,0.87,0.83,0.86,0.83,1.71,0.83,0.82,3.41,1.64,0.84,1.71,1.67,0.85,0.87,0.85,0.86,0.85,0.82,1.65,2.33,0.84,2.51,2.37,0.81,1.70,1.70,0.85
14	104675323	104676096	ACACCACCAGAGCTGTG	2.34	HG00181:3.40	0.82,0.83,0.83,3.40,1.65,0.78,1.71,0.84,2.47,2.59,1.72,0.84,0.82,1.66,0.81
15	79350875	79352339	AAGGATAGGGAAGGGAAGGG	2.33	HG00181:5.96	0.82,0.83,0.84,1.67,0.84,0.83,5.96,0.82,0.82,0.85,0.85,1.68,5.90,3.40,0.86,1.65,3.15,2.54,2.44,1.68,2.52,1.68,0.87,0.86,0.83,1.61,2.48,0.85,0.83,0.85,0.83,0.84,5.75,1.67,3.27,3.33,1.73,0.84,2.45,3.37,2.42,2.69,0.81,0.81,0.81,1.63,0.85,0.82,0.86,1.71,1.65,0.83,3.29,0.85,3.30,2.52,4.14,1.67,0.85,5.50,0.86,1.75,2.57,4.96,3.29,0.85,1.72,0.86,0.84,1.69,1.70,1.69,2.52,0.82,1.65,0.84,1.55,1.67,0.83,0.84,0.85,0.84,2.37,2.44,0.83,2.49,0.85
9	132536062	132536911	AAAG	2.33	HG00181:3.40	0.82,0.83,0.83,0.84,3.40,0.84,0.80,0.81,0.85,0.84,1.65,0.84,0.85,0.83,2.34,0.81,0.84,0.83,0.83,0.82,0.81,1.62,0.82,0.82,0.82,0.83,0.84,1.66,0.86,2.56,0.84,0.87,0.85,0.86,0.82,1.65,0.84,0.84,0.85
8	41187156	41188188	ACCCATCC	2.28	HG00181:7.66	2.45,4.08,2.44,0.83,0.83,0.83,0.83,2.50,2.50,0.84,0.80,0.84,1.66,7.66,0.84,0.82,0.82,1.63,1.61,2.46,2.56,1.71,0.87,4.11,0.80,4.17,2.43,0.81,4.21,0.97,3.37,6.80,0.86,0.82,5.87,1.65,4.23,1.63,0.84,2.52,2.52,1.70,3.47,3.43,2.49,2.41,0.83,2.54,2.48,3.13,2.43,3.42,1.68,2.51,1.65,3.78,4.32,4.20,1.66,3.35,1.70,3.29,0.84,2.53,2.58,3.33,3.27,3.33,1.73,0.84,1.63,1.69,3.23,2.69,5.21,0.87,4.85,1.61,2.46,1.63,1.63,2.56,4.11,0.83,2.57,2.46,0.85,0.83,0.83,1.67,2.46,3.24,3.40,0.83,1.71,5.77,3.36,2.48,7.45,0.85,1.57,3.43,1.67,2.61,7.53,6.11,4.15,4.28,1.65,2.57,4.14,2.47,4.27,2.46,3.36,2.57,2.57,0.84,1.70,2.62,2.54,3.38,2.57,1.68,5.08,1.64,5.77,2.52,3.11,4.19,1.66,0.84,3.42,0.84,2.37,3.25,1.70,1.65,4.16,0.85,2.54
8	649414	651099	ACACGCGCACAGGCCCGC	2.23	HG00181:18.72	15.51,10.61,4.89,11.64,3.34,4.16,5.82,4.16,5.84,10.03,5.58,7.52,1.68,10.82,18.72,5.05,8.23,8.22,8.15,6.44,2.46,3.41,5.13,3.46,9.86,2.40,5.01,4.87,9.67,10.09,1.94,3.37,0.85,9.50,0.82,5.03,16.50,4.07,8.68,5.08,7.73,11.76,0.84,8.41,3.40,4.34,3.43,4.14,0.83,9.64,15.69,7.62,9.92,7.81,7.30,3.42,4.19,6.70,10.71,8.50,6.05,12.61,10.81,5.02,8.39,15.33,6.57,7.54,7.58,9.47,9.15,12.49,18.98,0.84,11.43,4.21,9.68,0.90,10.43,9.57,0.81,4.83,1.64,8.96,6.84,0.82,12.01,10.67,0.83,9.51,5.86,8.11,0.85,22.49,11.14,1.65,12.59,13.25,0.83,6.70,11.08,3.93,1.71,11.70,2.61,2.51,5.24,1.66,7.70,10.76,6.00,5.79,16.44,13.96,8.39,1.71,2.51,0.84,5.94,9.60,9.41,0.84,10.17,5.72,22.68,15.53,20.93,11.65,1.69,1.71,3.34,12.61,11.04,5.82,4.24
9	119394453	119395101	AG	2.18	HG00181:4.25	0.82,2.50,0.83,1.67,2.51,0.84,4.25,0.80,1.71,0.87,0.82,1.60,0.84,0.85,1.65,0.85,1.63,1.72,1.68,1.70,4.34,0.86,0.83,2.48,3.21,0.85,0.78,0.81,0.84,0.86,0.84,0.84,0.84,0.85,0.82,1.73,0.84,0.84,0.90,0.87,0.81,0.81,2.44,2.56,1.66,0.85,1.65,1.67,0.82,1.62,0.85,1.67,1.67,1.71,0.84,0.85,0.84
15	75185723	75186965	AC	2.16	HG00181:5.11	0.82,2.45,4.16,5.01,1.67,7.51,0.84,5.11,0.81,4.10,0.82,0.85,3.27,0.85,0.85,0.83,0.84,0.86,1.68,1.67,2.46,0.84,1.72,4.93,3.35,2.48,0.82
2	12606893	12607838	AAGG	2.15	HG00181:5.96	2.45,0.82,4.07,4.16,4.17,5.01,2.39,1.66,5.96,2.52,2.47,0.82,0.80,0.82,1.71,1.73,1.64,0.83,0.85,1.63,2.52,2.57,0.83,2.41,2.54,0.78,3.24,2.51,0.94,0.83,1.68,1.72,2.50,0.86,1.68,4.21,1.79,1.61,1.63,0.81,0.85,0.85,1.67,0.86,3.35,1.71,2.51,6.82,0.79,2.51,0.84,0.83,2.52,2.57,4.24,0.84,1.68,3.35,0.84,1.63,4.96
12	116561979	116562422	AG	2.15	HG00181:3.40	0.82,1.63,3.40,4.29,1.70,1.73,0.83,1.65,1.68,3.33,0.84,0.86
7	2851698	2852781	ACATC	2.10	HG00181:4.25	2.45,3.33,4.25,3.26,8.41,1.69,6.65,15.91
22	33952562	33952950	AGGG	2.10	HG00181:3.40	3.40,1.65,3.42,0.80,1.71,0.83,0.86,0.83,0.87,1.75,0.83,1.64,1.71,0.82,0.86,0.84,0.87,0.85,3.39,0.78,0.84,0.79
19	8829770	8831319	ATCC	2.04	HG00181:30.63	20.41,12.24,15.47,11.64,13.35,24.96,17.45,17.49,30.89,17.55,24.73,10.86,10.05,32.45,30.63,19.36,13.98,13.15,17.11,23.34,19.70,23.04,23.92,22.49,24.66,17.63,20.03,19.48,17.73,12.62,22.27,19.39,15.31,20.73,28.60,18.45,21.45,16.29,18.93,14.40,17.93,18.89,20.16,15.97,17.65,23.81,15.61,19.72,21.54,18.20,21.70,18.16,19.48,19.01,19.54,16.21,17.94,12.58,26.81,28.02,18.88,17.27,24.38,23.29,20.92,15.93,17.03,20.53,16.75,10.95,9.47,21.63,18.80,23.31,9.49,15.12,18.78,22.75,29.85,16.13,23.46,13.05,15.36,24.17,21.35,13.04,28.50,14.53,20.54,20.76,24.88,21.33,23.06,23.16,19.15,19.88,20.94,18.89,25.13,19.57,24.16,24.85,18.13,18.46,14.08,17.39,15.91,17.05,21.22,16.28,15.05,11.32,18.41,13.09,19.92,7.70,24.00,18.85,18.20,10.69,17.07,19.70,18.47,17.15,16.28,24.22,16.88,11.88,24.43,12.69,24.52,23.96,16.81,11.86,22.90,13.19,15.12,24.07,21.77,20.79,13.48,12.82,21.73,13.40,25.22,40.77,20.68,12.47,17.82,25.40
10	115406635	115407680	ACCACCGGGGGAGGCAGT	2.04	HG00181:5.96	2.45,0.81,0.83,2.50,2.50,1.67,2.51,5.01,1.66,5.96,0.82,1.64,0.82,3.41,1.73,1.60,0.81,3.36,0.97,0.84,0.85,3.46,3.15,2.54,0.81,0.86,1.68,1.68,0.84,4.25,4.34,1.71,1.66,2.48,2.41,1.65,0.85,0.83,0.78,0.81,1.71,0.84,0.84,2.47,1.73,0.84,4.99,0.84,1.68,1.70,3.35,0.86,9.15,2.45,1.67,0.86,2.52,1.63,1.69,1.79,1.74,0.81,1.64,2.44,2.44,5.13,2.46,1.72,4.10,2.48,2.50,0.82,2.43,1.67,0.82,0.85,1.65,0.86,2.47,0.85,1.68,2.51,0.87,2.57,0.84,0.82,1.55,0.84,3.33,3.42,1.65,1.66
14	54361210	54362038	AG	2.04	HG00181:3.40	3.26,0.83,1.60,1.67,3.40,0.82,1.67,0.84,2.54,1.68,0.84,1.79,0.87,0.83,1.68,0.83
20	31200665	31201782	ATCC	2.03	HG00181:5.11	1.63,0.83,2.49,0.83,2.50,0.84,1.67,0.84,5.11,1.68,0.81,0.80,3.28,2.56,0.85,1.73,1.60,0.83,0.81,0.84,0.84,0.85,0.84,1.65,0.81,0.79,1.63,3.43,0.84,0.84,0.85,1.71,0.83,0.83,4.23,1.65,1.56,0.85,0.82,1.68,0.83,3.35,1.64,5.82,4.16,1.73,0.84,1.63,0.84,1.61,0.87,0.81,0.81,1.71,0.82,0.83,0.86,1.64,1.67,2.59,0.84,0.85,0.83,0.86,0.84,0.83,0.83,1.67,0.85,2.57,0.84,1.74,2.51,1.66,3.42,1.65,2.57,0.83,1.64,0.85,0.82,0.84,3.43,0.84,1.70,1.69,2.54,1.71,2.54,0.83,0.84,0.85,0.84,0.81,0.83,1.66,0.85,1.69
8	1710760	1711438	CCCCCCGCCGCGCCCCG	2.01	HG00181:8.51	6.53,4.90,3.26,3.33,1.66,4.16,2.50,3.34,1.60,5.85,1.68,3.33,8.51,1.68,3.29,3.29,0.80,4.27,0.85,2.60,7.21,1.67,4.06,1.61,0.84,2.90,2.53,0.85,3.46,1.63,9.46,1.69,2.58,1.68,1.68,5.04,2.55,1.73,4.14,0.80,2.54,3.31,3.91,4.86,0.85,1.68,1.73,0.84,2.50,3.35,3.35,2.46,3.35,4.21,1.72,2.50,2.45,2.52,1.79,4.34,3.28,2.44,0.83,7.39,1.67,0.86,1.67,3.29,0.85,4.17,1.71,2.52,9.11,0.83,1.67,4.26,2.57,4.18,3.48,2.51,1.66,3.42,0.86,0.82,0.84,3.43,1.71,1.69,2.55,5.92,6.77,0.86,1.68,1.64,2.47,3.11,0.84,3.33,1.69,3.42,1.67,7.88,8.14,2.55,0.85,0.85
8	40650248	40650629	AGAGGGGAGGGGAGG	1.98	HG00181:3.40	1.63,0.83,0.83,0.80,0.84,0.83,3.40,0.84,0.82,0.83,1.62,1.61,0.85,2.34,0.86,0.84,0.85,0.84,4.30,0.83,0.84,0.81,0.83,1.70,1.66,0.79,0.84,0.83,2.46,0.85,1.55,0.85
5	56545095	56545509	AAGGAGGGGAGGGGG	1.95	HG00181:3.40	0.83,0.83,1.67,1.67,1.60,0.84,3.40,0.84,0.82,0.87,2.40,1.62,0.84,0.97,0.85,0.80,3.91,1.62,1.68,0.83,0.84,0.86,0.84,2.50,0.85
9	36972423	36973660	AAAGG	1.93	HG00181:17.87	8.31,4.16,6.38,9.19,17.87,13.85,20.12,8.53,6.06,10.69,12.52,16.12,0.85,1.63,9.08,9.77,0.79,9.32,3.26,6.01,14.46,1.71,4.95,5.67,16.23,23.90,15.97,11.64,12.77,1.64,18.42,8.69,7.47,8.33,4.12,10.77,2.51,0.85,5.85,1.74,16.59,1.71,0.83,3.28,8.57,0.87,0.86,2.54,13.19,2.53,0.85,3.33,8.49
15	53230781	53232037	AAAG	1.91	HG00181:5.11	1.63,1.63,3.32,0.83,2.50,0.80,7.52,0.84,4.16,5.11,3.29,0.85,0.85,1.73,0.83,3.25,1.61,1.68,0.85,1.65,1.71,0.82,1.73,0.84,1.67,3.35,4.21,1.66,1.73,0.85,0.82,0.84,3.24,0.85,1.74,0.83,1.71,5.97,2.52,0.86,1.69,0.87,3.38,0.86,2.50,0.79,0.81,0.85,0.83,0.85
8	313307	314519	ACCCACGGTCCAGGTC	1.89	HG00181:5.96	0.82,0.81,1.66,0.83,1.67,0.80,0.84,8.32,5.96,0.82,2.46,0.85,1.71,8.01,2.42,1.68,3.87,0.84,1.70,1.73,0.84,0.83,1.63,6.72,0.84,2.52,0.87,1.65,1.61,2.48,3.39,3.31,0.78,0.85,3.30,0.94,0.86,1.68,5.75,0.84,1.72,0.82,0.83,2.59,1.69,2.42,0.87,0.81,0.81,0.82,1.63,1.71,1.66,2.57,1.65,2.50,0.86,2.46,0.83,0.86,1.65,0.84,2.57,0.87,1.67,0.87,1.66,2.48,1.71,0.83,0.82,5.12,4.93,2.52,1.72,0.86,1.69,1.70,1.74,0.86,4.20,2.54,1.64,0.82,0.84,0.83,0.84,0.79,0.81,2.55,0.83,1.70
6	166701777	166702674	AAATATATAGATATATAT	1.86	HG00181:5.11	0.81,0.83,3.34,5.82,5.11,4.92,0.85,0.87,0.97,1.69,0.86,3.30,4.07,1.68,1.73,3.35,1.65,0.84,1.70,0.84,0.86,0.82,0.84,0.87,0.81,4.07,0.83,3.33,0.85,3.30,0.86,0.83,1.71,0.86,0.84,2.45,2.52,3.33,0.84,1.71,1.70,3.31,1.69
14	105292512	105292770	AGCCCCGCCCCCCCGGC	1.86	HG00181:2.55	0.83,2.55,0.84,0.85,0.80,1.70,0.82,0.81,0.82,0.86,0.83
8	566142	566759	AG	1.82	HG00181:3.40	0.83,0.83,0.84,0.83,3.40,0.81,0.81,2.52,1.94,0.84,0.85,0.84,0.83,1.63,0.85,0.81,0.84,0.85,0.87,1.66,0.83,0.78,0.82,0.86,0.84,0.85,1.66,0.84,1.61,0.90,0.87,0.82,0.85,1.64,0.83,0.86,1.67,0.82,0.81,0.85,0.82,1.57,0.87,1.67,0.83,0.86,0.85,0.84,0.84,0.85,0.85,0.86,0.78,2.51,0.79,0.81,0.85
9	91291583	91293080	ACAGTGAGGACCATGGGG	1.76	HG00181:9.36	0.82,2.44,4.16,0.83,4.99,3.32,0.83,1.67,4.18,3.19,2.51,1.68,2.50,9.36,1.68,3.29,2.47,2.41,1.64,0.85,1.71,0.87,2.47,4.17,5.05,4.84,4.22,5.10,3.46,1.63,5.03,4.95,3.26,4.73,2.54,2.44,4.29,3.36,1.68,6.73,1.70,1.73,2.57,5.80,0.80,0.83,3.39,4.96,1.56,1.62,0.85,3.36,2.51,5.66,2.59,2.52,1.66,3.35,1.70,0.82,2.51,0.84,2.58,1.66,3.27,0.83,0.86,0.82,2.53,0.90,1.74,2.61,0.81,1.61,2.46,1.63,2.44,4.27,3.32,2.57,0.85,3.31,1.67,1.73,1.67,0.82,2.43,2.55,7.50,1.71,17.31,0.84,9.94,0.83,1.67,3.41,8.65,2.57,3.34,1.74,3.35,0.87,1.66,1.65,7.71,1.65,0.82,1.71,12.31,0.84,3.43,1.71,4.22,4.24,2.62,3.38,1.69,2.57,3.36,2.54,1.64,3.30,2.33,0.84,1.66,0.84,1.71,2.37,12.20,6.79,6.62,3.33,4.24,0.85
6	125711138	125711915	ACGGGAGAGGGAGAGGGAG	1.75	HG00181:5.11	0.81,0.83,3.34,0.80,0.83,5.11,1.68,2.44,0.82,1.71,2.60,0.82,1.67,1.62,3.36,1.94,0.84,0.85,0.86,5.87,0.83,7.33,0.79,2.44,1.68,1.68,5.10,2.49,3.31,0.80,3.39,4.13,0.78,3.24,2.56,0.84,1.89,1.68,2.50,2.55,0.82,0.84,1.72,2.50,2.50,2.59,0.84,0.84,1.61,2.61,0.81,0.81,2.46,3.26,1.63,2.56,2.46,2.49,0.86,1.64,1.65,0.83,2.59,2.51,0.82,0.81,0.86,0.84,1.66,0.83,3.43,0.84,1.71,0.86,0.83,1.64,1.69,1.71,2.52,1.64,2.47,1.67,0.85
2	10569946	10570199	ACCCACCCACCCATCC	1.75	HG00181:3.40	1.63,1.66,0.83,0.80,0.84,3.40,0.80,0.80,0.83,1.62,0.81,0.84,0.84,0.86,0.84,0.86,0.83,0.80,0.78,1.68,1.68,0.82,0.84,0.86,0.83,0.87,0.85,0.82,0.81,0.83,0.86,1.66,1.66,0.84,0.79,1.75,1.66,1.65,0.86,3.31,0.82,0.85,0.82,0.86,1.69,0.85,0.86,0.84,1.55,0.83,0.84,0.79,1.63,0.83,0.85
4	186747878	186748916	ACCATCATCATCATC	1.75	HG00181:2.55	0.82,2.55,0.84,0.83,0.85,0.86,0.85,0.84,0.85,0.85,0.82,0.84,0.82,0.84
21	36365407	36366535	AC	1.74	HG00181:8.51	2.45,0.82,2.44,4.99,4.17,4.99,5.82,6.66,0.83,8.36,3.99,1.67,2.51,0.83,8.51,0.84,2.47,4.11,3.26,2.41,3.28,7.68,3.42,1.73,4.11,2.40,1.67,4.87,2.52,0.97,0.84,3.40,0.86,2.52,3.30,3.26,3.94,2.54,4.89,1.72,5.88,5.89,1.68,3.40,3.47,4.29,3.31,1.65,4.02,7.43,4.23,1.65,1.56,0.85,4.19,3.35,1.65,3.78,5.18,8.41,3.33,2.51,1.68,0.85,3.29,4.19,5.05,4.30,5.82,8.17,1.67,6.90,3.36,4.90,0.84,0.81,5.38,2.61,2.61,3.23,5.64,0.82,0.81,6.51,4.27,3.29,4.98,2.57,3.28,5.12,1.65,2.50,6.92,1.67,1.64,2.43,0.85,1.67,2.57,3.30,4.20,0.83,4.14,2.51,0.85,0.79,2.57,5.02,2.61,0.84,6.11,4.98,0.86,3.43,4.14,2.47,3.41,2.46,1.68,3.43,4.28,3.34,2.53,2.55,3.49,5.92,0.85,5.13,0.84,2.45,3.36,1.55,3.35,0.83,3.37,5.13,3.34,2.37,4.07,0.85,5.79,1.66,0.85,5.93
1	168426827	168427634	AAAG	1.73	HG00181:2.55	0.83,2.55,0.87,0.81,1.58,0.84,0.85,0.83,0.85,0.82,0.83,0.81,0.82,0.84
2	107407588	107408718	AAG	1.71	HG00181:5.11	1.63,0.83,4.99,3.33,5.11,15.40,5.04,0.83,5.87,6.70
20	6615567	6616194	AAGGGAGGGAGGGAGGGAGG	1.71	HG00181:2.55	0.83,0.84,0.84,2.55,0.82,0.85,0.85,0.81,0.83,0.84,1.62,0.84,0.85,0.83,0.83,0.86,0.85
10	132157940	132159441	AG	1.70	HG00181:6.81	0.82,0.81,1.66,0.83,1.67,3.34,0.84,0.83,6.81,0.84,0.82,4.11,4.07,3.22,0.87,4.11,0.83,0.84,0.82,1.58,5.04,5.88,4.25,1.73,1.69,0.83,5.13,0.82,1.73,0.84,0.82,2.53,0.86,3.33,0.82,5.06,3.23,1.74,1.64,10.59,3.26,4.93,5.81,3.33,10.05,0.85,5.00,0.84,1.57,2.57,0.87,3.32,2.57,6.62,0.82,0.86,0.84,0.85,3.11,4.88,0.85,1.66
10	65096792	65097224	AAAAG	1.70	HG00181:2.55	0.82,0.83,0.83,0.83,2.55,0.81,0.83,1.63,0.81,0.86,0.83,0.85,1.66,0.85,0.84,0.81,0.81,0.82,0.83,0.84,0.79,0.87,0.84,0.87,0.82,0.84,1.70
1	18600095	18600181	AAAG	1.70	HG00181:1.70	1.70,1.62
20	259790	260009	AGGGCGGG	1.70	HG00181:1.70	1.70,0.86
2	9233206	9233262	AAAGAGAG	1.70	HG00181:1.70	1.70,0.86
1	186621218	186621418	AAAG	1.70	HG00181:1.70	1.70,0.85
2	28335096	28335198	AAAG	1.70	HG00181:1.70	1.70,0.82,0.87
10	485720	485721	AGGGCCGGGGCGGGGCG	1.70	HG00181:1.70	1.70
11	131202543	131202544	ACCCATCCATCCATCCATCC	1.70	HG00181:1.70	1.70
13	23142537	23142538	AACCCACGGCGAGCT	1.70	HG00181:1.70	1.70
19	55682599	55682600	AC	1.70	HG00181:1.70	1.70
20	37092815	37093192	ACATATATAT	1.70	HG00181:1.70	1.70
20	50178057	50178058	AAAG	1.70	HG00181:1.70	1.70
4	135806317	135806318	AACCCT	1.70	HG00181:1.70	1.70
4	168317448	168317449	AC	1.70	HG00181:1.70	1.70
5	141124520	141124521	AC	1.70	HG00181:1.70	1.70
5	177429546	177429567	AAAG	1.70	HG00181:1.70	1.70
7	66649578	66649579	AAAAT	1.70	HG00181:1.70	1.70
9	117849630	117849631	AC	1.70	HG00181:1.70	1.70
X	117223652	117223653	AAAG	1.70	HG00181:1.70	1.70
GL000216.1	6625	7205	AAAGGAATGGAATGGAATGG	1.70	HG00181:1.70	0.83,1.70,0.82
19	5795610	5796831	AAGGAGGAG	1.68	HG00181:5.11	3.27,6.53,1.63,2.50,0.83,1.67,0.84,7.18,1.68,1.66,5.11,3.22,1.73,0.82,1.62,6.78,2.59,3.27,0.81,4.20,0.87,0.83,0.80,2.34,0.81,0.85,0.84,0.94,0.86,4.16,0.84,1.70,1.64,1.67,0.86,0.83,2.45,8.88,0.87,0.82,0.81,0.85,1.71,0.82,0.85
X	33936725	33937062	AAAG	1.68	HG00181:1.70	1.70,0.81,0.85,0.83
8	84001105	84001410	AAATATATATAT	1.68	HG00181:1.70	0.83,1.70,1.71,0.78
11	125362712	125363070	AAAGAAAGAAAGAAGG	1.68	HG00181:1.70	0.80,1.70,0.81,0.83
12	53137542	53138203	AAAG	1.67	HG00181:2.55	0.80,0.84,0.83,2.55,0.81,0.87,0.84,0.81,0.84,1.65,0.83,0.84,2.50,0.81,0.82,0.83,0.86,0.85,0.84,1.69,0.83,0.84,0.84,0.83,0.85
15	60419131	60419321	AGAT	1.67	HG00181:1.70	1.70,0.82,0.81
2	2298718	2300046	AG	1.66	HG00181:16.17	4.08,9.79,8.96,16.63,6.68,9.98,6.65,2.50,11.69,8.36,8.77,10.02,11.73,9.98,16.17,5.89,15.63,9.04,12.22,8.85,13.13,6.83,5.98,10.38,11.51,10.42,12.52,12.17,4.03,4.21,13.55,10.96,11.91,5.18,8.99,7.55,9.08,5.70,3.15,4.23,4.07,8.59,5.88,2.52,4.20,5.10,8.67,4.29,8.28,8.27,8.04,5.78,8.47,12.40,10.16,6.49,9.40,8.39,7.54,5.77,4.72,10.36,11.77,8.32,11.71,9.23,5.96,12.32,11.72,3.37,6.02,14.97,5.72,5.00,7.76,11.76,11.43,13.48,12.10,7.17,13.90,5.22,10.51,9.67,6.57,14.67,4.89,3.42,11.50,3.32,8.58,12.31,9.39,5.79,5.00,6.92,5.02,3.29,11.35,11.06,5.00,9.43,6.59,4.20,5.80,14.08,3.35,11.08,3.14,2.57,7.52,0.87,2.51,10.48,9.96,6.85,9.93,12.85,1.65,10.69,8.53,8.21,14.27,4.29,9.42,15.03,10.97,10.19,13.96,1.69,10.99,7.70,8.40,5.08,6.54,5.77,10.08,7.76,15.91,2.50,4.21,8.54,4.18,3.15,12.20,7.64,17.37,12.47,14.43,6.77
5	112668826	112669925	ACATATATACATATATGT	1.64	HG00181:11.91	10.61,11.91,1.60,0.86,9.11,4.69,9.23,5.18,4.34,3.23,0.81,9.03,0.81,0.86,2.59,4.20,10.77,0.79,7.53,3.31,0.84,10.13,5.92,4.23,10.92,8.47,4.91,11.64,11.80,16.72,2.37,10.58,4.25,1.65,4.16
4	40295914	40296088	ACCTCCATCTCC	1.64	HG00181:1.70	0.83,1.70,0.81,0.84,0.84
17	35145640	35146950	AAAG	1.62	HG00181:5.11	6.65,5.11,3.28,1.60,1.67,1.61,0.84,0.97,0.85,0.86,7.35,0.81,1.63,2.58,0.84,4.20,2.57,0.83,0.83,0.83,0.82,2.51,5.02,0.86,0.83,2.50,2.59,2.52,0.82,0.87,3.48,1.61,2.44,5.70,1.71,0.86,1.64,2.56,4.32,3.24,0.85,0.84,2.51,0.83,0.85,0.85
20	59672286	59672504	AAAG	1.59	HG00181:1.70	1.70,0.82,0.82,0.83,0.83
16	87076106	87077249	AACCCACGAGCTTCCCC	1.58	HG00181:5.11	2.49,1.67,3.33,5.11,2.47,0.82,1.64,4.27,1.73,0.83,0.81,4.21,2.59,3.27,1.68,1.65,0.81,3.42,2.47,6.05,0.84,1.66,0.82,5.02,1.73,4.48,0.86,3.28,2.43,4.18,0.87,2.48,2.51,0.85,2.47,1.66,0.84,1.63
1	5171948	5172942	AGAGGG	1.58	HG00181:5.11	1.63,0.82,1.63,1.66,0.83,2.50,1.67,3.34,3.99,0.84,0.84,0.83,5.11,0.84,0.82,1.63,0.80,0.82,1.71,1.73,0.82,4.01,0.83,1.62,0.81,1.94,0.84,2.55,0.86,0.84,0.81,1.58,0.85,4.89,1.72,0.84,1.68,2.55,0.87,0.83,0.83,1.61,1.65,0.85,0.78,2.52,1.68,3.30,0.94,1.66,3.35,1.70,1.64,0.84,0.86,2.50,0.82,1.67,0.86,0.84,0.82,0.81,0.90,3.48,3.48,2.43,0.81,0.82,2.44,0.81,5.98,1.72,0.82,1.71,0.83,0.83,1.73,1.67,1.64,3.24,0.85,0.83,0.86,3.36,1.66,3.31,1.67,0.85,2.36,1.71,2.49,1.71,0.83,3.43,1.65,2.47,4.27,2.46,1.72,2.57,0.84,2.53,0.85,1.74,1.69,0.85,0.86,0.84,0.85,1.64,1.55,1.67,0.83,0.85,0.84,2.37,0.85,0.83,1.66,2.55,3.39
11	116110197	116111173	AAAG	1.55	HG00181:2.55	0.83,0.83,2.55,1.65,0.87,0.83,0.85,0.86,0.84,0.85,0.83,0.83,1.65,0.84,0.84,0.84,0.87,0.86,1.64,2.43,1.67,0.84,0.84,0.84,0.79
18	40684875	40685879	AAGGGAGG	1.50	HG00181:6.81	4.99,5.01,6.81,3.37,0.85,3.35,12.27,6.05,7.66,2.51,0.84,0.82,2.47,7.54,8.57,0.86,2.48,0.84,3.27,2.44,0.85
16	90015488	90015859	CCCCGCCGGCCCCGG	1.49	HG00181:1.70	1.70,0.84,0.86,0.85,0.85,0.78
10	50312583	50313717	AG	1.48	HG00181:5.11	1.63,0.83,0.83,0.83,0.83,2.50,5.85,0.80,1.68,5.11,2.52,0.82,3.29,2.44,1.61,0.82,0.85,1.71,0.87,1.64,1.60,1.67,2.43,2.42,0.84,0.97,2.55,1.73,1.63,3.35,0.83,0.81,4.23,1.63,2.52,0.84,1.70,1.73,0.86,4.14,1.65,1.69,0.78,1.62,0.84,2.51,2.47,1.89,0.86,0.84,0.83,3.35,0.84,1.64,0.84,0.84,4.99,1.73,1.68,0.90,0.87,0.87,0.81,0.82,2.56,0.83,2.57,1.71,2.48,1.67,1.67,4.11,0.81,0.85,2.50,2.57,2.52,1.66,1.67,0.86,1.67,0.87,1.67,2.62,0.83,0.83,2.57,0.83,0.82,3.36,0.86,2.51,1.69,0.85,0.87,1.69,3.38,0.86,1.68,4.24,0.82,0.82,0.84,1.67,0.84,1.71,3.34,1.58,2.55,3.31,1.66,1.69
2	119669778	119670748	AAAG	1.48	HG00181:1.70	0.84,1.66,1.70,2.34,0.83,1.68
5	180084698	180086321	ACAGAGGG	1.46	HG00181:28.08	13.88,23.66,30.12,22.45,16.69,14.14,16.62,7.49,8.35,18.39,17.55,18.37,11.73,14.98,28.08,14.31,21.39,18.90,13.85,9.66,9.85,16.21,9.40,2.60,18.91,16.02,3.34,9.74,2.42,21.87,15.49,8.43,5.95,15.55,15.52,10.90,11.55,17.91,38.65,21.17,5.70,5.15,4.20,15.97,28.58,11.91,11.27,12.00,23.20,14.06,20.89,16.51,17.78,14.88,15.63,13.78,9.40,14.26,16.76,20.60,0.94,9.50,19.34,24.12,20.08,8.39,13.63,19.71,16.75,8.42,10.33,14.97,8.99,16.65,18.98,12.60,7.35,18.54,14.52,4.48,12.16,8.70,11.32,17.72,8.21,30.97,25.24,9.40,26.29,20.76,9.44,10.67,19.64,5.79,12.49,7.78,21.77,7.39,17.84,7.66,6.66,6.00,3.30,6.71,2.48,11.60,4.19,15.34,7.07,16.28,15.05,6.96,2.51,5.24,10.79,11.98,6.62,13.71,4.14,11.51,13.66,18.06,10.07,2.57,17.99,5.85,16.03,11.88,6.98,16.07,12.69,12.84,10.08,11.86,2.45,28.86,10.92,16.30,20.93,14.97,16.01,9.40,19.22,23.65,8.14,13.59,19.85,19.12,1.70,13.55
2	150762156	150763055	AG	1.44	HG00181:3.40	0.83,0.84,0.80,0.84,3.40,1.64,0.87,0.80,1.69,2.55,1.68,0.79,0.81,2.58,0.84,0.85,1.71,1.66,0.83,1.61,0.83,0.85,0.81,0.85,0.84,0.82,0.86,0.84,0.82,0.81,1.63,3.42,1.64,3.32,0.83,0.83,1.73,0.84,2.55,0.85,1.71,1.66,1.69
17	15013190	15013546	AACCCCCCCCCCCCCCCCCC	1.43	HG00181:1.70	1.70,0.82,0.81,0.83,0.87,0.87,0.79
15	41323545	41324938	ACAGC	1.42	HG00181:17.02	9.80,15.50,9.77,9.98,10.85,5.82,8.31,10.83,12.52,11.70,11.97,6.68,10.05,4.99,17.02,6.73,7.40,12.33,21.19,8.85,8.21,11.09,6.83,9.52,10.69,14.42,8.35,17.86,14.51,14.30,7.74,7.59,15.31,15.55,6.54,9.22,9.90,13.03,9.46,10.16,17.93,8.59,8.40,9.25,10.93,15.31,12.14,9.43,10.77,8.27,8.84,8.26,6.77,12.40,6.25,8.11,9.40,13.42,10.89,5.77,12.27,10.36,9.25,9.15,7.53,6.71,5.11,13.14,8.37,10.11,18.93,7.49,12.26,13.32,6.04,8.40,11.43,10.95,9.68,8.07,12.16,11.31,6.47,14.50,8.21,9.78,7.33,3.42,7.39,6.64,15.44,8.21,5.98,8.27,9.99,12.10,6.70,9.03,14.59,5.96,5.00,5.14,5.77,9.23,4.14,9.94,7.54,10.23,0.79,5.14,0.84,7.83,2.51,6.11,11.62,8.56,5.79,10.28,1.65,7.40,6.83,4.93,8.39,9.43,5.14,5.01,1.69,10.19,6.77,10.99,17.11,5.04,10.17,1.64,10.72,7.56,13.20,5.02,8.32,3.37,5.98,6.69,4.73,8.95,5.94,13.24,10.81,10.18,6.77
4	169076726	169077194	ATATATC	1.40	HG00181:1.70	1.70,0.84,1.69,1.64,2.44,1.65
22	49638223	49640023	ATCC	1.39	HG00181:12.76	1.63,4.90,5.70,2.49,0.83,9.98,3.32,5.83,10.85,5.01,13.56,1.67,6.70,3.33,12.76,5.89,8.23,6.58,6.52,4.83,8.21,4.27,8.54,6.92,3.29,4.01,4.17,10.55,4.84,7.57,5.81,6.75,7.66,6.05,4.90,6.71,3.30,3.26,3.15,7.62,1.63,7.73,5.04,4.20,4.20,4.25,5.20,5.14,5.80,7.44,9.64,4.13,10.16,5.79,4.69,4.86,11.96,5.03,5.86,2.47,4.72,6.05,5.88,0.83,6.69,2.52,14.48,7.39,8.37,3.37,5.16,4.99,3.27,8.33,6.90,5.88,6.53,5.90,9.68,1.79,4.34,3.48,8.90,8.06,2.46,3.26,8.14,3.42,2.46,4.15,0.86,5.74,3.42,4.14,1.67,6.05,12.56,3.29,8.11,10.21,5.83,5.14,8.24,3.36,4.14,4.97,5.02,4.26,5.50,5.85,7.83,7.53,4.36,5.81,2.57,5.79,7.71,3.31,10.69,11.95,4.10,6.72,6.00,6.00,7.52,6.75,1.70,1.74,9.31,3.38,5.13,5.88,11.02,13.90,4.12,5.88,3.11,2.51,5.82,4.21,11.11,5.85,7.88,3.25,4.25,3.31,3.33,2.55,11.01
6	112354098	112354448	AAGGGATATACAGGGG	1.36	HG00181:2.55	0.83,0.83,2.55,1.68,0.80,0.83,0.97,1.69,2.48,0.84,0.78,1.68,0.94,0.86,1.66,0.84,0.84,0.85,0.82,0.84,0.81,0.81,0.82,0.83,1.67,0.82,0.81,0.85,0.84,0.84,0.83,0.85,0.85,0.85,0.86,0.84,0.79,0.85,0.83,0.85
17	80369514	80370800	AACCATGCCCCTGCCCCGAT	1.35	HG00181:3.40	0.82,0.81,2.49,0.83,0.83,0.83,1.67,0.83,1.67,0.80,0.84,3.40,0.84,1.64,1.63,2.56,0.85,0.87,3.29,0.80,1.62,0.97,0.86,0.81,1.58,0.86,1.68,1.70,0.83,0.83,0.80,0.83,0.83,0.81,0.84,1.65,1.89,0.83,0.85,0.82,0.84,0.86,4.90,1.73,1.79,0.87,1.61,1.63,0.82,0.86,0.85,0.83,0.86,0.82,0.81,0.85,0.83,0.86,1.65,1.66,2.51,1.57,1.67,0.83,0.83,1.71,1.71,0.82,0.84,1.72,0.86,0.84,1.69,0.85,1.74,0.85,0.84,0.85,7.36,0.82,0.84,0.85,0.79,1.63,0.85,0.85
1	102018403	102018821	AATATATATGTATATAT	1.31	HG00181:5.11	0.82,4.89,4.16,1.67,1.66,3.32,1.67,0.83,4.18,1.67,1.68,5.11,3.37,0.82,0.82,1.63,3.22,1.64,0.85,4.33,2.47,2.52,0.97,0.85,0.86,3.27,0.84,3.30,1.58,0.81,0.86,1.68,0.85,1.73,0.86,0.83,1.65,4.02,2.48,1.69,1.65,0.78,2.43,0.84,0.84,0.94,1.73,1.68,0.84,0.82,0.84,0.84,0.83,1.63,2.59,1.63,0.81,0.87,0.81,1.63,0.85,0.82,0.83,1.64,0.85,0.83,2.59,0.82,0.81,1.71,2.36,0.86,0.84,0.84,0.87,2.49,0.86,0.83,1.71,0.83,1.64,2.56,1.64,1.68,0.84,0.84,0.85,0.85,0.86,0.84,0.82,0.78,0.83,4.21,1.67,0.79,5.69,2.55,0.83
7	6461149	6461620	AGCGCGGGCGGCGCAGGC	1.31	HG00181:4.25	0.82,1.67,0.83,0.83,3.34,2.39,1.67,0.84,4.25,0.82,0.82,2.56,2.60,0.82,0.80,0.84,0.84,0.85,2.52,1.72,0.84,1.70,0.86,0.80,0.83,0.85,0.83,0.78,0.85,0.84,0.94,0.83,9.20,1.70,0.84,0.83,0.82,1.67,2.42,6.27,3.48,1.74,0.81,0.82,0.83,0.86,0.82,0.83,2.59,0.84,0.82,1.62,0.85,1.71,1.68,0.83,2.51,0.85,1.57,0.86,0.87,0.84,0.87,0.83,1.71,4.14,1.71,0.83,0.82,0.82,1.72,2.57,0.84,1.70,1.74,0.85,2.57,0.84,4.24,1.65,0.84,0.78,0.85,0.84,0.81,1.65,0.83,0.85,2.54
2	234835759	234836280	AG	1.31	HG00181:2.55	0.81,0.83,0.83,0.83,1.67,1.68,2.55,0.81,1.71,0.81,1.68,1.65,0.84,0.94,1.68,0.84,0.83,0.82,0.85,0.83,1.71,0.85
11	81854287	81854577	AG	1.31	HG00181:1.70	1.70,0.86,0.84,0.84,0.82,0.83,0.82,1.67
19	56361930	56362065	AATTACACCGCAGCCTCGGG	1.30	HG00181:1.70	0.84,1.70,0.84,0.82,0.81,0.83,0.83,0.85
11	99689426	99689988	AGAGGGGAGGGGAGG	1.28	HG00181:4.25	0.82,1.63,0.81,0.83,0.83,0.83,3.34,0.84,0.84,0.83,4.25,1.65,1.64,1.71,0.80,0.83,0.81,1.61,0.97,2.53,0.83,1.68,0.84,1.69,1.56,1.62,0.84,1.66,1.67,1.68,2.55,1.67,1.72,3.27,0.83,2.53,2.42,1.79,1.74,1.62,1.64,4.27,0.86,0.84,1.62,0.86,0.84,0.85,1.57,0.84,0.83,1.64,0.85,0.84,0.86,4.28,0.85,0.85,5.04,1.69,3.36,0.78,0.84,0.79,4.07,1.70,1.66,0.85,0.85
16	54340105	54341143	ACACAGTGTGAGGGCAG	1.27	HG00181:1.70	0.82,0.83,2.49,1.70,0.82,3.22,0.85,0.85
22	39978421	39979676	ATCC	1.25	HG00181:11.06	3.27,1.63,2.44,3.33,3.34,4.99,11.64,3.33,3.34,5.85,3.19,6.68,5.86,9.15,11.06,5.89,4.94,6.58,3.26,9.66,7.39,3.41,5.98,7.79,4.93,8.01,4.17,1.62,4.03,5.89,4.84,9.28,4.25,4.32,4.90,5.03,3.30,7.33,5.52,5.08,3.26,7.73,3.36,3.36,6.73,7.65,4.34,6.00,4.14,12.41,4.82,7.43,5.08,3.31,2.34,1.62,5.13,5.87,5.86,1.65,5.66,4.32,12.61,3.33,5.86,4.19,16.18,7.39,5.02,6.74,1.72,4.99,10.62,9.16,6.90,3.36,3.27,7.58,2.42,5.38,5.21,4.35,2.43,4.83,7.39,3.26,4.89,3.42,3.29,5.81,6.01,4.92,1.71,5.79,5.00,4.32,7.54,4.93,7.30,5.11,4.17,5.14,9.07,3.36,2.48,2.48,5.02,5.11,4.72,4.29,3.34,8.70,5.86,6.98,6.64,4.28,5.79,5.14,7.45,4.93,11.10,1.64,3.36,6.86,6.85,5.85,2.53,5.94,7.85,1.69,4.23,4.28,8.40,5.93,7.36,1.65,5.04,1.55,7.49,5.90,6.84,7.52,2.37,2.44,0.85,6.62,8.31,6.79,9.31
8	11217208	11218028	AC	1.23	HG00181:1.70	0.83,0.84,0.83,1.70,0.86,0.84,0.86,0.83,0.86
8	113381478	113382914	AAG	1.21	HG00181:5.11	0.81,2.50,0.83,1.67,1.60,5.11,4.11,0.80,0.82,2.56,0.85,1.73,0.82,0.81,0.84,0.84,5.10,2.59,0.82,1.68,1.63,1.69,1.63,2.52,2.52,2.52,0.85,2.60,1.71,1.66,0.83,0.80,1.65,0.85,0.83,0.78,1.62,2.56,0.84,0.86,0.84,0.84,0.84,0.82,0.84,0.86,2.52,0.82,1.69,3.23,1.79,2.61,1.61,0.82,0.81,1.63,0.85,1.66,0.82,0.83,0.86,1.67,0.82,1.62,0.83,2.57,1.65,1.68,2.48,0.85,3.93,0.86,5.02,0.87,2.51,2.62,0.83,1.65,3.43,1.65,4.11,1.71,3.28,4.20,6.00,3.43,1.67,0.85,2.54,0.86,1.64,1.65,2.33,4.19,0.83,2.53,0.85,0.85,0.83,4.16,0.85
X	114939779	114940499	AG	1.20	HG00181:1.70	2.50,1.70,2.56,0.84,2.56,1.64,0.81,0.84
12	126495972	126496900	AAG	1.20	HG00181:1.70	1.70,0.80,0.84,0.81,0.84,0.83,0.82,0.84,0.82
18	10462044	10463032	AAGG	1.19	HG00181:5.11	1.66,2.50,2.50,1.67,3.19,4.16,5.11,1.68,3.29,2.47,3.22,4.10,2.56,3.46,1.64,0.83,2.43,3.22,1.68,1.73,1.63,5.03,1.65,0.81,2.37,3.39,1.63,3.43,1.68,0.84,0.87,3.31,1.61,1.65,4.69,3.24,0.85,1.68,1.68,0.82,0.94,1.73,0.84,1.66,3.35,1.68,0.85,1.64,2.51,2.58,3.33,2.45,1.73,2.52,2.45,0.84,1.74,0.87,0.82,3.26,3.26,5.13,3.29,0.83,5.15,3.28,1.71,0.83,5.00,2.59,1.67,0.82,0.81,2.55,0.83,2.51,0.85,0.86,2.51,1.67,0.86,1.64,0.82,2.51,0.85,1.69,0.82,1.65,3.88,0.84,0.83,1.69,0.81,1.70,1.65
7	64819009	64819391	AGAGG	1.17	HG00181:2.55	2.55,1.65,4.11,2.56,0.82,2.43,0.82,0.86,0.78,0.85,0.83,3.27,0.84,1.63,1.64,0.81,1.63
1	106481644	106482481	ACATATATATAG	1.17	HG00181:1.70	1.70,0.83,2.48,0.84,0.85,1.57,3.11,2.50
2	9233021	9234072	AAAG	1.16	HG00181:3.40	3.40,4.11,2.44,0.85,0.84,1.65,2.44,1.69,2.44,1.68,2.49,2.41,1.62,0.84,0.83,1.67,0.82,5.75,0.83,3.42,1.71,2.62,0.82
7	37886182	37888420	AAG	1.15	HG00181:11.06	19.12,0.83,2.50,4.18,0.83,11.06,0.81,2.47,1.68,1.69,3.40,2.59,4.89,2.37,0.85,2.55,0.87,0.83,2.48,16.94,0.83,0.78,17.02,2.45,1.73,2.45,0.84,1.61,1.79,0.87,1.62,4.03,9.03,8.96,4.27,0.83,5.86,2.46,4.25,1.68,1.71,18.28,0.83,2.48,1.64,0.84,1.67,0.85,0.87,1.69,13.44,0.82,2.52,1.66,0.84,1.67,2.55,0.83,0.85
1	18829543	18829943	AG	1.15	HG00181:1.70	1.60,1.68,1.70,0.97,0.94,0.84,0.86,0.81,0.84
12	119194842	119196158	AG	1.13	HG00181:11.06	6.53,3.26,6.51,9.98,4.17,11.65,2.49,8.33,3.34,6.69,7.18,3.35,4.16,11.06,4.21,3.29,4.11,6.52,7.24,5.75,5.12,2.56,0.87,1.64,2.40,3.34,3.25,7.25,5.05,5.81,4.22,7.66,6.91,2.45,0.84,3.30,5.70,3.94,3.39,6.52,6.87,3.36,2.52,4.20,2.55,6.94,0.86,9.11,6.62,4.82,4.95,5.08,1.65,7.03,2.43,3.42,3.36,8.38,0.82,6.61,4.32,2.52,4.99,4.18,5.87,5.11,3.29,9.21,6.74,5.16,3.33,7.36,5.83,2.59,2.52,2.45,5.06,3.23,5.38,4.34,1.74,6.47,3.22,1.64,7.33,6.51,11.11,7.39,4.98,4.29,6.56,2.56,1.65,8.33,6.92,5.86,4.93,4.86,3.40,10.00,9.43,7.42,5.87,2.48,5.80,5.02,6.82,5.50,14.57,3.34,1.74,2.51,2.62,5.81,5.99,8.27,12.85,3.31,9.04,7.68,4.10,5.88,2.57,1.71,2.51,4.22,3.40,6.98,4.23,2.54,4.28,2.52,2.54,0.82,7.56,3.88,6.70,9.15,0.84,8.54,4.18,7.88,8.14,0.85,4.96,14.13,3.39,6.77
13	29026686	29027618	AAAGG	1.12	HG00181:1.70	0.81,1.70,0.80,4.05,1.73,0.84,1.71,0.85,0.86
7	90524076	90524597	AGAGG	1.11	HG00181:5.11	0.82,4.17,2.50,1.66,0.83,1.67,2.51,5.11,2.52,0.82,2.47,0.81,2.41,2.46,1.71,1.71,0.87,2.40,3.34,0.97,0.85,2.59,0.84,2.44,0.79,1.69,0.81,1.72,4.20,2.52,0.84,1.70,4.34,2.57,1.66,1.65,0.80,0.83,0.85,3.31,3.91,0.85,0.84,0.82,1.89,0.86,3.36,1.66,0.84,0.84,1.70,1.67,1.68,0.86,0.83,2.45,5.00,0.86,3.27,1.69,2.42,0.87,0.87,4.85,1.64,2.44,0.81,3.42,2.46,3.32,4.29,0.82,0.85,5.00,1.73,2.51,1.64,1.62,2.55,2.50,1.71,0.83,0.85,2.36,2.61,2.62,0.83,0.83,2.57,2.48,0.85,0.84,0.86,2.53,2.55,2.62,0.85,1.68,0.85,1.64,2.52,2.50,1.69,0.85,0.79,0.81,0.83,5.09,3.39
18	45126913	45127308	ACC	1.10	HG00181:5.96	0.82,2.49,1.67,7.49,1.66,1.67,1.67,4.18,1.60,0.84,2.51,2.50,5.96,0.84,0.82,3.29,0.81,1.61,0.82,0.85,1.73,0.82,0.80,2.50,0.81,0.81,0.84,3.87,1.69,3.40,3.46,2.45,2.48,5.08,2.44,2.58,0.84,0.84,0.84,0.85,2.60,1.71,0.83,3.31,4.95,3.39,0.78,2.52,1.68,0.82,4.32,4.16,0.84,1.68,0.85,1.64,1.67,1.68,1.72,2.50,4.90,3.45,4.20,4.90,1.69,4.03,3.48,2.46,1.63,0.82,3.32,1.72,0.82,2.56,1.65,0.83,1.73,5.02,5.68,1.70,4.17,0.86,3.30,1.68,0.83,3.31,0.84,2.56,0.79,2.51,0.87,1.67,1.66,2.57,1.65,5.14,0.83,1.64,0.85,1.64,0.86,0.86,0.84,2.55,1.74,0.85,0.85,0.86,0.84,2.54,0.82,0.82,0.83,3.42,0.84,0.85,7.45,1.66,2.54
15	97373656	97374559	AAAAG	1.09	HG00181:1.70	1.70,0.84,1.70,0.85,0.84,0.83,0.86,0.81,0.82
9	74342683	74343614	AT	1.07	HG00181:2.55	0.84,2.55,0.81,0.85,0.81,0.84,0.85,0.83,0.78,0.84,0.82,1.66,0.81,2.44,0.82,2.48,1.70,0.83,2.36,0.86,2.48,0.85,2.51,0.84,0.84,0.79
6	126283467	126283724	AT	1.06	HG00181:1.70	0.83,1.67,0.84,1.70,0.85,0.82,2.40,0.94,0.84,0.86
Y	13447749	13449600	AATGGAGTGGAGTGGAGTGG	1.05	HG00181:12.76	7.35,3.26,7.33,5.82,5.84,12.48,8.31,8.33,9.18,5.85,4.79,3.34,12.56,4.99,12.76,7.57,6.58,7.40,7.33,6.44,9.03,9.39,8.54,10.38,4.11,7.21,8.35,7.30,6.45,9.25,12.59,4.22,4.25,3.46,3.27,3.35,4.13,5.70,6.31,9.32,2.44,4.29,4.20,5.89,3.36,3.40,7.80,6.00,4.97,5.79,13.66,11.56,4.23,6.61,2.34,8.92,2.56,4.19,10.89,4.12,6.61,8.64,4.20,0.83,12.55,5.87,9.37,7.39,10.05,10.11,6.88,6.66,2.45,7.49,5.18,4.20,10.62,5.06,4.84,7.17,4.34,8.70,5.66,4.83,5.75,5.70,5.70,4.27,6.57,1.66,2.57,7.39,3.42,6.62,5.83,3.46,5.86,9.86,10.54,8.51,6.66,7.71,7.42,5.03,4.14,7.45,3.35,5.11,6.29,5.14,5.02,10.45,6.69,3.49,14.11,1.71,5.79,6.00,6.62,7.40,2.56,7.39,3.36,5.15,3.43,5.01,6.75,4.24,7.85,8.46,6.77,6.85,3.36,5.08,10.63,0.82,7.56,10.09,4.19,9.15,3.37,5.98,6.69,2.37,13.02,0.85,3.31,4.99,2.55,8.47
4	141731470	141731959	AG	1.05	HG00181:4.25	0.82,1.63,0.81,2.49,3.34,0.83,0.84,3.35,4.25,2.52,3.29,3.26,2.41,0.82,1.71,2.56,1.73,1.64,1.60,0.83,1.62,0.81,0.97,0.84,0.83,0.81,0.79,0.85,1.72,0.84,1.68,0.87,0.86,2.48,0.83,0.85,0.83,0.78,0.81,2.52,0.84,0.82,1.73,2.50,1.67,2.52,1.70,0.84,0.86,0.83,0.83,1.73,1.68,1.63,1.61,1.79,2.61,2.42,5.75,0.81,0.81,0.85,0.82,0.83,1.64,1.71,2.48,0.83,0.86,1.67,2.43,0.85,0.86,0.83,0.83,0.84,1.70,0.79,2.51,2.61,0.84,1.75,0.83,2.48,0.86,0.84,3.43,0.84,0.84,1.70,1.74,3.38,1.71,3.36,0.85,0.82,0.82,0.84,1.55,0.84,2.53,3.42,3.34,0.85,2.55
20	54902804	54903386	AAAG	1.05	HG00181:1.70	0.83,1.70,0.82,0.85,0.79,0.83,0.85,0.85,0.84,0.85
13	76985715	76986103	AGG	1.05	HG00181:1.70	0.80,1.70,0.84,1.64,0.81,1.65,0.85,0.83,0.82,1.74
8	95061433	95061928	AT	1.04	HG00181:2.55	0.81,0.83,0.83,0.84,0.84,2.55,0.84,0.82,1.63,0.80,1.71,0.80,1.62,0.81,0.85,0.86,0.82,0.81,0.86,2.52,0.86,0.80,0.78,0.82,0.82,0.84,0.81,0.81,0.81,1.63,0.85,0.82,2.46,1.67,1.73,1.67,0.82,0.86,0.82,0.84,0.85,0.84,0.84,0.85,0.85,0.82,0.84,0.78,0.84,0.85,0.84
3	71483889	71484380	AGGG	1.03	HG00181:2.55	0.82,0.82,0.81,0.83,0.83,1.67,1.60,0.84,2.55,0.84,0.82,0.82,0.85,0.82,0.80,0.81,0.97,0.84,0.87,0.83,0.83,0.78,1.68,2.47,1.67,0.84,1.70,0.84,0.86,0.84,0.81,0.90,0.87,0.87,0.81,0.81,0.83,0.82,1.68,0.79,0.86,0.84,1.75,0.86,1.65,0.85,0.86,1.67,0.85,0.85,0.86,0.84,0.82,0.78,0.84,0.83,0.85
1	225265882	225266775	AG	1.02	HG00181:2.55	1.63,0.84,2.55,0.80,1.70,1.63,0.81,0.86,0.87,0.83,0.85,0.85,0.84,1.68,1.66,0.84,0.81,0.90,1.74,0.81,0.82,0.85,1.64,0.83,0.84,0.82,0.81,1.70,1.66,0.84,0.87,1.71,0.82,0.84,0.84,0.84,0.85,0.79,1.70,0.83
7	80866577	80867452	AAGG	1.02	HG00181:1.70	1.70,0.84,0.84,2.51,1.74,0.84,1.67,0.87,0.87,0.83,0.78
Y	58883528	58883813	AATGG	1.00	HG00181:2.55	0.83,0.83,0.83,4.18,0.84,0.84,0.83,2.55,0.84,0.82,0.82,0.82,0.85,0.85,0.82,1.60,0.81,1.68,0.97,2.55,0.83,1.68,0.84,1.66,0.81,0.84,1.68,1.63,0.87,1.74,0.82,0.81,0.86,0.84,0.82,0.84,0.86,0.84,0.85,1.71,0.85,0.86,0.84,0.84
