motif	top_case_zscore	high_case_counts	all_counts
AACCCCGAACCCTAACCCT	14.69	HG00584:14.69	14.69
AAATGGTGAGAGGCACTGGG	8.90	HG00584:14.69	2.45,2.44,6.66,1.67,6.38,2.51,9.36,1.68,0.81,1.61,2.46,0.83,4.03,4.21,2.53,2.55,14.69,3.27,0.83,4.89,3.15,5.93,0.81,6.87,0.84,2.52,1.68,1.70,1.65,7.23,0.83,4.23,1.56,0.81,7.69,1.68,0.94,1.73,5.04,3.35,5.96,0.82,4.19,0.83,1.67,1.68,0.82,1.79,3.48,2.43,0.81,0.81,0.82,1.72,4.27,4.96,0.83,0.86,1.67,0.81,0.86,0.82,4.72,1.71,0.84,2.61,0.86,1.67,0.84,1.74,0.85,4.12,0.83,2.53,0.85,1.65
AATGTCGGTCCTACGC	2.60	HG00584:9.50	1.63,1.63,1.66,5.01,0.83,4.16,2.50,1.67,4.79,1.67,0.83,1.70,4.21,2.47,2.47,1.63,7.39,0.85,0.87,1.64,0.80,2.43,3.22,5.81,3.37,9.50,1.63,4.19,0.83,3.26,5.08,2.44,1.72,5.04,5.04,2.52,2.55,0.87,2.49,4.96,5.63,0.78,2.56,3.30,1.89,2.59,2.52,0.84,4.26,1.64,8.37,1.68,3.44,4.99,3.27,4.20,4.08,1.69,4.84,2.69,2.61,0.87,4.04,4.83,2.46,2.44,1.63,1.71,3.29,0.83,0.86,4.10,3.42,1.67,2.59,2.51,8.21,4.86,3.40,5.00,2.57,3.30,0.84,4.14,3.31,0.84,0.85,2.36,5.02,2.61,5.86,2.62,0.83,4.28,4.14,4.28,0.83,7.40,1.71,4.93,0.84,2.57,3.43,1.67,1.69,1.70,5.23,8.46,5.92,2.57,5.04,3.39,6.54,4.12,3.36,6.21,6.70,0.83,3.42,4.18,5.52,2.44,11.04,1.65,2.49,5.09,6.77
ACCACCACCACTACT	2.46	HG00584:10.37	3.27,0.82,3.26,0.83,0.83,0.83,0.84,0.80,0.84,1.68,2.50,1.70,1.68,9.87,0.82,2.41,1.64,0.85,0.85,0.87,5.75,7.21,10.85,1.68,1.69,10.37,4.07,11.04,1.69,0.81,1.68,1.68,0.87,1.65,8.04,5.79,3.13,4.27,7.55,1.68,2.47,0.94,0.86,0.83,1.67,2.46,0.84,2.58,0.82,7.49,0.84,0.82,0.84,2.69,2.61,0.81,0.85,1.64,0.83,4.93,2.57,2.52,0.83,2.51,2.57,0.84,4.35,0.84,0.87,0.83,1.71,0.83,4.28,3.31,0.85,5.75,0.84,0.86,0.86,4.22,0.85,3.42,0.84,1.69,1.64,0.82,0.78,1.66,0.84,2.55,0.83,30.76,0.85
ACAGGGTCCCAGAGC	2.33	HG00584:8.64	0.82,0.82,4.07,5.82,4.99,0.83,2.50,1.67,0.84,0.80,2.51,3.35,5.96,6.73,0.82,0.82,3.26,8.05,1.64,5.97,0.85,5.75,0.80,0.81,3.22,1.69,1.70,8.64,9.81,0.84,5.78,4.89,0.79,5.08,1.63,5.04,0.84,1.68,0.85,5.20,0.86,2.49,4.14,3.21,2.54,0.83,2.52,8.38,2.83,3.45,4.99,6.69,0.84,3.41,2.53,0.86,4.16,3.27,3.27,4.03,1.79,2.61,1.74,4.83,5.75,0.81,5.70,0.85,1.64,7.47,2.57,4.27,3.31,2.50,3.46,0.84,1.64,2.43,5.96,0.83,1.66,0.84,0.85,0.79,2.61,2.62,4.15,0.83,0.86,1.65,2.47,2.56,0.82,1.71,5.91,0.85,1.74,3.38,4.28,1.68,0.85,0.82,1.65,0.84,0.78,2.51,0.83,0.84,1.71,0.84,3.15,1.66,3.39,1.69
AAATGGACTACAACCACGCC	2.13	HG00584:42.33	28.56,13.84,9.98,27.54,19.14,11.66,22.54,38.45,15.16,19.21,26.80,19.14,18.72,44.60,36.19,25.48,35.04,7.24,36.11,38.40,29.90,33.74,15.62,13.62,39.23,23.54,15.31,15.98,13.55,26.14,42.33,40.86,33.54,8.25,11.40,26.03,16.94,13.04,16.31,0.84,14.29,27.21,12.86,18.20,23.30,4.95,28.91,20.27,18.79,26.01,36.86,28.84,14.16,0.86,38.67,23.29,29.29,13.42,11.50,10.89,16.84,18.93,33.28,35.14,16.39,41.17,11.43,16.14,0.90,40.84,19.14,20.14,0.82,20.35,31.62,13.13,21.35,19.03,30.99,9.86,19.46,14.99,25.71,45.56,0.85,24.85,25.08,16.54,11.71,0.87,19.92,7.70,40.55,20.68,26.31,25.60,27.09,13.43,36.84,19.41,12.73,15.70,24.53,11.84,14.55,17.65,31.36,11.64,38.26,10.96,17.94,10.87,25.23,17.90,21.23,21.62,25.40
ACACAGGGCC	2.08	HG00584:19.01	15.51,8.98,19.54,14.14,11.68,8.32,9.14,10.83,12.52,7.52,9.57,9.19,5.86,4.16,8.51,15.15,12.34,4.11,8.96,11.27,10.67,13.65,10.25,10.38,2.47,9.61,8.35,7.30,7.25,7.57,5.81,6.75,8.51,19.01,14.71,11.74,6.60,13.84,18.14,13.55,10.59,12.02,8.40,8.41,15.13,8.50,10.41,6.86,6.63,9.93,12.05,7.43,12.70,11.57,15.63,11.35,7.69,7.55,6.70,10.71,7.55,9.50,12.61,11.64,11.71,6.71,10.22,13.96,5.86,7.58,10.33,15.81,13.08,12.49,12.94,1.68,10.62,11.80,18.56,12.55,14.77,17.40,12.94,20.14,9.03,20.37,8.14,8.54,15.61,7.47,11.15,12.31,15.37,8.27,9.99,4.32,7.54,5.75,8.92,10.21,10.00,7.71,9.89,7.55,9.94,12.42,10.88,10.23,16.50,7.71,12.54,5.22,10.04,4.36,9.13,6.85,6.62,8.57,6.62,7.40,11.95,6.57,8.39,5.15,6.00,9.19,6.75,8.49,7.85,5.08,4.23,11.12,13.44,16.10,13.08,16.49,10.08,13.97,5.02,8.32,2.53,16.23,9.19,17.35,16.27,7.64,3.31,4.99,5.94,11.85
ACAGAGGAGAGGGAGAG	2.00	HG00584:13.82	8.16,12.21,7.48,2.50,1.66,11.64,2.50,2.51,5.58,4.18,4.19,10.82,11.91,4.21,4.11,10.59,6.44,7.39,5.12,3.42,5.19,3.29,4.01,11.68,4.03,5.89,6.78,4.22,1.70,13.82,5.72,18.14,5.15,4.20,0.84,3.36,3.40,5.78,12.70,8.60,6.49,11.10,3.36,5.77,4.72,9.50,4.20,4.16,1.68,4.93,8.37,3.44,12.48,4.90,1.67,4.08,5.90,5.65,0.90,5.21,3.48,0.82,4.98,6.56,11.10,4.14,2.59,5.02,4.93,6.49,4.17,6.00,3.36,9.94,1.66,4.19,2.56,6.29,3.43,5.85,6.96,4.36,1.66,5.14,7.45,1.71,9.10,4.11,7.68,4.93,2.52,2.57,10.86,7.59,7.64,4.36,4.23,5.07,3.42,4.20,4.24,21.26,4.95,0.84,6.99,2.53,13.02,5.10,0.83,1.66,4.24,8.47
AAGGCTCCTGACCCCAGCC	1.79	HG00584:4.32	0.82,1.63,0.81,0.83,2.50,0.83,1.67,0.84,1.67,1.68,1.66,1.70,0.84,1.65,2.47,0.81,0.80,3.28,0.85,0.87,1.60,2.50,0.81,2.42,0.97,4.32,1.63,2.52,2.44,1.69,1.63,2.58,1.68,0.84,0.87,0.83,0.83,1.61,1.65,1.69,3.31,2.34,0.81,0.85,0.84,1.65,0.94,0.84,1.66,1.64,2.51,2.58,2.59,0.84,1.63,0.87,0.81,2.42,2.46,1.63,1.63,2.46,1.66,0.82,1.71,1.67,1.67,0.82,2.43,0.83,0.84,0.83,1.66,2.36,0.86,0.84,0.87,0.83,0.86,0.86,0.83,0.85,0.84,0.85,0.85,0.85,0.82,1.68,1.67,1.66,2.53,0.85,0.79,2.44,0.85,0.83,1.70,0.85
AATACCACCTGGCACCACGG	1.20	HG00584:1.73	0.83,0.81,0.97,0.85,1.73,0.83,0.85,0.84,0.79
ACACCACCAGAGCCGGG	1.10	HG00584:7.78	1.63,1.63,4.07,1.66,1.67,0.83,1.66,0.83,5.84,7.52,1.60,0.84,4.16,3.40,1.68,8.23,0.82,5.70,1.61,6.57,0.85,1.73,3.20,0.83,1.62,2.42,6.73,2.90,8.43,0.85,7.78,2.45,1.68,4.89,1.58,0.85,3.26,0.84,1.68,1.70,1.73,1.71,1.66,0.80,1.69,1.65,1.56,1.62,0.85,2.52,3.35,6.61,2.52,4.99,3.35,2.52,1.70,1.64,5.86,3.37,1.72,8.32,0.82,0.83,0.84,2.45,5.90,0.87,0.87,2.43,3.26,1.64,0.83,6.86,0.82,1.65,0.86,0.84,1.64,0.81,6.81,0.86,3.30,0.84,3.31,2.48,2.51,2.56,1.57,0.86,0.84,1.74,1.67,0.87,1.66,3.31,2.57,3.31,0.82,3.41,2.46,6.72,0.86,0.86,3.34,0.84,0.87,0.85,4.23,0.86,1.68,0.82,0.82,5.02,0.84,2.56,4.18,1.63,1.70,1.65,0.83
ACCACTCCAGGGCCCTCTCC	1.09	HG00584:2.59	0.82,0.83,0.83,0.83,0.83,0.85,2.47,0.82,0.85,0.81,0.81,0.84,2.59,0.82,0.84,1.58,0.86,0.84,0.85,0.83,2.41,1.65,0.85,0.78,0.85,0.83,0.84,0.82,0.81,0.81,1.61,0.82,0.81,0.82,1.66,2.56,1.65,0.81,0.83,0.79,0.87,0.83,0.82,0.82,0.78,0.83,1.58,1.63,0.83,0.83
AATGTCGGTCCTACCC	1.01	HG00584:2.59	0.83,0.83,0.84,0.80,0.82,0.87,2.40,0.81,0.81,1.94,2.59,0.82,0.84,0.83,0.84,0.85,0.86,0.82,1.64,0.82,0.81,0.90,0.81,0.81,0.82,0.81,0.81,0.82,0.83,0.82,1.62,0.84,2.48,0.84,0.85,1.66,0.86,0.83,0.86,0.83,1.64,3.28,1.67,0.85,0.87,0.84,0.82,0.82,0.84,0.84,0.85,1.58,0.83
