motif	top_case_zscore	high_case_counts	all_counts
AAAG	2.67	HG00583:31.47	4.90,4.90,3.26,5.82,10.02,27.46,7.48,3.33,6.68,3.34,5.58,6.68,5.86,12.48,1.70,15.99,15.63,2.47,6.52,7.24,5.75,2.56,8.54,6.06,10.69,9.61,5.01,9.74,4.84,5.05,14.52,11.81,31.47,12.96,28.60,28.51,6.60,13.03,22.87,6.77,8.15,21.46,4.20,15.13,16.81,16.16,5.20,7.72,14.91,13.23,10.45,1.65,6.77,7.44,7.03,14.59,2.56,11.75,1.68,3.30,5.66,4.32,6.73,4.99,10.04,6.71,6.81,2.51,3.37,9.47,7.49,5.72,13.32,5.18,8.40,16.33,40.44,13.72,9.86,2.61,18.27,8.90,7.25,12.32,12.22,12.21,4.27,9.86,15.78,16.30,21.33,9.39,24.82,11.66,14.70,12.56,9.86,36.48,4.25,11.66,3.43,2.47,2.52,2.48,5.80,3.35,4.26,3.93,2.57,15.05,4.35,2.51,7.86,16.60,3.31,5.14,3.31,1.64,1.71,7.39,2.52,6.85,0.84,4.22,5.09,5.23,1.69,4.23,1.71,5.88,0.85,17.17,0.82,3.36,0.78,6.70,9.98,10.96,5.98,3.34,3.15,4.88,6.79,3.31,1.66,1.70,3.39
AATGG	2.48	HG00583:1460.49	769.01,598.95,792.20,998.63,635.16,1164.78,728.93,922.69,977.75,1595.50,652.49,736.66,836.79,913.52,1053.35,588.26,715.58,797.29,722.04,705.14,656.59,802.07,1100.39,1603.92,930.53,920.60,1007.41,909.04,564.09,1199.36,815.12,887.10,1460.49,406.04,552.36,691.00,643.55,589.52,562.37,640.21,682.93,1008.79,903.88,710.40,561.55,1040.86,1136.00,848.68,515.28,899.11,535.20,929.61,886.65,896.68,512.62,499.39,472.37,1099.02,1120.09,529.86,666.40,1166.72,1070.19,712.83,1246.81,821.90,870.38,541.21,628.06,655.18,1214.17,1300.23,755.18,1015.84,859.96,777.20,799.42,433.89,795.58,1130.03,1387.63,717.93,549.88,496.20,682.34,565.60,845.13,997.17,465.80,619.53,583.45,894.43,411.65,877.64,477.12,744.27,1105.44,696.46,746.72,693.48,926.35,963.19,868.62,1069.92,834.85,884.62,874.91,527.66,582.38,881.04,575.16,961.87,852.49,1108.66,1220.03,901.27,694.24,1614.74,450.92,713.61,974.68,788.05,1155.84,957.94,674.27,731.58,886.02,849.74,1422.94,635.32,1188.19,813.77,728.50,1015.30,520.90,423.02,704.85,583.00,574.37,814.32,764.38,1156.89,703.74,482.51,566.21,376.23,967.91,1186.44,661.14,622.36
AGCATCCCTGAGCCCC	2.40	HG00583:4.25	0.82,3.87,2.53,4.25,0.86,2.45,0.84,0.79,0.85,1.68,0.84,0.86,1.66,1.69,0.84,0.90,0.81,2.42,0.81,0.85,0.82,0.86,1.65,0.87,0.86,0.84,1.69,0.85,0.85,3.11,0.84,2.37,0.85,0.85
AACCTCCCT	1.82	HG00583:47.63	10.61,4.90,17.91,51.55,13.35,34.94,20.78,13.32,32.56,29.25,33.50,5.85,8.38,5.82,34.03,38.71,32.90,27.95,4.89,28.17,45.96,25.60,9.40,27.68,21.37,19.23,16.69,16.23,27.40,23.55,6.78,31.20,47.63,27.64,22.06,15.93,26.40,8.96,19.72,17.78,6.52,15.45,32.76,20.18,7.57,17.01,30.35,17.15,3.31,26.47,49.02,14.86,11.86,9.92,42.20,13.78,20.50,7.55,15.92,20.60,18.88,17.27,35.31,28.28,20.08,8.39,8.52,22.17,15.07,10.95,23.23,34.94,34.33,11.66,18.11,32.77,11.43,19.38,25.01,10.75,23.46,12.18,21.83,6.44,36.13,24.45,34.20,14.53,32.86,17.44,39.47,27.90,17.08,29.78,18.32,60.51,30.15,9.03,23.51,32.33,2.50,8.57,4.12,2.52,4.14,12.42,0.84,1.70,0.79,4.29,18.39,0.87,20.08,10.48,5.81,29.96,3.31,27.41,7.45,3.29,2.56,9.03,15.95,6.86,11.14,5.85,4.22,7.64,5.23,2.54,0.85,0.86,15.25,9.00,0.82,10.92,31.05,3.35,2.53,8.54,47.64,2.37,20.34,7.64,4.96,12.47,11.88,6.77
ACGCCTGCTCTCACTGG	1.72	HG00583:11.06	0.82,5.71,1.63,8.31,5.01,6.66,4.16,0.83,5.01,5.01,1.60,4.18,2.51,6.66,8.51,6.73,7.40,6.58,2.44,8.05,4.92,9.39,2.56,2.60,1.64,4.81,2.50,3.25,6.45,6.73,6.78,5.06,11.06,4.32,5.72,6.71,7.43,3.26,4.73,5.93,9.78,5.15,5.04,3.36,5.04,5.95,10.41,4.29,4.97,4.96,4.82,4.13,5.08,4.13,9.38,8.11,5.98,4.19,5.03,9.06,2.83,5.18,4.20,9.15,9.20,5.03,5.96,3.29,3.35,3.37,2.58,9.15,7.36,4.16,3.45,1.68,3.27,5.90,3.23,1.79,1.74,8.70,6.47,4.03,6.57,3.26,2.44,5.13,10.68,9.14,5.15,3.42,6.62,6.66,6.05,3.35,4.93,7.30,8.51,5.83,3.43,0.82,5.03,1.66,6.63,4.19,8.52,8.65,3.43,6.69,6.09,6.69,6.11,8.30,5.14,0.83,6.00,2.48,11.10,4.10,6.72,3.43,3.43,4.18,5.91,3.40,5.23,6.77,3.38,5.99,7.56,2.54,4.91,1.65,4.20,5.43,6.70,3.33,1.69,2.56,3.34,8.67,8.95,5.10,2.48,6.65,11.03,5.93
AATGGAATGGAATGGAGTGG	1.71	HG00583:3.40	0.81,1.66,3.33,0.83,0.83,0.84,0.85,1.64,1.63,1.61,0.82,0.85,2.60,0.80,1.67,0.81,1.68,3.40,0.82,0.85,1.72,0.84,0.84,0.85,0.87,0.83,1.65,0.80,0.85,0.81,1.68,0.84,0.86,0.84,1.66,0.84,0.84,0.86,0.81,0.87,0.81,1.64,0.84,0.82,0.81,2.55,1.66,0.85,0.86,0.87,0.86,0.86,0.84,0.87,0.84,0.85,0.84,0.78,0.83,0.84,0.84,0.81,0.85
AATATATATATATGG	1.69	HG00583:11.06	1.63,0.82,8.14,6.65,3.34,2.50,4.16,3.33,1.67,3.34,9.19,5.11,4.94,3.29,5.70,0.80,1.64,0.85,5.13,2.60,0.82,4.01,4.17,3.25,1.61,1.68,3.87,9.28,11.06,6.05,4.95,7.33,3.15,8.47,3.26,9.44,10.08,5.04,0.85,1.73,1.71,9.11,11.25,4.13,7.81,4.05,0.84,4.19,6.59,1.73,2.52,6.65,5.86,3.41,9.03,6.70,5.89,1.72,1.66,0.82,10.82,0.86,0.84,4.08,6.74,4.84,4.34,3.48,0.81,10.47,4.11,8.96,2.44,1.71,9.04,0.83,4.29,7.39,0.83,7.49,1.64,0.81,7.66,3.33,1.71,5.77,3.31,0.83,10.05,3.41,8.65,2.57,0.84,0.87,1.67,2.62,2.49,3.31,6.62,0.85,2.52,1.72,2.57,2.51,0.84,0.85,1.74,1.71,7.56,0.85,0.82,2.47,1.68,4.66,8.37,1.66,1.69,5.13,9.19,3.15,0.81,5.94,1.65,2.49,7.64,0.85
AGGATATATATAT	1.62	HG00583:2.55	0.83,0.84,1.70,0.85,2.55,0.85,0.85,0.86,0.80,1.68,0.86,2.61,0.81,0.85,0.83,1.62,0.81
AGATATAGATATAGATATAT	1.46	HG00583:1.70	1.60,1.70,0.83,1.71,0.82,3.25
ACAGCGGAGGACAGTGATGG	1.41	HG00583:4.25	2.45,0.83,0.83,2.50,0.83,0.83,0.84,0.80,1.68,1.70,3.28,1.71,0.85,0.82,0.80,0.83,0.81,0.84,1.94,1.69,4.25,2.45,0.84,0.83,2.44,3.39,0.81,2.58,0.84,0.84,2.55,0.87,1.71,0.83,4.96,2.48,2.48,0.84,0.84,0.94,0.84,1.66,1.67,1.67,0.86,1.66,2.45,1.67,1.73,0.82,0.84,1.61,0.87,1.62,0.82,0.85,0.83,0.86,1.67,2.46,0.81,0.83,0.86,3.30,0.84,0.83,1.67,1.70,1.71,0.84,1.67,2.62,1.66,1.71,1.64,1.68,1.71,0.84,1.69,3.40,3.49,1.69,1.71,0.84,2.52,1.55,0.84,0.83,1.58,1.63,0.83,1.66,2.55
AGCCC	1.32	HG00583:12.76	4.90,6.53,4.89,6.65,3.34,8.32,9.14,6.66,7.51,13.37,3.99,6.68,3.35,3.33,5.96,9.26,6.58,6.58,6.52,11.27,5.75,7.68,5.98,4.33,13.15,2.40,8.35,2.43,4.84,5.05,12.59,4.22,12.76,3.46,2.45,9.22,3.30,8.14,9.46,2.54,4.07,2.58,8.40,2.52,4.20,3.40,6.07,6.00,4.97,5.79,2.41,1.65,4.23,4.13,6.25,4.86,7.69,9.23,5.86,4.12,2.83,2.59,4.20,7.49,6.69,2.52,8.52,6.57,2.51,4.21,3.44,7.49,7.36,8.33,9.49,3.36,3.27,3.37,10.49,7.17,4.34,6.09,4.04,4.03,2.46,4.07,4.07,3.42,6.57,4.98,8.58,6.56,3.42,4.96,2.50,4.32,5.02,3.29,9.73,5.11,7.50,11.14,5.77,5.87,1.66,3.31,10.05,3.41,7.07,11.14,5.85,6.09,8.37,2.62,13.28,6.85,6.62,12.85,4.96,5.75,5.97,4.10,6.72,6.86,8.57,5.01,10.13,9.34,8.72,5.08,6.77,5.99,5.04,7.63,7.36,2.47,7.56,6.99,9.21,2.50,10.96,9.40,5.85,9.46,7.32,8.49,6.62,12.47,3.39,7.62
AATGAGTGAGTGGGGAGAGG	1.26	HG00583:5.10	2.45,1.63,1.67,1.66,0.83,5.00,0.83,0.80,1.66,2.55,4.21,2.41,1.71,1.71,2.60,2.47,2.40,2.50,2.43,2.42,2.53,5.10,1.73,0.84,4.95,3.94,1.69,0.81,3.36,2.52,0.85,1.73,3.31,2.41,0.85,0.83,1.62,3.36,1.65,1.89,2.52,1.68,1.64,0.84,0.84,1.63,2.50,3.45,1.68,0.82,3.37,1.61,4.48,0.87,5.75,0.81,2.56,2.49,2.57,14.77,1.71,0.83,1.67,1.62,0.83,1.65,0.83,3.48,1.75,0.86,0.83,2.47,0.85,0.86,3.49,0.85,0.85,0.82,0.84,0.79,0.83,0.85,0.85
ACACT	1.08	HG00583:2.55	0.82,0.83,1.67,0.80,0.84,0.83,0.85,0.82,0.81,0.81,2.55,0.84,0.83,1.68,0.84,0.85,1.71,0.83,0.81,0.84,0.86,0.83,0.85,1.72,0.82,1.73,1.61,1.71,0.86,0.82,0.81,0.85,2.57,0.84,1.66,0.84,0.79,0.86,0.82,0.86,0.86,1.68,0.84,0.85,0.85
ACCTCCCTCGCC	1.01	HG00583:1.70	0.83,4.07,2.42,1.69,1.70,1.68,0.82,1.67,0.83,0.85
