#contig	start	end	unit	top_case_zscore	high_case_counts	all_counts
2	236481215	236482244	AAAGAAG	14.62	HG00185:28.61	28.61,17.27,17.15
6	15853039	15854444	AAG	5.23	HG00185:9.26	1.63,3.26,1.63,2.49,1.67,1.67,2.51,0.80,4.19,2.50,9.26,2.47,3.22,2.46,1.71,2.56,1.73,3.25,0.84,0.85,0.79,0.84,0.87,1.71,0.83,4.13,5.08,3.31,0.84,5.03,3.30,1.73,2.52,0.84,0.85,0.82,1.67,0.84,2.50,0.81,1.79,2.61,0.81,4.29,5.74,0.85,4.16,0.83,1.71,0.84,1.67,0.79,3.43,1.67,0.84,3.49,3.32,0.86,2.48,0.86,0.83,1.64,3.41,0.82,0.86,0.86,0.84,0.85,5.08,2.54,1.68,0.85,0.82,1.68,0.84,3.33,2.53,0.79,0.81,3.39,3.39
15	97631236	97632109	AAGGAGGAGGAGGAGG	4.69	HG00185:5.05	0.83,5.05,0.81,0.97,2.59,1.64,4.94
9	108114032	108114240	AG	4.21	HG00185:4.21	1.67,4.21
19	34535022	34536276	AAG	3.86	HG00185:10.94	4.89,0.83,10.81,0.83,9.18,5.01,3.34,4.99,10.94,5.76,6.52,6.83,5.13,1.73,4.01,1.68,1.94,5.90,5.10,2.59,2.45,0.84,0.83,0.81,3.94,1.69,6.52,0.86,2.52,0.84,2.52,2.55,4.34,0.86,4.14,4.96,1.61,4.13,0.81,1.68,3.35,3.30,3.45,4.18,2.55,0.84,12.48,4.09,0.83,3.45,3.36,4.08,5.90,14.52,3.58,3.48,0.87,9.70,2.46,4.89,1.71,4.93,0.83,0.82,0.83,6.66,6.92,6.70,0.82,1.62,1.70,0.83,0.86,0.82,2.52,0.83,5.11,2.36,3.49,0.83,0.85,5.75,0.84,1.72,3.38,1.69,4.12,1.66,0.79,2.44,0.85
17	69603952	69604790	AGATATATATAT	3.53	HG00185:5.05	0.81,2.50,5.05,7.40,0.85,4.11,1.60,0.84,1.67,3.27,1.65,0.85,1.64,1.69
4	14205839	14206790	AAAG	3.37	HG00185:4.21	0.81,0.83,0.84,4.21,3.41,2.47,0.80,0.81,0.81,0.86,0.80,0.82,1.66,0.83,0.84
3	102856097	102857622	AAAAT	3.14	HG00185:19.36	0.82,3.26,6.51,17.53,11.17,13.40,18.30,6.81,19.36,4.11,14.80,7.39,14.51,9.40,8.93,4.03,11.77,9.68,1.69,5.10,3.46,2.45,4.13,21.17,13.41,11.01,13.85,2.52,2.55,4.34,0.86,9.91,4.69,9.73,5.98,6.71,2.51,4.94,5.18,1.66,4.18,5.75,16.75,5.89,11.19,0.83,7.76,1.68,10.49,8.07,3.22,4.93,9.40,11.10,2.48,16.65,3.35,7.71,9.07,4.15,3.31,11.14,13.71,6.68,16.58,4.14
17	5765635	5766998	AAAG	2.97	HG00185:11.78	0.83,0.80,11.78,12.62,5.06,14.46,5.87,10.59,7.10,0.84,2.55,9.43,3.31,11.58,0.83,0.86,0.86,3.33,5.72,4.16,1.61,2.69,0.87,0.81,4.89,0.82,9.14,7.72,3.28,2.56,3.31,0.83,2.51,4.93,5.68,6.81,0.83,6.00,0.82,1.66,1.67,7.67,3.93,0.84,1.65,3.29,0.82,2.52,2.57,0.87,0.85,4.20,0.85,2.47,3.15,8.49
19	43901514	43902895	AAAAATATATAATATAT	2.95	HG00185:8.42	1.63,4.07,0.83,1.67,0.83,3.32,0.83,0.83,3.34,1.60,2.51,2.51,4.99,1.70,8.42,3.29,9.86,2.44,1.61,0.82,1.71,1.71,2.60,2.47,4.81,1.67,3.25,3.22,1.68,1.94,3.40,0.84,1.65,2.44,3.15,2.54,0.81,1.72,1.68,0.84,2.52,4.34,3.31,1.65,5.63,1.69,2.48,7.03,4.05,2.56,7.55,1.68,5.77,2.83,5.18,5.04,1.66,1.67,3.41,2.46,2.51,0.84,1.72,0.83,2.45,2.50,1.68,1.63,1.69,1.61,1.79,2.61,0.81,2.46,0.81,3.26,1.71,1.64,2.49,4.92,3.42,4.14,0.83,4.19,0.82,0.81,3.40,0.83,6.00,2.47,2.52,3.31,3.31,1.67,2.56,2.36,1.71,1.67,1.74,3.35,2.49,2.57,1.65,5.14,4.11,2.46,2.52,1.72,1.71,2.51,4.22,2.55,2.54,1.71,3.36,1.69,1.64,2.47,2.33,5.86,1.66,3.37,2.56,5.52,4.07,0.85,1.65,0.83,0.85
15	90206071	90207732	AACTGACTCTGTGGCCCTGG	2.93	HG00185:15.99	2.45,0.82,4.07,7.48,4.17,9.15,1.66,3.33,10.02,8.36,2.39,12.53,10.05,6.66,11.06,15.99,3.29,5.75,3.26,3.22,6.57,0.85,1.71,6.06,11.51,3.20,2.50,4.87,0.84,7.74,5.06,3.40,4.32,4.90,10.06,8.25,4.89,0.79,1.69,3.26,3.43,9.24,4.20,7.57,7.65,4.34,6.00,0.83,11.58,6.43,3.30,5.93,3.31,2.34,2.43,6.83,5.03,15.08,11.54,2.83,3.45,5.04,2.50,2.51,0.84,8.52,4.93,5.86,2.53,12.05,8.32,6.54,5.00,8.63,5.04,3.27,16.85,6.45,0.90,13.03,0.87,9.70,1.61,4.93,9.78,4.89,9.40,10.68,6.01,4.10,8.54,4.14,4.16,3.46,5.86,9.86,3.24,5.96,8.33,8.57,13.19,6.71,10.77,3.31,7.54,7.67,6.29,1.71,7.52,6.09,3.35,1.75,2.49,7.70,0.83,4.28,7.45,9.87,6.83,10.67,12.59,4.29,5.14,7.52,3.38,7.64,5.23,1.69,21.99,3.42,8.40,7.63,5.72,5.77,12.60,12.42,5.02,10.81,5.90,9.40,4.18,7.10,17.90,5.94,10.75,10.81,9.34,14.39
20	13828266	13829877	AAG	2.67	HG00185:18.51	2.45,15.50,15.47,3.33,9.18,1.66,4.99,9.16,3.34,6.69,1.60,14.20,12.56,16.64,5.96,18.51,5.76,4.93,14.67,7.24,4.92,17.07,4.27,5.19,4.11,5.61,9.18,3.25,21.76,14.30,6.78,11.81,3.40,1.73,4.90,3.35,9.90,2.44,3.15,3.39,6.52,14.60,5.04,3.36,9.25,3.40,3.47,3.43,4.97,16.54,4.02,7.43,15.70,1.56,14.59,2.56,0.84,1.68,9.89,7.55,6.05,5.88,6.65,12.55,5.03,11.92,13.14,14.24,5.05,7.74,6.66,9.81,2.50,3.45,6.72,1.63,2.53,6.45,0.90,3.48,2.61,4.04,12.08,0.82,4.07,21.98,7.69,4.11,1.66,2.57,4.92,1.65,18.32,3.46,3.35,0.82,0.81,2.55,10.83,3.43,3.30,7.55,9.11,6.63,3.35,7.67,4.72,4.29,2.51,6.09,1.67,6.98,4.15,7.70,6.62,16.28,1.65,8.22,4.27,8.21,4.20,3.43,4.28,4.18,2.53,5.94,12.21,0.85,3.38,7.70,2.52,5.93,4.09,9.90,2.52,3.88,6.70,11.65,0.84,4.27,8.36,5.52,4.88,5.10,9.93,4.99,3.39,3.39
9	134295075	134296307	AAAG	2.63	HG00185:24.41	23.30,17.47,24.41,17.93,15.36,16.44,18.36,2.41,11.72,12.58,14.23,17.03,8.17,16.33,17.38,26.69,18.74,34.05,10.30,18.05,3.42,14.99,20.94,20.27,19.57,24.85,16.88,7.62
17	8011380	8011819	AG	2.61	HG00185:4.21	0.83,2.49,0.83,4.21,2.48,3.39,0.85,1.68,2.51,0.86,0.82,1.73,0.81,3.42,0.82,1.71,1.65,0.83
12	130534244	130535297	AATAG	2.53	HG00185:3.37	3.37,1.65,0.81,0.85,0.81,0.84,1.70,0.86,4.09,0.83,0.82,0.85,0.85
5	77642684	77642955	AC	2.52	HG00185:2.52	2.52,0.85
2	209312331	209312336	AAAT	2.52	HG00185:2.52	2.52
16	64695762	64697031	AAGGAAGGAAGGAAGGAGGG	2.44	HG00185:3.37	1.66,0.83,0.83,3.37,0.87,1.67,0.84,0.84,0.82,1.58,0.84,0.84,0.87,0.83,0.78,0.86,0.84,0.82,1.63,0.83,0.87,0.83,0.86,0.85,0.84,0.83,0.83,0.84,0.86,0.84,0.83,0.83,0.82,0.84,0.87,0.85,0.84,0.85
21	20687333	20687760	AT	2.40	HG00185:3.37	0.82,2.44,3.37,0.81,0.85,0.86,0.79,0.84,0.87,0.86,0.78,0.85,0.84,0.84,0.84,0.86,0.81,0.81,0.86,0.81,1.70,0.84,1.64,0.85,0.85,0.84,1.69,0.83
2	146785486	146786473	AAAG	2.33	HG00185:3.37	0.83,3.37,0.80,0.87,1.64,0.85,0.86,0.84,0.79,0.85,0.86,0.84,3.31,0.83,0.80,0.85,0.78,0.86,1.70,2.50,0.81,0.90,0.87,0.87,1.63,0.81,0.85,0.84,0.83,0.84,0.82,0.85
9	30204973	30206283	AAAG	2.27	HG00185:11.78	1.63,4.90,0.81,3.33,5.01,3.33,2.50,2.50,4.18,1.60,8.35,0.84,7.49,0.85,11.78,1.65,2.47,4.07,1.61,3.28,3.41,5.13,0.87,11.51,8.01,5.01,8.93,1.61,4.21,1.94,3.37,1.70,5.18,4.95,3.26,6.31,11.86,3.26,5.15,4.20,4.20,10.93,6.80,5.20,5.14,2.49,2.48,7.23,10.73,5.08,0.83,5.47,4.27,2.52,2.51,2.47,4.72,1.73,3.36,3.33,2.51,3.35,3.41,3.29,3.35,5.05,6.02,1.66,1.63,2.50,9.49,3.36,0.82,9.27,1.61,3.58,4.35,4.04,4.03,7.39,4.89,0.81,5.13,4.93,8.30,8.58,9.85,0.85,5.79,3.33,8.64,7.54,7.39,1.62,11.91,1.67,3.43,2.52,1.66,1.66,4.19,3.41,1.57,5.22,0.84,5.24,2.49,3.42,3.31,0.83,4.11,4.10,2.52,3.43,1.71,0.84,3.38,0.85,3.42,2.52,1.69,0.82,0.84,1.66,4.21,0.85,5.01,4.73,2.44,4.25,3.33,1.70,0.85
8	41187302	41187995	ACCCATCCATCCATCC	2.22	HG00185:3.37	0.83,1.66,0.83,0.83,1.66,3.37,0.82,0.81,0.80,0.83,0.85,1.63,0.79,1.63,0.86,0.85,1.65,0.78,0.85,0.94,0.84,0.85,0.84,0.83,0.87,0.81,0.82,0.83,0.86,0.82,0.85,0.82,0.84,0.83,0.85,1.69
22	22927696	22928892	AAAG	2.17	HG00185:4.21	0.83,4.21,0.81,1.64,4.84,0.83,10.54,0.84,0.84,0.86,16.74,1.71,14.75,0.83
18	46256200	46257387	ACACCGCAGGAGCCCCTC	2.15	HG00185:3.37	0.82,1.63,0.83,0.83,0.84,3.37,1.64,0.81,1.61,0.82,1.60,0.81,0.81,0.97,0.83,0.86,0.84,0.84,0.85,0.94,0.83,1.62,0.81,0.82,0.82,0.81,0.83,2.48,0.84,0.79,0.86,1.72,0.87,0.78,0.83,0.84,0.85
X	764189	764795	AAAG	2.13	HG00185:4.21	1.63,0.83,1.67,0.84,0.83,0.85,4.21,0.80,0.82,0.85,0.87,1.62,0.84,1.70,0.84,0.85,0.84,0.84,0.85,0.87,0.83,1.65,0.85,0.83,0.82,0.84,2.51,0.84,0.82,0.84,2.53,1.63,0.81,0.82,0.82,1.71,1.65,2.59,0.83,0.83,3.41,0.79,0.84,4.18,1.75,0.83,2.56,0.86,0.85,2.54,1.69,0.85,1.68,1.66,0.85,1.67,1.63,0.83,0.83,1.70
17	5226410	5227601	AATATATATATATATCTAGG	2.10	HG00185:6.73	0.82,1.63,4.99,1.67,3.33,5.85,0.80,4.18,4.25,6.73,1.61,2.56,1.64,4.01,7.30,1.61,3.36,3.37,0.86,5.72,2.52,1.65,2.37,4.23,2.58,2.52,2.60,3.43,3.39,0.78,0.84,2.83,0.86,2.51,2.53,2.58,2.45,0.83,0.86,1.63,1.69,1.61,3.58,2.61,3.23,1.63,2.56,3.33,4.32,3.24,2.48,4.19,0.87,0.87,5.79,0.85,10.02,0.85,1.69,1.68,0.78,4.25,0.83,0.85,4.23
22	34117914	34118765	AGAGGAGGGAGAGGG	2.06	HG00185:3.37	0.83,0.80,1.67,3.37,0.82,1.64,0.80,0.82,0.83,0.81,0.84,0.84,1.63,0.86,0.85,1.66,1.65,2.54,0.82,0.86,0.84,0.84,0.82,1.72,0.86,0.84,0.90,0.81,0.83,1.70,0.79,0.83,0.85,0.84,0.85,0.85,0.84
13	102813364	102814892	AAG	2.02	HG00185:23.56	12.52,15.82,5.01,0.80,40.21,23.56,18.92,4.27,22.49,15.62,17.53,18.67,2.48,13.03,16.94,27.35,12.97,23.06,20.97,1.68,8.52,13.14,3.35,12.05,0.82,0.82,2.47,0.83,0.85,0.85
19	2201215	2201579	ACGAGGGATGCGGGGAGG	1.98	HG00185:3.37	0.82,0.81,0.83,0.84,2.50,3.37,0.82,0.80,0.85,0.82,0.81,0.81,1.68,0.84,0.83,0.81,0.81,0.86,0.84,1.68,0.83,1.65,0.80,1.65,0.85,0.83,1.68,0.86,0.83,0.84,0.83,0.82,0.86,0.84,1.69,0.90,0.87,0.81,0.81,0.82,0.83,0.82,0.85,0.83,0.86,0.81,0.86,0.79,0.84,0.87,0.86,0.86,0.85,0.86,0.84,0.84,0.85,0.84,0.81,0.83,0.85,1.69
4	24388733	24389875	AAAG	1.90	HG00185:4.21	1.66,0.83,8.31,3.19,0.84,4.21,1.67,0.81,2.45,0.81,1.58,0.81,0.86,0.87,1.71,2.54,0.83,1.56,0.84,1.68,0.85,3.27,0.87,1.64,0.85,4.98,1.64,0.83,0.83,2.36,0.86,0.84,1.74,1.67,0.85,1.71,1.69,1.64,0.82,0.84,0.85,0.83,2.55
7	40416182	40417150	AAAG	1.87	HG00185:15.15	1.67,0.84,0.83,15.15,6.58,8.15,0.80,5.10,0.79,4.23,5.89,15.24,13.28,0.81,4.72,18.41,1.70,4.19,8.69,9.57,3.28,0.82,0.85,9.51,22.41,1.65,19.52
11	59973531	59974225	ACATATATAT	1.83	HG00185:3.37	0.82,3.37,1.71,4.11,0.84,0.79,1.69,1.68,2.52,1.65,3.22,0.82,1.66,1.64,0.85
12	95870292	95870735	AG	1.83	HG00185:2.52	2.52,0.82,2.43,3.39,0.84,1.67,0.85,0.85,0.87,0.83,0.85
6	103652438	103654044	AAG	1.82	HG00185:24.41	22.03,24.41,13.67,0.82,12.76,17.33,21.19,15.61,15.43,29.82,21.51,0.84,23.32,9.81,1.67,6.45,8.70,16.17,3.22,7.33,23.82,16.50,0.87,15.42,18.88,6.75,18.83,28.28,11.70
18	74298621	74299427	ACACGTGCGTATATGGG	1.81	HG00185:2.52	0.83,0.84,2.52,0.82,0.85,0.84,0.85,0.84,0.84,0.82,0.83
1	37567727	37568930	AGG	1.78	HG00185:5.05	1.63,2.44,2.49,2.50,3.32,0.83,2.50,0.84,1.67,2.51,5.05,1.65,0.80,0.82,1.71,1.71,1.73,1.64,1.60,1.67,0.81,1.61,0.84,2.90,0.85,0.83,1.73,1.65,1.69,1.65,3.13,1.62,2.56,0.84,2.47,1.89,3.36,1.66,0.84,1.70,1.64,1.67,2.53,0.86,0.82,0.84,0.82,0.87,0.81,0.82,1.67,0.82,1.62,0.84,0.83,0.83,1.67,3.41,3.93,0.86,3.34,0.87,0.84,0.87,1.66,1.71,1.65,1.71,0.83,0.82,0.85,1.72,1.71,0.84,0.87,1.69,0.85,3.42,0.84,0.84,1.55,1.67,0.83,1.69,2.56,1.67,0.79,4.07,3.40,3.31,0.83,3.39,1.69
18	41278739	41279804	ACATATATATATAT	1.77	HG00185:4.21	2.49,2.50,1.70,4.21,1.65,1.61,2.42,2.52,0.83,5.88,1.67,0.84,0.84,0.86,0.87,0.81,1.64,0.86,0.85,2.50,1.67,2.57,1.67,0.87,0.86,0.83,3.43,4.28,1.67,4.23,1.65
6	160400606	160401746	AAAG	1.75	HG00185:8.42	14.66,8.42,13.98,9.39,8.64,9.89,11.14
9	86640562	86641602	AAG	1.75	HG00185:5.05	0.82,1.67,0.83,1.67,0.84,1.66,1.70,5.05,0.82,1.64,0.80,3.28,0.87,3.20,2.43,1.61,2.52,0.97,1.69,0.85,4.19,1.65,1.63,1.63,0.86,0.84,1.70,6.60,7.81,3.24,3.36,1.68,0.82,2.83,0.83,3.35,0.84,1.72,0.82,0.83,0.81,0.90,0.87,0.82,0.83,0.84,2.43,0.85,3.35,0.86,3.31,1.64,1.67,0.85,1.74,0.85,0.84,0.84,3.25,2.54
10	130017284	130018112	ACCCACTCACTCACTCACTC	1.74	HG00185:3.37	0.82,0.83,0.83,0.83,0.83,0.85,3.37,1.63,1.71,0.83,0.81,0.82,0.84,0.85,1.68,0.84,1.71,0.83,0.80,0.85,0.83,1.71,0.86,0.83,0.84,0.84,1.63,0.82,0.83,0.84,0.82,0.85,0.84,0.83,0.83,0.85,0.79,1.71,1.74,0.83,0.86,1.65,0.84,0.86,0.84,1.68,0.82,0.82,0.84,1.67,2.56,0.84,0.85,0.85
11	87356138	87356677	AAGGGAAGGGGG	1.70	HG00185:2.52	2.52,0.82,0.81,0.85,0.83,0.81,1.68,0.82,0.83,0.81,0.82,0.82,0.82,0.84,0.84,0.85,2.45
4	49155305	49155754	AAAGGAATGGAATGG	1.68	HG00185:1.68	1.68,0.86
2	163170612	163170699	AAAG	1.68	HG00185:1.68	1.68,0.81
1	55808116	55808117	AC	1.68	HG00185:1.68	1.68
19	30409975	30410023	AAC	1.68	HG00185:1.68	1.68
21	20554464	20554465	AGAT	1.68	HG00185:1.68	1.68
3	73842281	73842282	AGAT	1.68	HG00185:1.68	1.68
6	169239980	169239992	ACCGCGTCCGCATCGGC	1.68	HG00185:1.68	1.68
7	138306527	138306909	ACATACATAGATAGATAGAT	1.68	HG00185:1.68	1.68
7	85089948	85089974	ACGTATATAT	1.68	HG00185:1.68	1.68
20	61852370	61852756	ACTGCGGGG	1.68	HG00185:1.68	1.63,1.68
6	24000506	24001492	AAAAT	1.67	HG00185:1.68	1.68,10.30,0.86
2	11520476	11521036	ACACGTATATAT	1.67	HG00185:1.68	1.68,2.46
10	43720137	43720908	AC	1.65	HG00185:2.52	0.83,2.52,0.83,0.84,0.83,0.84,0.83,0.87,0.85,1.71,2.43,0.82,1.67,0.87,0.83,0.83,0.86,0.82,0.84,0.84,0.85
10	18470013	18470729	AAAAT	1.65	HG00185:1.68	0.82,1.68,2.43,1.63
19	43901366	43902816	AAATATATATTATATAT	1.63	HG00185:3.37	0.82,2.49,0.83,0.84,0.83,3.37,0.82,0.82,0.81,0.85,1.64,0.83,0.81,0.81,0.97,1.69,0.83,2.44,1.69,1.63,0.84,0.85,1.62,0.82,0.94,0.84,0.84,1.64,0.84,0.83,0.82,0.83,0.84,1.63,1.61,0.87,0.81,0.81,0.82,0.81,0.83,0.86,1.64,0.83,0.84,0.83,0.82,0.84,1.57,0.86,0.84,0.83,0.86,0.86,0.82,0.82,1.68,0.86,0.86,0.84,0.87,1.69,1.69,2.54,0.82,1.68,2.51,0.85,0.83,0.85
6	52197773	52198375	AAAG	1.63	HG00185:1.68	1.68,0.85,0.97,0.83,0.83
10	134443378	134444668	AAGACATCCATGAGGGG	1.60	HG00185:3.37	1.63,0.82,1.63,3.37,0.82,0.85,3.22,0.84,0.84,0.83,2.37,2.58,2.57,0.80,1.69,0.85,1.65,0.84,0.85,0.84,0.84,1.74,0.87,0.81,0.81,2.46,0.85,0.86,0.85,0.83,0.83,0.85,0.84,0.86,0.83,0.84,1.69,0.86,0.84,0.85,1.64,0.83,0.84,0.85
11	95127328	95128177	AAAG	1.59	HG00185:2.52	2.52,0.84,0.86,0.83,2.48,0.84,0.86,1.67,1.63,0.83,0.83,0.86,0.83,0.84,0.79,0.83,1.71,0.82,0.85
7	1617225	1618258	ACCCATCCATCCATCC	1.58	HG00185:2.52	0.81,0.83,2.52,0.81,0.82,0.81,0.84,0.86,0.86,0.83,1.65,0.86,0.83,0.84,0.82,0.87,0.81,0.86,0.82,0.81,0.85,0.83,0.83,0.86,0.85,0.86,0.85,2.54,0.85,0.84,0.84,0.85,0.85,1.65,1.66
3	86494131	86494854	AATAGTATATATATATATAT	1.52	HG00185:2.52	2.51,2.52,0.82,0.87,4.95,1.65,0.82,3.48,0.86,1.68,1.70
6	169239516	169240017	ACCGCGTCCTCATCGGC	1.49	HG00185:5.05	5.05,1.94,5.90,1.73,6.71,1.63,4.29,0.85,0.81,0.84,0.82,5.16,0.84,0.81,0.81,0.82,2.56,3.31,3.35,0.84,3.43,0.87,0.86,11.10,1.64,2.57,0.84,0.87,0.85,0.85,3.30,1.68,0.78,3.15,0.83,1.70
7	395603	396617	ACC	1.49	HG00185:5.05	2.45,0.81,1.66,0.83,0.83,3.34,1.67,0.80,1.67,2.51,1.66,2.55,5.05,0.82,2.44,2.41,1.64,1.71,1.71,0.82,3.20,1.62,2.52,1.94,0.86,1.63,1.68,0.83,3.26,1.58,0.85,0.81,0.86,0.84,0.85,4.14,1.65,1.61,0.83,0.83,5.47,1.62,2.52,0.84,1.65,3.78,2.59,1.68,0.84,0.85,1.64,1.67,0.86,1.66,1.63,2.50,1.73,1.68,1.61,1.79,1.74,1.74,1.62,2.42,0.81,0.82,1.66,0.86,2.46,0.85,0.83,1.73,0.82,3.24,1.70,0.86,2.47,4.14,1.66,2.51,3.14,2.57,0.87,1.67,1.75,1.66,1.71,2.48,4.28,2.48,2.47,0.85,0.82,1.67,1.69,1.70,0.87,2.54,2.57,2.52,3.39,1.64,0.82,2.52,0.78,1.67,3.37,0.85,3.34,3.15,3.25,2.55,4.14,2.49,0.85,0.85
2	46887369	46888358	AAAG	1.41	HG00185:13.47	8.98,24.11,15.02,0.83,13.47,17.11,21.70,14.05,19.13
9	93894926	93895485	AGAGGGGAGGGGAGGGGAGG	1.37	HG00185:3.37	0.82,2.44,0.83,1.67,0.80,0.84,2.50,2.55,3.37,0.82,0.80,0.85,2.60,0.82,1.67,0.81,0.84,1.94,0.85,0.86,0.85,0.84,1.68,0.83,0.83,0.78,0.85,0.84,0.84,0.82,0.84,1.72,0.82,0.86,0.84,0.81,0.87,0.81,2.44,0.82,0.82,0.83,0.82,0.82,0.84,1.66,0.83,0.83,1.71,1.65,0.85,0.82,1.68,0.86,0.84,0.85,0.86,0.85,0.82,0.78,0.83,2.44,0.83,0.83,1.70
16	5305412	5305696	ATCC	1.33	HG00185:1.68	2.51,1.68,0.85,0.83,0.84,0.85,2.59,0.81
4	106481865	106483113	AATAG	1.30	HG00185:6.73	1.63,1.66,1.66,3.32,1.67,0.80,1.68,2.50,2.55,6.73,0.82,0.81,1.64,1.71,2.60,3.20,0.81,2.42,0.84,2.53,1.73,0.82,5.03,0.79,2.58,5.10,0.87,0.86,0.83,6.62,4.82,2.48,1.69,2.48,3.24,0.85,0.84,0.84,1.89,0.86,3.35,2.55,0.82,0.84,0.84,5.16,2.45,0.83,0.86,1.63,0.87,3.48,1.61,1.63,4.89,3.42,4.11,3.43,0.82,0.85,7.54,1.64,4.05,2.55,7.50,0.84,7.45,5.86,1.70,3.14,0.86,2.51,5.02,0.83,3.42,0.83,5.14,4.14,1.64,3.28,4.22,2.54,5.92,4.20,4.09,0.82,2.33,5.02,5.13,2.55
X	578599	579785	ATCC	1.30	HG00185:2.52	0.81,0.83,0.84,0.85,2.52,0.82,0.82,0.85,0.87,0.80,0.97,1.70,0.82,0.83,0.81,1.72,1.68,0.84,0.86,2.48,0.81,0.84,0.83,0.82,0.86,0.84,0.81,0.87,0.85,0.82,0.84,0.83,0.86,0.82,0.83,0.83,0.85,0.86,0.83,0.83,0.83,0.85,0.86,0.86,0.84,0.85,0.86,0.84,4.24,0.84,0.84,0.85,0.84,0.81,2.48,0.83
19	12496993	12497683	AAAGGGGAAGGG	1.30	HG00185:1.68	0.81,1.68,0.83,0.81,0.84,0.90,0.84,0.85
13	114776239	114776878	ACGCGGCCCCCTCCTCCCC	1.28	HG00185:11.78	2.45,4.90,8.96,5.82,4.17,6.66,9.14,5.83,5.84,2.51,3.19,13.36,2.51,4.99,1.70,11.78,1.65,0.82,3.26,0.80,1.64,1.71,1.71,0.87,4.93,6.41,6.68,4.06,6.45,5.89,1.94,2.53,2.55,6.05,1.63,0.84,9.90,3.26,10.25,2.54,0.81,6.01,4.20,3.36,1.68,5.10,3.47,2.57,8.28,5.79,1.61,4.95,1.69,4.13,15.63,3.24,0.85,4.19,7.54,5.77,4.72,2.59,5.04,8.32,8.37,5.03,5.96,7.39,5.86,3.37,3.44,1.66,4.09,10.82,7.76,0.84,7.35,3.37,4.03,4.48,2.61,6.47,3.22,4.93,8.15,4.89,2.56,2.46,4.15,0.86,4.10,0.85,2.48,3.33,6.05,5.02,9.86,8.11,4.25,5.83,4.28,4.94,0.84,4.14,11.60,5.86,7.67,14.15,7.71,6.69,6.09,10.88,3.49,2.49,5.14,4.96,2.57,6.62,4.93,5.97,1.64,5.88,5.15,4.28,2.51,4.24,6.11,10.15,8.46,1.71,2.52,6.78,11.45,4.12,2.52,2.33,5.86,4.99,9.27,4.27,5.85,4.73,9.76,6.79,7.45,1.66,5.09,6.77
4	187845675	187846459	AC	1.26	HG00185:1.68	0.82,1.68,0.81,0.83,0.83,0.80,0.83,0.81
1	35267134	35268619	AAACC	1.25	HG00185:12.62	0.82,9.79,14.66,4.99,3.34,11.65,4.99,3.33,9.18,6.69,3.99,6.68,6.70,8.32,5.11,12.62,3.29,1.64,10.59,2.41,4.10,4.27,7.69,5.19,5.75,12.82,5.01,2.43,3.22,0.84,0.84,3.40,9.50,2.52,4.13,0.81,3.94,0.85,5.70,1.72,5.88,0.84,5.88,5.95,0.86,3.31,7.44,5.63,4.95,8.47,9.92,4.69,1.62,2.56,7.55,4.19,1.65,4.72,6.91,2.52,2.50,11.71,6.71,1.70,0.82,10.05,4.21,6.02,2.50,7.36,5.00,7.76,7.56,4.90,10.11,9.68,6.95,8.90,17.72,5.75,9.78,11.40,9.40,9.04,1.66,8.58,6.56,2.56,4.96,6.66,5.19,14.24,0.82,2.43,1.70,0.83,4.28,1.66,5.80,8.37,6.29,1.71,1.67,0.87,3.35,11.13,3.31,6.85,1.65,9.87,4.27,11.49,4.20,2.57,1.69,1.70,3.49,0.85,5.92,5.99,3.36,4.24,4.09,6.60,6.72,6.99,5.86,1.66,5.90,2.56,2.37,4.88,6.79,8.27,5.82,1.70,4.23
10	129595225	129596035	ACCCTCCATCCATCCCTC	1.16	HG00185:4.21	4.90,1.63,1.63,2.49,2.50,0.83,1.66,0.83,0.83,1.67,0.80,0.84,0.83,0.85,4.21,0.82,1.71,2.60,0.82,0.80,0.83,0.81,0.81,0.84,1.94,1.69,0.85,0.86,0.82,2.52,1.63,0.79,0.85,2.44,0.86,0.84,0.87,1.65,0.80,0.83,0.83,2.34,3.42,2.51,0.82,0.94,2.59,0.84,1.66,1.67,1.68,0.82,5.02,1.68,2.58,0.83,0.86,1.68,3.27,0.84,1.61,1.74,0.81,0.81,1.63,0.81,0.85,0.83,0.86,2.46,0.83,0.83,1.73,1.67,2.46,2.43,0.86,2.48,1.67,0.85,0.86,0.84,5.22,0.86,0.83,0.85,0.82,0.84,1.72,3.34,0.84,0.85,0.87,0.85,0.85,1.71,0.85,2.47,4.19,0.84,0.84,1.58,2.44,2.55,0.83,1.69
9	33980675	33981526	AATATATATATATATCCAG	1.13	HG00185:1.68	0.82,0.83,0.85,1.68,3.29,0.83,0.83,0.86,0.85
16	61459053	61460446	AAAG	1.12	HG00185:37.87	18.77,0.81,28.27,15.86,15.82,5.85,31.11,35.91,10.21,37.87,14.80,7.24,0.85,0.87,7.40,12.02,8.35,12.99,17.66,10.96,20.41,28.51,56.10,29.97,9.32,13.04,42.93,20.18,18.21,29.15,1.66,9.93,11.25,1.65,10.94,7.69,15.94,0.94,38.00,15.97,34.93,5.96,13.96,33.56,52.41,12.26,8.33,25.28,0.81,26.94,33.94,38.01,16.42,16.30,19.65,13.29,22.98,23.91,32.47,16.75,35.32,29.19,21.27,5.83,7.71,22.25,10.28,9.20,11.62,13.69,15.42,5.04,30.45,17.76,13.69,16.81,0.82,13.44,17.47,19.71,15.29
4	1049022	1049338	ACAGTCAGCTCCCAGAGGGG	1.12	HG00185:1.68	1.68,0.86,0.86,0.81,0.83,0.82,0.83,0.85,0.85
16	22673738	22675001	AAG	1.11	HG00185:9.26	5.71,3.26,0.81,7.48,4.17,2.50,4.16,9.16,7.51,8.36,0.80,1.67,9.21,1.66,7.66,9.26,7.40,1.64,0.81,6.44,6.57,13.67,4.33,5.75,2.40,2.50,5.68,1.61,3.36,4.84,0.84,1.70,5.18,2.45,0.84,4.13,1.69,6.52,6.01,2.52,5.89,1.68,4.25,2.60,1.71,2.49,6.62,4.02,3.30,6.77,6.61,8.60,2.43,1.68,3.35,0.94,1.73,1.68,3.33,1.67,5.87,2.55,4.11,6.70,2.53,3.44,0.83,6.54,4.20,3.37,4.84,5.38,0.87,4.35,3.23,3.22,0.82,4.07,6.51,3.42,3.29,4.15,0.86,4.10,2.56,5.79,3.33,4.32,2.46,0.81,1.70,0.83,1.71,3.30,1.68,3.31,4.97,3.35,2.56,1.57,5.14,5.02,0.87,4.18,2.62,6.64,4.28,7.45,2.57,3.31,3.29,3.41,1.64,7.55,3.43,4.28,2.51,9.28,5.09,2.62,1.69,4.23,1.71,1.68,1.69,6.54,6.60,4.20,10.87,2.51,2.53,3.42,1.67,1.58,1.63,7.64,2.48,4.16,1.70,2.54
4	173942527	173943822	AAGG	1.11	HG00185:5.89	0.82,4.08,2.44,0.83,3.33,2.49,4.16,5.01,3.19,0.84,3.33,1.70,5.89,4.11,1.64,1.63,4.92,3.41,2.56,3.29,3.20,5.01,11.62,1.63,6.71,1.72,4.13,1.69,0.83,2.34,1.68,1.65,2.83,0.86,3.33,2.51,0.84,1.70,2.51,4.21,0.84,1.74,0.82,0.85,10.37,0.81,0.83,3.36,5.80,1.67,2.36,1.71,1.67,3.48,1.75,1.66,2.48,2.57,2.47,3.41,2.46,1.68,3.43,1.71,3.34,0.87,1.69,1.68,0.82,1.65,1.68,0.84,7.69,1.67,0.79,3.40,0.83,3.33,3.39
9	140222660	140224513	ACACGGGACTACACGGGGCT	1.11	HG00185:4.21	2.45,1.63,0.81,3.34,0.83,2.50,1.67,1.67,1.68,4.21,0.82,1.61,3.41,0.82,3.20,0.81,4.84,0.97,0.84,1.70,4.32,2.45,0.81,0.79,1.69,0.81,0.86,1.68,3.36,2.60,1.71,3.31,2.41,0.85,1.56,0.81,2.56,2.52,0.82,0.84,0.84,0.83,1.68,1.63,1.69,1.79,1.74,0.81,1.61,0.82,3.26,0.85,1.64,0.86,1.64,1.71,0.83,0.82,0.81,2.55,0.83,1.67,0.87,1.67,0.86,1.65,0.86,3.31,0.85,0.82,0.84,0.86,0.84,0.85,0.85,0.85,0.78,0.84,0.81,0.85,2.48
5	5954489	5955407	AAGGAGGGAAGGGC	1.10	HG00185:2.52	0.83,2.51,0.85,2.52,0.80,0.84,1.73,0.82,0.83,0.81,0.85,0.81,1.72,0.84,0.83,1.65,0.80,1.56,0.82,0.84,0.84,0.82,0.84,3.27,0.84,0.87,0.81,0.81,0.81,0.81,1.71,0.82,2.57,0.82,0.83,0.85,0.83,0.84,0.85,0.83,0.83,0.85,0.81
15	90206262	90207682	ACAGAGTCAGCTCCAGGGCC	1.09	HG00185:6.73	0.82,2.44,2.49,6.68,2.51,1.60,0.84,0.84,2.50,6.73,0.82,1.64,6.52,5.75,6.06,1.64,0.81,2.53,3.46,4.90,2.52,3.26,0.85,2.52,3.36,2.52,3.40,0.86,0.83,4.96,2.41,2.48,1.56,0.85,4.19,5.86,5.77,0.94,1.68,0.84,2.55,0.82,1.67,4.30,3.33,3.27,4.31,2.52,0.82,5.90,8.07,5.21,4.85,4.93,4.89,0.81,1.71,5.75,0.86,1.64,2.56,0.82,0.81,3.40,0.83,3.35,2.36,3.43,1.67,1.75,4.98,1.71,0.83,0.82,0.86,2.51,1.69,2.55,4.23,1.69,3.42,3.36,1.64,0.84,2.33,2.51,0.79,3.25,3.31,0.83
8	142357384	142358707	AC	1.05	HG00185:6.73	0.82,3.26,2.44,4.99,3.34,0.83,2.49,1.67,6.68,0.84,0.80,4.18,1.68,5.11,6.73,2.47,3.26,2.41,2.46,0.85,1.71,1.73,1.64,1.60,2.50,1.61,4.21,2.90,1.69,4.25,4.32,3.27,3.35,3.30,4.07,0.79,2.54,3.26,2.58,2.52,3.36,1.70,2.60,0.83,9.10,2.41,1.65,5.08,1.65,2.34,1.71,3.36,1.68,1.65,1.89,3.45,6.73,5.86,0.84,1.70,0.82,1.67,2.58,2.50,4.09,3.33,3.45,2.45,2.53,0.81,3.48,3.48,1.61,4.07,1.71,0.82,2.49,1.72,3.28,3.42,2.48,1.67,3.46,4.19,1.64,0.81,1.70,2.50,3.43,3.30,5.87,2.48,1.66,0.84,1.70,2.36,5.14,2.51,1.74,4.18,5.24,4.15,4.28,3.31,5.14,2.48,3.29,2.46,0.84,1.72,1.71,2.53,1.70,1.74,1.69,5.92,3.42,0.84,7.63,5.72,1.65,0.84,0.78,0.84,0.83,3.37,1.71,5.01,2.37,3.25,2.55,0.83,4.99,3.39,2.54
1	18223280	18224688	AAAG	1.04	HG00185:11.78	0.82,0.81,0.83,12.52,0.83,0.83,9.16,5.01,5.01,0.80,1.67,0.84,2.50,5.96,11.78,8.23,4.11,2.44,6.44,6.57,9.39,0.85,5.19,8.81,5.01,5.68,9.67,8.41,5.06,5.95,5.72,0.84,1.65,4.89,0.79,2.44,6.01,4.20,1.68,1.70,7.80,4.29,1.66,11.58,12.38,9.32,8.26,4.69,5.67,5.98,2.52,0.86,2.52,6.65,0.84,5.11,2.46,0.84,3.37,4.30,0.83,5.72,1.67,6.72,3.27,5.90,4.03,3.58,0.87,2.43,3.22,12.32,4.07,4.07,2.56,3.29,6.64,0.86,4.10,3.42,3.31,1.67,1.73,10.05,0.82,1.62,9.36,10.83,8.57,0.82,3.36,1.66,4.14,0.84,2.56,0.79,6.86,6.69,1.74,7.53,8.73,3.31,13.71,0.83,0.82,3.41,0.82,6.72,0.86,2.57,0.84,2.53,2.55,5.23,5.08,3.38,6.85,1.68,4.24,4.91,4.95,0.84,5.43,3.35,1.66,3.37,8.54,5.85,14.98,5.69,5.10,7.45,6.65,5.93
14	105292328	105293694	AGCCCCGCCCCTCCGGC	1.03	HG00185:9.26	8.98,4.99,5.01,5.85,3.99,1.67,0.84,7.49,4.25,9.26,12.34,1.64,1.63,0.80,7.68,0.87,7.21,3.37,4.25,0.86,1.63,1.68,7.89,5.70,1.68,8.28,2.54,1.65,3.13,0.81,2.56,1.68,0.86,9.20,6.71,7.66,6.57,8.42,5.72,0.83,0.86,3.27,10.11,2.69,4.03,4.93,4.07,4.11,8.58,5.83,5.19,5.02,12.16
22	37075827	37077160	ACC	1.03	HG00185:4.21	0.82,1.63,1.67,0.83,2.49,1.67,0.84,1.60,1.67,1.68,1.66,1.70,4.21,1.64,0.81,0.80,1.64,1.71,0.87,1.64,3.20,1.67,1.61,0.84,2.90,2.55,0.86,3.27,0.84,0.81,1.69,1.63,3.43,1.68,0.84,0.85,0.86,2.49,1.61,4.13,1.69,0.83,3.42,0.84,1.65,0.94,1.73,2.51,0.84,0.82,0.84,0.84,2.50,1.63,1.67,2.45,1.69,2.69,1.74,0.81,4.93,0.81,3.26,1.71,1.66,1.72,0.85,2.48,0.83,1.67,1.64,0.81,1.70,0.83,1.71,2.52,2.48,1.67,1.57,2.57,2.61,0.84,2.62,3.32,1.71,2.48,1.71,0.83,0.82,0.85,0.82,0.86,0.84,0.87,0.85,1.69,4.20,1.69,0.82,1.65,0.84,0.78,3.35,2.50,0.85,1.63,1.65,0.85,1.69
