motif	top_case_zscore	high_case_counts	all_counts
AACCCGCAGCCACCAGAC	5.37	HG00107:11.68	4.90,4.90,12.21,7.48,11.68,4.16,3.32,3.33,1.67,6.38,5.85,2.51,1.66,2.55,5.89,8.23,3.29,3.26,5.63,5.75,4.27,1.71,0.87,1.64,0.80,4.87,4.03,5.05,0.86,1.63,1.68,2.48,1.63,0.81,5.04,1.68,2.60,4.14,0.80,4.95,2.54,7.44,3.91,2.56,5.03,0.84,4.12,1.89,2.59,1.68,4.18,5.87,10.68,3.35,3.37,1.72,1.66,3.33,5.18,2.52,5.06,1.61,0.90,0.87,0.87,4.04,6.52,4.98,1.64,3.42,2.51,1.64,1.62,0.83,0.84,2.56,3.93,0.87,2.62,4.28,0.83,1.71,3.31,4.10,3.36,5.01,5.06,3.38,1.71,0.84,0.85,1.65,1.55,4.19,3.33,5.13,0.84,0.79,0.83,2.55,1.69
ACAGTGCTAGTAGCCAGG	3.82	HG00107:7.51	4.08,7.51,0.83,1.66,0.83,1.67,1.68,1.66,3.29,1.64,1.64,1.64,5.61,4.06,1.63,0.81,1.63,2.58,0.84,2.52,1.68,0.87,0.86,0.83,0.83,1.65,0.85,3.91,3.30,5.88,3.35,0.84,0.83,0.82,0.86,0.84,0.81,0.90,1.74,1.62,7.25,4.07,1.64,3.32,1.65,0.83,0.81,2.55,0.83
AAGAGGTGGTAGTATT	3.63	HG00107:24.20	4.90,3.26,1.66,24.20,0.83,7.51,3.34,9.36,0.84,0.80,3.28,1.71,1.71,19.90,13.97,23.24,5.95,4.90,1.69,5.70,2.58,1.68,18.50,1.70,0.87,14.57,0.83,0.83,7.81,3.42,2.51,0.82,0.94,11.23,18.30,1.67,2.51,7.58,9.15,11.44,1.67,12.94,10.92,7.35,1.69,0.81,0.87,0.81,0.81,15.60,0.81,0.81,3.42,7.47,1.64,4.96,4.16,1.73,2.51,21.89,1.70,6.63,6.62,1.70,2.54,1.65,0.85
ACCACCTCCCTC	2.93	HG00107:100.99	4.90,100.99,1.67,25.07,55.96,32.45,25.25,55.11,9.04,2.44,31.19,5.97,35.47,22.19,9.61,18.53,66.44,29.04,27.83,15.31,13.82,8.17,33.54,16.50,25.24,35.49,24.45,135.65,26.88,41.20,16.16,19.08,41.42,54.65,16.09,11.57,72.15,12.81,7.55,5.86,32.09,30.23,15.97,0.83,15.06,26.40,22.74,0.83,62.11,11.21,5.88,43.28,36.23,39.54,4.48,57.43,8.09,54.77,37.77,96.98,52.92,1.64,28.24,24.62,26.48,45.49,9.16,6.05,15.91,37.78,76.58,5.00,3.31,4.97,11.72,4.29,28.42,12.19,6.11,31.54,41.37,9.10,1.64,64.86,51.72,44.49,18.87,12.53,55.69,10.19,4.36,95.59,7.61,7.56,0.85,7.36,4.95,13.44,161.47,22.61,21.63,19.22,16.56,7.32,44.16,48.81,0.83,9.34,11.01
ACAGGTCTCCCGGGTGGC	2.63	HG00107:7.51	3.27,0.82,2.44,2.49,7.51,2.50,1.67,4.17,1.67,1.60,4.18,0.84,3.40,0.84,2.47,3.26,1.61,0.82,2.56,0.85,2.60,1.64,3.34,2.43,2.42,0.84,3.87,5.10,2.59,5.87,2.48,2.44,1.58,0.85,2.44,3.43,3.36,5.04,3.36,2.55,4.34,4.29,1.66,11.25,4.95,0.83,0.78,0.81,6.83,0.84,3.35,4.94,1.89,0.86,1.66,4.18,4.19,3.41,1.64,0.84,1.68,0.86,2.50,1.63,0.82,1.69,2.42,0.87,3.23,0.81,2.46,0.81,1.71,2.46,3.32,1.72,1.71,1.65,5.83,2.59,4.19,2.46,1.62,0.82,0.79,2.57,0.87,1.75,0.83,1.71,1.71,1.65,0.85,2.52,1.67,1.70,0.87,2.54,0.86,2.52,2.45,1.65,1.68,3.88,5.02,0.83,0.84,0.84,1.63,0.85,2.49,0.85,2.54
ACCCTATCCACCCTCTCC	2.60	HG00107:5.84	0.81,5.84,2.50,1.67,1.60,0.84,3.35,0.85,2.52,0.82,3.22,4.10,4.01,4.17,1.62,1.68,0.97,1.73,0.84,0.81,0.85,0.84,0.87,0.83,4.82,0.83,0.81,2.56,5.77,2.53,1.72,1.66,0.87,5.66,1.71,0.85,1.73,1.67,0.81,0.85,2.52,0.79,2.57,0.85
ACCCACTCTATCCCAGC	1.97	HG00107:19.20	7.35,5.71,9.77,8.31,19.20,5.82,9.14,14.99,10.85,5.85,2.39,27.56,5.03,9.15,14.46,14.81,8.22,1.63,10.46,4.10,6.83,9.40,5.19,9.86,11.68,14.61,6.45,6.73,5.81,0.84,3.40,6.91,6.54,7.55,6.60,5.70,21.30,12.70,8.15,10.30,5.04,15.97,11.77,5.10,11.27,5.14,8.28,1.65,4.02,4.13,0.85,12.40,7.03,0.81,16.23,5.03,2.51,1.65,11.33,1.73,1.68,11.64,5.02,0.84,1.70,11.50,4.19,6.74,5.16,3.33,13.08,3.45,4.20,8.17,7.58,8.88,6.27,0.87,4.35,9.70,6.44,13.14,4.89,8.14,3.42,8.22,6.64,13.73,12.31,1.71,4.96,6.66,4.32,12.56,8.92,8.51,2.50,11.14,7.42,10.07,5.80,8.28,2.51,7.67,6.29,10.28,10.03,6.09,11.71,6.98,14.94,7.70,2.48,0.86,17.37,14.80,14.51,13.96,13.43,4.29,0.86,5.01,8.44,17.83,2.62,16.07,7.61,5.99,10.08,5.93,7.36,11.54,4.20,17.86,6.70,11.65,9.27,5.98,6.69,21.29,31.73,5.94,0.83,9.15,13.58,16.09
ACATAGATAGATAGATAGAT	1.74	HG00107:3.34	1.63,0.82,0.81,3.34,0.84,0.83,1.70,0.84,0.82,0.85,1.73,0.80,0.83,0.97,0.84,0.86,1.69,0.85,0.80,0.84,0.86,0.84,0.82,1.68,0.81,0.87,0.85,0.82,1.67,1.66,2.62,0.83,0.86,0.82,1.71,1.72,2.51,0.87,0.85,0.85,0.84,0.78,0.84,0.84,0.79,0.81,0.85
ACACACACCACCCTCC	1.73	HG00107:3.34	1.63,3.34,1.66,0.83,0.84,1.66,0.84,0.82,0.82,1.71,4.11,1.60,0.83,0.81,0.84,0.79,0.80,0.85,0.81,0.84,0.94,0.83,0.84,1.68,0.84,0.83,0.86,0.84,1.71,0.86,0.86,1.66,1.70,0.79,1.71,0.83,0.86,0.82,0.84,0.85,1.65,0.85
AACCACATCCACATCCAC	1.42	HG00107:5.84	0.82,0.82,0.81,5.84,0.83,0.83,0.84,4.19,1.70,1.68,0.82,3.29,1.63,0.85,2.47,1.60,3.34,0.81,0.81,0.84,0.97,8.43,3.40,4.32,1.63,0.84,0.83,2.44,0.79,3.39,1.63,5.15,3.36,7.57,0.84,0.85,5.20,3.31,1.65,1.61,0.78,2.43,1.68,0.84,0.82,1.89,0.84,0.83,2.51,1.68,1.70,0.82,1.67,2.50,3.45,1.63,1.61,0.87,1.74,0.81,2.44,0.85,2.49,2.57,0.82,1.71,3.31,2.50,0.86,3.35,1.64,1.62,5.11,4.14,1.57,0.86,0.84,0.87,4.18,0.87,3.32,0.86,0.83,0.82,0.85,1.64,2.52,2.57,1.71,0.84,1.70,0.85,0.85,2.45,2.52,0.84,0.83,5.52,2.44,2.55,0.83,0.83,2.54
