motif	top_case_zscore	high_case_counts	all_counts
AAAGG	10.39	HG00611:96.08	13.06,8.98,47.22,3.33,0.83,10.82,8.31,4.16,32.56,27.58,19.94,24.22,26.80,12.48,16.17,4.21,12.34,26.30,34.23,5.63,18.06,6.83,17.09,15.57,32.06,5.61,12.52,19.48,6.45,15.98,10.65,12.65,13.61,26.78,26.15,15.09,29.70,96.08,33.92,31.33,11.41,28.33,5.88,30.27,36.99,34.87,13.87,6.86,76.21,11.58,85.99,13.21,15.24,50.41,18.75,13.78,2.56,7.55,14.24,11.54,0.94,19.86,53.80,4.99,11.71,36.06,17.88,16.43,10.05,12.63,18.07,8.32,36.78,15.82,5.18,15.96,9.80,52.24,16.94,17.03,43.44,22.63,59.03,4.03,24.63,23.63,13.84,21.36,56.68,10.80,14.59,39.39,48.68,35.57,16.65,44.09,37.69,19.71,12.16,38.29,7.50,2.57,9.07,4.20,8.28,26.51,53.58,18.75,44.80,12.00,7.52,8.70,8.37,16.59,6.64,2.57,15.72,14.56,6.62,7.40,10.24,14.78,15.95,3.43,11.14,3.34,16.03,1.74,2.54,5.07,12.84,7.56,11.02,34.34,23.09,6.72,20.96,15.91,18.30,15.17,11.11,22.57,8.67,19.52,12.74,7.45,2.49,12.73,0.85
AAAATGAAAT	9.77	HG00611:9.77	9.77
AAGCAG	5.70	HG00611:5.70	3.30,5.70
AAGAAGAAGAAGCAG	5.48	HG00611:6.51	0.82,0.81,5.78,6.51,0.86,6.73,0.82,6.57,0.83,0.86,0.86,0.85,0.84,0.85,0.83
ACAGAGGGACAGCGGG	2.71	HG00611:5.70	3.26,3.26,0.83,0.84,2.39,0.84,0.85,1.65,1.64,0.81,0.82,0.80,1.68,0.97,1.70,0.84,0.83,5.70,1.69,1.68,2.52,1.73,1.66,0.83,0.83,0.85,0.84,0.82,0.94,2.50,0.84,0.85,1.64,0.84,3.33,0.84,0.87,0.81,1.61,4.07,0.82,0.83,0.82,1.71,4.16,0.84,3.24,2.48,0.84,0.83,3.28,1.70,1.69,0.84,0.85,0.82,3.36,2.33,0.84,0.84,0.85,17.35,0.83,0.83
ACATCC	2.57	HG00611:66.77	56.33,48.14,40.71,40.74,55.09,59.07,58.18,31.64,51.77,51.82,49.46,55.96,24.29,54.08,51.90,35.35,74.03,51.78,48.08,61.98,52.53,41.81,40.15,30.28,25.48,40.86,30.88,38.96,58.83,44.58,45.50,43.01,52.74,34.56,48.21,50.32,50.33,66.77,39.44,44.88,39.12,56.66,35.28,62.21,63.05,34.01,65.04,30.00,29.82,45.49,46.61,24.77,49.12,56.20,42.20,39.72,61.50,36.91,57.81,84.05,43.42,52.68,52.12,50.74,46.02,39.42,40.03,47.63,31.82,43.79,30.98,49.08,54.76,39.13,25.01,56.29,38.38,58.98,39.54,50.18,53.87,29.59,39.62,50.75,70.61,45.64,49.67,23.07,49.29,63.12,49.76,49.23,57.22,63.69,47.46,15.56,42.71,45.17,45.40,54.46,34.99,33.42,28.84,31.89,57.98,36.44,29.30,43.47,59.73,25.71,47.65,60.93,36.81,28.81,40.67,47.93,29.79,42.83,38.89,32.06,54.62,58.28,63.79,37.73,27.42,66.81,40.50,42.44,42.75,54.99,43.98,36.79,40.33,30.51,45.79,42.05,54.61,35.71,31.82,56.56,28.65,54.68,35.94,48.09,37.42,56.90,35.57,48.22,48.38,51.65
ACACAGTGGCTGATGG	2.16	HG00611:3.26	0.83,0.84,0.84,0.85,0.84,0.81,0.82,0.85,0.82,0.81,0.81,3.26,0.86,0.87,0.86,1.68,0.85,0.84,0.90,0.87,0.83,0.86,0.83,0.86,0.82,1.62,0.83,1.67,0.84,0.87,1.71,1.71,0.86,1.67,0.84,0.85,0.85,0.85,0.84,0.82,0.84,0.84,0.83,0.85
AAGGAAGGGAAGGAGG	1.80	HG00611:17.10	6.53,5.84,4.16,3.32,1.67,5.85,2.51,5.82,3.40,3.37,5.76,3.29,2.41,4.92,2.60,6.41,10.02,4.06,5.89,4.84,14.69,9.81,5.87,4.13,17.10,15.77,2.54,5.70,11.16,4.20,9.25,15.97,8.50,4.34,2.57,12.43,11.58,4.13,3.39,3.13,5.87,4.72,1.68,3.35,5.82,7.36,4.16,2.59,5.88,4.08,7.58,13.72,2.69,6.95,7.83,27.49,5.64,0.82,11.41,8.96,4.27,19.72,0.83,3.43,8.21,6.83,4.96,13.32,7.78,6.70,4.11,17.03,5.11,0.86,0.84,7.07,0.87,1.71,0.83,1.65,1.64,4.20,6.85,5.06,3.49,4.23,4.23,1.69,0.83,7.69,3.34,7.88,1.63,1.70,0.83,6.79
AAAGAAGGAAGGAAGGAAGG	1.79	HG00611:8.96	2.45,1.66,2.50,2.50,4.16,2.50,1.67,1.60,1.68,0.83,1.70,0.84,0.82,0.80,4.92,1.71,0.80,2.42,2.52,1.94,2.53,2.55,0.86,0.82,5.87,3.30,8.96,2.37,0.85,3.26,1.72,0.84,7.57,4.20,3.40,2.60,2.57,1.66,0.83,4.02,1.65,2.54,0.83,12.50,0.81,3.42,2.51,1.65,2.83,5.18,1.68,0.83,1.67,1.68,0.85,0.82,1.68,1.66,3.33,1.68,3.27,1.69,3.23,2.61,5.22,2.43,2.42,4.11,6.52,8.14,0.85,8.22,1.66,1.72,8.21,3.42,4.14,2.50,5.19,2.51,5.75,4.05,1.70,3.33,1.71,0.84,2.48,2.48,0.84,4.26,4.72,1.71,1.67,0.87,4.15,3.42,1.65,2.57,1.65,0.82,0.85,5.75,2.52,2.57,3.34,1.69,0.85,1.74,0.85,0.85,1.71,2.52,9.81,3.30,0.84,3.11,1.67,3.33,1.69,3.42,2.51,7.10,14.64,1.65,6.79,2.54
AATGGATGGGTGGATGGATG	1.72	HG00611:3.26	1.63,1.66,0.83,1.67,0.82,0.80,2.56,0.82,2.40,1.69,3.26,1.58,0.81,0.85,1.65,0.83,0.81,0.83,0.85,0.84,0.86,1.67,1.61,0.81,0.86,0.82,0.84,0.85,0.84,0.86,0.85,0.86,0.84,0.78,0.83
AAAAAGGAAAGGAAAGG	1.68	HG00611:2.44	4.16,1.73,1.60,2.44,0.80,2.59,0.84,0.82,0.83,6.77
AAATAAATACTGTATTTAT	1.48	HG00611:15.47	12.47,17.55,13.36,3.33,3.40,15.15,5.75,5.70,23.80,10.24,6.83,0.82,13.80,16.92,2.52,8.71,6.75,2.59,0.82,2.52,15.47,7.62,4.07,1.68,0.84,5.04,0.85,5.14,0.83,9.64,4.13,11.33,16.41,1.68,1.68,7.66,4.93,5.05,4.09,5.00,2.42,6.95,6.96,9.70,6.44,9.97,0.86,4.19,4.11,5.96,1.67,4.18,6.62,2.46,1.71,1.69,13.31,4.73
ACAGGGTGGAGAGGGTGG	1.48	HG00611:1.63	0.81,0.83,1.63,0.82,0.83,0.81
AACCCCTAACCCTAACCCT	1.39	HG00611:66.77	13.06,26.87,17.47,21.39,49.24,8.54,0.82,18.55,14.46,14.03,66.77,25.41,10.59,94.08,6.73,9.35,12.86,21.54,106.88,5.93,3.31,45.32,7.69,12.58,73.34,20.13,14.78,20.65,9.98,25.34,27.76,2.69,79.25,18.89,35.86,23.93,32.04,11.63,105.54,23.80,17.93,13.43,33.93,1.55,12.56
ACCACCATCCTCT	1.06	HG00611:1.63	1.63,0.84,0.86,0.82,0.82,0.87,0.83,1.65,0.83
