#contig	start	end	unit	top_case_zscore	high_case_counts	all_counts
11	84337321	84338149	AAAAT	25.14	HG00656:25.20	2.41,4.27,25.20,14.95
21	43155719	43156442	AAG	10.08	HG00656:10.08	2.90,10.08,19.71
5	168181944	168182666	AAAGAGAG	8.43	HG00656:9.24	1.63,1.67,6.70,5.75,3.20,9.24,2.48
4	39349517	39350437	AAAAGGAAAGG	8.40	HG00656:8.40	8.40,8.99
14	100418687	100420028	ACC	7.57	HG00656:54.60	26.12,31.01,39.08,28.27,25.04,19.97,27.43,33.31,26.72,36.77,19.94,17.54,30.15,22.46,29.78,21.04,36.19,29.59,29.34,27.37,30.37,34.13,22.21,26.82,22.19,21.63,38.39,21.10,27.40,29.44,21.30,32.04,32.32,40.60,32.68,26.84,17.33,28.50,29.18,17.78,39.12,27.47,54.60,31.95,34.47,40.82,25.15,21.43,25.68,29.78,37.77,21.47,19.48,28.93,36.73,20.27,24.77,36.91,27.65,26.37,25.49,38.00,25.22,27.45,37.66,24.32,22.99,26.28,25.12,21.90,27.54,29.12,17.16,25.81,30.19,27.73,20.41,22.75,53.25,26.88,20.85,25.24,27.49,35.44,23.81,31.78,42.34,36.74,40.25,28.24,30.89,41.03,17.08,31.43,25.81,26.80,27.64,23.82,22.70,24.68,20.83,23.99,32.14,36.08,23.19,41.41,22.61,18.75,26.72,26.57,21.74,28.73,20.08,30.55,24.07,29.96,30.62,23.13,24.82,45.22,28.16,36.12,30.22,21.44,22.28,24.22,21.10,28.01,20.07,22.00,28.75,30.81,26.05,36.44,47.43,31.33,26.04,26.39,44.38,29.94,44.67,29.90,30.09,32.32,35.79,28.03,31.44,37.41,28.01,28.79
15	73952792	73953991	AAAG	6.65	HG00656:11.76	9.79,0.83,2.49,2.50,0.84,1.70,1.71,4.33,0.80,2.50,0.84,1.94,1.70,4.90,7.89,1.69,1.72,11.76,1.68,0.84,2.49,0.85,0.83,1.62,0.84,3.30,2.51,1.72,2.50,4.21,4.84,4.48,5.21,4.35,2.43,2.44,1.71,3.31,0.83,3.35,0.82,0.84,1.66,4.19,1.57,2.57,0.83,9.10,0.86,6.85,5.08,0.86,1.69,0.82,0.78,4.21,0.85,2.51,2.44,1.70,4.99
3	36920633	36922191	AAACATACAAATATATGT	5.75	HG00656:39.48	16.32,12.21,15.80,6.68,7.49,16.62,8.35,30.09,5.58,5.85,6.70,8.32,12.76,8.23,0.82,15.29,19.70,23.89,19.65,12.98,18.91,24.04,14.19,1.62,9.67,14.30,16.46,4.25,22.06,11.55,40.71,6.31,9.78,39.48,9.35,27.43,9.64,16.09,18.18,11.75,0.82,11.23,21.02,13.31,12.55,16.77,10.33,9.15,19.62,16.39,26.89,11.43,13.72,22.40,15.66,7.28,8.86,15.60,17.93,17.10,11.96,6.57,15.78,14.59,7.44,28.53,17.59,12.32,5.11,0.83,2.52,5.80,8.28,0.84,4.18,33.95,20.08,16.28,11.58,16.44,5.01,5.06,13.53,12.84,15.12,31.36,5.77,6.72,17.86,18.42,24.95,19.38,11.11,0.79,27.66,0.85,4.14,23.28,3.39
4	39349643	39350456	AAAAGG	5.44	HG00656:7.56	8.96,7.56,5.21,4.35,12.22,1.66
4	125665344	125666173	AAAG	5.42	HG00656:5.88	0.85,0.81,5.88,0.83,10.75,0.85,0.87,0.84
3	164983612	164984018	AAAG	5.00	HG00656:5.88	0.82,0.84,0.84,0.80,0.84,5.88,0.86,1.65,0.85,0.84,0.84,0.87,0.81,1.64,0.85,0.82,0.82,1.66,0.83,0.83,0.86,0.85,0.84,0.82,0.85,0.84,0.83
12	98343948	98345129	AAAG	4.78	HG00656:8.40	0.82,1.63,0.83,2.50,3.32,5.01,4.79,2.50,3.40,0.82,0.82,1.63,3.22,0.82,1.71,2.60,1.64,1.60,1.67,1.68,5.06,2.59,0.84,0.81,2.37,0.85,1.72,8.40,0.84,0.85,1.66,3.31,1.71,1.68,0.82,0.86,2.52,0.83,2.51,1.68,1.67,0.84,1.66,0.83,2.52,0.82,1.69,2.42,1.74,3.22,1.64,0.81,3.26,3.42,0.82,0.86,0.82,1.70,0.83,1.71,2.47,1.68,2.48,2.51,3.14,2.57,1.67,0.87,0.84,3.32,5.14,0.83,0.83,4.93,0.85,1.68,0.86,0.86,1.67,0.84,0.87,1.69,0.85,0.86,1.68,0.82,0.82,0.78,0.84,0.83,0.85,0.84,0.79,1.63
14	55381698	55382761	AAAAG	4.77	HG00656:23.52	13.06,10.61,9.18,14.14,15.38,10.02,23.52,11.92,6.57,6.05,9.16,16.95,7.42,17.55,11.89,20.79
14	54361118	54362550	AAAG	4.73	HG00656:19.32	0.82,3.26,5.82,0.83,2.50,0.83,14.99,5.01,2.51,1.60,1.68,0.83,2.52,0.82,4.93,1.63,7.24,3.28,3.42,0.87,0.82,8.35,7.30,10.93,0.84,1.70,19.87,13.89,13.42,7.43,4.89,2.37,1.69,7.33,0.86,19.32,1.68,5.10,3.47,0.86,0.83,9.10,4.82,6.60,0.83,1.56,12.58,0.84,5.77,2.59,2.52,4.99,8.37,0.84,2.55,3.35,3.37,3.44,10.81,2.45,2.50,2.59,5.04,10.11,13.72,2.69,5.21,3.48,3.23,3.22,6.57,3.26,1.63,6.84,2.46,4.15,3.43,4.10,2.56,1.65,4.16,4.32,4.19,3.29,4.05,9.36,0.83,0.86,5.03,0.83,0.83,3.35,3.41,0.79,0.86,0.84,1.74,0.83,2.57,0.82,1.71,1.68,0.86,0.86,2.53,1.70,3.49,1.69,3.39,0.82,1.65,0.84,3.33,2.53,2.56,0.84,2.37,7.32,0.83,1.66,0.85
21	30203221	30204468	AAAGAAGG	4.68	HG00656:9.24	3.27,0.81,0.83,4.16,2.49,1.67,0.84,2.51,0.84,2.52,1.64,2.41,0.82,1.71,1.71,0.81,1.70,3.26,3.94,0.85,0.86,9.24,0.84,0.85,2.60,1.66,1.56,1.68,1.65,1.73,5.03,1.67,2.53,1.66,0.82,3.45,1.68,1.61,3.48,1.71,1.64,1.72,0.82,0.85,0.83,0.83,0.86,0.85,2.57,6.59,0.83,0.84,7.07,1.71,0.84,0.87,0.83,5.14,6.62,4.28,0.83,12.33,0.82,0.86,0.85,0.87,0.86,0.85,2.52,3.42,0.84,2.44,0.85,1.65,2.49,4.24,0.85
4	108477100	108478106	AAATATATAT	4.26	HG00656:10.92	2.45,0.82,1.66,1.67,1.66,1.67,1.67,2.51,3.19,0.84,3.40,1.68,0.82,6.58,4.07,3.22,1.71,3.42,0.87,2.47,6.68,2.43,0.81,2.90,8.51,6.05,3.27,2.48,2.44,3.15,6.77,7.33,1.72,10.92,5.04,3.36,7.65,0.87,0.83,8.11,3.42,1.89,3.36,4.16,2.52,1.70,6.57,1.68,4.90,2.50,5.04,5.90,1.79,2.61,3.23,0.81,4.11,8.96,4.07,2.56,1.64,2.49,0.86,3.31,1.67,1.64,0.81,5.11,0.86,0.84,6.29,0.86,4.18,3.35,4.15,5.14,1.65,2.57,4.27,4.93,3.36,2.57,2.57,2.51,2.53,2.55,0.87,0.85,0.86,1.68,1.69,1.64,1.68,3.11,3.35,1.66,4.21,1.71,2.37,0.81,0.83,5.09
10	48559227	48559800	AAATATATAT	4.24	HG00656:9.24	1.63,1.63,4.16,1.67,0.83,3.32,2.50,2.51,1.60,0.84,1.66,1.70,3.37,3.29,3.26,1.61,4.10,2.56,3.42,1.73,2.47,0.83,1.61,0.84,0.85,0.84,7.10,6.77,0.81,3.43,9.24,0.84,8.41,2.60,4.14,3.31,0.83,4.23,0.83,7.03,3.42,3.36,1.68,0.82,3.78,0.86,0.83,1.70,1.64,5.02,1.72,0.83,1.63,0.83,4.20,0.84,2.42,4.48,0.87,3.48,1.62,3.22,0.82,2.44,2.44,1.71,3.29,2.49,6.86,1.65,4.16,1.73,3.35,1.64,4.05,2.55,3.35,1.57,2.51,0.86,0.83,0.87,1.69,1.68,0.85,2.47,1.58,1.66
10	1368234	1370312	ACTGCCCAGCGCCTCCCC	4.11	HG00656:12.60	4.08,4.08,9.77,2.49,3.33,8.33,0.83,4.18,8.77,2.51,7.66,4.94,4.11,4.07,4.83,4.92,0.85,3.46,2.47,2.50,3.25,3.22,0.84,4.84,3.37,0.85,3.46,2.45,3.30,1.63,7.89,0.81,6.87,12.60,7.57,4.25,0.86,1.66,7.44,6.43,1.65,7.62,2.48,7.03,5.67,8.54,2.52,0.84,1.65,5.04,14.14,2.52,1.70,0.82,4.19,4.21,2.58,2.50,1.67,2.59,8.40,6.53,4.21,15.33,4.48,3.48,6.44,4.93,3.26,8.96,13.97,4.15,0.86,4.10,3.42,4.14,3.33,5.19,5.02,2.46,4.86,1.70,4.17,0.86,2.48,7.45,2.51,0.85,2.36,1.74,4.18,0.87,2.49,1.71,0.83,1.71,1.65,1.71,1.64,0.84,0.84,4.24,0.87,6.77,1.71,5.72,0.82,4.66,7.54,3.33,2.56,0.81,5.94,0.83,1.70,2.54
3	118284210	118285261	AAGGAATATATATATG	3.94	HG00656:5.04	0.81,0.83,0.85,0.82,0.84,5.04,0.85,0.83,0.81,0.84,0.84,0.85,0.84,0.86,4.31,0.81,1.79,0.81,0.83,1.65,1.73,0.81,1.65,0.82,0.84,1.58,0.85
11	134309397	134310990	ATCC	3.78	HG00656:23.52	11.43,7.34,10.58,3.33,5.01,11.65,11.64,2.50,13.36,10.87,11.97,8.35,5.86,9.15,6.81,9.26,11.52,12.33,15.48,7.24,9.03,3.41,12.82,10.38,9.04,5.61,14.19,10.55,4.84,8.41,13.55,6.75,17.01,10.37,8.99,5.03,11.55,7.33,13.41,5.93,6.52,10.30,23.52,10.09,15.97,12.76,19.08,14.57,11.60,5.79,1.61,7.43,5.08,9.09,3.13,9.73,7.69,16.78,10.05,4.12,5.66,4.32,11.77,15.80,7.53,7.55,5.96,9.86,9.21,7.58,17.21,4.16,9.81,24.15,6.04,3.36,8.98,6.74,17.75,6.27,9.56,13.92,7.28,6.44,8.21,8.15,13.03,10.25,15.61,10.80,13.73,12.31,10.25,9.10,11.66,11.24,8.37,8.21,13.78,11.06,10.00,18.85,15.66,5.03,9.11,19.88,20.93,7.67,23.58,16.28,12.54,13.93,6.69,10.48,15.77,11.98,11.58,9.42,17.37,13.15,18.78,13.13,7.55,14.58,5.14,10.02,7.59,5.94,18.32,16.92,7.61,12.84,9.24,8.47,9.00,11.54,9.24,9.32,7.54,18.30,26.97,10.25,7.52,5.52,7.32,9.34,14.89,15.80,13.58,11.01
14	106175528	106179030	AGCCC	3.63	HG00656:47.88	27.76,43.25,25.24,38.25,16.69,22.46,30.75,30.81,35.07,27.58,25.53,29.23,30.15,16.64,28.08,25.25,18.10,34.52,26.08,32.20,33.65,14.51,21.36,22.49,19.73,17.63,16.69,50.32,17.73,33.64,40.66,11.81,28.07,18.14,23.70,36.06,19.80,18.73,28.39,16.09,28.52,16.31,47.88,26.90,19.33,21.26,14.74,13.72,26.51,15.72,28.13,31.37,20.32,24.79,32.04,21.08,26.48,20.97,25.97,16.48,13.21,20.73,21.86,15.80,31.80,10.06,26.40,19.71,41.03,10.95,23.23,24.96,42.50,24.98,28.46,33.61,26.95,11.80,20.17,30.47,9.56,18.27,33.15,20.14,9.85,15.48,6.51,21.36,29.57,14.95,12.01,32.00,35.87,21.51,10.82,16.42,5.02,18.07,21.08,17.02,24.16,21.42,28.84,23.50,19.05,38.93,14.23,16.20,36.94,16.28,42.64,18.28,30.12,10.48,20.75,29.10,23.17,29.98,25.65,30.42,23.04,31.19,22.66,26.59,20.56,22.55,26.16,16.13,15.70,27.92,5.07,13.69,28.57,16.95,26.99,30.51,26.88,34.93,37.68,22.46,21.07,34.18,7.52,39.42,30.10,19.53,19.85,29.93,29.70,44.03
GL000210.1	27296	27620	ACC	3.62	HG00656:12.60	3.27,4.90,10.58,4.16,2.50,5.82,5.82,5.83,4.17,5.85,1.60,5.01,2.51,4.16,5.11,1.68,4.94,4.93,3.26,4.02,4.92,5.97,3.42,3.46,8.22,5.61,5.84,2.43,8.06,12.62,1.94,0.84,4.25,5.18,5.72,4.19,4.95,3.26,3.94,2.54,1.63,1.72,12.60,5.89,7.57,3.40,3.47,1.71,5.80,2.48,3.21,2.48,7.62,9.09,6.25,4.86,1.71,1.68,4.19,8.24,0.94,6.05,5.88,3.33,9.20,5.03,8.52,4.11,5.86,6.74,3.44,8.32,0.82,3.33,6.90,5.04,6.53,0.84,9.68,4.48,4.34,1.74,3.23,8.21,8.96,2.44,3.42,4.93,5.81,7.72,0.82,4.14,5.00,0.86,3.35,8.21,5.68,2.55,1.67,3.43,3.30,3.36,6.63,3.31,1.67,2.56,4.72,2.57,10.03,6.09,0.84,8.73,3.42,2.48,6.85,1.65,0.82,0.85,1.64,1.68,2.57,2.57,6.68,5.06,1.70,2.62,5.08,4.23,7.70,5.88,5.93,2.45,7.42,0.84,3.88,3.35,0.83,1.69,2.56,10.87,5.52,8.14,3.40,3.31,2.49,1.70,3.39
13	53907757	53909019	AAAG	3.60	HG00656:14.28	6.53,0.82,4.16,0.84,1.65,8.15,1.61,1.71,4.93,10.96,8.64,8.25,14.28,12.00,5.63,1.65,3.78,6.65,2.52,2.53,0.83,11.96,1.66,3.35,3.29,17.84
2	127961413	127962581	AAAG	3.51	HG00656:5.04	0.83,0.83,0.84,0.83,0.85,1.70,1.63,0.86,5.04,0.83,0.83,1.56,0.81,0.84,0.86,1.64,0.83,0.86,0.87,1.64,1.63,0.85,1.64,0.82,0.84,0.85,0.86,0.84,1.75,0.83,3.43,0.82,3.38,0.85,0.85,0.82,0.84,0.84,0.85
GL000220.1	133489	133589	AACCCT	3.36	HG00656:3.36	3.36
14	89828494	89829528	ACC	3.32	HG00656:5.88	0.82,2.50,1.67,0.84,1.63,0.82,0.80,1.94,1.68,0.81,0.79,3.39,0.81,0.86,5.88,0.84,0.84,0.87,1.66,3.13,1.71,3.30,0.84,0.84,1.64,1.67,0.82,2.59,0.81,1.79,0.87,1.62,1.63,1.65,0.86,0.84,1.62,0.85,0.83,0.86,3.31,0.85,0.86,3.34,0.87,1.66,1.65,0.86,0.82,2.56,1.64,0.84,0.86,0.87,0.85,0.85,0.84,1.69,1.64,4.19,0.84,0.85,0.83,1.69
1	11581935	11583510	AGCCAGGGCCC	3.27	HG00656:21.00	7.35,4.90,9.77,13.30,6.68,9.98,9.14,5.00,13.36,10.03,5.58,8.35,11.73,11.65,7.66,10.10,15.63,9.86,10.59,11.27,9.03,5.97,7.69,7.79,9.86,2.40,7.51,4.06,7.25,8.41,10.65,18.55,14.46,6.91,5.72,14.26,20.63,13.84,32.34,16.94,13.04,15.45,21.00,10.93,15.13,11.91,10.41,12.86,11.60,13.23,16.88,10.73,5.93,5.79,18.75,12.16,10.25,13.42,10.05,14.83,3.78,7.77,2.52,11.64,9.20,7.55,9.37,18.07,8.37,5.89,4.30,13.31,12.26,8.33,4.31,15.12,7.35,16.01,14.52,10.75,18.25,7.83,13.75,5.64,10.67,17.93,8.96,6.84,13.97,9.97,12.87,18.05,5.98,10.75,17.49,8.64,7.54,8.21,9.73,10.21,9.16,2.57,4.12,5.87,3.31,6.63,5.02,11.93,14.93,6.86,8.36,6.09,11.71,1.75,5.81,9.41,8.27,4.28,9.93,9.87,6.83,6.57,15.95,2.57,1.71,7.52,16.88,5.94,5.23,11.84,7.61,5.13,8.40,8.47,4.91,5.77,7.56,2.33,6.70,8.32,12.64,2.56,5.85,3.15,2.44,5.10,4.14,3.33,5.94,5.08
9	113517717	113518660	ACATATATATAT	3.26	HG00656:5.04	1.63,0.82,3.33,2.50,1.70,5.04,0.86,5.87,1.64,2.46,5.50,3.49,1.69,0.84,0.85
2	30541779	30542891	ATCC	3.24	HG00656:7.56	0.82,0.83,3.33,0.83,2.51,0.82,0.87,2.40,1.94,4.19,1.65,0.79,0.85,0.86,7.56,1.70,0.86,1.65,5.63,0.83,4.19,0.84,0.94,0.84,0.84,0.84,1.67,2.50,0.82,1.67,0.84,0.82,1.69,0.90,0.87,0.87,2.43,3.26,0.82,0.86,0.85,2.48,3.33,5.19,5.75,5.14,2.52,2.48,0.84,1.71,0.84,0.84,0.87,7.70,7.71,0.84,0.86,1.71,2.51,4.36,0.85,0.85,1.66,0.85,0.84
8	142213578	142213998	AGAGAGGG	3.20	HG00656:4.20	0.81,2.49,2.50,0.82,1.63,0.80,1.58,4.20,3.91,1.68,0.84,0.86,0.84
5	77725157	77726579	AAATAAATACTGTATTTAT	3.12	HG00656:57.96	30.77,2.50,31.76,49.28,22.46,30.63,17.67,40.28,27.71,45.96,38.40,28.19,25.48,37.34,31.43,27.76,27.11,16.86,32.83,28.60,25.16,64.33,25.41,31.78,57.96,32.79,21.86,28.91,17.15,30.65,69.11,0.85,26.45,2.56,0.84,46.25,28.50,30.26,26.84,51.95,30.39,0.84,24.42,42.43,31.87,31.64,41.15,22.59,37.42,38.01,28.19,69.76,20.75,20.10,47.64,30.63,7.45,1.66,36.84,0.79,21.75,33.09,31.19,10.91,12.85,14.83,11.84,1.71,3.39,0.78,37.68,22.46,26.81,0.85
X	1695646	1697138	ATCC	3.06	HG00656:6.72	2.45,2.44,4.16,1.67,2.50,0.83,0.83,3.34,1.67,0.84,0.84,0.83,2.55,0.82,0.81,2.41,2.46,0.87,1.60,2.50,0.81,0.81,0.84,3.87,0.84,2.55,1.63,1.65,0.79,0.85,2.44,0.86,6.72,0.84,1.68,2.55,0.87,2.57,0.83,2.48,0.80,0.83,3.39,0.83,2.34,0.81,1.71,0.84,2.51,0.94,4.32,2.52,2.50,10.04,0.84,0.82,1.67,0.84,0.86,1.66,1.63,1.67,4.31,2.52,0.82,0.84,3.23,3.58,2.61,2.61,3.23,2.46,1.63,1.71,0.83,1.72,2.46,1.71,1.67,1.73,1.67,2.43,3.40,1.67,0.86,2.52,3.31,2.48,0.84,0.85,0.86,0.87,0.84,1.75,2.49,1.65,2.57,1.65,1.64,1.71,1.64,0.84,0.86,2.57,0.84,1.69,0.85,5.08,3.38,0.84,2.45,0.78,2.51,0.83,1.69,3.42,0.84,3.40,1.65,0.83,0.85,1.69
10	7905165	7906130	ACACATATATATAT	3.04	HG00656:4.20	0.82,1.64,1.63,4.20,8.52,0.87,2.50,1.74,0.83,0.82,1.69,3.30
X	57634644	57635908	AAACTATATATATAT	2.91	HG00656:8.40	2.45,0.82,2.49,0.83,1.66,0.83,3.34,1.67,5.01,5.03,2.50,3.40,1.65,0.81,2.46,2.56,0.85,1.60,2.42,2.52,1.94,5.90,8.64,4.09,2.52,1.63,4.23,0.81,8.40,6.73,3.40,5.20,3.43,1.66,4.23,0.83,3.13,0.85,3.35,5.66,2.59,0.84,4.99,4.18,5.87,2.55,2.53,2.50,4.08,3.37,2.42,0.90,0.87,5.66,3.29,0.86,0.83,1.73,5.86,0.82,4.05,6.81
19	15726291	15727673	AATGAGTGAGCGAGGAGAGG	2.64	HG00656:10.92	1.63,4.08,3.26,1.66,1.67,2.50,2.49,4.16,2.50,0.84,0.80,0.84,9.21,4.16,4.25,0.84,0.82,0.81,4.02,1.64,3.41,2.56,3.46,4.11,5.61,5.84,4.06,2.42,3.36,0.97,5.90,1.70,4.32,2.45,3.35,4.13,7.89,0.85,6.52,4.29,10.92,6.73,1.68,4.25,4.34,0.86,3.31,3.21,2.48,1.65,10.94,1.62,2.56,4.19,1.68,1.89,1.73,5.04,0.83,2.51,3.35,2.55,5.86,4.30,4.16,6.54,3.33,11.21,4.20,4.08,1.69,6.45,0.90,1.74,2.61,6.47,6.44,4.93,5.70,5.70,5.98,0.82,4.98,4.29,2.46,6.83,2.48,1.67,3.35,8.21,5.68,7.66,2.50,5.14,6.59,2.52,2.48,4.14,5.02,10.22,3.43,1.67,2.61,5.02,3.49,2.49,3.42,8.27,6.00,0.83,3.29,2.56,5.75,0.84,7.72,0.86,2.51,2.53,1.70,3.49,2.54,2.54,5.99,1.68,4.24,10.63,0.82,1.68,3.88,7.54,4.16,0.84,5.13,5.01,1.58,1.63,7.64,4.14,3.33,2.55,0.85
12	125255177	125256066	AAAGG	2.64	HG00656:8.40	4.89,4.89,8.40,8.67,6.66,3.33,0.82,15.61,3.43,3.31,3.29,0.81,0.85,15.71
8	313307	314519	ACCCACGGTCCAGGTC	2.61	HG00656:6.72	0.82,0.81,1.66,0.83,1.67,0.80,0.84,8.32,5.96,0.82,2.46,0.85,1.71,8.01,2.42,1.68,3.87,0.84,1.70,1.73,0.84,0.83,1.63,6.72,0.84,2.52,0.87,1.65,1.61,2.48,3.39,3.31,0.78,0.85,3.30,0.94,0.86,1.68,5.75,0.84,1.72,0.82,0.83,2.59,1.69,2.42,0.87,0.81,0.81,0.82,1.63,1.71,1.66,2.57,1.65,2.50,0.86,2.46,0.83,0.86,1.65,0.84,2.57,0.87,1.67,0.87,1.66,2.48,1.71,0.83,0.82,5.12,4.93,2.52,1.72,0.86,1.69,1.70,1.74,0.86,4.20,2.54,1.64,0.82,0.84,0.83,0.84,0.79,0.81,2.55,0.83,1.70
9	129670840	129671884	AAAG	2.55	HG00656:24.36	22.06,3.35,18.74,19.75,24.36,12.61,32.09,28.12,0.83,0.82,1.69,1.79,13.03,2.42,7.33,3.26,14.59,10.67,4.14
10	72526625	72527946	AAAG	2.54	HG00656:21.84	9.80,1.63,15.47,16.63,4.99,9.97,5.00,25.88,0.84,8.42,6.58,30.97,15.59,15.36,5.98,0.87,1.64,1.60,13.35,8.12,8.06,16.82,9.68,1.69,4.25,3.46,3.27,24.32,6.60,16.29,5.08,4.07,21.84,2.52,0.84,10.20,7.72,10.77,11.25,15.69,11.57,7.81,10.54,4.27,11.75,4.32,0.84,1.68,1.70,3.29,5.02,0.84,4.30,3.33,15.53,14.16,9.49,1.68,12.25,9.27,17.38,0.81,23.36,8.21,5.70,4.27,13.14,8.30,5.15,4.96,9.51,11.72,9.03,4.05,1.70,13.33,5.14,0.84,10.23,6.69,3.35,1.66,2.56,9.43,11.04,4.36,0.86,1.68,5.93,9.24,8.36,5.94,5.79,0.83
14	90910506	90910965	AAGG	2.51	HG00656:4.20	0.83,0.84,0.85,0.82,4.19,0.81,0.85,3.26,4.20,0.83,1.69,0.85,0.84,1.67,1.67,0.83,0.86,1.68,0.84,2.42,3.48,1.61,0.86,1.64,2.43
4	144869314	144869379	AAAG	2.51	HG00656:2.52	2.52,0.82,0.84
12	133174237	133174383	AGAGGAGGCGGGGCGCGCGG	2.50	HG00656:2.52	0.84,2.52,1.79
9	10060242	10061329	AAAG	2.43	HG00656:8.40	1.67,0.85,1.65,1.73,0.82,0.79,4.89,8.40,0.85,1.73,1.67,0.83,2.52,4.90,0.84,0.81,0.85,1.64,0.83,1.73,4.25,3.36,2.48,11.00,1.71,3.34,4.35,0.84,8.73,5.81,1.71,6.00,2.48,1.64,1.64,1.68,0.86,0.86,5.09,6.98,4.23,7.61,0.82,0.84,1.55,4.16,5.90,7.52,0.81,0.85,1.65,6.79
2	68133132	68134265	AAAGGAACGG	2.40	HG00656:2.52	6.31,2.52,2.57,0.84,3.43
11	116001150	116001981	ACAGAGAGAGAGAGAGAGAG	2.39	HG00656:3.36	0.84,0.83,0.82,0.81,0.84,0.81,3.36,0.87,0.83,0.78,1.73,1.79,1.64,2.48,0.83,0.82,0.79,0.83,0.82,0.83,0.84,1.63,0.83
5	31363711	31364867	AACC	2.35	HG00656:9.24	1.63,5.71,1.63,6.65,3.34,2.50,6.65,3.33,6.68,2.51,5.58,2.51,6.70,1.66,1.70,2.52,1.65,0.82,6.52,0.80,7.39,2.56,1.71,6.58,7.21,5.84,1.62,4.03,6.73,3.87,3.37,5.95,1.73,3.27,2.52,1.65,2.44,1.58,4.23,3.26,3.43,9.24,3.36,0.84,3.40,5.20,2.57,0.83,3.31,4.02,2.48,5.08,4.96,3.13,4.86,4.19,5.03,3.30,3.78,5.18,5.04,5.86,3.35,1.64,3.35,3.37,2.58,6.66,1.63,2.50,5.18,1.68,1.61,6.27,0.87,6.96,0.81,3.22,6.57,2.44,0.81,2.56,6.57,4.98,0.86,5.74,0.85,5.79,6.66,6.05,4.19,4.11,10.21,4.17,2.57,1.65,1.68,1.66,1.66,2.51,4.26,2.36,3.43,1.67,7.83,4.18,5.24,4.15,5.99,2.48,9.42,0.83,0.82,4.27,4.10,2.52,6.00,3.43,3.34,2.53,3.40,2.62,3.38,1.69,3.42,3.36,3.39,1.64,0.82,4.20,1.55,0.84,1.66,3.37,5.13,4.18,3.15,4.07,3.40,5.79,5.82,3.39,4.23
14	42561442	42562400	AATATATATTACATATAT	2.22	HG00656:3.36	0.86,1.63,0.81,3.36,0.86,1.66,0.82,2.53,0.81,0.82,0.85,0.86,0.83,0.84,0.87,0.82,2.57,0.84,0.85,0.86,0.78,1.58,2.48
9	124403824	124404753	AAAG	2.18	HG00656:3.36	0.83,4.17,0.84,3.36,1.66,0.90,2.61,1.74,0.83,4.32,1.72,0.85
1	113979738	113981211	AAGGAG	2.16	HG00656:7.56	2.45,4.16,3.34,0.85,0.84,1.65,0.80,2.40,0.83,0.84,2.55,0.86,2.45,5.87,5.78,0.81,7.56,4.20,0.87,0.86,7.23,0.84,1.73,1.68,0.84,1.68,0.86,3.45,3.27,0.90,6.09,2.43,0.81,4.11,0.83,1.72,3.33,3.46,0.81,2.55,0.83,2.56,6.29,6.00,0.84,0.83,0.86,2.48,4.28,0.85,1.74,5.13,3.39,3.11,3.33,1.69,7.69,0.81,8.27,1.70
12	71737957	71739095	AAG	2.15	HG00656:5.88	0.81,1.64,0.81,0.80,1.64,0.87,0.83,1.68,0.97,1.69,5.18,1.63,1.58,1.69,1.72,5.88,1.68,0.83,0.83,0.83,0.85,0.83,0.78,1.68,1.68,0.84,1.70,0.84,3.33,0.82,2.50,1.73,1.68,1.63,1.69,0.90,1.62,2.42,0.82,1.63,2.46,1.72,2.48,0.86,2.51,0.82,0.81,0.85,1.71,2.47,2.51,5.97,0.86,0.84,1.75,4.98,0.86,0.83,4.28,3.31,1.71,0.84,0.84,3.38,3.40,0.87,5.08,4.23,0.84,0.85,3.27,0.82,0.78,1.67,2.50,5.13,0.84,1.58,0.83
2	37573824	37574651	AACATATATAT	2.12	HG00656:2.52	2.52,0.84,0.82,0.82,1.63,3.32,2.55,6.29
10	16687605	16688271	ACATATACGTATATAT	2.07	HG00656:2.52	2.52,2.43,0.81,1.71,1.64,0.86,0.84,0.85
5	168181819	168182654	AG	2.02	HG00656:8.40	4.08,4.89,8.35,9.14,6.70,5.75,7.21,3.27,8.40,2.49,4.82,7.43,7.44,5.75,3.27,2.61,0.85,0.86,6.62
18	64470963	64472211	AATATAATATAATATATAT	2.00	HG00656:4.20	1.63,0.83,1.66,1.66,0.83,3.99,0.84,0.85,1.68,0.81,1.64,0.85,1.62,0.85,0.84,0.83,0.81,1.58,1.69,0.81,4.20,0.84,0.87,1.71,0.83,0.83,1.56,0.81,0.84,2.47,0.94,0.83,2.55,1.67,0.84,0.90,1.62,2.46,1.63,0.82,0.82,0.83,0.83,0.84,4.93,2.57,0.83,1.67,1.57,1.74,1.66,0.82,0.85,0.87,1.69,3.88,2.51
17	79129409	79130451	AACATACATTGTAACATAGT	2.00	HG00656:2.52	0.85,0.83,0.84,2.52,0.85,0.87,0.82,0.82,1.62
10	83453125	83454153	ATATATATATATCCC	1.95	HG00656:4.20	0.83,2.55,0.82,0.81,2.47,1.69,0.86,0.82,1.65,0.79,4.20,0.84,1.73,3.31,0.84,1.68,0.82,0.86,0.81,0.90,0.87,0.81,1.63,1.64,3.31,0.83,0.82,1.62,0.85,1.67,1.65,1.66,1.67,2.36,2.48,0.82,0.86,1.71,2.51,0.85,0.85,1.71,1.68,3.39,0.82,0.79,1.63,0.83,0.85
8	33376119	33377398	AAAG	1.87	HG00656:5.88	4.90,2.45,4.07,1.66,1.67,0.83,0.83,2.52,1.65,0.81,3.41,6.92,1.64,0.80,0.83,0.81,7.74,1.70,0.86,1.63,1.72,5.88,0.84,4.34,0.86,0.83,6.43,1.65,1.69,0.82,1.89,2.50,3.35,1.70,1.64,1.66,2.50,1.73,0.84,0.84,0.81,0.87,0.81,1.63,0.85,6.64,0.82,3.31,1.67,0.86,0.84,3.40,0.84,0.83,2.48,0.85,0.82,0.86,0.84,0.85,1.64,0.83,1.71,0.84,0.83,1.69
1	212722849	212723380	AGGG	1.85	HG00656:7.56	2.44,1.67,2.39,1.68,5.96,3.29,1.71,5.01,1.62,3.87,4.32,7.33,7.89,5.93,4.29,7.56,5.95,4.34,2.41,3.78,1.64,5.04,1.63,1.69,3.23,1.79,0.87,8.90,4.93,6.52,4.89,2.56,1.65,2.59,4.93,9.73,3.40,0.84
15	96823412	96824642	AAG	1.85	HG00656:5.04	1.63,5.00,0.83,5.01,4.19,0.85,3.37,0.82,0.81,2.41,0.82,3.41,2.56,0.84,1.70,0.82,0.84,0.81,2.37,2.54,0.86,5.04,3.36,3.40,0.87,0.83,2.54,1.65,1.66,2.55,1.64,0.83,0.82,0.83,2.52,3.27,0.84,1.74,1.66,0.86,0.82,0.81,0.85,3.42,1.68,0.81,0.85,1.66
17	72297426	72298751	AAGG	1.79	HG00656:16.80	5.71,1.63,4.89,5.84,1.66,0.83,7.51,9.57,2.55,2.52,5.76,5.75,4.07,6.44,3.28,9.39,2.56,18.43,6.49,0.81,5.89,5.81,14.34,12.76,12.09,9.81,7.55,4.95,5.70,14.20,4.23,14.67,14.60,16.80,15.13,5.88,6.80,5.20,6.00,14.91,3.31,2.41,4.13,4.96,30.48,11.35,0.85,8.38,6.61,21.02,1.66,5.86,3.41,6.57,7.54,5.05,5.16,3.33,13.89,12.49,15.53,10.92,5.72,6.74,7.26,9.86,10.43,10.44,14.56,9.67,4.89,13.84,8.54,6.86,14.77,10.25,16.54,14.99,3.46,3.35,11.50,12.76,12.50,5.77,0.83,0.84,8.57,4.18,4.36,5.81,5.99,7.55,3.43,5.92,0.82,5.04,12.82,5.69,6.79,5.82,0.85
11	84212536	84213941	AAAG	1.76	HG00656:14.28	4.08,1.63,8.96,6.65,4.17,2.50,3.32,10.83,5.01,3.34,4.79,5.85,3.35,11.91,0.84,9.87,3.29,3.26,2.41,7.39,6.83,0.85,8.65,3.29,12.02,6.49,7.25,2.52,12.59,11.81,7.66,14.69,1.63,0.84,13.20,9.77,9.46,11.86,9.78,8.59,14.28,9.25,8.41,5.10,4.34,6.00,3.31,8.27,0.80,4.13,2.54,2.48,7.81,8.11,9.40,5.87,1.68,0.82,4.72,1.73,0.84,7.49,6.69,6.81,3.29,6.70,1.68,4.30,13.31,5.72,3.33,6.04,12.60,8.17,8.43,5.65,0.90,6.95,10.44,12.94,7.25,11.50,7.33,4.89,5.98,4.93,3.32,9.44,9.85,4.27,14.06,24.15,5.19,5.86,8.21,2.43,9.36,3.33,4.28,2.52,1.66,10.77,4.19,3.41,3.93,4.29,2.51,3.48,1.67,6.64,5.99,6.85,4.14,1.71,3.36,0.86,10.28,5.85,4.22,2.55,6.11,2.54,1.69,1.71,0.84,4.24,0.82,9.07,4.20,0.84,4.16,5.90,5.98,10.03,7.10,5.69,10.19,5.79,1.66,2.55,3.39
17	5134972	5136258	AAACAGTGCAGTGT	1.75	HG00656:23.52	13.88,15.50,2.44,22.44,9.87,29.78,29.05,20.95,21.30,4.22,13.61,9.90,1.63,14.20,23.52,24.38,10.09,17.01,12.00,16.54,12.56,16.00,17.47,7.49,1.73,9.80,14.32,2.69,6.95,9.57,11.32,4.03,15.60,4.07,12.82,6.57,13.29,18.20,13.83,28.75,1.57,0.82,2.57,3.39
17	72460891	72462245	AC	1.75	HG00656:9.24	8.16,1.63,2.44,0.83,0.83,4.99,4.99,4.16,2.50,5.85,0.80,0.84,5.86,1.66,3.40,4.21,1.65,0.82,0.81,2.41,5.75,0.85,0.85,1.73,3.29,4.01,0.83,1.62,0.81,5.89,2.90,4.22,9.36,1.73,0.82,6.71,0.83,0.81,3.15,2.54,1.63,2.58,9.24,5.89,2.52,8.50,2.60,1.71,3.31,5.79,0.80,3.30,3.39,1.65,2.34,1.62,2.56,1.68,2.51,1.65,3.78,2.59,10.09,4.16,3.35,5.03,6.81,1.64,6.70,0.84,3.44,6.66,3.27,7.49,3.45,1.68,2.45,4.21,6.45,4.48,1.74,5.22,2.43,3.22,4.11,2.44,3.26,1.71,3.29,1.66,0.86,4.92,0.85,1.65,0.83,2.59,4.11,3.24,5.96,3.33,8.57,1.65,5.87,2.48,4.14,5.86,3.93,6.00,2.51,2.61,3.35,0.87,3.32,5.14,2.48,8.57,3.31,4.93,2.56,2.46,2.52,5.15,2.57,4.18,1.69,0.85,1.74,5.08,4.23,2.57,1.68,1.69,3.27,1.65,5.04,3.11,3.35,1.66,7.69,2.51,1.58,3.25,5.10,3.31,5.82,1.70,2.54
11	33424624	33425070	AC	1.70	HG00656:3.36	1.63,0.83,2.50,0.84,0.84,0.83,1.68,0.82,0.81,1.73,1.68,0.84,1.63,0.86,3.36,1.68,0.85,0.84,0.94,0.86,0.84,0.85,2.42,0.82,1.72,0.85,0.86,0.82,0.85,0.83,1.68,0.84,0.85,0.79,1.71,0.84,0.83,0.83,0.86,0.86,0.84,0.85,0.87,0.85,1.66,0.84,0.81,1.65,0.85
22	50458064	50459110	ACGTCAGATGGAGGAGTGC	1.70	HG00656:2.52	0.84,0.82,0.85,0.79,2.52,1.66,0.83,0.82,1.68,0.86,0.85,0.82,2.33,0.85
8	135254850	135256612	AGG	1.68	HG00656:13.44	4.08,7.34,6.51,9.15,4.17,3.33,6.65,4.16,7.51,6.69,5.58,4.18,5.03,1.66,6.81,5.89,14.81,9.04,5.70,10.46,6.57,5.12,7.69,10.38,6.58,3.20,5.01,7.30,10.48,5.05,3.87,5.06,11.06,10.37,5.72,5.03,4.95,12.21,11.04,3.39,4.89,7.73,13.44,9.25,9.25,5.95,3.47,9.43,14.08,1.65,7.23,3.30,3.39,8.26,13.28,6.49,3.42,3.36,6.70,4.12,2.83,4.32,12.61,6.65,7.53,3.35,6.81,10.68,7.54,5.89,5.16,2.50,8.17,0.83,3.45,5.88,5.72,2.53,11.30,6.08,5.22,8.09,3.22,4.11,8.15,7.33,5.13,8.22,3.32,7.72,5.74,1.71,4.96,1.67,3.46,9.21,4.93,10.54,5.11,5.00,4.28,7.42,5.03,0.83,7.45,2.51,2.56,5.50,1.71,4.18,5.22,5.86,6.11,4.15,1.71,6.62,6.85,1.65,5.75,5.97,9.85,8.39,4.29,4.28,7.52,5.91,5.94,5.23,7.61,3.38,3.42,7.56,9.32,10.63,14.02,6.72,10.09,7.54,4.16,8.43,12.82,2.51,10.25,5.69,6.79,1.65,7.48,3.39,5.93
2	43422590	43423329	AAAG	1.68	HG00656:3.36	0.82,0.82,1.66,0.83,0.83,0.84,0.80,1.68,0.84,0.82,1.64,0.82,0.85,1.73,0.82,0.83,0.85,3.36,2.55,0.78,0.86,0.84,1.70,0.86,1.69,4.04,1.71,0.83,0.85,0.79,0.86,0.87,0.84,0.86,0.85,0.84,1.69,0.85,2.51,0.83,1.70,0.85
15	70307947	70308135	AG	1.68	HG00656:1.68	1.68,0.87
11	71114660	71114903	AGAGAGGGAGAGGGAGGCTC	1.68	HG00656:1.68	1.68,0.81
11	42674778	42674779	AACCCT	1.68	HG00656:1.68	1.68
15	74880395	74880396	ACACATATATATAT	1.68	HG00656:1.68	1.68
6	33377332	33377333	AC	1.68	HG00656:1.68	1.68
7	63604053	63604054	ATCC	1.68	HG00656:1.68	1.68
9	112139675	112140120	AC	1.68	HG00656:1.68	1.68
GL000201.1	35933	35934	AAGGATCTAGCATGCTG	1.68	HG00656:1.68	1.68
2	186322032	186322407	AAAAT	1.67	HG00656:1.68	1.65,1.68,0.85
2	117814592	117815869	AAAG	1.66	HG00656:6.72	1.63,0.83,0.84,1.66,0.84,1.61,8.71,4.22,3.40,6.05,5.72,3.35,3.30,4.89,2.37,1.69,4.89,2.58,6.72,1.68,2.52,2.55,2.48,0.84,4.16,0.82,0.83,4.31,2.52,6.45,1.79,0.87,2.61,3.22,5.70,6.57,1.66,0.83,1.73,8.21,0.81,1.70,1.67,0.86,0.83,2.49,1.69,2.47
Y	3640626	3641027	AAAG	1.66	HG00656:2.52	0.83,0.82,0.87,0.80,0.97,2.44,2.52,0.84,1.66,0.84,0.84,0.85,0.86,0.82,0.84,0.83,0.78
10	16894152	16894619	AAAGAAAGAGGGAGGGAGGG	1.64	HG00656:2.52	0.83,0.83,0.84,0.84,0.85,0.83,0.81,0.84,0.85,2.52,0.84,0.85,0.87,0.86,0.80,0.83,1.68,0.84,0.82,0.86,0.83,0.84,0.86,0.86,0.84,0.81,0.82,0.83,0.86,0.84,0.82,0.87,0.83,0.83,1.68,1.71,0.84,0.85,0.87,0.84,0.83,0.83
12	32499182	32500011	AT	1.63	HG00656:3.36	0.83,1.67,0.84,0.81,1.67,2.43,1.65,0.79,3.36,0.84,0.83,1.56,0.84,0.82,2.52,0.84,1.64,0.84,1.72,0.84,0.81,4.89,0.82,0.83,2.57,0.82,1.71,1.75,0.86,0.84,0.86,0.82
12	132173095	132174088	ACCCCCCCCCCCCCCCCCCC	1.63	HG00656:1.68	1.68,0.84,0.86,0.85
2	30349920	30350138	AAGG	1.62	HG00656:2.52	1.63,0.85,0.86,0.82,2.52,0.83,1.67,0.82,0.84,0.82,0.83,1.72,0.83,1.75,0.83,0.83,0.85,0.82
10	129595269	129596043	ACACCCTCCATCCACCCC	1.61	HG00656:3.36	0.82,0.81,0.83,0.83,0.84,1.60,1.68,0.85,0.84,0.82,0.85,0.82,0.80,1.62,0.84,0.97,1.70,0.86,1.63,0.83,4.73,1.69,3.36,0.84,1.70,0.87,0.83,0.80,0.83,0.78,0.81,0.82,0.86,0.83,0.86,0.82,0.86,0.82,1.61,0.90,1.74,0.81,0.81,0.82,2.44,3.29,0.82,0.85,0.83,0.83,0.86,0.84,0.85,0.86,0.83,1.74,0.86,0.83,0.82,0.84,0.86,0.82,1.68,1.66,1.69,0.79,0.81,0.83,0.83,1.69
21	30585648	30586782	AC	1.61	HG00656:2.52	0.83,0.83,0.83,0.84,0.85,1.73,0.83,0.84,0.84,0.84,0.81,2.52,0.85,1.67,0.82,0.82,0.81,0.85,0.83,0.86,0.81,0.83,0.83,0.84,0.86,0.87,0.84,0.87,0.86,0.83,0.82,0.85,0.84,0.84,0.83,0.84,0.83,1.66,0.85
12	26770238	26770984	AAGGAAGGAGGG	1.61	HG00656:2.52	0.80,0.85,0.81,2.52,0.86,0.81,1.70,0.84,0.86,0.83,1.62,0.82,0.83,0.84,0.82,1.70,0.82,0.83,0.84,0.85,0.85,0.84,0.84,0.83,1.69
11	119518361	119519481	ACCACCATC	1.57	HG00656:2.52	0.81,0.84,0.81,0.87,0.86,1.68,2.52,0.86,0.83,0.84,0.82,0.82,1.74,1.61,0.81,0.83,0.81,1.70,0.84
3	163246105	163247450	AAAG	1.53	HG00656:8.40	1.63,1.67,2.50,2.49,0.84,3.40,5.05,0.82,3.22,3.41,3.20,9.74,1.68,2.53,6.80,2.45,4.19,1.65,1.63,3.15,4.23,1.63,2.58,8.40,3.36,2.52,2.55,0.87,1.71,7.46,0.83,4.82,0.83,0.84,3.30,0.94,1.73,1.68,0.84,0.85,7.36,2.50,5.88,10.62,5.90,5.65,3.58,0.87,3.48,7.28,4.03,0.82,3.26,11.11,1.66,0.86,0.83,1.67,6.92,2.51,2.43,1.70,0.83,5.03,0.83,1.71,4.18,5.02,1.65,1.68,0.85,1.68,6.99,3.33,0.84,6.62,0.85
7	148028304	148029176	ACGGATGGAGTGG	1.53	HG00656:4.20	0.82,1.66,0.83,0.83,0.83,1.67,0.80,1.67,1.64,1.63,1.61,0.82,1.73,1.62,0.81,4.21,0.84,0.82,1.68,0.83,1.69,1.63,0.86,4.20,1.68,0.85,1.73,0.86,1.65,0.80,0.83,0.78,3.24,1.68,0.82,0.86,0.84,0.82,0.86,0.83,2.52,0.82,0.90,0.87,1.62,0.81,0.82,4.07,2.56,1.64,1.66,0.86,0.82,2.56,0.86,1.67,0.82,1.70,1.67,0.86,1.65,0.84,0.83,2.56,1.71,1.67,0.87,1.66,0.86,1.71,1.65,2.47,0.84,1.67,1.69,0.85,0.87,0.85,1.68,0.85,1.64,2.47,1.67,2.50,1.71,0.84,3.15,2.44,0.85,3.39,1.69
5	115493275	115494201	ACGGAGAGAGGGGAG	1.51	HG00656:7.56	5.71,4.16,1.67,4.18,1.68,4.07,3.28,1.73,6.58,1.61,4.84,5.10,3.46,1.63,10.90,4.07,7.89,0.81,1.72,7.56,2.52,0.84,4.25,0.87,4.29,2.48,0.80,2.48,2.54,3.24,2.83,3.45,0.84,7.26,1.79,6.08,6.96,0.81,2.44,5.70,0.85,2.49,2.46,3.31,1.67,5.02,0.82,4.86,3.40,4.20,4.14,2.57,1.74,1.64,2.51,2.62,7.36,3.37,0.85,1.67
19	51210565	51211574	AAAAG	1.49	HG00656:1.68	3.26,0.81,1.68,0.83,1.67,1.69
15	81857168	81857504	AG	1.49	HG00656:1.68	0.84,0.81,1.68,4.99,1.63,1.70
1	102122651	102124190	AAG	1.47	HG00656:15.96	2.45,0.85,8.42,0.82,1.71,0.87,0.80,1.67,0.84,5.81,9.28,13.61,1.73,15.52,15.09,1.65,11.40,3.15,6.77,22.82,15.96,6.73,25.22,9.35,8.67,2.57,12.43,10.75,6.43,2.54,5.03,0.84,0.94,0.86,0.83,0.84,0.85,0.82,0.84,5.82,5.72,14.16,0.86,1.68,5.72,6.74,1.61,4.48,4.34,9.67,5.75,6.52,9.77,8.30,5.15,3.28,1.71,28.95,12.49,12.56,0.82,0.81,0.85,19.99,5.77,7.55,6.63,8.52,13.36,5.14,9.20,0.87,2.51,12.22,0.83,9.93,2.57,0.83,0.85,3.28,3.43,1.71,5.06,1.70,13.09,5.08,0.85,1.71,13.56,10.63,6.60,5.88,5.86,9.15,0.84,6.84,5.85,1.58,7.64,9.10,4.16,9.34,11.01
21	24444430	24445072	AAAG	1.47	HG00656:1.68	0.83,1.63,1.68,1.71,1.66,2.43
4	25522038	25522384	AGAGG	1.45	HG00656:1.68	0.82,0.82,1.68,0.81,0.83,0.79,0.85
14	106168664	106169791	ACCAGGGCTGAGTGATCAGG	1.44	HG00656:5.04	1.63,1.63,1.63,3.33,1.67,0.83,3.33,0.83,0.84,0.80,0.84,2.51,3.40,1.68,1.65,0.82,1.63,0.80,3.28,3.41,0.85,3.46,2.47,0.80,0.83,1.62,0.81,2.52,1.94,2.55,1.63,1.68,2.48,4.07,1.58,2.44,1.72,5.04,0.84,0.87,0.86,0.83,0.83,0.80,4.13,1.69,0.83,0.78,3.24,4.19,1.68,1.65,1.89,0.86,2.52,0.83,1.67,1.70,1.64,1.67,1.66,1.63,2.50,0.86,2.52,0.82,3.23,0.90,1.74,0.87,0.81,1.64,1.63,0.82,0.83,0.82,0.85,4.14,0.83,1.64,0.81,2.55,3.33,0.86,2.47,0.84,0.83,1.67,1.70,2.57,3.34,2.61,3.35,2.62,0.83,0.86,0.83,2.57,2.47,0.85,3.36,2.57,2.57,1.67,0.84,0.85,0.87,2.54,0.85,2.57,1.68,1.64,2.47,1.68,1.66,2.53,3.42,2.37,3.25,5.79,2.49,5.94,3.39
17	9534439	9534904	AG	1.44	HG00656:2.52	1.66,0.81,2.55,3.39,0.81,2.52,5.20,0.85,0.83,0.82,0.81,0.85,0.86,1.64,0.82,1.69
22	21309531	21310126	AT	1.44	HG00656:2.52	1.63,0.84,1.68,0.82,0.82,0.81,0.85,0.80,0.83,2.52,0.80,0.84,0.84,0.84,1.63,2.53,0.90,0.87,0.81,0.82,0.81,0.81,0.84,1.65,0.83,0.79,0.86,0.83,0.86,1.67,0.85,0.86,0.84,0.84,0.81,0.83
8	125876781	125878144	AAG	1.40	HG00656:8.40	3.27,3.26,0.83,0.83,2.49,4.16,5.84,2.51,4.79,0.84,2.51,0.83,2.55,2.52,2.47,3.29,4.07,1.61,4.10,2.56,5.98,2.60,6.58,2.40,4.17,4.06,8.06,3.36,4.84,5.06,0.85,5.18,0.82,1.68,0.83,7.33,4.73,4.23,4.89,5.15,8.40,3.36,4.20,3.40,0.87,3.31,4.14,3.21,4.13,3.39,2.48,6.25,4.05,0.85,6.71,4.19,2.47,5.66,1.73,5.88,0.83,1.67,6.71,0.82,4.19,4.21,0.86,3.33,1.63,5.83,2.59,1.68,1.63,6.74,2.42,3.58,6.08,0.87,6.47,6.44,4.11,5.70,3.26,3.42,5.75,0.83,1.72,4.92,2.56,4.96,1.67,1.73,6.70,1.64,3.24,5.83,5.14,7.42,2.52,8.28,6.70,2.56,7.07,8.57,1.67,0.87,1.67,6.11,2.49,4.28,5.79,4.28,3.31,4.93,5.12,0.82,4.20,1.72,0.86,1.69,3.40,3.49,2.54,1.69,6.72,5.93,2.45,9.90,3.36,0.78,0.84,0.83,4.21,0.85,2.51,2.37,1.63,3.40,2.48,1.66,0.85,0.85
10	47588991	47590854	ACCATCCTCAGCTCACCCC	1.38	HG00656:15.96	4.08,3.26,5.70,4.16,9.18,4.99,13.30,5.83,8.35,19.22,3.99,8.35,8.38,3.33,1.70,8.42,2.47,6.58,11.41,4.83,1.64,12.80,4.27,6.06,2.47,4.81,17.53,7.30,6.45,4.21,1.94,1.69,0.85,4.32,9.81,5.87,3.30,4.07,14.99,10.16,3.26,15.96,2.52,3.36,11.91,4.34,4.29,5.80,2.48,15.27,6.60,4.23,14.05,9.38,12.16,5.98,9.23,2.51,3.30,8.50,0.86,4.20,3.33,10.88,4.19,4.26,13.96,5.02,4.21,3.44,11.65,4.90,6.66,8.63,6.72,6.53,9.27,12.91,9.86,2.61,6.09,0.81,2.42,4.93,6.52,4.07,1.71,5.75,9.97,6.01,7.39,5.12,10.75,4.16,1.73,10.89,5.75,5.68,3.40,10.00,6.00,3.30,5.03,0.83,4.97,4.19,10.23,14.15,11.14,16.72,4.35,3.35,3.49,11.62,11.98,11.58,15.42,6.62,12.33,8.53,7.39,5.88,6.86,1.71,12.53,8.44,10.19,7.85,8.46,10.15,7.70,5.88,11.02,12.27,5.77,15.96,5.43,9.21,10.81,11.80,7.69,7.52,3.15,9.76,8.49,9.10,13.30,5.09,8.47
7	151591314	151592616	AGCGGGGAGGGCGGAGG	1.38	HG00656:3.36	0.81,2.49,0.83,1.66,0.83,0.83,1.67,1.60,0.84,0.84,0.82,0.82,0.81,1.61,0.85,0.85,1.73,0.82,1.68,0.84,0.86,0.82,0.84,0.83,1.63,1.63,0.86,3.36,0.84,1.65,0.80,0.83,0.83,0.81,0.84,0.84,0.94,0.84,0.83,1.70,0.86,0.83,1.67,0.86,0.82,0.84,2.69,1.74,0.81,1.63,0.85,0.86,0.82,1.71,0.83,1.67,0.84,0.82,0.81,1.70,0.83,3.31,0.84,0.87,0.83,3.42,0.83,0.82,0.86,0.84,2.53,0.87,0.84,1.55,1.67,1.66,2.53,0.85,0.83,0.83,0.85
11	71098530	71099556	AACAGTCCCGACATCCC	1.38	HG00656:2.52	0.82,1.63,0.83,0.83,0.83,0.81,0.85,0.87,0.80,0.83,0.84,0.84,0.79,0.85,0.81,2.52,0.85,0.78,0.81,0.84,1.68,0.84,0.84,1.64,0.84,0.82,0.84,1.63,0.84,0.90,0.87,0.81,0.86,0.82,0.86,1.70,1.65,0.84,0.85,0.86,0.83,0.84,0.85,0.85,0.83,0.85,0.79
2	218932355	218933391	AGCCCCCTGCCCTCCTCC	1.38	HG00656:2.52	0.82,0.83,1.67,0.84,0.82,0.85,0.82,0.83,0.84,0.97,1.65,2.52,0.94,0.82,0.84,0.81,0.82,0.83,1.67,0.84,0.83,0.86,0.82,0.84,1.67,1.57,0.85,0.84,0.84,2.54,0.82,0.78,0.85,0.84
5	175488352	175488491	AACCCCCAATCCGCGATCC	1.38	HG00656:1.68	0.83,0.83,1.68,0.78,0.84,0.79,0.81
15	70574701	70575957	ATCC	1.32	HG00656:6.72	4.08,0.81,6.65,2.50,0.83,4.16,0.83,1.67,2.51,1.67,3.35,2.50,4.25,1.68,1.65,0.82,0.81,3.22,1.71,6.06,3.20,0.83,2.43,0.81,0.84,1.94,0.84,3.40,2.59,5.72,0.84,2.48,0.81,0.85,5.70,3.43,6.72,0.84,2.52,2.55,1.73,5.14,0.83,3.31,1.61,1.65,3.39,4.13,0.78,1.62,1.71,2.52,3.35,2.47,1.89,0.86,2.52,0.83,0.84,2.55,1.64,0.84,0.84,0.86,1.66,2.45,2.50,1.73,3.36,1.63,1.69,0.81,1.79,1.74,2.61,1.62,2.42,2.46,1.63,2.56,0.82,1.66,3.43,1.64,4.14,0.86,1.67,3.29,4.05,1.70,1.67,2.57,0.82,6.71,0.83,4.14,1.67,3.41,1.57,5.14,2.51,3.48,0.84,0.87,3.32,0.83,2.57,2.48,5.75,1.64,3.36,2.57,1.67,3.38,4.24,0.87,3.38,4.23,2.57,0.84,3.39,2.45,2.47,1.55,1.67,4.99,0.84,5.13,2.44,0.85,4.14,5.82,1.70
7	102801318	102801844	AATGGTGAGGAGCACTGGGG	1.32	HG00656:3.36	0.97,0.82,2.52,0.79,0.85,0.81,3.36,1.68,0.84,8.28,1.61,0.82,0.86,1.66,0.82,1.73,2.45,4.03,1.79,1.74,1.62,1.71,1.64,0.86,2.46,0.85,0.83,0.86,2.51,2.46,0.84,0.78,1.66,0.81,0.83
8	1412013	1413008	AAGGGTGCTGTCCTGG	1.31	HG00656:6.72	0.82,0.81,3.33,3.33,1.66,1.67,0.80,0.84,4.25,0.84,4.07,3.41,0.85,4.33,5.61,0.83,1.62,1.61,1.68,3.87,5.90,2.55,0.82,3.35,8.25,1.63,5.52,1.69,3.26,6.72,2.52,4.20,3.40,5.20,0.86,2.49,2.48,4.82,3.30,0.83,4.05,3.42,2.52,3.35,0.82,3.78,1.73,4.20,2.50,5.02,0.84,0.85,0.84,0.83,1.63,2.59,1.68,3.27,2.53,1.61,2.69,3.48,2.61,2.43,4.03,4.11,1.63,3.26,5.13,2.46,0.83,1.72,3.28,0.85,0.83,3.33,5.86,1.64,1.70,3.43,4.12,0.84,2.48,0.85,0.79,1.71,0.84,0.87,3.35,1.75,3.31,2.56,4.93,4.20,3.43,2.57,5.06,2.62,5.92,4.23,3.36,1.69,1.64,1.65,2.52,1.55,4.19,4.99,3.37,0.84,1.58,0.85,3.31,6.79
7	131552897	131553965	AAAG	1.31	HG00656:3.36	0.83,1.71,0.87,0.84,1.65,1.58,3.36,1.68,0.83,1.66,0.84,0.86,0.82,0.81,0.90,1.74,0.81,1.63,2.44,2.56,1.64,0.83,0.82,2.56,1.67,0.84,4.93,3.49,2.54
17	69606696	69607102	ACATAGATATAT	1.31	HG00656:2.52	4.90,1.73,2.52,5.04,0.84,1.71,1.66,0.83,0.81,0.81,3.28,1.71
1	3500323	3501038	AACGCGCAGCCACCAGAC	1.30	HG00656:31.92	20.41,27.74,25.24,23.28,17.53,22.46,22.44,21.65,15.03,15.04,31.11,25.06,25.13,16.64,25.53,19.36,27.97,19.73,20.37,23.34,19.70,22.18,20.50,25.09,23.84,22.43,37.56,17.04,14.51,22.71,22.27,29.51,16.16,19.87,26.15,10.90,18.15,15.47,23.66,25.41,8.96,23.18,31.92,20.18,26.06,21.26,26.02,19.72,28.17,22.33,26.52,14.86,29.64,32.23,25.79,25.13,17.08,26.01,24.30,23.07,17.93,19.00,17.65,22.46,20.92,33.55,22.99,26.28,22.61,21.05,31.84,17.47,13.08,28.31,21.56,21.01,27.76,20.22,28.24,22.40,25.20,18.27,19.41,26.58,17.24,18.74,26.05,24.78,18.89,21.59,18.88,29.54,30.75,23.16,23.31,26.80,20.10,16.43,22.70,21.27,14.99,23.14,23.08,13.43,22.36,30.65,10.88,17.90,29.87,23.14,15.05,25.24,19.24,18.33,12.45,12.84,16.55,16.28,15.72,14.80,15.36,24.63,13.43,24.87,15.42,18.37,18.56,18.68,12.21,21.15,18.61,23.10,21.85,18.64,26.17,26.39,18.48,16.30,32.65,19.13,17.70,24.78,16.72,18.92,13.83,20.38,23.99,9.15,20.37,18.63
X	125873528	125873876	AT	1.30	HG00656:1.68	1.68,0.90,0.87,0.82,0.86,0.85,0.81,0.85
14	25549729	25550820	AAAG	1.29	HG00656:3.36	0.82,0.82,0.83,1.67,0.83,0.84,0.80,1.67,0.84,3.33,0.85,0.85,2.60,0.82,2.40,0.81,2.52,3.36,2.49,2.34,0.81,0.85,0.84,0.84,1.67,2.55,0.83,0.86,0.84,1.74,0.87,1.62,0.81,0.85,0.82,0.85,0.83,0.82,0.81,1.67,0.79,0.87,0.84,0.83,0.86,0.84,0.85,1.69,0.86,0.83,0.84,1.58
20	11257432	11258608	AAAAT	1.28	HG00656:2.52	0.81,0.83,0.83,0.83,3.34,0.84,1.64,0.84,0.79,2.52,0.84,0.83,0.80,0.85,1.67,0.84,0.84,0.83,0.87,0.81,0.82,0.86,1.71,1.65,0.81,0.85,0.82,0.84,0.84,0.79,1.71,3.49,0.83,0.86,0.86,0.83,0.84,0.85,0.85,0.79,0.85
10	12586112	12587304	AACACTAGTACTATCCACTC	1.27	HG00656:4.20	0.83,1.66,1.66,0.83,1.67,5.01,0.84,1.66,0.85,1.68,1.64,0.82,2.56,0.87,0.80,0.84,1.69,0.85,7.62,0.81,0.86,4.20,0.85,0.83,0.83,0.83,2.54,1.65,1.56,0.85,0.84,1.68,0.94,1.68,0.83,0.85,1.72,0.83,1.63,0.83,1.73,0.84,0.84,3.23,0.90,0.87,0.87,0.81,1.61,1.63,0.85,1.64,0.83,0.82,1.65,2.59,2.46,1.62,2.55,2.52,0.84,0.84,0.87,1.66,0.83,1.71,1.71,3.36,0.86,1.71,0.84,3.49,0.85,4.09,0.82,0.84,1.55,3.33,0.84,1.71,0.84,0.81,2.49,0.85
12	83802981	83803675	AT	1.26	HG00656:1.68	3.37,3.26,0.86,1.68,1.66,2.50,1.66
7	66193560	66193802	ACCCTCACCTCC	1.25	HG00656:8.40	4.08,1.63,4.07,4.99,1.67,5.82,1.66,0.83,5.84,4.18,4.79,3.34,7.54,4.16,2.55,2.52,4.94,2.47,1.63,3.22,4.10,1.71,3.42,1.64,2.40,7.51,4.06,8.86,4.21,0.97,0.84,6.80,1.73,4.90,5.03,2.48,8.14,2.37,7.62,4.07,3.43,8.40,3.36,4.20,5.95,4.34,3.43,5.80,0.83,3.21,1.65,2.54,5.79,5.47,2.43,4.27,5.87,2.51,0.82,1.89,0.86,3.36,2.50,4.18,0.84,2.55,6.57,2.51,1.68,4.30,4.16,4.09,2.50,2.59,2.52,2.45,2.53,5.65,0.90,6.95,1.74,6.47,5.64,3.28,6.52,4.07,4.27,4.11,1.66,1.72,2.46,1.71,3.31,5.00,5.19,7.54,2.46,1.62,1.70,0.83,0.86,3.30,2.52,4.97,3.31,2.51,0.85,2.36,4.29,1.67,2.61,1.67,1.75,2.49,3.42,6.62,4.28,5.79,4.11,5.97,3.28,5.04,6.00,0.86,1.67,5.06,8.49,1.74,5.08,1.69,3.42,2.52,2.54,5.72,0.82,5.88,3.11,5.86,3.33,3.37,2.56,4.18,2.37,3.25,2.55,4.14,4.99,5.09,2.54
14	101012000	101013274	AGGGCCGGGGCGGGGCG	1.17	HG00656:8.40	4.08,4.90,0.83,3.33,0.83,5.01,1.68,2.50,12.76,6.58,0.82,1.61,1.64,3.42,5.84,2.42,6.73,7.74,10.96,6.71,9.08,2.37,1.69,3.26,1.72,8.40,7.57,6.07,2.57,9.10,2.48,4.23,1.56,0.81,0.84,1.68,5.77,4.72,5.18,0.84,0.83,3.35,6.71,1.70,4.11,5.89,0.86,0.86,10.75,1.74,6.09,5.66,3.28,0.81,4.89,4.10,1.67,0.82,5.68,0.85,0.79,1.63,0.83
11	110489065	110489331	ACATATACTCTATCACT	1.17	HG00656:2.52	0.83,0.83,0.83,0.80,0.80,0.82,0.80,0.83,0.81,0.86,0.83,0.86,2.52,0.84,0.85,0.83,0.85,0.94,0.83,1.68,0.83,0.83,1.73,0.81,0.85,0.82,0.83,0.86,1.66,0.84,1.71,0.82,0.86,1.69,0.85,0.87,0.85,0.84,1.69,1.64,0.84,0.85,0.83,1.70,0.85
6	23622742	23623837	AAGGAAGGAAGGAAGGGAGG	1.15	HG00656:3.36	1.63,1.63,2.49,1.66,0.82,1.63,1.64,0.82,1.67,1.62,1.68,1.94,0.84,1.70,0.86,0.82,0.83,0.81,0.85,1.63,0.86,3.36,0.87,0.86,1.61,0.85,1.56,0.85,0.84,2.59,0.84,0.83,0.82,0.84,1.66,0.82,1.68,0.82,0.84,1.61,2.61,3.22,1.63,3.26,0.85,0.82,0.86,1.64,0.83,0.83,3.35,3.24,0.82,0.84,0.86,0.87,0.85,0.85,0.83,1.66,0.85
7	1319755	1321098	AAGAAGGAAGAAGGAGG	1.13	HG00656:4.20	1.66,2.51,2.46,0.82,0.80,0.97,0.84,1.70,0.83,7.10,0.85,0.81,4.20,0.85,0.83,0.80,0.84,0.84,1.72,3.27,1.68,2.42,2.43,1.64,2.56,0.82,0.86,2.59,0.84,5.68,0.83,0.84,0.84,0.85,1.57,1.67,5.02,0.83,0.86,7.45,0.86,0.85,1.74,1.69,0.85,4.09,3.11,0.83,0.85,1.67,1.70,0.83,2.49,1.69
1	201226537	201227143	ACTCCATCACTCCATCTC	1.11	HG00656:2.52	0.83,1.60,0.82,0.85,2.60,1.67,0.84,2.52,0.84,0.84,1.71,0.83,0.85,0.78,0.84,0.86,0.81,0.83,0.86,0.83,0.85,1.57,0.86,1.67,0.83,0.82,2.53,0.85,1.68,0.82,0.83,1.66
4	7544879	7545969	ACCCATCCATCCATCC	1.11	HG00656:2.52	0.81,0.84,1.60,0.84,0.82,0.81,0.97,0.82,0.86,2.52,0.87,0.83,0.82,1.89,1.68,2.51,0.82,0.84,0.84,0.86,0.81,0.90,0.81,0.82,0.82,1.67,0.86,0.81,0.83,0.85,0.79,0.87,0.83,1.71,0.82,0.85,0.86,1.67,0.84,0.85,0.84,0.84,0.78,0.83,2.37,0.81,0.83,0.83,0.85
13	112846190	112847577	AAAGGATACCGTCACAG	1.06	HG00656:7.56	0.82,0.82,0.81,2.50,1.67,0.83,2.55,0.81,2.41,5.75,3.41,6.83,0.82,2.50,2.43,0.81,4.84,3.37,4.25,3.46,4.09,7.55,3.30,2.44,3.94,7.33,0.86,7.56,5.89,2.55,6.07,3.43,4.97,4.14,6.43,1.65,0.85,0.78,0.85,0.82,0.94,1.73,1.66,3.41,0.82,1.67,0.84,0.86,4.16,4.09,2.50,3.45,3.36,2.45,2.53,4.03,4.48,0.87,4.35,3.23,2.42,2.46,4.89,0.81,3.42,2.46,1.66,3.43,9.85,1.71,4.96,3.33,1.67,1.64,1.70,4.17,0.82,4.14,1.70,2.36,1.74,4.36,4.15,4.28,0.83,1.64,0.85,9.03,4.20,2.57,0.86,6.79,1.74,3.38,7.63,2.45,0.82,6.99,0.84,1.69,1.71,2.51,1.58,4.14,3.39,2.54
14	104766564	104768090	CCG	1.04	HG00656:7.56	1.63,2.45,4.99,0.83,7.48,0.83,4.17,3.34,0.80,0.84,0.84,0.83,4.25,4.21,5.76,0.82,0.81,3.28,1.71,0.87,0.80,1.67,5.64,5.05,9.68,1.73,5.03,4.89,0.79,3.39,5.15,7.56,3.36,2.55,2.49,2.41,0.78,0.81,3.42,4.19,0.94,6.91,4.99,0.84,1.68,0.85,0.82,3.44,1.66,4.09,1.67,4.31,7.26,1.79,3.48,2.42,0.81,1.63,2.49,0.86,0.82,1.71,7.49,1.73,1.67,0.86,1.65,1.66,9.11,0.84,2.56,1.57,0.86,2.51,0.87,6.11,4.15,2.48,2.57,0.83,4.11,2.56,3.28,0.84,6.00,1.71,4.22,1.69,1.69,2.57,5.08,0.82,1.65,1.68,0.78,4.19,2.53,6.84,1.67,3.25,3.40,0.83
17	2684366	2685608	ACACACAGAGACGTGC	1.04	HG00656:5.04	1.63,0.82,1.63,1.66,0.83,1.66,2.49,0.83,0.84,1.60,0.84,1.66,0.85,2.52,0.82,0.81,2.41,4.10,0.85,1.71,2.60,0.82,1.60,0.83,1.62,0.81,1.68,0.97,0.84,0.85,3.46,1.63,1.68,2.48,3.26,2.37,1.69,2.44,1.72,5.04,0.84,2.52,1.70,0.87,0.86,1.66,0.83,1.61,1.65,1.69,3.31,3.91,0.85,0.84,1.65,3.78,0.84,1.66,0.84,0.84,5.11,1.64,1.67,1.68,2.58,1.66,0.82,1.67,1.73,0.84,0.82,0.84,0.81,0.90,2.61,2.43,0.81,1.64,0.81,1.63,1.71,4.11,1.66,1.64,1.71,2.50,2.59,2.51,2.46,1.62,3.40,1.67,1.71,0.82,3.36,4.14,3.31,3.35,0.85,2.36,2.57,2.51,4.35,2.51,2.62,2.49,0.86,2.48,0.86,2.48,1.64,1.71,1.64,2.52,1.72,0.86,1.67,0.84,2.55,2.54,3.42,5.04,0.85,0.82,0.82,1.68,2.33,2.51,4.16,0.84,0.84,2.37,2.44,2.55,2.48,0.83,5.94,1.69
6	170367477	170367633	AG	1.04	HG00656:1.68	0.82,0.85,0.81,1.68,0.83,1.65,0.84,0.81,0.85,0.83
17	26842855	26845584	ACACACCTCCACAGGGT	1.03	HG00656:19.32	10.61,8.98,10.58,9.15,6.68,17.47,17.45,5.83,9.18,8.36,7.98,5.85,7.54,6.66,5.96,13.47,9.05,4.11,12.22,16.10,11.49,11.95,9.40,6.06,11.51,10.42,12.52,12.99,16.92,10.93,10.65,8.43,13.61,7.78,12.26,7.55,8.25,14.66,20.51,19.48,13.04,9.44,19.32,8.41,11.77,8.50,13.01,7.72,12.43,6.62,13.66,7.43,9.32,9.92,17.19,8.92,14.52,14.26,4.19,15.66,7.55,9.50,12.61,7.49,17.57,9.23,16.18,8.21,13.40,11.79,10.33,5.82,8.17,7.49,11.21,20.17,8.98,9.27,16.94,9.86,8.69,12.18,14.56,13.69,6.57,14.67,21.17,8.54,9.86,0.83,7.72,18.87,16.23,8.27,9.99,10.37,7.54,12.32,10.54,12.76,12.50,11.14,10.71,8.39,12.42,16.57,16.74,7.67,14.93,9.43,6.69,5.22,7.53,9.60,11.62,10.27,11.58,16.28,5.79,10.69,16.22,13.96,16.79,10.29,10.28,7.52,5.91,4.24,8.72,5.92,10.15,10.27,10.08,9.32,11.45,18.14,14.28,18.63,15.91,12.48,6.74,12.82,11.70,11.83,21.15,8.49,7.45,6.65,11.03,10.16
11	68877487	68879071	ATCC	1.03	HG00656:13.44	6.53,4.90,4.89,11.64,9.18,7.49,9.14,5.83,10.85,5.01,5.58,7.52,6.70,4.16,7.66,6.73,4.94,7.40,3.26,9.66,4.92,7.68,11.11,9.52,7.40,3.20,5.84,1.62,6.45,8.41,11.62,9.28,12.76,6.05,4.09,5.87,7.43,10.59,5.52,5.08,10.59,8.59,13.44,8.41,8.41,9.35,7.80,8.57,14.08,6.62,3.21,4.95,10.16,0.83,2.34,5.67,6.83,5.87,9.22,9.06,3.78,8.64,5.88,5.82,10.88,8.39,5.96,2.46,5.02,8.42,6.02,13.31,4.90,6.66,10.35,5.04,8.17,0.84,11.30,3.58,12.16,6.96,5.66,6.44,5.75,5.70,7.33,2.56,5.75,3.32,6.01,9.03,4.27,9.10,13.32,5.19,7.54,4.93,12.16,6.81,7.50,13.71,5.77,3.36,8.28,8.28,5.86,4.26,10.22,4.29,6.69,10.45,7.53,10.48,9.13,6.85,4.14,9.42,6.62,6.58,7.68,18.06,6.72,9.43,6.85,8.35,7.59,7.64,4.36,1.69,10.99,10.27,9.24,9.32,5.72,8.25,3.36,7.76,6.70,9.98,5.06,8.54,12.54,3.94,6.51,7.64,12.41,9.98,3.39,5.93
8	111740551	111741078	AATAG	1.03	HG00656:1.68	1.64,1.68,0.80,0.86,0.81,0.86,0.85,0.84,0.86,0.85
Y	21551131	21552250	ACACATACATACATATATGT	1.01	HG00656:5.04	4.07,0.83,0.83,1.67,9.19,0.80,0.84,15.08,4.25,0.84,16.45,0.85,2.47,1.60,0.83,0.81,12.62,0.82,0.79,0.81,5.04,0.84,0.87,2.48,0.84,0.86,0.86,0.81,0.81,0.82,0.83,1.71,1.62,1.65,0.83,0.85,0.86,0.82,0.84,0.83
17	38296245	38297082	AC	1.01	HG00656:1.68	0.85,1.68,0.81,1.66,0.83,2.49,0.86,0.82,1.67,0.85
12	20538645	20539524	AAATATATAT	1.00	HG00656:1.68	0.86,2.37,1.68,0.84,0.84,0.81,0.83,4.28,2.56,0.86
