motif	top_case_zscore	high_case_counts	all_counts
AAGAC	30.11	HG00098:43.25	43.25,13.24,24.63,23.59
AAAAT	16.83	HG00098:119.14	119.14,47.22,24.11,21.70,1.66,4.16,21.71,56.83,29.78,2.52,14.81,8.22,10.59,25.76,7.39,0.85,6.83,6.06,20.55,21.63,22.54,8.12,0.81,32.80,0.97,5.06,0.82,18.45,4.13,22.80,12.70,0.81,36.06,14.28,0.84,22.70,6.94,3.43,27.30,2.41,28.79,9.92,21.10,1.62,5.98,17.62,9.89,3.78,0.84,28.28,14.48,6.70,1.68,1.72,21.63,0.82,0.86,14.70,8.43,3.23,2.61,16.53,4.85,0.81,2.46,1.63,17.91,17.94,2.46,7.47,7.72,5.98,1.65,4.16,0.84,45.99,12.97,5.83,9.43,4.12,4.97,5.80,12.56,20.46,13.36,33.42,3.34,33.95,4.36,0.83,5.99,3.31,3.43,4.14,8.21,7.55,2.57,11.99,43.88,5.94,35.77,3.38,8.46,4.28,2.52,5.08,35.16,6.60,3.36,45.80,9.21,4.16,26.49,30.09,28.38,0.81,8.49,14.13,44.13,44.88
AAGGGAGAGAGAGGGAGG	2.17	HG00098:4.08	4.08,0.83,3.34,1.65,0.82,0.97,0.86,0.82,5.86,0.94,0.85,9.86,0.84,4.30,0.90,0.85,0.82,0.86,0.83,1.62,0.85,0.86,7.07,0.85,0.85
AAGGAGGAG	1.86	HG00098:2.45	2.45,3.33,4.79,10.36,0.83,18.89,1.63
AAGGGAG	1.82	HG00098:5.71	4.08,5.71,1.66,5.82,0.84,0.80,1.70,0.84,0.83,2.42,3.36,0.86,0.81,0.86,1.68,0.85,1.73,1.61,0.85,3.13,0.81,0.84,1.68,2.47,0.94,0.84,0.84,1.70,0.82,0.84,1.68,4.99,0.81,1.64,0.81,0.82,2.43,1.66,0.83,1.67,0.79,5.24,0.83,2.48,1.71,2.48,0.82,0.86,1.67,0.87,3.38,0.84,2.54,4.91,1.65,3.11,1.67,1.66,1.71,1.67,0.79,5.69,5.10,0.83,1.70
ACAGGGTCCCCCAGCTCAG	1.65	HG00098:3.26	3.26,0.83,0.83,1.67,0.83,0.85,0.84,0.82,0.80,0.87,0.80,2.43,0.81,0.82,0.81,1.72,0.85,0.94,0.84,0.85,0.82,0.82,0.81,0.87,0.82,0.81,0.81,0.82,0.83,1.67,1.67,0.83,3.31,1.67,0.85,0.84,0.87,0.83,0.86,0.83,1.64,1.68,0.85,0.84,0.84,0.85,1.67,1.58,0.83,3.39,0.85
ACACTGCCCACCTCCCACAG	1.64	HG00098:114.24	101.23,114.24,84.68,70.68,47.57,91.52,132.99,69.12,71.81,64.35,113.27,78.51,56.96,91.52,99.55,99.31,105.28,55.07,58.68,86.93,49.24,72.53,44.43,69.21,40.28,88.94,72.61,88.47,99.93,47.94,37.76,32.89,22.97,48.38,40.86,63.73,80.03,52.11,80.45,80.45,35.86,81.56,48.72,63.05,68.09,37.42,63.30,89.15,70.42,41.36,121.35,78.43,55.05,42.97,136.75,82.69,107.63,76.34,84.61,73.34,67.96,69.95,68.94,90.66,151.46,78.00,45.99,103.48,60.29,70.74,72.28,62.39,89.09,72.44,63.83,42.01,57.98,80.88,50.83,90.51,79.94,104.43,39.62,76.52,72.26,98.61,37.45,44.43,80.51,94.67,51.48,59.08,85.40,94.30,56.62,34.58,72.02,68.17,21.89,104.66,18.33,35.13,57.69,62.94,24.85,78.69,52.75,77.57,63.66,58.28,27.59,50.49,44.34,43.65,33.20,95.01,61.23,11.14,60.40,26.31,32.43,36.94,48.68,23.16,39.41,96.04,31.22,28.01,32.28,50.76,52.43,52.20,92.43,18.64,62.15,32.98,21.00,97.81,3.35,31.61,38.77,10.25,34.27,35.48,97.62,73.89,62.05,30.76,33.95,45.72
ACCCTCACCTCC	1.63	HG00098:7.34	4.08,7.34,4.89,4.99,0.83,0.83,0.83,0.83,3.34,1.67,0.80,5.01,4.19,4.99,4.25,2.52,2.47,4.11,2.44,5.63,4.27,2.56,0.87,1.64,1.60,2.50,1.62,2.42,3.36,2.90,3.37,5.10,0.86,2.45,3.35,2.48,4.89,5.52,3.39,3.26,4.29,2.52,4.20,5.88,0.85,2.60,3.43,1.66,1.65,3.21,0.83,1.69,4.96,3.13,4.05,0.85,3.36,5.86,4.94,5.66,2.59,3.36,4.99,3.35,3.35,4.26,3.29,0.84,0.83,4.09,2.50,0.86,2.52,0.82,4.21,4.03,2.69,4.34,2.61,1.62,2.42,0.82,1.63,4.07,1.71,4.11,3.32,0.86,2.46,1.71,5.79,4.16,4.32,3.35,0.82,4.25,1.67,1.71,3.30,3.36,2.48,1.66,1.67,2.56,4.72,1.67,6.09,4.18,0.87,1.66,2.57,2.48,3.43,1.65,3.29,2.56,5.75,3.36,1.72,0.86,0.84,3.38,5.09,2.62,7.61,1.71,6.72,2.54,0.82,0.82,1.68,2.33,3.35,2.50,0.84,2.56,1.67,3.15,3.25,2.55,6.65,2.55,4.23
ACATAGATAGAT	1.62	HG00098:1.63	1.63,0.83
AAGGCGGGAGTCTGGGGTAG	1.61	HG00098:1.63	1.63,1.69,0.84,0.85
ACCATGACCTCCACCTCC	1.55	HG00098:1.63	1.63,0.85,1.62,1.67,0.83
AACTCGGACACACCAC	1.02	HG00098:1.63	1.63,0.80,0.82,0.82,0.81,0.83,0.84,0.82,0.82,1.71
