motif	top_case_zscore	high_case_counts	all_counts
ACACATATATATG	8.25	HG00103:26.61	14.69,6.53,1.63,26.61,5.84,9.15,1.66,5.83,15.86,6.69,7.98,8.35,0.84,17.47,0.85,2.47,5.75,4.07,16.90,1.64,3.41,2.56,1.73,1.64,2.40,1.67,1.62,2.42,6.78,1.69,11.91,3.46,4.90,13.42,4.13,1.63,5.93,0.81,9.44,2.52,1.68,13.45,3.40,3.47,3.43,4.97,11.58,3.21,0.83,5.93,2.48,3.91,8.92,3.36,3.35,4.94,0.94,7.77,5.04,9.15,7.66,0.82,2.51,1.68,2.58,5.82,4.90,5.83,6.72,8.17,9.27,2.42,1.79,4.34,6.96,5.66,25.78,16.42,0.81,7.33,1.71,20.54,5.81,0.86,6.83,4.14,10.82,6.05,3.35,3.29,3.24,1.70,1.67,1.71,1.65,0.83,0.84,0.85,0.79,5.14,15.67,3.35,11.35,0.83,3.31,16.22,2.52,3.43,3.43,2.51,0.85,12.84,2.52,9.81,0.84,10.05,0.83,8.43,2.44,6.79,3.31,0.83,1.70,0.85
AACCTCCCT	2.64	HG00103:51.55	10.61,4.90,17.91,51.55,13.35,34.94,20.78,13.32,32.56,29.25,33.50,5.85,8.38,5.82,34.03,38.71,32.90,27.95,4.89,28.17,45.96,25.60,9.40,27.68,21.37,19.23,16.69,16.23,27.40,23.55,6.78,31.20,47.63,27.64,22.06,15.93,26.40,8.96,19.72,17.78,6.52,15.45,32.76,20.18,7.57,17.01,30.35,17.15,3.31,26.47,49.02,14.86,11.86,9.92,42.20,13.78,20.50,7.55,15.92,20.60,18.88,17.27,35.31,28.28,20.08,8.39,8.52,22.17,15.07,10.95,23.23,34.94,34.33,11.66,18.11,32.77,11.43,19.38,25.01,10.75,23.46,12.18,21.83,6.44,36.13,24.45,34.20,14.53,32.86,17.44,39.47,27.90,17.08,29.78,18.32,60.51,30.15,9.03,23.51,32.33,2.50,8.57,4.12,2.52,4.14,12.42,0.84,1.70,0.79,4.29,18.39,0.87,20.08,10.48,5.81,29.96,3.31,27.41,7.45,3.29,2.56,9.03,15.95,6.86,11.14,5.85,4.22,7.64,5.23,2.54,0.85,0.86,15.25,9.00,0.82,10.92,31.05,3.35,2.53,8.54,47.64,2.37,20.34,7.64,4.96,12.47,11.88,6.77
AACAGGAAGGAGGCCCC	2.49	HG00103:2.49	2.49,0.84
AAGGAGGCCCCACCAGG	2.08	HG00103:4.16	0.82,1.63,0.81,4.16,0.83,0.80,1.70,0.84,2.47,4.11,0.80,0.85,1.73,2.47,0.83,0.81,1.94,2.45,1.68,0.85,0.86,1.68,1.68,2.52,0.83,1.71,2.52,0.94,0.86,1.68,0.85,1.64,1.72,0.82,0.84,2.42,0.87,0.87,0.81,0.82,1.72,0.83,0.83,1.64,0.85,0.83,0.83,0.85,0.84,1.70,0.82
AAGAAGGTGGTGGGAG	1.79	HG00103:19.12	13.88,0.82,19.12,0.83,19.15,1.67,0.80,2.47,15.62,1.61,1.71,0.82,42.71,17.36,2.52,4.18,21.29,6.74,8.52,1.71,2.57,4.20,1.67
ACAGGGTGCTGATGAGG	1.47	HG00103:10.81	10.81,11.70,19.94,3.33,2.47,4.17,1.61,0.84,4.29,0.84,22.61,9.89,0.84,1.67,0.83,6.85,4.14,8.47,0.82,0.81,24.82
ACACCCCAGACCCCACTG	1.32	HG00103:4.99	0.81,4.99,0.83,2.50,0.83,0.84,0.82,0.82,2.44,1.61,0.85,0.84,4.25,0.86,2.45,1.68,0.85,0.84,0.84,0.85,0.86,3.31,2.41,1.69,0.78,0.81,2.52,0.84,1.68,2.51,3.29,0.83,3.27,1.67,2.69,2.43,0.81,0.82,1.63,4.89,0.82,0.83,1.73,1.70,1.67,1.68,1.66,1.70,1.57,3.48,1.67,2.49,1.65,0.83,0.82,1.71,3.36,2.57,0.84,0.85,0.87,0.85,0.86,0.84,4.09,2.33,1.67,3.33,4.21,4.18,3.94,5.69,0.85,0.83,3.33,0.85,0.85
AACCCGCAGCCACCAGAC	1.20	HG00103:7.48	4.90,4.90,12.21,7.48,11.68,4.16,3.32,3.33,1.67,6.38,5.85,2.51,1.66,2.55,5.89,8.23,3.29,3.26,5.63,5.75,4.27,1.71,0.87,1.64,0.80,4.87,4.03,5.05,0.86,1.63,1.68,2.48,1.63,0.81,5.04,1.68,2.60,4.14,0.80,4.95,2.54,7.44,3.91,2.56,5.03,0.84,4.12,1.89,2.59,1.68,4.18,5.87,10.68,3.35,3.37,1.72,1.66,3.33,5.18,2.52,5.06,1.61,0.90,0.87,0.87,4.04,6.52,4.98,1.64,3.42,2.51,1.64,1.62,0.83,0.84,2.56,3.93,0.87,2.62,4.28,0.83,1.71,3.31,4.10,3.36,5.01,5.06,3.38,1.71,0.84,0.85,1.65,1.55,4.19,3.33,5.13,0.84,0.79,0.83,2.55,1.69
ACCCCGTCCTCATCAGC	1.08	HG00103:2.49	2.49,0.83,1.67,0.83,0.85,0.82,0.87,0.82,0.80,0.83,1.61,1.68,1.70,0.82,0.79,0.81,0.84,0.86,0.85,0.83,1.67,0.84,0.86,0.82,0.81,0.82,0.86,1.62,31.32,0.84,0.84,0.83,0.85,0.84,0.85,1.63,12.41
ACACTGCCC	1.05	HG00103:2.49	1.63,2.49,0.83,0.85,1.61,0.82,0.83,0.84,1.65,1.63,1.71,0.84,0.94,0.84,0.86,0.84,0.81,1.65,1.68,0.84,0.87,0.86,5.01,0.85,3.36,0.85,0.83
