motif	top_case_zscore	high_case_counts	all_counts
AGCAT	12.45	HG00982:38.57	2.49,11.91,4.01,11.28,9.25,3.35,16.31,8.40,13.45,16.48,5.80,38.57,1.66,11.66,8.63,5.90,0.81,9.70,21.19,5.98,16.43,12.46,8.58,6.66,19.88,4.93,13.78,5.79,5.04,6.74,8.14
AAAGG	8.42	HG00982:85.99	13.06,8.98,47.22,3.33,0.83,10.82,8.31,4.16,32.56,27.58,19.94,24.22,26.80,12.48,16.17,4.21,12.34,26.30,34.23,5.63,18.06,6.83,17.09,15.57,32.06,5.61,12.52,19.48,6.45,15.98,10.65,12.65,13.61,26.78,26.15,15.09,29.70,96.08,33.92,31.33,11.41,28.33,5.88,30.27,36.99,34.87,13.87,6.86,76.21,11.58,85.99,13.21,15.24,50.41,18.75,13.78,2.56,7.55,14.24,11.54,0.94,19.86,53.80,4.99,11.71,36.06,17.88,16.43,10.05,12.63,18.07,8.32,36.78,15.82,5.18,15.96,9.80,52.24,16.94,17.03,43.44,22.63,59.03,4.03,24.63,23.63,13.84,21.36,56.68,10.80,14.59,39.39,48.68,35.57,16.65,44.09,37.69,19.71,12.16,38.29,7.50,2.57,9.07,4.20,8.28,26.51,53.58,18.75,44.80,12.00,7.52,8.70,8.37,16.59,6.64,2.57,15.72,14.56,6.62,7.40,10.24,14.78,15.95,3.43,11.14,3.34,16.03,1.74,2.54,5.07,12.84,7.56,11.02,34.34,23.09,6.72,20.96,15.91,18.30,15.17,11.11,22.57,8.67,19.52,12.74,7.45,2.49,12.73,0.85
ACAGGTCTCCCGGGTGGC	6.41	HG00982:11.25	3.27,0.82,2.44,2.49,7.51,2.50,1.67,4.17,1.67,1.60,4.18,0.84,3.40,0.84,2.47,3.26,1.61,0.82,2.56,0.85,2.60,1.64,3.34,2.43,2.42,0.84,3.87,5.10,2.59,5.87,2.48,2.44,1.58,0.85,2.44,3.43,3.36,5.04,3.36,2.55,4.34,4.29,1.66,11.25,4.95,0.83,0.78,0.81,6.83,0.84,3.35,4.94,1.89,0.86,1.66,4.18,4.19,3.41,1.64,0.84,1.68,0.86,2.50,1.63,0.82,1.69,2.42,0.87,3.23,0.81,2.46,0.81,1.71,2.46,3.32,1.72,1.71,1.65,5.83,2.59,4.19,2.46,1.62,0.82,0.79,2.57,0.87,1.75,0.83,1.71,1.71,1.65,0.85,2.52,1.67,1.70,0.87,2.54,0.86,2.52,2.45,1.65,1.68,3.88,5.02,0.83,0.84,0.84,1.63,0.85,2.49,0.85,2.54
AACCCCTAACCCGAACCCT	6.39	HG00982:6.43	6.43,16.23
AACCCCTAACCCTAACCCT	3.71	HG00982:106.88	13.06,26.87,17.47,21.39,49.24,8.54,0.82,18.55,14.46,14.03,66.77,25.41,10.59,94.08,6.73,9.35,12.86,21.54,106.88,5.93,3.31,45.32,7.69,12.58,73.34,20.13,14.78,20.65,9.98,25.34,27.76,2.69,79.25,18.89,35.86,23.93,32.04,11.63,105.54,23.80,17.93,13.43,33.93,1.55,12.56
ACACTGCCCACCTCCCACAG	3.14	HG00982:121.35	101.23,114.24,84.68,70.68,47.57,91.52,132.99,69.12,71.81,64.35,113.27,78.51,56.96,91.52,99.55,99.31,105.28,55.07,58.68,86.93,49.24,72.53,44.43,69.21,40.28,88.94,72.61,88.47,99.93,47.94,37.76,32.89,22.97,48.38,40.86,63.73,80.03,52.11,80.45,80.45,35.86,81.56,48.72,63.05,68.09,37.42,63.30,89.15,70.42,41.36,121.35,78.43,55.05,42.97,136.75,82.69,107.63,76.34,84.61,73.34,67.96,69.95,68.94,90.66,151.46,78.00,45.99,103.48,60.29,70.74,72.28,62.39,89.09,72.44,63.83,42.01,57.98,80.88,50.83,90.51,79.94,104.43,39.62,76.52,72.26,98.61,37.45,44.43,80.51,94.67,51.48,59.08,85.40,94.30,56.62,34.58,72.02,68.17,21.89,104.66,18.33,35.13,57.69,62.94,24.85,78.69,52.75,77.57,63.66,58.28,27.59,50.49,44.34,43.65,33.20,95.01,61.23,11.14,60.40,26.31,32.43,36.94,48.68,23.16,39.41,96.04,31.22,28.01,32.28,50.76,52.43,52.20,92.43,18.64,62.15,32.98,21.00,97.81,3.35,31.61,38.77,10.25,34.27,35.48,97.62,73.89,62.05,30.76,33.95,45.72
AAGG	2.84	HG00982:78.75	39.19,17.95,52.11,59.87,55.09,69.05,30.75,27.48,41.75,43.46,51.85,21.72,21.78,46.59,40.84,25.25,23.03,19.73,15.48,20.12,54.99,24.74,17.94,51.04,46.86,25.64,5.01,38.96,27.40,25.23,49.37,36.26,69.75,36.28,58.01,53.67,36.30,57.81,60.73,51.66,37.49,42.93,32.76,43.72,37.83,56.12,42.49,37.72,70.42,17.37,78.75,43.76,37.26,24.79,70.33,34.05,46.13,11.75,18.43,42.03,45.31,36.27,58.85,12.48,56.06,17.61,58.76,53.38,62.81,23.58,33.56,56.57,27.79,43.30,25.01,35.29,52.26,43.81,47.61,52.87,30.41,47.86,45.28,30.61,55.01,42.38,60.25,39.31,47.65,33.22,36.89,73.85,56.37,43.84,39.14,54.46,27.64,23.82,74.59,47.65,37.49,29.99,45.33,47.83,45.55,58.81,52.75,42.62,56.59,56.56,28.42,40.91,36.81,47.14,63.08,41.94,48.82,71.96,33.09,24.66,29.87,55.82,33.58,38.59,33.41,37.58,38.82,30.56,41.00,45.68,38.06,35.94,39.49,33.90,46.61,27.21,23.52,69.87,47.72,28.28,37.08,49.56,52.66,61.50,73.22,43.31,46.33,45.73,32.25,33.87
AACGCGCAGCCACCAGAC	2.43	HG00982:38.57	17.14,16.32,47.22,14.14,30.05,21.63,31.58,9.16,13.36,20.89,8.77,17.54,18.43,35.78,14.46,21.04,39.48,13.15,30.97,22.54,18.88,15.36,11.96,16.44,8.22,16.83,14.19,18.67,21.76,30.28,0.97,12.65,3.40,4.32,14.71,10.90,18.15,12.21,23.66,8.47,3.26,4.29,8.41,10.93,0.85,26.02,0.86,19.05,38.57,12.38,9.32,22.31,24.22,16.23,17.62,14.24,28.84,21.71,26.77,9.25,1.66,36.82,15.93,7.66,39.42,10.05,18.53,16.35,11.65,8.17,13.32,17.25,20.17,4.08,22.75,8.88,17.92,15.64,13.05,24.26,1.61,0.82,19.56,0.81,13.67,23.82,24.08,5.15,22.16,11.10,6.62,8.33,11.24,14.24,24.64,15.40,5.96,4.17,8.57,13.19,9.11,10.77,9.21,4.26,23.58,0.86,13.38,13.06,10.04,5.24,3.32,6.85,2.48,8.57,22.34,18.91,13.13,5.04,12.86,4.28,4.18,3.38,1.70,0.87,18.61,4.23,13.69,10.08,1.69,1.64,15.67,4.20,3.11,10.88,18.30,9.27,18.80,9.19,11.04,3.25,2.55,20.68,13.30,24.61,16.09
AACCTCCCT	2.37	HG00982:49.02	10.61,4.90,17.91,51.55,13.35,34.94,20.78,13.32,32.56,29.25,33.50,5.85,8.38,5.82,34.03,38.71,32.90,27.95,4.89,28.17,45.96,25.60,9.40,27.68,21.37,19.23,16.69,16.23,27.40,23.55,6.78,31.20,47.63,27.64,22.06,15.93,26.40,8.96,19.72,17.78,6.52,15.45,32.76,20.18,7.57,17.01,30.35,17.15,3.31,26.47,49.02,14.86,11.86,9.92,42.20,13.78,20.50,7.55,15.92,20.60,18.88,17.27,35.31,28.28,20.08,8.39,8.52,22.17,15.07,10.95,23.23,34.94,34.33,11.66,18.11,32.77,11.43,19.38,25.01,10.75,23.46,12.18,21.83,6.44,36.13,24.45,34.20,14.53,32.86,17.44,39.47,27.90,17.08,29.78,18.32,60.51,30.15,9.03,23.51,32.33,2.50,8.57,4.12,2.52,4.14,12.42,0.84,1.70,0.79,4.29,18.39,0.87,20.08,10.48,5.81,29.96,3.31,27.41,7.45,3.29,2.56,9.03,15.95,6.86,11.14,5.85,4.22,7.64,5.23,2.54,0.85,0.86,15.25,9.00,0.82,10.92,31.05,3.35,2.53,8.54,47.64,2.37,20.34,7.64,4.96,12.47,11.88,6.77
AACGAGTGAGTGAGGAGAGG	2.17	HG00982:6.43	1.63,4.92,6.75,0.86,5.72,3.26,1.69,8.41,2.57,6.43,1.65,3.30,1.67,1.73,5.72,8.88,2.69,2.43,3.26,0.82,2.56,0.83,1.67,3.46,0.82,3.24,5.13
AATATATATATATGG	1.85	HG00982:11.25	1.63,0.82,8.14,6.65,3.34,2.50,4.16,3.33,1.67,3.34,9.19,5.11,4.94,3.29,5.70,0.80,1.64,0.85,5.13,2.60,0.82,4.01,4.17,3.25,1.61,1.68,3.87,9.28,11.06,6.05,4.95,7.33,3.15,8.47,3.26,9.44,10.08,5.04,0.85,1.73,1.71,9.11,11.25,4.13,7.81,4.05,0.84,4.19,6.59,1.73,2.52,6.65,5.86,3.41,9.03,6.70,5.89,1.72,1.66,0.82,10.82,0.86,0.84,4.08,6.74,4.84,4.34,3.48,0.81,10.47,4.11,8.96,2.44,1.71,9.04,0.83,4.29,7.39,0.83,7.49,1.64,0.81,7.66,3.33,1.71,5.77,3.31,0.83,10.05,3.41,8.65,2.57,0.84,0.87,1.67,2.62,2.49,3.31,6.62,0.85,2.52,1.72,2.57,2.51,0.84,0.85,1.74,1.71,7.56,0.85,0.82,2.47,1.68,4.66,8.37,1.66,1.69,5.13,9.19,3.15,0.81,5.94,1.65,2.49,7.64,0.85
ACCCTATCCACCCTCTCC	1.58	HG00982:4.82	0.81,5.84,2.50,1.67,1.60,0.84,3.35,0.85,2.52,0.82,3.22,4.10,4.01,4.17,1.62,1.68,0.97,1.73,0.84,0.81,0.85,0.84,0.87,0.83,4.82,0.83,0.81,2.56,5.77,2.53,1.72,1.66,0.87,5.66,1.71,0.85,1.73,1.67,0.81,0.85,2.52,0.79,2.57,0.85
AAATGGTGAGAGGCACTGGG	1.50	HG00982:7.23	2.45,2.44,6.66,1.67,6.38,2.51,9.36,1.68,0.81,1.61,2.46,0.83,4.03,4.21,2.53,2.55,14.69,3.27,0.83,4.89,3.15,5.93,0.81,6.87,0.84,2.52,1.68,1.70,1.65,7.23,0.83,4.23,1.56,0.81,7.69,1.68,0.94,1.73,5.04,3.35,5.96,0.82,4.19,0.83,1.67,1.68,0.82,1.79,3.48,2.43,0.81,0.81,0.82,1.72,4.27,4.96,0.83,0.86,1.67,0.81,0.86,0.82,4.72,1.71,0.84,2.61,0.86,1.67,0.84,1.74,0.85,4.12,0.83,2.53,0.85,1.65
AAGGAAGGAAGGAGGGAGGG	1.23	HG00982:3.21	0.82,3.26,0.83,0.83,0.84,0.84,0.84,2.47,0.82,1.63,0.82,0.85,1.73,0.82,0.81,0.85,0.82,3.94,0.86,0.84,1.70,3.21,2.34,0.85,0.84,0.83,0.84,0.84,0.86,0.90,0.87,2.43,0.82,0.85,0.86,0.84,2.46,0.83,0.84,1.57,0.83,0.82,0.84,0.86,0.84,2.33,0.83,0.85,1.66
AGG	1.21	HG00982:97.24	52.25,37.54,62.69,56.54,34.22,41.60,40.73,29.98,48.43,57.67,40.68,50.11,39.37,42.43,47.65,55.54,64.98,46.85,32.60,41.05,64.02,40.96,47.84,38.93,29.59,44.87,43.40,65.74,48.35,38.69,37.76,32.89,43.38,52.70,55.56,46.12,47.85,61.88,114.37,42.34,39.93,48.08,45.36,38.67,68.93,41.67,60.70,44.58,63.79,38.88,97.24,23.12,38.96,52.89,101.59,37.29,35.02,48.66,44.40,53.56,44.36,37.13,42.87,63.21,43.51,31.87,34.92,43.53,47.73,48.00,31.84,51.58,58.85,38.30,32.78,37.81,62.06,41.28,75.04,34.95,43.44,47.86,59.84,62.83,45.98,67.64,61.88,43.58,101.87,55.64,54.91,62.36,52.10,35.57,54.12,29.39,40.20,35.32,60.81,33.19,43.32,34.28,39.56,49.51,46.38,72.89,34.33,29.84,75.45,48.85,32.60,53.97,34.30,48.89,50.63,40.23,54.61,55.68,47.99,41.11,52.06,63.21,52.88,27.44,28.27,59.30,35.44,40.75,46.24,37.22,46.51,36.79,47.89,50.00,101.40,46.18,36.12,76.85,94.61,37.43,42.14,59.81,68.54,77.26,99.25,45.01,28.95,74.00,37.34,40.64
