motif	top_case_zscore	high_case_counts	all_counts
ACCAGCAGAGCCTC	5.40	HG00366:37.56	19.59,18.77,34.20,21.62,23.37,34.94,28.26,19.15,18.37,26.74,19.94,30.07,15.92,7.49,22.12,10.94,25.50,27.12,16.30,19.32,21.34,21.33,16.23,19.03,18.08,22.43,37.56,18.67,12.89,11.77,21.30,12.65,8.51,17.28,31.05,26.84,10.73,10.59,16.56,18.63,13.04,9.44,16.80,6.73,24.38,12.76,14.74,18.86,10.77,36.39,20.89,12.38,23.71,10.74,21.88,10.54,14.52,14.26,20.94,25.55,14.16,15.54,28.58,9.15,30.96,13.42,18.74,16.43,12.56,16.00,23.23,25.79,10.62,9.99,26.74,22.69,12.25,23.59,22.59,17.92,17.38,8.70,11.32,5.64,13.96,22.00,17.10,9.40,12.32,9.97,27.46,25.44,11.10,7.44,14.16,12.97,17.59,8.21,14.59,11.06,4.28,5.77,11.75,23.19,19.05,7.54,10.23,18.86,12.00,20.90,13.06,15.06,13.09,24.07,14.55,19.86,19.70,8.27,15.62,24.75,29.55,15.95,29.16,11.14,20.88,21.10,20.37,12.21,22.00,13.53,26.53,19.33,13.56,16.35,9.07,17.64,15.53,5.02,19.13,12.64,33.32,16.72,24.44,26.03,28.03,20.68,28.27,21.22,21.17
AACTGGGGCCTAGAGTGAGG	3.21	HG00366:42.57	5.71,25.30,3.26,6.65,3.34,5.82,19.95,12.49,0.83,23.40,26.32,14.20,5.03,0.83,11.91,3.37,4.11,14.80,17.11,4.02,1.64,6.83,2.56,17.30,7.40,20.83,42.57,36.52,31.43,20.19,2.90,2.53,21.27,3.46,15.52,10.90,3.30,4.89,3.94,18.63,5.70,1.72,19.32,24.38,5.04,18.71,2.60,14.57,1.66,1.65,5.63,14.03,4.23,16.53,2.34,2.43,23.92,6.71,8.38,20.60,2.83,1.73,7.57,9.98,20.92,16.77,13.63,18.89,12.56,16.84,16.35,3.33,13.08,2.50,13.80,16.80,4.90,4.21,22.59,24.20,13.90,3.48,25.88,22.55,24.63,5.70,8.96,17.94,4.11,38.20,17.16,2.46,8.54,8.27,6.66,4.32,2.51,4.11,6.49,25.53,17.49,5.14,12.36,6.71,2.48,4.14,16.74,19.61,25.94,13.71,11.70,3.48,0.84,40.16,38.18,15.41,7.45,47.97,22.34,7.40,10.24,22.16,27.70,18.01,17.14,7.52,10.13,14.43,30.54,11.00,20.30,7.70,5.04,0.85,8.18,32.98,12.60,32.60,27.63,5.82,25.28,35.03,4.18,27.59,6.51,57.75,35.57,31.59,32.25,15.24
ACCACCACCACTACT	2.77	HG00366:10.85	3.27,0.82,3.26,0.83,0.83,0.83,0.84,0.80,0.84,1.68,2.50,1.70,1.68,9.87,0.82,2.41,1.64,0.85,0.85,0.87,5.75,7.21,10.85,1.68,1.69,10.37,4.07,11.04,1.69,0.81,1.68,1.68,0.87,1.65,8.04,5.79,3.13,4.27,7.55,1.68,2.47,0.94,0.86,0.83,1.67,2.46,0.84,2.58,0.82,7.49,0.84,0.82,0.84,2.69,2.61,0.81,0.85,1.64,0.83,4.93,2.57,2.52,0.83,2.51,2.57,0.84,4.35,0.84,0.87,0.83,1.71,0.83,4.28,3.31,0.85,5.75,0.84,0.86,0.86,4.22,0.85,3.42,0.84,1.69,1.64,0.82,0.78,1.66,0.84,2.55,0.83,30.76,0.85
AAGAGGTGATAGTATT	2.25	HG00366:99.32	22.86,63.65,45.59,26.61,37.56,35.78,71.48,23.32,24.21,24.24,59.03,81.02,77.90,19.14,25.53,26.09,34.55,13.97,29.34,27.37,56.63,211.61,36.74,15.57,32.06,16.02,99.32,43.83,40.29,15.98,23.23,35.42,20.41,54.43,43.31,41.09,44.55,20.36,42.59,26.25,26.89,19.75,52.92,11.77,46.24,21.26,20.81,14.57,31.48,28.95,56.25,12.38,47.42,19.83,56.26,45.40,221.23,57.05,14.24,51.09,46.25,42.32,117.70,78.19,18.41,31.03,36.62,78.84,21.77,23.58,24.09,20.80,22.88,26.65,20.70,26.05,59.61,5.06,82.30,38.53,15.64,33.07,67.12,28.19,33.67,57.86,18.73,45.29,23.82,39.86,56.63,38.57,30.75,93.47,11.66,19.02,22.61,25.46,28.38,44.25,13.33,31.71,31.32,46.15,36.44,33.13,51.91,31.54,25.94,31.71,27.59,20.02,31.79,21.82,23.24,19.69,62.06,42.83,47.99,7.40,13.66,13.96,41.13,10.29,37.70,13.36,5.06,18.68,15.70,45.68,32.98,21.39,25.21,9.32,11.45,20.61,38.65,72.97,38.51,19.96,17.70,7.69,11.70,30.75,10.58,43.31,36.40,18.29,31.40,35.56
ACATGCCACTCATGCCTC	2.10	HG00366:10.85	1.66,3.40,4.89,0.85,2.60,10.85,3.25,0.84,0.84,1.63,5.08,0.80,5.47,0.84,11.23,1.68,5.82,1.68,5.02,0.87,3.26,5.75,0.83,1.72,3.28,2.57,0.82,0.83,3.31,3.35,0.86,10.03,1.74,2.57,1.65,1.64,1.71,1.68,5.15,0.86,1.67,4.22,3.42,2.45,0.82,6.21,3.35,1.66,9.27,1.71,0.84,11.83,3.25,2.55,2.48,15.28,7.62
ACCGTGGGGACGGCTGAG	1.82	HG00366:5.01	2.45,0.81,1.66,0.83,1.60,4.21,0.82,1.64,3.26,0.80,0.85,1.73,1.64,0.80,5.01,0.81,0.84,2.55,2.45,3.30,0.79,0.85,1.72,1.68,5.04,0.85,1.66,4.14,1.65,0.78,4.86,0.85,0.84,0.86,0.82,0.86,2.50,2.45,0.82,1.69,0.90,1.62,0.81,0.82,2.44,4.07,0.85,1.64,0.83,0.83,1.67,1.66,0.83,2.51,0.85,0.79,1.67,2.49,1.65,2.47,0.85,0.82,0.86,1.67,1.69,0.85,3.49,0.85,0.85,0.86,2.52,0.82,0.84,0.83,0.81,1.70,0.83
ACACTACCCACACTGCCC	1.70	HG00366:4.17	1.66,3.34,0.84,2.52,1.63,0.80,2.46,0.85,0.87,0.82,4.17,2.59,1.68,2.48,1.58,1.69,2.41,2.34,0.81,0.85,1.65,2.52,0.82,0.84,1.68,0.83,0.82,5.88,0.90,0.81,0.81,0.85,3.29,0.82,0.86,0.82,1.68,1.66,0.83,0.83,3.36,1.72,0.78,0.85,0.81
AACCCTACCTACT	1.38	HG00366:2.50	0.82,0.83,0.83,0.83,0.80,0.84,1.64,2.50,0.84,1.73,0.82,0.86,0.84,0.83,0.83,0.94,0.84,0.84,2.43,0.81,0.82,0.85,0.82,0.83,0.83,1.70,0.86,0.82,0.84,0.85,1.64,1.66,0.79,0.85
ACTCCATCCATCC	1.29	HG00366:6.68	1.63,4.08,3.26,4.99,5.01,0.83,3.34,0.84,3.99,4.18,2.51,3.40,0.84,5.76,1.64,1.63,0.80,1.64,1.71,4.33,3.29,1.60,6.68,0.81,2.52,1.94,1.69,2.55,2.45,1.68,1.65,0.81,6.31,2.54,1.63,1.72,2.52,1.68,4.20,2.57,1.66,1.65,2.41,3.30,0.85,1.65,3.91,2.56,2.52,1.68,4.94,4.72,1.73,1.67,8.39,0.82,0.84,7.58,6.02,3.27,1.73,1.68,0.82,0.84,4.03,1.79,0.87,0.87,2.43,1.61,1.64,4.89,2.56,3.29,2.49,1.72,0.82,3.42,0.83,3.33,2.59,1.67,0.82,1.62,4.25,5.00,4.12,0.83,2.51,2.56,4.72,0.86,1.67,0.84,1.75,5.81,0.86,4.96,2.47,3.41,2.46,5.04,0.86,0.86,0.84,2.53,0.85,1.69,0.86,2.52,1.69,4.09,2.47,2.52,2.51,3.33,3.42,0.84,1.58,2.55,1.65,4.16,4.24,1.69
