#contig	start	end	unit	top_case_zscore	high_case_counts	all_counts
17	40490492	40490930	AAGGAGTATTCCCTCAGGTC	11.10	HG00116:12.52	12.52,0.83,0.84,9.91,5.93,4.69,1.71,0.94,0.86,0.87,0.81,0.81,0.83,0.84,0.85,0.84,0.84,2.37,0.83,0.83,1.70
18	29725010	29726067	AAAG	10.08	HG00116:10.85	0.81,0.83,10.85,0.83,9.36,14.71,0.81,0.86,3.27,0.86,0.82,0.81
11	70749086	70749865	AAAAT	9.92	HG00116:10.02	10.02,22.54
9	36506604	36507541	AAG	9.63	HG00116:24.21	32.43,1.66,0.83,24.21,8.36,6.73,4.94,0.81,3.41,7.69,0.87,9.04,5.61,3.22,9.23,5.86,11.33,13.14,7.54,11.43
8	23797540	23798372	AAAAT	7.67	HG00116:8.35	1.63,0.83,8.35,15.04,3.29,0.85,4.19,0.84,0.82
4	189246256	189247567	ACTCATCGCATCAGT	6.59	HG00116:12.52	0.81,12.52,0.84,0.80,2.51,4.19,3.33,0.85,1.68,1.65,0.82,0.81,11.27,1.64,0.80,0.81,1.68,1.68,1.61,2.48,3.13,0.84,2.59,0.83,1.67,0.85,0.82,0.84,1.72,0.82,1.61,0.81,0.84,0.83,0.82,0.84,0.83,2.51,0.85,0.79,0.87,0.83,1.71,0.83,2.48,8.22,4.27,10.67,0.86,6.85,3.34,2.55,1.69,4.24,6.72,3.88,2.50,0.85,5.85,0.81,2.55
6	119062118	119063492	AAAAT	6.25	HG00116:51.77	13.88,1.63,0.83,4.16,51.77,17.55,2.39,2.51,4.19,0.83,4.25,1.68,1.61,21.34,0.85,20.29,1.61,34.85,5.06,0.86,5.03,6.60,2.44,5.08,15.48,0.86,12.61,27.74,17.86,3.47,32.58,9.11,0.83,23.30,24.22,1.62,24.33,1.68,1.89,0.84,0.85,31.21,0.84,21.05,9.15,0.83,3.45,21.01,23.68,7.58,1.61,0.90,9.56,4.35,22.64,45.91,1.64,40.75,23.61,0.85,1.64,4.98,43.76,16.41,5.12,3.31,13.32,4.32,2.51,23.00,18.65,26.38,12.59,14.91,25.15,10.87,22.63,0.87,2.48,0.85,3.43,16.03,2.54,20.17,4.99,26.49,0.83
2	30053495	30054696	AAG	5.81	HG00116:22.54	4.16,22.54,0.84,2.51,0.83,0.85,16.44,0.80,1.71,15.22,1.67,0.81,0.97,4.22,0.85,0.86,0.83,0.79,0.81,0.84,3.47,0.85,0.84,0.94,0.84,31.03,1.70,0.84,16.84,0.83,0.86,1.61,0.90,0.87,0.81,0.81,0.82,1.65,3.33,0.86,0.84,0.83,0.83,0.84,0.84,0.83,0.83,0.86,4.27,0.82,0.84,0.85,0.85,0.82,0.84,0.85,0.83
15	98082352	98083359	AAAG	5.46	HG00116:5.84	0.82,0.83,5.84,1.64,0.83,2.53,6.11
10	37356832	37358022	AAAG	5.15	HG00116:21.71	10.61,2.44,14.14,9.18,9.15,1.66,10.83,21.71,6.69,9.19,7.49,5.96,4.21,16.45,9.04,15.48,11.27,7.39,8.01,7.30,5.05,3.87,8.51,10.37,8.17,14.28,3.36,4.20,1.73,2.57,14.03,16.94,16.23,4.72,3.37,13.77,8.17,0.86,7.56,4.21,6.09,5.64,4.98,4.92,3.31,10.89,1.62,4.97,11.13,7.45,4.11,2.57,5.09,0.81,6.65
10	72526625	72527946	AAAG	4.69	HG00116:25.88	9.80,1.63,15.47,16.63,4.99,9.97,5.00,25.88,0.84,8.42,6.58,30.97,15.59,15.36,5.98,0.87,1.64,1.60,13.35,8.12,8.06,16.82,9.68,1.69,4.25,3.46,3.27,24.32,6.60,16.29,5.08,4.07,21.84,2.52,0.84,10.20,7.72,10.77,11.25,15.69,11.57,7.81,10.54,4.27,11.75,4.32,0.84,1.68,1.70,3.29,5.02,0.84,4.30,3.33,15.53,14.16,9.49,1.68,12.25,9.27,17.38,0.81,23.36,8.21,5.70,4.27,13.14,8.30,5.15,4.96,9.51,11.72,9.03,4.05,1.70,13.33,5.14,0.84,10.23,6.69,3.35,1.66,2.56,9.43,11.04,4.36,0.86,1.68,5.93,9.24,8.36,5.94,5.79,0.83
13	95848480	95849505	AAGG	4.58	HG00116:7.51	0.83,1.66,7.51,0.84,0.82,0.82,1.63,3.22,2.56,0.87,1.64,0.81,2.90,0.84,0.85,0.84,0.83,0.85,1.72,0.84,0.84,3.40,0.87,0.83,0.80,3.35,0.83,0.84,0.84,2.46,2.51,1.72,3.37,1.61,0.87,1.65,0.82,1.65,0.84,4.19,0.85,0.87,0.83,1.71,0.83,0.85,1.64,0.85,0.87,2.54,1.71,3.39,0.84,1.67,4.27,0.84,0.81,0.83,2.55
15	75185723	75186965	AC	4.44	HG00116:7.51	0.82,2.45,4.16,5.01,1.67,7.51,0.84,5.11,0.81,4.10,0.82,0.85,3.27,0.85,0.85,0.83,0.84,0.86,1.68,1.67,2.46,0.84,1.72,4.93,3.35,2.48,0.82
22	44757303	44758792	AACCCCTGGCTATAACT	4.39	HG00116:19.20	10.61,12.24,6.51,13.30,6.68,12.48,4.16,2.50,19.20,4.18,11.97,2.51,6.70,9.98,9.36,9.26,13.16,9.86,11.41,15.29,4.10,9.39,14.52,4.33,7.40,7.21,13.35,9.74,5.64,5.05,4.84,16.02,6.80,12.96,11.44,10.90,3.30,5.70,14.20,4.23,14.67,5.15,11.76,3.36,6.73,3.40,5.20,12.00,14.08,11.58,7.23,12.38,7.62,4.96,4.69,16.21,7.69,3.36,9.22,14.83,11.33,9.50,7.57,12.48,6.69,6.71,11.07,13.96,5.86,5.89,11.19,9.15,8.99,6.66,8.63,5.04,8.98,9.27,8.88,5.38,8.69,11.31,8.90,9.67,8.21,13.85,10.58,9.40,13.97,3.32,9.44,14.77,8.54,8.27,11.66,9.51,9.21,6.57,4.86,10.21,14.99,6.86,14.83,6.71,8.28,14.91,10.05,4.26,3.93,12.00,3.34,6.96,8.37,3.49,8.30,5.14,10.76,7.71,7.40,5.12,5.75,10.07,11.15,9.42,13.36,10.13,6.79,5.23,8.46,3.38,5.99,10.92,9.32,12.27,4.12,6.72,14.75,21.77,8.32,6.74,2.56,10.03,3.94,8.14,9.34,3.31,12.47,7.64,3.39
5	126582503	126583886	AAG	4.36	HG00116:19.20	11.43,5.71,3.26,14.14,5.84,5.82,19.20,8.35,2.47,6.58,5.70,7.24,7.79,4.17,5.68,7.25,5.05,15.49,8.43,4.25,11.23,4.09,4.19,1.63,11.04,9.78,2.58,4.20,20.18,13.45,3.40,4.34,11.14,7.46,13.66,8.26,8.47,14.88,11.10,6.71,12.57,4.99,4.19,4.26,5.02,9.98,8.17,14.99,12.08,5.88,15.51,5.06,5.65,12.55,5.21,2.61,10.51,13.69,12.32,14.66,4.27,7.39,21.45,6.83,12.41,8.33,11.24,10.89,12.32,8.11,9.16,9.11,10.28,2.51,2.57,3.31,13.71,0.83,5.75,3.36,6.86,2.62,1.69,6.77,5.04,7.36,1.65,6.21,0.84,3.33,0.84,7.69,17.35,0.83
2	195568666	195569495	AATATACATATAG	4.19	HG00116:24.21	26.12,18.77,17.91,22.45,10.02,9.15,5.82,4.16,24.21,5.01,8.77,10.02,16.75,2.50,14.46,14.31,23.03,14.80,8.15,10.46,13.95,5.12,17.09,15.57,7.40,7.21,12.52,5.68,7.25,10.09,16.46,10.96,17.86,14.69,13.89,8.39,11.55,7.33,14.20,6.77,10.59,0.86,8.40,15.13,19.33,6.80,6.94,11.14,9.11,4.14,9.64,18.16,6.77,5.79,6.25,8.92,6.83,10.89,17.30,19.82,5.18,4.16,20.92,10.90,13.63,10.68,20.10,9.26,9.47,11.65,5.72,9.16,5.18,16.80,3.27,17.69,7.26,16.13,11.30,10.51,12.89,8.21,8.96,5.70,11.96,5.75,12.46,17.16,14.77,11.10,7.44,11.66,10.37,10.89,5.75,1.70,3.33,3.43,5.77,5.87,4.97,6.63,12.56,4.26,3.14,6.00,1.67,12.19,1.67,8.73,10.79,5.14,5.79,6.00,0.83,9.39,2.46,6.72,5.15,5.14,1.67,8.44,0.85,6.11,2.54,1.69,8.56,3.36,11.86,9.81,8.25,5.88,2.33,5.86,5.82,5.90,4.27,0.84,5.52,8.14,7.64,1.66,1.70,1.69
6	70630908	70631060	ATATATATC	4.17	HG00116:4.17	4.17,1.64,1.67
GL000212.1	1296	1470	ACC	4.17	HG00116:4.17	4.17,0.84,3.44
4	26211694	26212890	AAAG	4.12	HG00116:10.85	4.90,1.63,4.07,5.82,5.01,4.99,3.32,10.85,7.52,0.80,4.18,3.33,2.55,3.37,3.29,4.93,1.61,3.28,5.97,4.27,4.33,6.58,2.40,3.34,8.12,1.61,3.36,0.97,0.84,3.40,5.18,1.63,7.55,7.43,0.81,3.15,4.07,3.43,4.20,1.68,5.04,2.55,3.47,5.14,4.14,3.31,7.23,4.13,0.85,2.48,6.25,3.24,2.56,3.36,4.12,0.94,4.32,3.36,5.86,1.68,3.41,0.82,1.67,4.21,3.44,3.33,2.45,5.83,0.86,0.84,0.82,2.53,4.03,3.58,0.87,3.48,4.04,4.03,0.82,1.63,2.44,0.85,2.46,0.83,3.43,1.64,2.56,1.65,4.32,5.02,0.82,4.05,3.40,2.50,3.43,2.47,5.87,4.97,3.31,2.51,2.36,3.43,2.51,1.74,5.02,0.87,4.98,3.42,2.48,5.14,4.14,1.64,2.56,4.10,1.68,5.15,5.14,2.51,0.84,1.70,0.87,6.77,5.07,7.70,5.88,4.24,0.82,4.12,0.84,3.11,0.84,0.83,0.84,1.67,4.73,0.81,0.85,2.48,6.65,2.54
18	21260682	21262034	AAAG	4.09	HG00116:22.54	18.78,10.61,12.21,12.47,4.17,9.15,13.30,14.16,22.54,8.36,5.58,6.68,6.70,3.33,9.36,11.78,3.29,3.29,8.96,3.22,21.34,12.80,14.52,13.84,8.22,9.18,3.22,7.57,17.43,8.68,3.39,10.59,5.15,7.57,3.36,0.85,9.91,18.63,20.66,12.50,8.11,8.54,17.62,5.03,4.94,16.05,6.73,14.97,1.67,7.55,14.78,7.58,17.21,8.32,4.09,7.49,5.18,7.35,4.03,10.75,7.82,5.64,16.42,8.14,6.84,14.52,11.58,6.92,18.42,8.21,4.25,7.50,5.14,1.65,6.63,3.35,3.93,6.09,7.53,4.98,6.62,6.62,7.40,13.66,5.75,7.72,5.14,2.55,5.99,21.85,5.93,7.36,4.95,8.37,4.99,5.06,17.35,10.58,5.79,3.39
16	1083201	1084881	ATCC	4.02	HG00116:12.52	5.71,7.34,3.26,7.48,4.17,3.33,4.99,4.16,12.52,13.37,1.60,4.18,3.35,2.50,6.81,3.37,3.29,7.40,5.70,8.85,4.92,5.97,5.98,4.33,5.75,1.60,6.68,4.06,4.84,4.21,3.87,2.53,8.51,2.59,4.90,7.55,4.13,4.89,3.94,10.16,4.07,2.58,4.20,2.52,6.73,2.55,4.34,2.57,3.31,0.83,4.02,4.95,9.32,2.48,3.91,5.67,0.85,6.71,7.54,4.12,2.83,5.18,8.41,5.82,10.04,4.19,7.66,3.29,5.02,1.68,3.44,4.99,1.63,1.67,4.31,3.36,4.08,3.37,7.26,5.38,4.34,1.74,3.23,5.64,4.93,8.15,6.51,4.27,1.64,3.32,1.72,4.10,6.83,6.62,3.33,2.59,5.02,2.46,5.68,8.51,4.17,4.28,6.59,8.39,3.31,5.80,4.19,4.26,3.14,5.14,1.67,5.22,5.02,2.62,7.47,4.28,4.96,5.14,1.65,6.58,8.53,3.28,0.84,6.00,0.86,1.67,5.06,2.55,5.23,4.23,5.07,5.13,5.04,2.54,4.91,3.30,6.72,3.11,5.02,5.82,0.84,5.98,0.84,2.37,5.69,2.55,3.31,5.82,4.24,4.23
8	143366014	143367110	ACCCATCCATCCATCCACCT	4.01	HG00116:5.01	1.66,0.83,1.67,5.01,0.82,0.84,1.72,0.81,0.83,0.82,0.83,0.82,0.84,0.85,0.84,2.37,0.83,1.66
4	58204381	58206119	AAAGG	3.98	HG00116:16.70	4.08,5.71,7.33,10.81,6.68,7.49,8.31,5.00,16.70,5.85,7.98,8.35,5.86,4.99,0.85,3.37,1.65,12.33,5.70,4.83,5.75,11.09,9.40,4.33,4.93,3.20,10.85,12.99,5.64,5.05,14.52,3.37,11.06,6.91,8.99,0.84,6.60,2.44,3.15,2.54,9.78,7.73,9.24,5.89,11.77,11.05,6.07,6.00,9.94,3.31,6.43,4.95,5.93,9.09,10.16,8.92,8.54,6.71,5.86,4.12,9.44,12.09,9.25,7.49,5.86,13.42,6.81,3.29,18.42,8.42,8.61,8.32,8.17,13.32,11.21,9.24,3.27,9.27,4.03,8.07,10.43,6.96,6.47,6.44,3.28,14.67,4.07,2.56,7.39,13.29,12.01,9.85,0.85,2.48,3.33,2.59,4.19,9.86,5.68,2.55,10.83,2.57,9.07,10.07,6.63,3.35,6.82,7.07,3.43,3.34,3.48,9.20,9.60,5.81,7.70,6.62,2.57,8.27,7.40,7.68,4.93,7.55,6.00,2.57,8.35,6.75,11.04,6.98,4.23,2.54,7.70,9.24,5.08,7.36,3.30,4.20,5.43,8.37,1.66,6.74,8.54,5.01,11.04,6.51,4.25,12.41,12.47,3.39,2.54
19	54922285	54923384	AG	3.63	HG00116:9.18	0.82,1.63,0.81,3.33,3.34,5.82,0.83,0.83,9.18,5.85,2.39,2.51,1.68,3.33,0.85,4.21,2.47,1.64,2.41,1.64,7.68,3.42,1.73,1.64,1.60,1.67,0.81,2.42,2.52,4.84,4.22,4.25,0.86,3.27,3.35,3.30,3.26,0.79,2.54,4.89,2.58,2.52,2.52,2.52,2.60,2.57,3.31,1.65,0.80,2.48,4.23,4.13,2.43,1.71,4.19,0.84,0.82,0.84,2.50,1.67,3.35,2.55,1.64,3.35,1.72,1.66,3.27,1.67,4.31,1.68,2.45,0.84,1.74,6.09,1.62,4.83,0.82,1.63,0.81,1.71,7.47,3.43,0.82,3.42,3.31,1.67,2.59,1.67,1.64,1.62,2.55,2.50,1.71,5.87,1.66,0.83,0.84,3.41,0.79,0.86,0.84,5.22,3.35,3.49,6.64,5.99,1.65,1.71,0.83,2.47,5.12,4.10,1.68,0.86,2.57,4.18,1.69,0.85,3.49,2.54,4.23,4.28,0.84,3.39,0.82,0.82,0.84,1.55,2.51,2.50,2.53,4.27,1.67,2.37,0.81,1.70,2.48,4.16,3.39,3.39
5	179539058	179541335	ACCGGGGATGGACGGAGGG	3.58	HG00116:32.56	13.88,18.77,24.43,19.12,3.34,4.99,16.62,14.99,32.56,17.55,8.77,22.55,21.78,10.82,19.57,13.47,11.52,15.62,23.63,8.85,8.21,14.51,19.65,15.57,5.75,12.82,16.69,16.23,2.42,15.98,26.14,7.59,17.86,13.82,3.27,14.26,5.78,20.36,20.51,14.40,14.67,14.60,15.96,10.09,10.93,19.56,10.41,11.14,22.37,14.89,8.84,15.69,7.62,18.18,25.01,9.73,3.42,12.58,7.54,10.71,5.66,12.09,19.34,10.81,20.92,8.39,5.11,23.00,26.80,5.05,12.91,26.62,13.08,19.98,18.11,26.05,4.08,17.69,31.47,12.55,21.72,29.59,22.64,8.86,14.78,30.15,27.68,11.96,23.82,10.80,12.01,33.64,23.91,10.75,11.66,19.88,18.42,23.00,15.40,8.51,19.16,12.00,17.31,10.07,12.42,21.54,10.88,11.93,22.79,16.28,10.03,17.41,7.53,15.71,10.79,6.85,26.48,17.13,13.24,12.33,16.22,27.91,20.15,17.15,22.28,16.70,12.66,10.19,13.09,5.92,19.45,20.54,18.49,10.17,31.89,12.37,9.24,22.51,19.26,9.15,23.60,17.09,16.72,28.38,22.78,18.68,11.58,11.64,26.31,16.09
12	305418	306955	ATCC	3.48	HG00116:49.26	31.02,39.17,39.08,49.89,24.20,31.62,27.43,29.98,49.26,41.79,31.91,34.24,41.04,29.12,27.23,21.04,30.43,25.48,32.60,27.37,12.31,27.30,17.09,37.20,30.41,34.45,37.56,25.16,23.37,43.74,30.01,32.89,47.63,26.78,35.95,32.71,42.90,38.27,41.01,31.33,18.74,19.75,42.84,21.02,36.99,42.52,43.36,33.43,36.45,38.05,34.56,24.77,13.55,32.23,35.16,33.24,28.19,38.59,41.89,30.49,28.32,35.41,37.83,24.12,27.61,27.68,34.92,18.89,30.15,28.63,34.42,43.26,29.42,22.48,36.23,27.73,33.48,27.80,27.43,34.95,29.54,36.55,35.58,36.25,37.77,35.04,39.90,34.18,48.47,26.57,30.03,36.11,17.08,19.03,23.31,23.34,34.34,37.78,31.62,30.63,34.15,28.28,38.73,13.43,33.96,39.76,22.61,17.90,20.43,30.00,27.59,22.63,24.26,28.81,25.73,20.54,31.44,34.27,35.58,40.28,29.87,45.97,26.86,21.44,17.99,20.04,32.07,29.71,20.94,23.69,21.14,21.39,39.49,32.20,36.80,36.28,25.20,31.05,34.33,29.11,36.24,37.59,34.27,43.36,29.29,32.27,33.09,50.72,33.95,19.48
14	36273781	36273782	AAAT	3.34	HG00116:3.34	3.34
6	52036567	52037779	AAAG	3.22	HG00116:5.01	1.63,1.66,0.83,5.01,0.84,5.03,0.82,1.64,0.82,6.92,0.84,2.58,1.68,0.84,0.86,0.83,2.54,0.85,0.83,0.84,0.83,0.81,1.63,0.82,0.83,1.73,0.82,1.62,0.85,0.83,1.67,0.84,1.74,0.87,0.83,2.56,0.85,1.64,0.83
3	49237562	49238280	AG	3.12	HG00116:4.17	0.81,4.17,1.62,1.68,0.85,1.68,0.85,0.84,4.32,1.70,3.36
4	83922534	83923693	AAAGG	3.08	HG00116:25.05	25.05,21.37,39.90,8.57,28.17,22.50,5.04,3.26,11.11,10.30
9	124403824	124404753	AAAG	3.03	HG00116:4.17	0.83,4.17,0.84,3.36,1.66,0.90,2.61,1.74,0.83,4.32,1.72,0.85
16	83478498	83479099	AAAAGCTTTTATAAATTAT	3.03	HG00116:3.34	3.34,0.84,1.65,1.73,3.30,0.85,0.85
12	7780666	7781767	CCG	2.94	HG00116:16.70	1.63,4.89,2.49,5.84,9.15,8.31,16.70,1.60,5.01,6.66,22.97,1.68,13.16,13.15,12.22,2.41,18.06,9.39,5.98,13.84,7.40,12.02,5.01,12.09,5.89,7.74,5.06,4.25,7.78,6.54,10.06,6.60,15.77,0.85,0.86,5.88,10.93,5.10,3.47,9.43,2.48,11.01,11.57,6.25,9.73,5.98,6.71,9.22,17.30,9.44,8.64,4.20,11.71,6.71,7.66,13.96,6.70,10.11,2.58,10.62,4.31,5.88,6.53,0.84,13.72,4.48,1.74,0.87,5.66,8.06,13.14,0.81,6.51,13.97,9.97,6.01,11.49,4.27,7.44,10.05,6.49,7.66,3.31,4.26,1.67,6.98,0.83,4.14,4.10,4.29,2.55,3.49,1.69,13.90,2.33,1.66,0.84,3.31,3.33,3.39
9	15126258	15127475	AAGGAGGAGGAG	2.91	HG00116:6.68	0.82,2.44,4.16,1.67,0.83,1.66,1.67,6.68,3.34,2.51,1.68,1.70,2.52,1.65,2.47,1.63,4.02,4.10,0.85,3.42,2.60,0.82,0.80,1.67,1.62,1.61,0.84,2.55,1.73,1.68,0.83,1.63,1.58,2.54,3.36,1.68,2.52,1.70,2.60,0.86,0.80,1.65,4.23,1.65,2.34,1.62,0.85,1.68,0.84,4.12,0.94,1.73,0.84,3.33,5.02,0.84,0.85,1.64,1.67,0.84,0.86,1.66,1.63,0.83,0.86,3.36,1.63,5.06,1.62,0.81,1.64,3.26,1.63,2.56,1.64,1.72,0.82,2.56,1.65,2.59,2.51,0.82,2.43,0.85,0.83,0.84,0.83,2.36,1.71,0.87,1.66,0.86,0.83,0.84,0.86,1.67,0.85,1.74,2.54,0.86,1.68,2.54,1.64,0.78,2.51,1.66,1.71,0.84,0.81,0.85,0.83,0.83,4.24,0.85
14	80311257	80312941	ACGGGGAGAGAGAGGGAG	2.73	HG00116:19.20	8.16,6.53,12.21,5.82,8.35,4.99,5.82,6.66,19.20,12.54,5.58,5.85,3.35,0.83,5.11,7.57,8.23,5.75,13.04,4.83,13.13,5.12,4.27,9.52,7.40,15.22,4.17,14.61,7.25,10.09,4.84,8.43,8.51,16.41,5.72,7.55,10.73,2.44,7.89,11.86,8.96,6.87,6.72,10.93,12.61,11.91,9.54,7.72,16.57,11.58,8.04,7.43,4.23,12.40,11.72,6.49,5.13,6.71,8.38,0.82,13.21,6.91,17.65,11.64,7.53,2.52,3.41,14.78,11.72,5.05,6.02,9.15,10.62,10.82,14.66,2.52,8.17,1.69,16.94,4.48,8.69,9.57,5.66,4.03,9.85,11.41,3.26,7.69,7.39,14.12,3.43,8.21,9.39,4.14,14.16,8.64,5.02,8.21,8.11,15.32,10.00,7.71,16.48,3.36,9.94,15.74,9.21,10.23,11.79,6.00,5.85,5.22,4.18,7.86,11.62,11.98,12.41,16.28,18.20,13.15,1.71,10.67,9.23,5.15,8.57,14.20,8.44,5.09,13.96,10.15,6.77,5.13,7.56,2.54,23.71,9.90,6.72,13.20,9.21,14.97,5.90,16.23,15.04,27.59,15.46,9.34,14.89,12.47,15.28,9.31
12	104414816	104416444	AAG	2.69	HG00116:15.86	8.98,3.26,10.58,1.66,14.19,5.82,13.30,3.33,15.86,12.54,2.39,6.68,11.73,9.98,2.55,7.57,4.94,2.47,8.96,14.49,12.31,0.85,4.27,3.46,4.93,8.01,2.50,12.17,4.03,7.57,0.97,9.28,5.10,3.46,0.82,5.87,14.85,4.07,6.31,6.77,6.52,4.29,4.20,5.04,4.20,3.40,12.14,1.71,6.63,1.65,3.21,2.48,9.32,4.96,6.25,7.30,2.56,4.19,7.42,7.55,1.73,9.25,8.32,5.02,6.71,4.26,9.86,8.37,5.89,15.49,3.33,6.54,3.33,5.18,5.04,12.25,14.32,4.03,6.27,9.56,3.48,4.04,3.22,5.75,5.70,2.44,5.13,3.29,1.66,12.01,4.10,5.12,1.65,9.16,7.78,4.19,7.39,5.68,5.96,8.33,3.43,10.07,1.66,1.66,3.35,9.43,0.86,8.36,2.61,10.04,3.49,7.47,5.99,1.65,8.57,0.83,1.64,2.56,4.10,12.59,6.00,9.42,2.51,5.06,5.09,2.62,0.85,3.42,4.20,4.24,6.60,0.84,3.11,0.84,4.16,7.58,4.27,3.34,1.58,2.44,2.55,4.96,7.48,13.58,4.23
3	122870772	122871344	AAGG	2.68	HG00116:4.17	4.17,0.84,0.85,0.82,1.63,0.82,0.83,0.85,1.58,0.86,1.70,0.80,1.65,0.85,0.78,0.81,0.84,0.82,4.19,0.82,0.81,2.61,0.87,0.81,0.82,1.72,0.82,0.83,0.82,0.84,0.86,1.71,0.86,2.45,0.79,0.85
11	21885745	21886290	AAGGGGAGAGAAGGGGAGGG	2.67	HG00116:8.35	0.82,3.26,6.51,8.31,3.34,0.83,0.83,4.16,8.35,1.67,4.18,1.68,2.55,2.52,1.65,4.11,4.07,1.61,0.82,1.71,0.85,4.33,5.75,4.01,3.34,0.81,0.81,2.52,0.97,0.84,4.25,2.59,0.82,3.30,1.58,1.69,1.63,0.86,4.20,5.04,5.04,1.70,0.87,0.86,1.66,1.61,3.30,1.69,9.09,0.78,4.05,1.71,3.36,2.51,0.82,4.72,2.59,2.52,1.66,1.67,1.68,4.26,8.21,1.67,0.84,1.72,0.83,1.63,2.50,0.84,4.90,4.84,1.79,2.61,3.48,0.81,0.81,0.81,2.44,2.56,4.11,2.49,0.86,0.82,0.85,2.50,1.73,1.67,0.82,4.86,3.40,0.86,0.82,2.52,1.66,1.66,1.67,1.70,1.71,2.51,0.87,2.62,2.49,2.57,1.65,3.43,3.31,1.64,2.56,0.82,1.68,2.57,5.01,0.84,1.70,5.23,2.54,2.52,2.54,1.65,2.52,0.78,2.51,1.66,5.90,0.85,1.67,7.88,3.25,3.40,1.65,4.16,1.70,2.54
8	134902839	134904134	AAAG	2.65	HG00116:7.51	0.81,0.83,7.51,2.51,2.55,5.89,8.85,4.27,3.46,0.83,2.60,0.78,3.24,0.85,5.03,3.35,0.86,3.41,5.22,4.11,2.46,0.85,10.00,0.83,0.83,5.97,1.71,10.87,0.87,4.98,0.86,0.82,1.72,1.69,4.28,3.36,3.35,0.84,0.84,0.79,0.81,0.83,1.69
16	25884180	25885593	ATCC	2.63	HG00116:10.02	4.08,0.82,0.81,4.16,4.17,4.16,4.99,5.00,10.02,6.69,5.58,1.67,5.03,7.66,5.05,4.11,4.93,6.52,6.44,2.46,4.27,5.13,5.19,2.47,1.60,4.17,3.25,3.22,9.25,2.90,5.90,1.70,2.59,3.27,3.35,1.65,0.81,3.94,5.08,2.44,4.29,4.20,3.36,3.36,0.85,2.60,4.29,1.66,5.79,5.63,4.13,3.39,7.44,2.34,7.30,1.71,5.03,3.35,3.30,1.89,5.18,4.20,6.65,7.53,4.19,5.11,4.11,8.37,5.89,6.02,4.16,1.63,4.16,6.90,3.36,1.63,3.37,2.42,0.90,2.61,6.09,4.04,1.61,2.46,4.89,4.07,4.27,1.64,4.98,5.15,4.92,3.42,4.96,6.66,3.46,5.75,2.43,7.66,1.67,4.28,5.77,0.84,1.66,7.45,0.84,1.70,3.14,3.43,0.84,3.48,5.02,4.36,3.32,1.71,5.79,4.28,2.48,3.29,3.41,3.28,6.72,4.29,2.57,4.18,5.06,2.55,2.62,2.54,5.07,4.28,5.04,4.24,4.09,4.12,4.20,3.88,1.67,2.50,0.84,5.13,1.67,1.58,8.14,5.10,4.14,3.33,7.64,7.62
10	134788952	134790597	AATATATTCCACGTGTATC	2.62	HG00116:17.53	5.71,1.63,13.03,4.99,5.84,9.98,10.81,8.33,17.53,14.21,5.01,5.03,14.14,14.46,15.15,9.87,10.69,1.63,13.13,7.79,4.93,11.22,3.34,7.30,5.64,11.77,3.87,6.75,15.55,4.90,12.38,7.33,5.08,9.78,20.61,6.73,5.10,10.41,13.72,14.08,14.06,8.04,8.26,11.01,8.26,7.03,4.86,11.10,5.87,5.03,3.30,5.66,14.29,9.15,5.86,14.26,6.81,9.03,15.07,15.16,9.15,4.90,0.83,8.40,6.53,4.21,11.30,7.17,6.95,9.57,12.94,8.86,6.57,12.22,7.33,7.69,5.75,8.30,7.72,6.56,8.27,3.33,4.32,5.02,12.32,17.02,5.00,9.43,12.36,3.36,10.77,6.63,5.02,9.38,14.15,0.86,7.52,5.22,16.73,6.98,10.79,8.56,4.96,4.28,4.96,9.87,8.53,4.10,6.72,6.00,9.42,7.52,2.53,3.40,6.11,9.31,7.61,11.12,10.92,6.78,6.54,6.60,10.08,3.11,11.72,7.58,11.11,13.37,1.58,5.69,7.64,16.55,10.81,11.88,1.69
17	69605752	69607082	AT	2.59	HG00116:5.01	2.44,2.49,2.50,0.83,0.83,5.01,0.84,0.84,0.83,0.85,0.84,0.82,1.71,0.85,1.64,0.83,1.62,0.84,0.84,0.82,0.83,1.58,2.52,0.84,1.73,0.83,0.80,0.83,1.65,0.84,0.94,2.52,0.82,0.86,0.83,1.63,0.83,0.84,2.69,0.87,1.62,1.64,0.82,1.73,1.64,0.81,1.67,2.52,1.67,2.56,1.66,0.86,1.65,0.83,0.82,0.85,0.86,0.85,0.86,0.84,2.45,0.82,1.67,0.83,2.56,1.67,2.37,1.63,1.70,1.66
18	63448307	63449625	AAAG	2.59	HG00116:4.17	0.83,0.83,0.83,4.17,0.80,0.85,0.82,0.80,0.82,0.81,0.81,0.84,0.85,0.84,0.81,0.85,0.84,0.86,0.85,0.84,0.84,0.84,0.86,2.50,1.61,0.87,0.87,2.43,2.44,0.82,0.85,0.83,0.82,2.55,0.83,0.86,0.82,1.68,2.51,0.86,0.84,0.86,0.85,0.86,0.85,0.86,1.64,1.68,0.85
13	32406178	32406466	AAAT	2.50	HG00116:2.50	2.50,0.86
5	78476652	78476758	AAGGGGAGGG	2.50	HG00116:2.50	2.50
16	60917722	60918088	ATATATATC	2.43	HG00116:2.50	2.50,1.68,0.84,0.86,5.82
19	8829770	8831319	ATCC	2.38	HG00116:30.89	20.41,12.24,15.47,11.64,13.35,24.96,17.45,17.49,30.89,17.55,24.73,10.86,10.05,32.45,30.63,19.36,13.98,13.15,17.11,23.34,19.70,23.04,23.92,22.49,24.66,17.63,20.03,19.48,17.73,12.62,22.27,19.39,15.31,20.73,28.60,18.45,21.45,16.29,18.93,14.40,17.93,18.89,20.16,15.97,17.65,23.81,15.61,19.72,21.54,18.20,21.70,18.16,19.48,19.01,19.54,16.21,17.94,12.58,26.81,28.02,18.88,17.27,24.38,23.29,20.92,15.93,17.03,20.53,16.75,10.95,9.47,21.63,18.80,23.31,9.49,15.12,18.78,22.75,29.85,16.13,23.46,13.05,15.36,24.17,21.35,13.04,28.50,14.53,20.54,20.76,24.88,21.33,23.06,23.16,19.15,19.88,20.94,18.89,25.13,19.57,24.16,24.85,18.13,18.46,14.08,17.39,15.91,17.05,21.22,16.28,15.05,11.32,18.41,13.09,19.92,7.70,24.00,18.85,18.20,10.69,17.07,19.70,18.47,17.15,16.28,24.22,16.88,11.88,24.43,12.69,24.52,23.96,16.81,11.86,22.90,13.19,15.12,24.07,21.77,20.79,13.48,12.82,21.73,13.40,25.22,40.77,20.68,12.47,17.82,25.40
4	159026734	159027373	AATAGATATATATCTATGG	2.29	HG00116:3.34	0.82,0.81,0.83,3.34,0.82,1.71,2.52,0.84,1.66,1.66,0.83,0.86,0.82,0.84,0.81,0.81,0.85,0.86,0.86,0.87,0.87,0.83,5.14,0.85,0.85,0.82,0.85
4	161591519	161592561	AGGC	2.27	HG00116:2.50	3.33,2.50,1.62,2.52,1.64
1	4195476	4197452	AACCCACTCCCATGATCACT	2.24	HG00116:19.20	17.96,7.34,13.03,12.47,11.68,11.65,8.31,5.83,19.20,10.03,7.18,13.36,11.73,14.14,12.76,6.73,10.69,9.86,13.04,12.07,6.57,9.39,13.67,14.71,9.86,8.81,14.19,11.36,12.89,7.57,15.49,12.65,13.61,10.37,9.81,10.06,5.78,15.47,12.62,8.47,13.04,12.88,13.44,15.13,10.93,9.35,13.01,8.57,14.91,14.06,13.66,10.73,9.32,11.57,19.54,8.92,14.52,13.42,11.73,14.01,11.33,9.50,10.93,10.81,12.55,4.19,6.81,9.86,7.54,10.11,8.61,9.98,14.71,9.16,7.76,10.08,13.07,12.64,14.52,13.44,11.30,7.83,15.36,7.25,13.96,13.85,15.47,8.54,9.86,8.30,7.72,14.77,9.39,16.54,7.49,7.78,10.89,8.21,12.97,10.21,9.16,11.14,12.36,15.10,10.77,13.25,10.05,7.67,12.57,12.00,13.38,7.83,12.55,8.73,14.11,10.27,9.93,11.14,12.41,7.40,10.24,16.42,8.39,6.86,9.42,12.53,10.97,15.28,11.34,12.69,10.15,9.41,10.08,11.02,22.90,13.19,10.92,18.63,19.26,9.98,11.80,12.82,15.04,18.13,13.02,16.99,17.37,9.98,9.34,14.39
19	34535022	34536276	AAG	2.17	HG00116:9.18	4.89,0.83,10.81,0.83,9.18,5.01,3.34,4.99,10.94,5.76,6.52,6.83,5.13,1.73,4.01,1.68,1.94,5.90,5.10,2.59,2.45,0.84,0.83,0.81,3.94,1.69,6.52,0.86,2.52,0.84,2.52,2.55,4.34,0.86,4.14,4.96,1.61,4.13,0.81,1.68,3.35,3.30,3.45,4.18,2.55,0.84,12.48,4.09,0.83,3.45,3.36,4.08,5.90,14.52,3.58,3.48,0.87,9.70,2.46,4.89,1.71,4.93,0.83,0.82,0.83,6.66,6.92,6.70,0.82,1.62,1.70,0.83,0.86,0.82,2.52,0.83,5.11,2.36,3.49,0.83,0.85,5.75,0.84,1.72,3.38,1.69,4.12,1.66,0.79,2.44,0.85
18	77530505	77531798	ACGCCGGCCTCCCCTCC	2.14	HG00116:7.51	1.63,7.48,3.34,2.50,3.32,0.83,7.51,2.51,0.80,0.84,2.51,0.85,0.82,1.64,0.80,5.97,0.85,4.06,2.52,0.97,2.53,2.55,0.82,9.08,4.89,0.79,0.85,0.86,0.84,2.52,3.47,1.71,4.82,0.85,3.31,7.30,3.36,2.51,4.12,0.94,4.18,2.52,0.85,1.64,4.19,0.84,0.86,4.16,2.50,2.52,4.90,0.84,0.81,0.81,0.82,6.51,0.85,3.29,3.43,1.71,2.46,3.24,3.40,0.83,1.71,0.82,0.84,1.66,3.93,1.67,1.74,0.87,2.49,3.31,4.28,2.56,2.46,0.84,3.43,1.71,0.84,0.85,3.49,0.85,0.86,2.52,0.85,1.64,0.82,2.52,2.33,0.84,0.84,1.67,3.15,4.07,3.40,4.96,1.66,1.70,9.31
8	2479613	2481501	AGAGCGCTGAGGCGCCAGG	2.13	HG00116:50.93	22.85,30.88,32.45,19.12,50.93,20.06,19.14,26.73,7.49,28.61,15.63,27.12,19.56,38.64,23.80,14.52,19.03,17.26,19.20,20.29,24.18,19.34,28.07,37.10,18.71,49.24,36.77,22.28,24.43,64.68,40.75,18.89,41.16,15.13,46.24,21.26,30.35,24.86,28.99,50.46,15.27,9.08,10.94,1.62,60.65,20.11,23.90,21.71,4.32,27.45,19.25,41.93,11.07,2.51,26.95,47.42,41.68,33.31,45.72,31.09,20.41,37.91,15.33,25.99,11.31,18.06,38.30,30.94,21.36,28.24,39.39,38.43,8.27,14.99,40.63,48.57,16.43,27.57,29.78,17.31,10.91,33.13,34.79,9.21,29.84,40.87,20.57,3.48,26.77,14.11,6.85,13.24,6.85,30.61,24.66,17.24,19.31,7.52,18.56,21.22,8.72,32.99,20.54,17.65,28.81,35.16,13.19,37.81,2.33,10.05,24.12,10.96,37.84,14.44,24.82,10.81,1.70,12.70
2	119329540	119330917	AAG	2.12	HG00116:15.86	1.63,4.16,9.15,9.14,0.83,15.86,6.69,0.80,5.85,2.51,1.66,12.76,0.84,0.82,1.64,0.81,1.61,1.64,0.85,2.60,0.82,0.80,6.68,5.68,7.25,2.52,9.68,1.69,3.40,3.46,4.09,3.35,14.03,0.81,7.10,8.47,10.30,4.20,5.04,7.57,11.05,1.73,3.43,14.91,2.48,14.46,11.56,2.54,4.13,2.34,1.62,11.10,1.68,0.84,0.82,2.59,6.73,12.48,2.51,4.19,5.96,2.46,4.19,0.84,1.72,1.66,22.88,4.16,9.49,0.82,1.69,4.84,17.03,6.95,13.92,4.04,12.08,0.82,4.89,2.56,13.14,3.32,9.44,0.82,15.37,2.48,1.67,0.86,1.67,3.29,0.81,2.55,5.83,1.71,2.47,5.03,1.66,3.31,2.51,5.97,3.93,0.86,2.51,2.62,2.49,5.99,3.31,2.57,1.65,2.47,5.12,1.64,8.39,6.85,1.67,1.69,1.70,1.74,5.08,4.23,2.57,2.52,0.85,2.45,5.77,6.21,3.33,0.84,4.18,3.15,4.88,0.83,3.33,1.70,0.85
2	118789717	118791189	AAAG	1.98	HG00116:4.17	2.45,0.82,0.83,0.83,4.17,0.84,0.85,2.44,0.80,0.82,0.81,2.59,1.63,1.58,0.86,1.68,0.84,1.71,1.66,2.48,0.80,2.48,0.82,1.68,0.84,0.85,1.67,0.84,0.83,1.73,1.68,1.69,0.81,1.64,4.89,0.82,0.86,0.85,0.83,0.85,1.67,1.71,0.84,0.83,0.83,1.71,1.68,0.86,0.87,0.85,1.69,0.78,4.99,0.85,3.31,1.66,0.85
X	1432588	1434261	AACCCCACTGCACCTGCCC	1.96	HG00116:13.36	3.27,10.61,4.89,1.66,13.35,4.16,3.33,13.36,7.52,7.98,6.68,3.35,4.16,3.40,1.68,6.58,5.75,3.26,3.22,4.92,12.80,6.83,2.60,9.04,1.60,1.67,0.81,12.09,6.73,3.87,10.12,2.55,6.05,5.72,11.74,3.30,7.33,14.20,0.85,6.52,2.58,0.84,0.84,2.52,6.80,0.86,4.14,0.83,3.21,3.39,4.13,5.47,3.24,4.27,5.03,2.51,0.82,4.72,12.09,2.52,3.33,4.18,10.90,5.96,1.64,3.37,2.58,1.66,4.09,2.50,5.18,5.04,1.63,6.74,6.45,6.27,2.61,0.87,8.09,3.22,1.64,5.70,1.63,4.27,6.57,2.49,4.29,6.56,6.83,1.65,5.83,3.46,0.84,1.64,1.62,5.11,0.83,2.57,4.94,4.20,3.31,7.45,0.84,3.41,5.50,2.57,4.18,1.74,2.51,1.75,8.30,5.99,4.96,3.43,2.48,2.47,9.85,2.52,10.29,6.00,2.51,3.38,3.40,1.74,6.77,0.85,2.57,5.04,5.93,2.45,6.60,5.04,6.21,12.56,0.83,3.37,6.84,5.01,5.52,6.51,2.55,4.96,0.83,4.24,4.23
X	86126783	86127079	AATATATATACATGG	1.95	HG00116:3.34	5.01,3.34,0.86,3.37,8.90,3.28,1.62,2.52,0.85,2.49
11	121953064	121954281	AAAG	1.94	HG00116:6.68	0.82,2.45,3.33,4.17,2.50,2.50,6.68,5.01,1.60,0.84,3.35,0.83,3.40,0.84,2.47,0.82,0.80,0.82,0.85,4.27,2.47,1.67,1.62,2.52,0.97,0.84,1.70,1.73,2.45,0.84,0.81,2.54,1.63,1.72,1.68,1.68,0.84,6.94,1.71,4.14,2.48,0.83,1.69,3.31,2.34,2.43,3.36,5.03,0.82,0.94,2.59,3.36,2.50,1.67,0.84,1.70,2.46,1.67,0.84,2.58,2.50,2.45,1.67,1.73,4.90,3.37,0.81,0.90,0.81,0.81,1.64,2.44,1.63,0.85,1.66,0.86,4.10,1.71,1.65,0.86,1.67,0.82,0.81,0.85,1.67,1.71,2.47,2.52,0.83,1.66,2.51,0.79,3.43,5.22,0.84,4.36,3.32,0.86,1.65,6.85,0.83,0.82,0.85,0.82,1.68,0.86,2.57,2.51,1.69,4.24,1.74,0.85,2.54,1.71,3.36,4.24,0.82,1.68,0.78,0.85,1.67,3.15,1.63,2.48,7.48,4.24
4	186481283	186483196	AAGAGCTGTGACACC	1.90	HG00116:12.52	5.71,2.45,8.96,10.81,4.17,7.49,3.32,9.99,12.52,5.85,7.18,5.85,10.05,9.15,5.96,3.37,6.58,6.58,4.89,8.05,6.57,5.97,5.98,8.65,5.75,7.21,6.68,10.55,8.06,6.73,5.81,2.53,11.06,6.91,5.72,5.87,7.43,7.33,11.04,5.08,6.52,6.01,5.04,9.25,5.88,9.35,4.34,11.14,10.77,6.62,8.04,3.30,2.54,6.61,9.38,8.11,4.27,7.55,6.70,4.12,5.66,3.45,10.09,7.49,8.37,5.03,7.66,2.46,4.19,5.05,5.16,11.65,8.17,8.33,8.63,6.72,8.17,8.43,4.84,3.58,5.21,7.83,8.09,4.03,7.39,1.63,5.70,9.40,8.22,9.97,2.57,4.10,8.54,8.27,3.33,5.19,1.67,7.39,7.30,8.51,3.33,3.43,8.24,6.71,6.63,7.45,3.35,6.82,3.14,2.57,5.85,9.58,11.71,2.62,9.13,4.28,8.27,6.00,4.14,4.93,11.95,9.03,9.23,7.72,6.00,3.34,8.44,5.94,5.23,6.77,5.92,1.71,6.72,5.08,3.27,5.77,1.68,6.99,1.67,1.66,8.43,6.84,8.36,5.52,7.32,7.64,7.45,6.65,8.49,5.93
14	44473869	44475007	AAG	1.89	HG00116:15.03	8.98,2.44,6.68,15.03,0.82,0.81,9.85,6.45,9.25,15.93,12.22,12.02,0.83,5.08,3.91,3.24,0.85,1.68,0.82,10.88,13.47,8.17,5.88,13.05,26.87,21.36,1.72,14.99,7.71,11.54,0.79,0.84,6.96,2.51,4.36,8.56,6.62,17.13,13.24,2.47,8.21,8.39,4.18,4.24,4.23,5.07,2.52,1.64,0.84,9.15,11.70,0.79,2.44,5.09,6.77
5	122103323	122104755	AAG	1.89	HG00116:5.01	1.66,0.83,0.83,4.16,5.01,1.60,0.84,0.83,0.85,0.82,1.62,1.61,2.52,0.84,0.86,0.82,1.68,1.58,7.62,0.84,0.84,1.70,0.83,0.80,3.30,0.85,1.65,0.78,0.85,0.84,0.84,3.30,0.94,2.59,1.67,1.68,1.70,3.44,5.00,0.81,0.87,1.63,4.98,1.64,0.86,0.84,3.24,0.83,0.85,0.79,1.67,0.83,0.83,0.82,0.82,0.86,2.57,0.87,0.85,2.57,1.69,2.47,0.84,0.84,0.85
6	20756418	20757610	AAGG	1.88	HG00116:3.34	0.81,0.83,3.34,0.84,3.35,0.83,0.80,0.83,0.84,0.85,0.86,2.48,0.81,0.84,0.82,1.67,0.86,0.82,0.81,0.82,0.84,0.84,3.93,2.61,0.83,0.86,0.86,0.86,1.74,0.85,0.86,0.84,0.82,0.78,0.84,0.85,0.84,1.65,1.66,0.85,0.85
4	7449989	7450673	AGGG	1.84	HG00116:4.17	0.82,0.82,0.83,0.83,4.17,0.80,0.84,1.68,1.66,0.85,0.84,1.65,0.82,2.44,0.82,0.85,0.82,0.80,0.83,3.25,0.84,0.86,0.82,1.68,0.83,0.79,1.66,0.80,2.48,2.34,0.85,1.68,0.82,0.94,1.73,0.84,0.83,2.51,2.52,2.55,3.29,0.84,0.83,0.82,1.73,1.61,1.62,0.81,0.82,0.85,1.64,0.83,2.59,1.62,0.86,0.82,0.84,1.66,1.57,0.87,1.65,0.83,1.71,0.84,0.84,0.87,0.84,0.82,0.82,0.78,0.84,0.85,2.44,0.83,0.85
3	102856097	102857622	AAAAT	1.83	HG00116:17.53	0.82,3.26,6.51,17.53,11.17,13.40,18.30,6.81,19.36,4.11,14.80,7.39,14.51,9.40,8.93,4.03,11.77,9.68,1.69,5.10,3.46,2.45,4.13,21.17,13.41,11.01,13.85,2.52,2.55,4.34,0.86,9.91,4.69,9.73,5.98,6.71,2.51,4.94,5.18,1.66,4.18,5.75,16.75,5.89,11.19,0.83,7.76,1.68,10.49,8.07,3.22,4.93,9.40,11.10,2.48,16.65,3.35,7.71,9.07,4.15,3.31,11.14,13.71,6.68,16.58,4.14
7	151478903	151479874	AAGG	1.81	HG00116:3.34	1.63,3.34,0.84,0.84,0.83,0.82,0.81,0.80,0.82,0.81,0.86,0.84,0.83,1.61,0.83,0.86,0.82,0.84,0.82,0.84,1.61,0.90,0.87,0.83,0.85,0.86,0.84,0.82,0.83,0.85,1.67,0.86,0.83,1.64,1.71,0.84,0.86,1.67,0.84,0.85,0.85,0.82,0.78,1.66,0.85,1.63,1.70,0.85
7	139735010	139736306	AGG	1.72	HG00116:5.01	1.63,0.83,1.66,3.33,5.01,1.67,1.60,0.84,0.84,1.66,0.85,0.84,0.82,1.64,0.80,0.82,3.41,5.13,2.47,0.80,0.81,2.52,2.90,3.37,2.55,0.86,0.82,3.35,2.44,1.58,1.72,0.84,0.84,2.55,5.20,0.83,2.41,4.13,1.69,0.83,0.84,0.84,2.47,1.89,2.59,0.84,2.50,0.84,1.64,2.51,1.68,1.72,1.66,0.82,0.86,1.68,0.81,0.90,0.87,0.81,0.82,2.44,4.27,0.82,1.72,0.82,0.84,3.33,0.84,2.51,0.85,0.79,1.75,1.65,0.83,0.85,1.72,1.71,0.85,0.87,0.85,0.82,0.84,0.85,0.83,3.33,0.85
2	117834373	117835659	AGGAT	1.68	HG00116:3.34	0.82,0.81,0.83,3.34,1.67,0.80,0.84,0.85,2.46,0.85,0.87,0.81,1.68,0.97,0.84,0.85,0.82,0.84,1.63,1.69,0.83,0.83,0.80,0.83,0.85,0.83,0.82,0.84,0.84,0.84,0.86,0.82,0.83,0.86,1.69,0.81,0.87,0.81,1.61,2.56,1.64,0.86,0.85,0.83,1.70,1.67,1.65,0.83,0.84,0.79,0.87,0.87,1.66,0.83,0.84,1.69,0.84,0.78,0.84,0.79,0.83
5	135829173	135830191	AATATATACGTGTATATAT	1.67	HG00116:7.51	1.63,1.63,3.26,5.82,0.83,4.99,3.32,3.33,7.51,2.51,2.51,5.86,3.33,4.25,2.47,3.29,4.07,3.22,5.75,4.27,0.85,1.64,2.40,0.83,1.62,4.21,5.81,2.53,2.55,5.18,4.09,3.35,2.48,8.14,6.31,0.81,2.58,0.84,3.36,5.20,1.71,3.31,0.83,5.63,0.83,3.31,7.03,4.05,1.71,2.52,1.68,4.12,0.94,5.04,0.83,3.35,3.35,2.55,2.46,0.84,5.16,4.16,2.45,2.59,1.68,4.90,4.21,3.23,5.21,8.09,4.03,1.63,2.44,0.85,5.75,6.01,5.74,1.71,4.14,1.67,4.32,2.51,4.86,2.55,1.67,2.48,5.11,3.93,0.87,0.86,3.31,2.56,5.15,0.86,0.84,2.53,1.70,4.23,4.20,1.64,1.65,1.63,4.16,0.85
X	1855023	1855108	AAGGGGGGGGGGGGGG	1.67	HG00116:1.67	1.67,0.86,0.84
8	129375018	129375084	AT	1.67	HG00116:1.67	1.67,0.84
21	45161333	45161468	AGCCCCCCGCG	1.67	HG00116:1.67	1.67,0.83,2.48
5	20094929	20094989	AAAG	1.67	HG00116:1.67	1.67,0.83
10	60939824	60939825	AC	1.67	HG00116:1.67	1.67
1	117213940	117213941	AAGG	1.67	HG00116:1.67	1.67
16	16133921	16133922	ACAT	1.67	HG00116:1.67	1.67
16	83080738	83080739	AACCCT	1.67	HG00116:1.67	1.67
17	26772167	26772168	ACC	1.67	HG00116:1.67	1.67
19	11924536	11924537	AACCCT	1.67	HG00116:1.67	1.67
19	30607218	30607219	ACACACACACACACACACCC	1.67	HG00116:1.67	1.67
3	196865544	196865545	AATGG	1.67	HG00116:1.67	1.67
4	110756298	110756299	AAAG	1.67	HG00116:1.67	1.67
5	139209968	139209969	AAAG	1.67	HG00116:1.67	1.67
6	50136838	50136839	AATGG	1.67	HG00116:1.67	1.67
7	31279577	31279578	AAAG	1.67	HG00116:1.67	1.67
7	89973225	89973226	AT	1.67	HG00116:1.67	1.67
7	9450989	9450990	ACAGGAGGGGAGCGG	1.67	HG00116:1.67	1.67
9	121425924	121425925	AAAG	1.67	HG00116:1.67	1.67
9	34924590	34924591	AACCCT	1.67	HG00116:1.67	1.67
17	64761870	64761921	AT	1.66	HG00116:1.67	0.83,1.67
22	47774528	47775459	AGGCGGCGGCGGCGG	1.65	HG00116:2.50	2.50,0.82,0.85,0.85,0.80,1.73,2.43,0.85,0.82,0.94,0.81,1.71,0.86,0.83,0.82,0.78,0.84
10	48321165	48323515	ACAGGCCACCCATCCACC	1.61	HG00116:3.34	1.63,1.63,0.83,1.67,0.83,2.50,3.34,0.80,0.83,1.70,0.82,1.64,1.63,0.80,1.64,0.81,0.84,0.97,0.81,0.85,0.81,0.86,1.68,0.84,1.71,0.83,0.80,0.83,0.83,0.78,0.85,0.84,1.68,0.94,0.86,0.83,1.68,0.82,0.84,3.33,0.82,1.73,0.84,2.45,1.74,1.61,1.63,1.66,0.86,1.71,0.83,0.84,0.82,0.84,0.84,0.85,0.84,0.87,0.86,0.82,1.69,0.87,1.69,0.85,1.71,0.82,0.82,1.55,0.84,1.66,1.69,0.85,1.58,0.85,1.65,1.66,0.85,0.85
18	22518609	22520125	AAATTTACATGTATAT	1.60	HG00116:30.89	15.51,22.85,5.70,14.97,23.37,21.63,13.30,13.32,30.89,15.88,15.16,33.41,17.59,20.80,12.76,25.25,26.32,12.33,24.45,11.27,6.57,11.09,11.11,14.71,11.51,16.02,21.70,17.04,12.89,12.62,16.46,7.59,11.91,4.32,13.07,9.22,14.03,17.10,14.99,14.40,11.41,9.44,10.08,12.61,10.09,10.20,10.41,13.72,10.77,9.10,28.13,4.95,11.86,19.01,13.28,18.65,21.35,5.03,12.57,29.67,19.82,12.09,12.61,10.81,9.20,10.90,5.96,18.89,12.56,14.32,8.61,28.28,8.99,5.00,3.45,13.44,7.35,15.17,8.07,4.48,17.38,10.44,17.79,5.64,15.60,13.85,14.66,4.27,13.97,14.95,9.44,10.67,11.96,12.41,9.99,10.37,13.40,5.75,8.11,30.63,10.83,23.99,15.66,10.91,16.56,21.54,12.56,14.49,28.29,18.85,18.39,6.96,6.69,27.93,6.64,14.55,16.55,29.98,23.99,10.69,20.48,13.96,15.95,26.59,4.28,25.05,17.72,18.68,17.45,18.61,21.14,17.97,9.24,29.66,26.99,16.49,10.92,34.93,28.47,14.97,18.54,13.67,10.03,21.29,20.34,8.49,12.41,11.64,30.55,16.93
6	65004750	65005121	AAGAAGAAGCAG	1.60	HG00116:2.50	2.50,0.83,0.83,2.54,0.84,0.83,0.82,0.81,1.57,1.74,0.86,0.83,1.71,0.84,0.79
16	1334291	1335821	ACCACTCCAGGGCCCTCTCC	1.59	HG00116:5.84	0.82,4.08,0.81,4.16,0.83,1.67,5.84,2.51,1.60,3.35,0.84,1.65,2.47,2.44,3.22,1.64,2.56,0.85,3.46,2.47,1.60,0.83,4.06,4.03,0.84,1.94,1.69,0.85,0.86,1.63,0.84,1.65,1.63,6.31,1.63,0.84,2.52,2.60,2.49,4.02,0.83,1.69,3.13,4.05,0.85,2.52,3.35,1.65,1.89,1.73,1.68,1.66,2.51,0.84,1.70,0.82,0.84,0.83,3.27,0.83,0.86,2.52,0.82,2.53,1.61,1.74,1.74,4.85,1.61,2.46,1.63,4.07,2.56,0.82,1.66,4.29,1.64,2.56,3.31,2.50,1.73,1.67,2.46,2.43,0.85,3.33,2.47,1.68,2.48,2.48,1.67,3.14,0.86,0.84,2.57,2.48,0.86,1.65,4.93,4.10,1.68,0.86,0.84,1.70,0.87,0.85,1.69,1.71,2.52,2.47,0.84,2.33,7.54,0.83,2.53,2.56,0.84,4.73,4.07,2.55,0.83,1.66,1.70
16	52991568	52992590	AAAG	1.59	HG00116:5.01	1.63,0.82,0.81,2.50,1.66,5.01,1.67,0.80,0.84,0.83,1.70,0.84,2.41,1.71,1.73,0.80,1.67,0.81,5.05,2.90,0.84,1.70,2.59,0.82,0.81,0.81,0.84,0.85,2.60,0.86,1.66,0.83,0.83,3.31,0.81,1.68,0.84,1.65,1.68,1.66,2.51,0.86,2.50,0.83,1.73,0.84,0.82,0.84,2.42,2.69,0.87,1.74,2.43,2.44,1.63,2.56,0.82,2.49,6.56,2.56,1.73,2.46,2.43,2.57,0.82,0.84,0.83,2.51,1.70,0.84,0.87,1.66,2.57,1.65,3.43,1.64,6.00,0.85,5.93,4.09,0.82,2.52,0.83,0.84,3.42,0.84,1.63,0.83,2.49,1.70,3.39
15	77332721	77332965	AGAGAGAGGGAGGGGGGGG	1.59	HG00116:2.50	0.83,2.50,1.67,0.83,0.84,0.85,0.80,0.83,0.85,1.63,0.85,0.84,0.82,0.84,0.84,1.64,0.86,1.63,0.82,0.84,0.84
8	21390417	21390802	AAAG	1.57	HG00116:3.34	1.67,3.34,0.84,3.29,0.80,1.62,0.86,0.79,0.81,1.68,0.84,0.83,0.83,0.81,1.71,0.94,2.55,2.53,0.86,1.67,0.84,0.84,0.87,1.74,0.81,2.56,0.84,0.87,0.86,0.83,0.82,1.72,0.84,0.87,0.86,0.84,1.69,0.82,0.85,1.66
Y	13842453	13844113	AAAGGAATGGAATGGAATGG	1.57	HG00116:3.34	0.82,1.63,1.63,1.66,3.34,2.51,0.84,0.85,0.84,0.82,0.82,0.80,0.83,1.62,0.81,0.84,0.97,0.85,1.63,1.58,0.81,0.84,1.73,0.86,0.83,0.83,0.81,0.85,0.94,1.66,0.84,0.85,0.84,1.72,0.83,1.67,0.84,0.81,0.90,0.81,0.82,0.81,0.81,1.65,1.67,1.62,1.67,0.84,0.83,2.48,0.84,0.85,1.71,1.74,0.87,2.57,1.65,0.86,2.48,0.82,0.82,0.84,1.71,1.74,1.69,0.86,0.84,0.85,1.64,0.78,0.84,1.66,1.66,0.85,0.85
22	49619735	49620817	ATCC	1.54	HG00116:5.01	1.63,0.81,0.83,0.83,0.83,0.83,0.83,5.01,0.84,0.80,0.84,0.83,5.96,0.82,1.64,0.81,3.28,1.71,2.56,3.29,4.01,1.62,2.42,1.68,0.97,0.84,1.70,2.59,0.82,2.52,4.13,0.81,1.58,0.85,1.72,1.68,0.84,2.55,0.87,1.66,2.48,1.61,0.85,0.83,0.78,0.81,0.85,2.52,0.84,1.65,1.89,1.73,3.36,0.83,3.35,0.84,1.70,3.35,1.68,1.72,2.50,1.63,0.83,1.73,0.84,0.84,3.23,0.90,1.74,1.62,3.22,0.81,3.26,1.71,0.82,3.32,1.72,0.82,0.85,1.65,0.83,0.86,0.84,2.46,0.81,3.40,0.86,1.65,1.68,0.83,1.67,2.56,1.57,0.84,1.74,1.67,6.11,2.49,0.86,2.48,2.57,0.83,0.82,0.85,0.82,0.84,1.72,0.86,2.51,0.84,1.70,0.87,2.54,3.42,3.39,3.27,0.78,1.67,0.83,1.69,0.85,3.34,2.37,1.70,0.83,0.85,0.85
13	98504635	98505279	ATCC	1.54	HG00116:3.34	0.82,0.83,0.83,0.83,3.34,0.80,0.84,0.84,0.85,0.82,0.80,0.82,1.71,0.87,1.64,0.81,0.81,2.52,1.70,0.84,0.79,0.85,1.68,0.85,0.86,1.66,0.83,0.80,1.69,1.65,1.56,0.81,0.84,1.65,0.86,0.84,0.85,0.82,0.84,0.84,1.72,0.83,1.67,0.86,0.82,0.81,0.90,0.87,0.81,1.63,1.63,3.43,0.85,0.86,0.84,0.84,2.36,0.86,0.84,0.83,0.83,0.85,1.69,0.85,1.69,1.69,0.84,1.69,0.82,0.82,0.84,1.66,2.53,1.71,0.79,1.63,0.85,1.65,0.83,0.85,1.69
4	6580039	6581573	ACC	1.51	HG00116:22.54	8.16,10.61,16.28,6.65,13.35,14.14,13.30,12.49,22.54,15.88,6.38,10.86,5.03,9.15,10.21,15.15,13.98,11.51,10.59,19.32,10.67,9.39,23.92,10.38,8.22,14.42,21.70,12.17,15.31,19.34,16.46,17.71,8.51,10.37,16.34,10.90,15.68,12.21,23.66,5.08,13.04,12.88,16.80,18.50,5.04,9.35,14.74,6.86,10.77,12.41,21.70,9.91,10.16,14.88,17.97,4.05,16.23,5.03,9.22,13.18,3.78,7.77,15.97,10.81,6.69,10.90,9.37,15.60,9.21,10.95,12.05,19.97,10.62,19.15,18.98,14.28,16.33,10.11,32.27,17.03,6.08,12.18,11.32,13.69,9.03,33.41,17.10,14.53,15.61,15.78,19.73,14.77,11.96,8.27,5.00,9.51,15.91,7.39,12.97,7.66,8.33,9.43,6.59,5.87,4.97,9.94,4.19,6.82,10.22,4.29,0.84,6.09,2.51,1.75,5.81,14.55,3.31,9.42,4.14,2.47,5.12,10.67,12.59,9.43,1.71,4.18,9.28,11.04,1.74,7.61,9.30,13.69,6.72,5.93,13.90,8.25,5.88,7.76,6.70,6.65,1.69,4.27,3.34,9.46,11.39,6.79,8.27,4.99,4.24,10.16
8	106545371	106546347	AAGGAAGGGAGGGAGG	1.50	HG00116:3.34	1.66,3.34,0.80,1.67,1.68,0.82,0.82,0.82,5.84,1.68,2.60,0.86,0.80,3.36,0.83,0.82,0.84,0.83,0.83,1.61,2.69,1.74,0.82,4.11,0.85,0.83,0.86,1.67,0.86,1.64,0.85
4	14838481	14839491	AATATATAATGTATATAT	1.49	HG00116:4.17	0.82,1.67,4.17,3.20,5.01,0.97,1.69,1.70,1.68,2.44,0.79,0.81,0.84,0.87,1.71,3.31,0.83,1.62,0.82,1.73,1.69,1.61,1.79,1.62,0.82,1.71,1.66,2.46,3.29,0.84,1.70,0.86,0.84,0.87,4.18,1.66,1.71,4.93,0.84,0.85,0.87,0.84,3.27,0.79,0.85,0.85
17	25263869	25265544	AATGGAGTGGAGTGGAGTGG	1.48	HG00116:5.01	1.63,4.16,1.66,1.67,5.01,3.34,3.34,2.51,0.83,1.70,0.84,0.82,1.64,1.63,1.64,1.71,0.87,1.64,0.80,1.67,2.43,1.61,1.68,3.40,2.52,0.81,0.79,2.54,4.07,0.84,1.68,3.47,0.86,1.65,0.80,0.83,4.23,1.65,0.81,0.84,4.32,1.68,0.83,1.67,1.68,2.55,1.67,2.58,3.33,3.27,0.83,0.82,1.69,0.81,1.79,0.87,0.87,2.43,0.81,2.44,0.85,1.64,0.85,0.83,0.86,1.64,3.24,0.85,1.65,1.68,1.66,1.67,0.85,1.57,0.86,1.67,0.87,0.87,1.66,0.86,3.29,0.85,0.84,1.72,4.22,0.85,0.85,1.71,3.36,0.85,1.68,0.78,2.51,1.71,1.67,0.79,0.81,0.85,0.83,2.49,3.39
9	15126101	15127075	AAGGAGGAGGAGGAG	1.47	HG00116:2.50	0.83,2.50,0.84,0.83,0.80,1.71,0.82,0.81,0.82,0.79,0.85,0.87,0.83,0.78,1.66,0.85,0.84,0.83,1.73,0.84,0.81,0.86,0.82,1.71,0.83,2.47,0.85,0.84,0.84,0.84,0.82,0.78,0.84,0.79
7	41602048	41602802	AAG	1.46	HG00116:4.17	0.82,1.63,0.83,0.83,0.83,1.67,4.17,0.84,2.39,0.84,3.29,0.82,0.81,2.56,1.62,1.68,1.69,0.85,0.86,1.68,1.65,2.44,0.79,0.85,0.81,1.72,2.52,1.68,1.68,2.55,0.87,4.29,1.62,1.73,1.66,0.85,0.82,1.67,0.84,0.90,0.87,0.81,1.64,1.63,3.42,0.82,1.64,0.83,0.86,3.35,0.82,0.83,1.67,2.57,0.84,1.67,0.86,1.65,0.82,0.85,2.57,0.85,1.71,2.52,4.24,2.52,0.85,1.67,0.81,1.70,0.85,1.69
12	118320123	118320852	ATCC	1.46	HG00116:2.50	0.83,2.50,0.84,0.82,2.52,0.85,0.85,0.84,0.86,1.67,1.73,0.81,0.90,0.81,0.82,0.84,0.81,1.66,0.83,0.86,1.74,0.83,0.86,0.82,0.84,0.84,0.85,0.78
3	152412403	152412501	AACATGTATATGG	1.45	HG00116:1.67	1.63,1.67,1.64,1.63,0.85,1.63
GL000216.1	14760	15433	AATGG	1.39	HG00116:3.34	0.82,0.81,0.83,0.83,0.83,3.34,0.80,0.84,0.84,0.85,1.68,0.82,0.81,0.85,0.85,1.64,0.80,0.83,0.84,1.69,0.85,0.82,0.84,0.79,0.85,1.72,0.83,1.69,3.31,0.78,0.85,0.84,0.84,1.89,0.86,2.52,0.84,0.84,0.85,1.67,0.83,3.27,3.36,0.90,0.87,0.87,1.62,0.81,1.63,0.85,0.83,0.85,0.83,0.83,1.73,1.67,0.82,0.84,0.83,0.84,1.74,1.75,0.83,0.86,0.83,0.83,2.52,1.72,0.86,0.84,0.84,0.87,0.85,0.82,0.84,0.83,0.85,1.67,0.79,0.81,0.83,0.85
11	57390266	57390460	AAAGAAGGAAGGAAGGAAGG	1.39	HG00116:1.67	1.67,0.87,0.81,0.85,0.83,0.79,0.83
X	53053670	53053910	AATATATATATATAG	1.39	HG00116:1.67	1.67,0.83,0.86,1.64,4.22,1.70,0.84
17	78996069	78997377	ACCAGGGCGGGGGAGGGGCC	1.38	HG00116:14.19	2.45,0.82,1.63,1.66,4.17,5.82,2.49,14.19,7.52,3.19,4.18,4.19,4.99,3.40,4.11,3.29,5.70,5.63,6.57,7.68,4.27,9.52,1.64,4.01,10.02,4.06,4.84,9.25,11.81,5.95,3.46,5.03,7.89,1.68,0.84,1.68,8.50,1.73,1.71,2.48,0.80,14.03,2.54,3.13,0.81,4.27,4.19,7.54,0.82,0.94,1.73,5.04,6.65,5.86,6.71,7.66,3.29,2.51,0.84,1.72,1.66,1.63,5.00,6.90,2.52,7.35,2.53,1.79,8.69,1.74,1.61,2.46,4.07,2.44,7.69,5.75,3.32,0.86,3.28,1.71,2.48,2.59,6.70,4.11,1.62,0.85,6.66,5.14,16.48,5.03,13.25,5.86,6.82,7.71,2.51,7.83,3.35,1.75,6.64,3.42,9.10,0.83,10.69,5.12,1.64,8.39,7.72,13.71,1.67,4.22,0.85,7.85,5.08,8.46,11.12,1.68,5.93,2.47,7.56,4.66,2.51,15.80,9.27,2.56,6.69,23.65,13.83,1.70,4.14,10.81,1.70,12.70
9	85977510	85978323	AAGGAAGGAGGGAGGG	1.36	HG00116:2.50	0.82,0.83,0.83,2.50,1.67,0.80,1.68,0.82,0.80,0.85,2.60,0.83,0.81,0.86,0.84,1.73,0.80,0.78,0.84,0.84,0.86,0.84,0.82,0.81,1.63,0.85,0.86,0.85,0.84,1.70,0.79,0.87,0.83,0.83,0.83,0.85,0.84,0.87,0.82,0.83,0.85
15	30240951	30242719	ACC	1.35	HG00116:6.68	4.08,3.26,4.07,0.83,6.68,3.33,4.16,4.16,6.68,6.69,0.80,2.51,0.84,2.50,1.70,3.37,1.65,0.82,4.89,1.61,2.46,1.71,1.71,2.60,0.82,3.20,5.84,3.25,3.36,1.94,3.40,4.32,2.45,1.68,2.48,2.44,1.69,2.58,2.52,1.68,4.20,0.87,0.86,1.66,1.65,1.61,1.65,6.61,0.78,4.86,0.85,4.19,5.77,3.78,2.59,0.84,2.50,2.51,0.84,0.85,0.82,0.84,0.84,1.72,4.16,3.27,1.67,1.73,1.68,4.08,0.84,0.81,1.79,2.61,0.81,0.82,1.63,0.81,1.71,0.82,0.83,1.72,0.82,1.65,0.86,1.67,0.82,2.55,1.67,1.71,3.30,2.52,0.83,1.66,1.67,2.56,1.57,1.71,0.84,4.35,1.67,5.24,2.49,1.71,1.65,9.04,2.56,1.64,0.84,1.72,1.71,4.18,3.38,1.70,4.36,0.85,1.71,2.52,0.85,2.45,2.47,3.36,3.11,5.86,2.50,1.69,3.42,0.84,3.15,3.25,3.40,0.83,0.85,4.23
Y	59004048	59004315	AAAG	1.35	HG00116:1.67	1.67,0.83,0.84,0.81,0.83,0.83,0.85
3	180577340	180577630	AAGGAAGGAAGGGGGGGAGG	1.35	HG00116:1.67	1.67,0.82,0.82,0.84,1.62,0.85,0.86
14	34366707	34368000	AGAGGGAGGAGGAGG	1.34	HG00116:5.84	1.63,3.26,1.63,2.49,1.67,1.66,3.33,5.84,2.51,3.19,1.68,4.25,0.84,2.47,3.29,1.63,5.63,2.46,0.85,1.71,2.60,0.80,2.50,0.81,3.22,0.84,3.87,1.69,1.70,0.86,1.63,3.35,4.13,3.26,2.37,0.85,2.44,1.72,4.20,0.84,4.20,0.87,2.49,0.83,3.21,3.30,2.48,2.34,0.81,1.68,2.47,0.94,1.73,1.68,1.66,0.84,3.35,3.41,4.11,6.70,5.05,0.86,0.82,2.50,0.86,0.84,2.45,8.88,0.90,2.61,2.61,4.04,2.42,2.46,1.63,2.44,2.56,2.46,1.72,1.64,2.56,4.14,2.50,2.59,2.51,0.82,0.81,2.55,2.57,3.30,1.66,4.97,0.84,3.93,2.57,1.67,0.87,1.67,0.87,2.57,6.62,3.31,2.52,0.86,3.43,2.51,2.55,3.38,1.71,1.68,3.39,4.09,1.68,3.11,2.51,0.83,3.37,4.18,2.37,2.44,0.85,2.48,1.70,0.85
11	87825487	87825875	AG	1.33	HG00116:1.67	1.67,0.83,0.83,0.85,0.82,0.85,0.86,0.85
1	2052518	2053321	AACCACCACCGTGACCCT	1.31	HG00116:3.34	1.63,0.82,2.49,1.66,2.50,3.34,0.84,0.80,1.66,0.85,0.82,0.82,1.63,1.61,0.85,0.82,0.80,0.83,0.79,1.69,0.84,0.85,0.83,1.69,1.65,1.62,2.52,0.83,0.84,0.84,0.85,2.53,0.87,0.81,2.57,0.86,0.82,0.83,0.83,0.87,0.83,1.65,2.52,1.67,0.85,0.84,0.78,1.67,0.83,0.83
16	86073379	86074583	AGAGAGAGGGAGAGAGGG	1.29	HG00116:3.34	0.82,2.44,2.49,3.34,4.19,1.66,0.85,0.84,0.82,0.80,1.64,0.85,0.85,0.80,0.83,0.81,0.84,0.86,0.84,1.69,0.78,1.62,0.85,0.84,2.47,0.86,0.84,0.83,1.70,1.67,0.86,0.83,0.82,0.83,0.90,0.83,1.62,0.83,0.83,2.36,1.75,0.83,0.82,2.56,0.84,1.70,2.54,0.85,0.82,0.83,0.85,0.81,0.83,0.85
10	72031374	72032085	AAAG	1.29	HG00116:1.67	1.67,2.50,1.61,4.13,0.83,0.84,0.82
8	2047220	2048535	AAGG	1.27	HG00116:15.86	3.27,3.26,2.44,3.33,7.49,10.83,15.86,2.51,15.95,9.19,2.51,6.66,7.66,4.21,9.87,1.64,1.63,3.22,3.28,0.85,10.25,4.33,0.82,2.43,4.03,0.84,17.43,10.12,12.76,4.32,4.09,0.81,2.37,3.39,2.44,8.59,0.84,4.20,16.48,0.86,4.14,8.04,2.48,5.79,4.05,1.68,1.68,2.47,1.73,6.69,2.55,6.70,14.63,9.15,15.53,5.00,2.59,1.68,5.72,9.68,2.61,2.43,2.42,3.28,5.70,2.44,9.04,0.83,5.15,2.56,2.48,1.67,0.86,14.24,3.29,5.11,5.00,7.71,1.65,7.55,3.31,9.11,5.02,4.26,7.86,6.86,3.34,6.09,5.86,6.98,4.98,1.71,9.10,11.99,5.79,15.62,10.67,6.72,2.57,5.14,2.51,8.44,1.70,4.36,5.92,11.84,8.56,5.04,0.85,6.54,1.65,12.60,6.21,9.21,2.50,16.01,5.98,4.73,3.25,7.64,9.10,4.16,9.34,4.23
7	25865893	25866717	AAAG	1.27	HG00116:1.67	1.67,1.71,0.84,1.68,0.85,0.83,0.84,0.85
4	148341869	148342979	AAGG	1.26	HG00116:5.01	0.82,0.83,3.34,1.66,0.83,5.01,1.67,4.79,0.84,0.84,0.83,0.85,0.84,0.82,1.64,0.80,0.82,0.85,1.71,0.87,1.60,1.62,1.61,0.97,0.85,0.86,0.84,0.79,1.63,1.68,1.70,0.87,0.83,3.31,0.80,0.83,1.69,2.48,0.78,0.84,0.82,2.83,0.86,0.84,0.84,0.85,0.82,0.84,0.86,3.33,1.67,0.86,0.84,1.61,0.87,0.81,1.64,0.81,2.56,0.82,2.49,0.86,4.10,0.85,2.48,1.67,3.40,0.82,0.84,0.84,2.56,2.36,0.86,0.84,0.87,1.75,1.66,1.65,0.86,1.65,5.75,0.82,5.04,2.57,0.86,1.74,1.69,3.42,2.52,1.69,4.19,4.16,0.85,0.81,1.70,6.62
5	153962525	153962902	AAGAG	1.26	HG00116:2.50	0.83,1.67,2.50,1.64,0.84,1.94,1.65,0.83,1.65,0.78,0.82,1.67,1.72,0.87,0.81,0.81,0.83,0.82,0.85,0.82,0.86,0.83,0.85,0.79,0.85
11	69081434	69081747	ACCCATCCATCCATCC	1.25	HG00116:1.67	0.83,1.67,0.85,0.82,1.94,0.83,0.83,0.82
19	31494811	31496356	AAGG	1.24	HG00116:25.88	8.98,14.69,18.73,1.66,16.69,12.48,11.64,12.49,25.88,10.87,13.56,9.19,10.05,10.82,2.55,8.42,9.05,8.22,5.70,1.61,9.03,10.24,3.42,12.11,4.93,7.51,11.36,15.31,10.93,19.36,12.65,14.46,2.59,13.89,10.90,11.55,9.77,15.77,8.47,18.74,9.44,10.92,12.61,14.29,19.56,8.67,11.14,14.08,8.27,8.04,5.78,16.94,13.22,6.25,10.54,7.69,14.26,16.76,8.24,17.93,17.27,9.25,14.97,19.25,9.23,7.66,23.00,3.35,13.47,18.07,10.81,10.62,18.32,3.45,18.48,21.23,24.43,2.42,18.82,2.61,21.76,15.36,8.06,18.06,20.37,13.03,17.09,15.61,15.78,12.87,17.23,5.98,14.89,0.83,10.37,15.91,10.68,5.68,8.51,11.66,25.71,19.78,14.27,17.39,19.88,17.58,6.82,25.94,21.43,16.72,21.76,17.57,13.97,19.09,13.69,13.24,16.28,18.20,17.26,28.16,5.75,5.88,17.15,17.14,12.53,19.41,23.77,27.05,12.69,19.45,24.82,15.12,16.10,20.44,30.51,21.84,11.64,19.26,11.65,9.27,23.92,26.75,17.35,21.97,22.08,19.85,16.63,15.28,5.93
7	9644104	9644677	AAG	1.22	HG00116:2.50	1.63,0.83,0.83,2.50,1.60,4.11,6.83,0.84,4.23,1.68,0.84,2.48,0.86
20	61798300	61798804	ACCTCAGCCCCC	1.20	HG00116:2.50	0.83,0.83,2.50,0.84,1.67,0.83,0.84,0.84,0.81,0.82,1.67,0.84,0.86,2.56,1.64,0.85,1.64,0.84,2.51,3.94
9	38260431	38261538	AAAG	1.18	HG00116:3.34	1.63,0.83,3.34,0.85,0.84,1.64,0.82,1.71,0.80,0.81,0.81,3.40,1.68,0.81,0.84,0.83,0.83,0.80,1.65,0.86,0.83,0.83,2.59,0.84,0.81,0.81,2.44,2.44,2.49,1.65,1.62,1.57,1.67,0.83,2.57,1.64,0.82,0.86,2.57,0.84,0.81,2.55,0.83
1	246855083	246856067	AGGG	1.17	HG00116:12.52	2.45,1.63,9.77,9.15,5.84,4.99,6.65,5.00,12.52,1.67,3.99,2.51,1.68,4.25,3.37,7.40,6.58,4.89,2.41,7.39,2.56,6.83,7.79,12.33,4.81,5.84,10.55,5.64,0.84,2.90,5.06,2.55,6.91,6.54,5.03,3.30,3.26,14.20,3.39,4.07,5.15,5.04,2.52,5.04,5.10,7.80,2.57,13.25,4.96,7.23,4.13,3.39,3.31,16.41,6.49,3.42,4.19,3.35,6.59,5.66,5.18,1.68,8.32,5.86,1.68,5.11,4.93,8.37,4.21,4.30,6.66,6.54,4.16,4.31,5.04,3.27,2.53,12.10,4.48,3.48,4.35,9.70,2.42,9.85,9.78,7.33,8.54,13.14,4.15,2.57,9.03,5.98,1.65,8.33,6.05,4.19,4.93,7.30,0.85,7.50,5.14,4.12,7.55,4.97,9.11,3.35,2.56,6.29,6.86,1.67,4.35,3.35,6.11,2.49,1.71,1.65,6.00,7.45,1.64,5.97,11.49,10.07,3.43,2.57,5.85,5.91,6.79,4.36,4.23,5.07,2.57,5.04,1.69,13.08,3.30,10.08,9.32,7.54,10.81,9.27,5.98,8.36,9.46,6.51,8.49,0.83,4.16,5.09,3.39
10	121712453	121713694	AAGGAAGGAGGG	1.16	HG00116:15.86	10.61,0.82,32.57,4.16,13.32,15.86,23.13,6.70,9.36,5.05,3.26,9.66,22.98,9.04,4.01,10.02,20.29,5.64,7.66,6.51,3.94,7.57,1.70,6.94,15.70,7.81,16.21,5.98,10.71,8.37,4.11,5.05,3.37,14.52,8.21,5.70,5.00,7.30,2.48,3.14,2.57,0.84,0.84,7.63,5.77,7.10
16	86922187	86923728	AATGGATGGATGGATGGATG	1.16	HG00116:3.34	0.82,0.82,0.83,1.66,3.34,0.84,0.80,1.67,0.84,0.83,0.85,1.65,1.61,0.82,0.85,0.87,0.80,0.81,0.84,0.84,0.85,1.63,1.68,0.85,0.86,0.84,1.73,0.86,0.80,0.83,0.85,1.65,0.78,2.43,0.84,1.65,1.73,0.84,0.83,0.84,0.82,1.67,0.84,0.86,0.83,0.83,0.84,0.90,2.43,1.64,0.81,0.82,0.83,1.72,0.82,0.85,0.83,0.83,3.35,3.29,1.65,0.83,0.84,2.56,1.67,0.87,0.83,0.86,1.65,0.86,1.65,1.64,0.82,0.84,0.86,1.71,0.84,0.85,1.69,0.86,1.68,3.39,0.82,2.51,0.83,1.69,0.85,0.84,2.44,1.66,0.85
9	92077863	92078419	AGCGAGCGAGGGGAGGGG	1.14	HG00116:3.34	0.82,2.49,3.34,2.51,0.82,4.07,0.85,0.80,0.86,1.63,0.79,0.85,0.81,0.84,0.84,1.68,2.55,0.87,0.80,0.85,0.83,0.78,0.85,0.82,0.84,0.83,0.85,0.82,0.84,1.72,0.83,0.82,2.42,0.87,1.62,1.63,1.63,0.85,2.46,0.86,0.84,0.81,0.85,0.82,0.83,2.56,0.79,0.86,0.84,1.74,1.67,0.87,1.71,0.85,0.82,1.74,3.27,0.82,0.78,1.67,1.66,0.84,0.85,1.58,0.81,1.70,0.85
6	25458766	25459905	AAAG	1.13	HG00116:27.55	8.16,18.73,15.02,8.31,21.65,27.55,24.73,10.02,9.21,17.47,1.68,12.82,23.36,30.84,10.93,48.40,9.50,25.26,29.42,1.70,43.01,15.70,12.81,13.40,9.44,17.27,7.53,15.10,25.34,0.82,16.85,26.88,16.51,23.45,10.47,5.70,11.11,19.72,0.83,17.84,0.84,14.22
14	84401909	84402814	AAAG	1.13	HG00116:2.50	2.50,0.80,0.81,0.81,1.72,0.84,0.84,0.83,1.65,2.59,0.82,0.90,1.74,1.62,0.81,2.44,0.81,0.85,0.82,2.48,0.81,0.87,0.85,0.85,0.83,1.66
10	33918645	33919863	AAAG	1.13	HG00116:1.67	0.83,1.67,0.84,0.85,0.81,0.84,1.65,0.82,0.86
14	83141111	83141741	AATATATACATAGG	1.09	HG00116:1.67	1.67,0.85,1.63,1.65,0.78,0.87,2.43,1.67,0.79
7	100661667	100662073	CCCCCCCCCCCCCCCCCCGG	1.09	HG00116:1.67	1.67,0.80,0.82,0.81,0.87,0.86,0.83,0.83,0.82,0.84
3	33798688	33799763	AAATATATATAT	1.07	HG00116:2.50	1.66,0.83,0.83,2.50,0.84,0.83,0.84,0.97,0.81,1.58,0.85,0.86,0.83,0.80,1.65,1.68,0.94,0.84,1.67,0.86,0.81,0.87,0.81,0.81,0.81,0.82,1.73,0.85,0.83,0.83,0.86,0.83,0.86,1.71,0.85,0.84,0.85,2.54,1.64,0.85
7	44213509	44214701	AAG	1.06	HG00116:4.17	2.44,0.83,4.17,1.67,4.19,1.70,0.84,0.82,0.80,1.71,0.85,0.87,1.67,1.61,0.97,0.84,1.73,0.82,0.83,0.85,2.44,1.72,1.68,2.52,0.85,2.60,1.71,2.49,0.83,1.56,0.81,0.82,0.86,1.66,1.64,2.51,1.68,2.58,1.66,1.63,3.33,3.45,1.68,2.45,0.84,0.81,3.48,0.81,0.81,0.86,0.85,0.83,0.86,1.64,1.70,2.50,0.83,0.83,1.67,0.86,1.67,0.87,4.15,1.65,0.86,0.83,0.82,2.56,1.68,0.84,3.49,1.69,1.68,0.84,3.88,0.84,0.85,2.51,1.58,0.81,1.70,4.16,1.69
3	128188359	128188657	ACCCACCCACCCAGCC	1.05	HG00116:2.50	0.82,0.81,2.50,0.84,0.83,1.70,0.82,0.82,0.85,1.64,0.80,0.83,0.81,0.84,0.85,0.84,0.86,2.60,0.86,0.83,0.78,0.84,0.86,0.84,0.84,0.86,0.83,0.82,0.83,0.84,1.63,1.69,0.87,0.81,0.81,0.85,0.83,0.85,0.86,0.84,0.81,0.83,0.82,0.79,1.71,0.84,0.87,0.87,1.71,0.83,1.71,0.86,0.84,0.85,2.45,0.84,0.84,0.85,0.85
7	139800057	139800938	AT	1.04	HG00116:1.67	0.82,1.67,3.43,0.83,1.62,0.84,1.74,0.82,2.55
17	80107384	80109730	AACCTGGCCCACACCCAG	1.03	HG00116:4.17	3.26,1.66,2.50,0.83,0.83,4.17,0.84,0.84,1.66,1.68,1.63,0.82,0.85,0.82,1.60,0.83,0.81,0.81,1.94,1.69,2.55,2.59,0.82,3.35,0.83,2.44,0.85,1.63,2.58,0.84,0.87,3.43,1.66,0.83,0.83,0.85,0.78,0.81,1.68,3.30,1.89,0.86,0.84,1.68,4.26,0.82,2.51,0.83,3.27,2.50,0.86,1.68,0.82,0.84,1.61,1.79,1.74,3.23,0.81,0.85,0.82,1.66,1.72,1.64,2.48,2.50,1.73,0.84,3.24,1.70,0.83,1.71,0.82,0.83,1.70,0.86,0.84,0.87,0.86,2.48,0.86,0.83,0.82,2.56,0.82,0.84,0.86,0.84,0.85,3.38,2.47,3.11,0.84,1.66,0.84,1.71,0.84,0.79,0.81,0.85,2.48,0.85,1.69
2	194545086	194545458	AGAGGG	1.03	HG00116:1.67	1.67,0.84,1.58,0.84,0.78,0.81,0.81,0.85,0.86,0.84,1.67
5	115493379	115494571	AGAGAGGGGAGAGGG	1.02	HG00116:5.01	5.71,0.81,4.99,3.34,0.83,1.66,3.33,5.01,1.67,2.39,4.18,3.33,4.25,0.84,2.44,4.92,3.46,1.60,1.67,0.81,2.42,1.68,1.69,2.55,4.07,0.79,0.85,2.44,2.52,1.70,2.60,3.21,4.95,0.85,2.43,1.71,0.84,1.68,5.77,2.83,0.83,1.68,0.85,1.64,0.84,0.86,1.66,0.83,2.59,1.63,0.84,3.23,0.87,3.23,1.61,0.82,3.26,4.07,0.83,0.82,0.86,3.35,2.46,0.85,0.82,3.36,0.84,0.87,3.29,1.67,0.87,0.86,0.82,2.51,1.63,1.66
15	90206262	90207682	ACAGAGTCAGCTCCAGGGCC	1.01	HG00116:6.68	0.82,2.44,2.49,6.68,2.51,1.60,0.84,0.84,2.50,6.73,0.82,1.64,6.52,5.75,6.06,1.64,0.81,2.53,3.46,4.90,2.52,3.26,0.85,2.52,3.36,2.52,3.40,0.86,0.83,4.96,2.41,2.48,1.56,0.85,4.19,5.86,5.77,0.94,1.68,0.84,2.55,0.82,1.67,4.30,3.33,3.27,4.31,2.52,0.82,5.90,8.07,5.21,4.85,4.93,4.89,0.81,1.71,5.75,0.86,1.64,2.56,0.82,0.81,3.40,0.83,3.35,2.36,3.43,1.67,1.75,4.98,1.71,0.83,0.82,0.86,2.51,1.69,2.55,4.23,1.69,3.42,3.36,1.64,0.84,2.33,2.51,0.79,3.25,3.31,0.83
