motif	top_case_zscore	high_case_counts	all_counts
AACCACATCCACATCCAC	3.91	HG00449:8.43	0.82,0.82,0.81,5.84,0.83,0.83,0.84,4.19,1.70,1.68,0.82,3.29,1.63,0.85,2.47,1.60,3.34,0.81,0.81,0.84,0.97,8.43,3.40,4.32,1.63,0.84,0.83,2.44,0.79,3.39,1.63,5.15,3.36,7.57,0.84,0.85,5.20,3.31,1.65,1.61,0.78,2.43,1.68,0.84,0.82,1.89,0.84,0.83,2.51,1.68,1.70,0.82,1.67,2.50,3.45,1.63,1.61,0.87,1.74,0.81,2.44,0.85,2.49,2.57,0.82,1.71,3.31,2.50,0.86,3.35,1.64,1.62,5.11,4.14,1.57,0.86,0.84,0.87,4.18,0.87,3.32,0.86,0.83,0.82,0.85,1.64,2.52,2.57,1.71,0.84,1.70,0.85,0.85,2.45,2.52,0.84,0.83,5.52,2.44,2.55,0.83,0.83,2.54
AACGAGTGAGTGAGGAGAGG	2.30	HG00449:6.75	1.63,4.92,6.75,0.86,5.72,3.26,1.69,8.41,2.57,6.43,1.65,3.30,1.67,1.73,5.72,8.88,2.69,2.43,3.26,0.82,2.56,0.83,1.67,3.46,0.82,3.24,5.13
ACACCACCAGAGCCGGG	1.76	HG00449:8.43	1.63,1.63,4.07,1.66,1.67,0.83,1.66,0.83,5.84,7.52,1.60,0.84,4.16,3.40,1.68,8.23,0.82,5.70,1.61,6.57,0.85,1.73,3.20,0.83,1.62,2.42,6.73,2.90,8.43,0.85,7.78,2.45,1.68,4.89,1.58,0.85,3.26,0.84,1.68,1.70,1.73,1.71,1.66,0.80,1.69,1.65,1.56,1.62,0.85,2.52,3.35,6.61,2.52,4.99,3.35,2.52,1.70,1.64,5.86,3.37,1.72,8.32,0.82,0.83,0.84,2.45,5.90,0.87,0.87,2.43,3.26,1.64,0.83,6.86,0.82,1.65,0.86,0.84,1.64,0.81,6.81,0.86,3.30,0.84,3.31,2.48,2.51,2.56,1.57,0.86,0.84,1.74,1.67,0.87,1.66,3.31,2.57,3.31,0.82,3.41,2.46,6.72,0.86,0.86,3.34,0.84,0.87,0.85,4.23,0.86,1.68,0.82,0.82,5.02,0.84,2.56,4.18,1.63,1.70,1.65,0.83
AAAGGTGTGTGTGGGTGG	1.53	HG00449:15.18	5.71,6.53,8.96,3.33,8.35,7.49,6.65,3.33,9.18,8.36,4.79,12.53,4.19,2.50,4.25,7.57,6.58,4.93,9.78,2.41,15.59,10.25,9.52,6.58,6.41,6.68,1.62,17.73,5.05,9.68,15.18,11.91,9.50,13.07,5.87,4.95,12.21,15.77,8.47,8.15,7.73,10.08,5.04,7.57,9.35,6.94,6.00,7.46,4.96,12.05,2.48,3.39,0.83,12.50,8.92,4.27,9.23,11.73,13.18,9.44,2.59,2.52,9.98,6.69,2.52,3.41,14.78,7.54,8.42,10.33,5.82,8.99,4.16,1.73,10.92,6.53,5.90,13.72,8.07,9.56,9.57,12.13,9.67,9.03,10.59,11.40,5.98,11.50,4.15,6.86,9.85,11.96,8.27,14.16,8.64,5.86,6.57,12.97,10.21,9.16,1.71,2.47,4.14,10.77,3.35,8.57,9.20,10.45,5.02,10.48,1.66,4.14,2.57,6.62,2.47,8.53,6.57,3.36,0.86,3.43,2.51,10.13,4.24,7.85,6.77,5.07,6.85,6.72,9.00,9.90,13.20,5.02,5.82,0.84,10.25,4.18,22.08,12.20,6.79,0.83,8.31,8.49,5.08
ACCGCGTCCTCATCAGC	1.47	HG00449:12.65	4.08,2.45,5.70,2.49,5.84,4.16,7.48,2.50,4.18,1.60,5.01,2.51,4.16,2.55,6.58,0.81,0.80,0.82,0.85,0.85,2.60,2.47,2.40,4.17,4.87,3.22,1.68,0.97,12.65,5.10,6.05,4.90,0.84,1.65,4.73,0.85,0.81,4.29,9.24,4.20,6.73,2.55,5.20,1.71,3.31,4.14,7.23,4.13,3.39,4.96,7.81,2.43,4.27,0.84,0.82,1.89,1.73,4.20,8.32,3.35,0.84,3.41,4.93,1.67,2.53,0.86,10.81,5.72,2.50,7.76,1.68,4.08,3.37,3.23,0.90,1.74,5.22,8.09,5.64,9.85,5.70,4.89,3.42,4.93,3.32,8.58,5.74,5.12,3.31,3.33,1.73,3.35,3.29,7.30,2.55,14.16,320.58,1.66,4.14,3.35,3.41,1.57,3.43,3.34,2.61,0.84,2.62,5.81,5.99,10.76,1.71,4.96,9.39,23.50,0.86,0.86,1.69,2.55,5.08,6.77,4.28,11.45,1.65,13.40,4.99,5.06,3.42,0.84,0.79,5.69,4.25,9.93,0.83,2.55
ACCGCGTCCTCATCGGC	1.31	HG00449:3.37	0.83,0.83,2.52,1.63,0.81,3.37,1.68,0.83,2.46,0.86,0.84,2.46,0.85,0.84,1.67,1.66,2.61,3.32,0.83,0.83,5.97,0.84,1.71,6.68,1.70,1.69
AATCCTAGCTCCTCTG	1.17	HG00449:1.69	0.84,0.85,0.87,1.69,0.85,0.81,0.81,0.82,0.83
AACACAGGCGTCCCATGAG	1.14	HG00449:1.69	1.69,0.84,0.84,0.82,0.87,0.81,0.85,1.65,0.86,0.84
AACACATATATGG	1.07	HG00449:1.69	1.69,0.87,0.83,1.67,1.63,0.85,0.85,0.86,0.84,0.84
