motif	top_case_zscore	high_case_counts	all_counts
AAAGAAAGAGAG	15.29	HG00267:15.29	15.29,22.43
AAACAGTGCAGTGT	5.63	HG00267:5.63	5.63,0.85
ACACTACCC	3.09	HG00267:62.79	31.84,33.46,49.67,22.45,24.20,29.12,40.73,19.99,26.72,49.31,30.31,12.53,32.67,29.95,51.05,28.61,23.03,25.48,19.56,62.79,24.62,34.98,17.09,60.56,25.48,24.04,53.42,21.10,56.41,21.03,23.23,43.85,46.78,49.24,43.31,51.99,42.90,36.64,46.54,27.10,23.63,33.48,27.72,22.70,29.42,27.21,41.62,25.72,40.59,15.72,44.20,58.62,22.86,4.13,17.97,57.56,32.46,1.68,40.21,41.20,38.70,9.50,15.13,29.11,2.51,36.06,35.77,35.31,28.47,28.63,23.23,31.61,54.76,26.65,24.15,23.53,26.95,44.65,54.87,17.92,30.41,26.98,34.77,63.64,36.13,15.48,54.55,23.07,29.57,19.93,31.75,50.88,52.95,25.64,24.15,15.56,58.62,30.39,12.97,28.08,8.33,7.71,46.15,17.62,33.96,64.61,45.21,29.84,51.87,36.00,22.57,51.36,15.06,6.98,6.64,16.26,0.83,7.71,14.07,18.09,29.02,32.84,41.13,40.31,5.14,55.12,25.31,22.92,9.60,38.07,14.38,15.40,7.56,28.81,31.89,65.14,50.41,21.74,28.47,24.95,2.53,16.23,20.06,8.67,56.95,3.40,32.26,39.91,36.49,11.85
AATGAGGACTGAGGGC	2.52	HG00267:13.68	6.53,6.53,4.89,7.48,7.51,8.32,4.99,5.00,14.19,4.18,4.79,4.18,5.86,8.32,7.66,7.57,13.98,2.47,3.26,13.68,6.57,3.41,8.54,5.19,5.75,9.61,6.68,3.25,8.06,10.09,6.78,8.43,6.80,7.78,8.99,5.87,4.13,8.96,9.46,1.69,8.15,3.43,7.56,3.36,6.73,2.55,4.34,6.86,7.46,9.10,3.21,0.83,6.77,6.61,7.03,4.86,4.27,5.87,5.03,5.77,6.61,6.05,5.88,11.64,14.23,1.68,5.96,8.21,9.21,2.53,2.58,6.66,4.09,5.00,5.18,4.20,5.72,5.90,5.65,6.27,6.08,6.96,2.43,5.64,5.75,9.78,4.07,9.40,2.46,4.15,8.58,7.39,2.56,6.62,5.83,1.73,5.86,7.39,2.43,5.96,5.00,8.57,4.12,9.23,8.28,8.28,2.51,6.82,6.29,6.00,5.85,6.09,10.04,4.36,7.47,5.14,3.31,11.14,5.79,4.93,16.22,8.21,5.88,7.72,3.43,7.52,5.91,4.24,4.36,5.08,5.92,3.42,6.72,6.78,2.45,5.77,9.24,6.99,5.86,5.82,1.69,8.54,2.51,3.94,5.69,7.64,2.48,9.98,2.55,1.69
ACGGATGGAGTGG	2.22	HG00267:5.63	2.45,0.81,1.66,2.51,1.68,1.65,0.81,5.63,0.82,0.82,4.01,3.25,2.52,0.97,1.69,0.82,1.68,0.83,2.44,0.79,5.08,1.63,0.86,1.68,1.68,2.52,0.85,2.57,3.21,0.83,2.43,0.85,1.68,1.65,1.73,1.68,3.29,0.86,3.27,0.86,0.84,0.82,4.03,1.79,2.61,1.74,4.04,1.61,1.64,1.63,1.63,1.71,0.82,2.49,0.86,1.65,6.70,4.11,1.70,1.65,1.66,0.83,1.57,0.84,1.66,0.83,0.83,0.82,1.64,0.86,0.85,1.74,0.85,0.84,1.64,0.83,2.37,3.25,0.83,0.85,0.85
ACAGGCGTCCCATGAGGGC	1.87	HG00267:3.22	1.63,0.82,0.83,0.83,0.83,1.60,0.83,0.82,3.22,0.82,1.73,0.83,0.81,0.82,0.79,1.73,0.83,0.85,1.56,0.82,1.70,0.82,2.53,0.83,1.63,0.81,0.87,0.81,0.81,0.81,0.86,0.82,0.85,0.83,0.86,0.82,0.85,0.79,0.81,0.85
ACAGGGTCCCAGAGC	1.77	HG00267:8.05	0.82,0.82,4.07,5.82,4.99,0.83,2.50,1.67,0.84,0.80,2.51,3.35,5.96,6.73,0.82,0.82,3.26,8.05,1.64,5.97,0.85,5.75,0.80,0.81,3.22,1.69,1.70,8.64,9.81,0.84,5.78,4.89,0.79,5.08,1.63,5.04,0.84,1.68,0.85,5.20,0.86,2.49,4.14,3.21,2.54,0.83,2.52,8.38,2.83,3.45,4.99,6.69,0.84,3.41,2.53,0.86,4.16,3.27,3.27,4.03,1.79,2.61,1.74,4.83,5.75,0.81,5.70,0.85,1.64,7.47,2.57,4.27,3.31,2.50,3.46,0.84,1.64,2.43,5.96,0.83,1.66,0.84,0.85,0.79,2.61,2.62,4.15,0.83,0.86,1.65,2.47,2.56,0.82,1.71,5.91,0.85,1.74,3.38,4.28,1.68,0.85,0.82,1.65,0.84,0.78,2.51,0.83,0.84,1.71,0.84,3.15,1.66,3.39,1.69
AATGCCAGCGGAATTCCCT	1.61	HG00267:1.61	1.61,0.85,7.71
ACCCCTCCACCTATACCTGC	1.43	HG00267:5.63	1.63,0.82,0.81,4.16,0.83,3.33,2.49,0.83,2.50,0.84,0.80,3.34,4.16,0.85,2.47,2.47,3.26,5.63,0.82,2.56,1.71,1.73,1.64,3.20,1.67,2.43,0.81,3.87,0.84,0.85,3.46,2.45,2.52,2.48,2.44,2.37,1.69,2.58,0.84,0.84,3.36,0.85,1.73,0.86,0.83,2.48,4.02,0.83,1.65,3.91,0.81,0.85,1.68,0.84,2.47,0.94,0.86,1.66,2.51,3.35,1.70,2.46,1.68,6.02,4.99,2.45,4.16,1.68,4.08,1.69,3.23,4.48,1.74,2.61,3.22,2.46,3.26,1.63,0.82,1.66,0.86,2.56,0.83,2.50,1.73,4.19,1.64,4.86,3.40,2.50,2.57,1.65,1.68,2.48,4.14,3.35,2.56,3.14,2.57,0.84,1.74,1.67,2.62,1.66,1.71,2.57,2.48,4.11,3.41,2.46,0.84,1.72,0.86,0.84,3.38,2.55,2.62,1.69,1.69,2.57,3.36,1.64,0.82,2.52,2.33,3.35,0.83,0.84,3.42,1.67,3.15,0.81,1.70,1.65,2.49,4.24,2.54
ACACATATATATG	1.25	HG00267:16.90	14.69,6.53,1.63,26.61,5.84,9.15,1.66,5.83,15.86,6.69,7.98,8.35,0.84,17.47,0.85,2.47,5.75,4.07,16.90,1.64,3.41,2.56,1.73,1.64,2.40,1.67,1.62,2.42,6.78,1.69,11.91,3.46,4.90,13.42,4.13,1.63,5.93,0.81,9.44,2.52,1.68,13.45,3.40,3.47,3.43,4.97,11.58,3.21,0.83,5.93,2.48,3.91,8.92,3.36,3.35,4.94,0.94,7.77,5.04,9.15,7.66,0.82,2.51,1.68,2.58,5.82,4.90,5.83,6.72,8.17,9.27,2.42,1.79,4.34,6.96,5.66,25.78,16.42,0.81,7.33,1.71,20.54,5.81,0.86,6.83,4.14,10.82,6.05,3.35,3.29,3.24,1.70,1.67,1.71,1.65,0.83,0.84,0.85,0.79,5.14,15.67,3.35,11.35,0.83,3.31,16.22,2.52,3.43,3.43,2.51,0.85,12.84,2.52,9.81,0.84,10.05,0.83,8.43,2.44,6.79,3.31,0.83,1.70,0.85
ACAGAGTCAGTGCCAGGGCC	1.11	HG00267:4.02	1.63,0.83,0.83,1.67,0.84,1.60,0.84,2.50,1.70,0.84,1.65,0.82,3.26,4.02,1.64,0.87,0.82,0.80,3.34,0.81,0.97,0.85,1.68,1.65,0.81,0.79,2.54,0.81,2.52,3.36,1.70,0.83,0.80,1.69,1.56,0.81,1.71,3.36,0.84,1.65,0.94,0.86,2.50,0.84,1.70,0.82,1.68,0.86,4.16,0.83,0.86,0.84,0.81,2.69,1.62,0.82,0.81,0.85,1.64,1.66,2.57,1.64,0.85,2.48,0.83,0.84,1.62,0.85,1.71,0.82,1.68,0.83,0.85,0.84,0.83,0.83,1.71,2.46,0.85,1.74,0.85,1.69,3.27,0.82,0.84,0.78,1.66,0.85,1.58,0.81,2.55,1.70,3.39
ACACTGTCCACCTCCCACAG	1.06	HG00267:64.40	63.68,39.98,51.29,50.72,32.55,34.94,33.25,32.48,65.96,29.25,49.46,44.27,14.24,56.57,22.97,78.27,83.90,30.41,36.67,64.40,21.34,22.18,14.52,44.12,15.62,55.28,45.91,21.10,47.55,12.62,17.43,14.34,0.85,46.65,9.81,48.64,27.23,14.66,29.18,77.91,33.41,30.91,42.00,30.27,23.54,11.05,3.47,18.86,4.14,13.23,25.72,56.14,41.50,23.14,49.23,31.62,35.88,28.52,36.02,53.56,54.75,37.13,41.19,39.92,55.23,29.35,13.63,41.88,21.77,21.05,58.51,7.49,44.95,12.49,41.40,10.08,20.41,20.22,33.89,28.68,16.51,23.50,8.90,43.50,31.20,45.64,6.51,16.24,43.54,37.37,7.72,65.65,58.07,33.91,29.14,6.05,50.25,56.67,0.81,48.50,0.83,12.85,7.42,18.46,8.28,27.33,6.70,13.64,27.51,24.00,1.67,5.22,17.57,15.71,15.77,15.41,15.72,5.79,16.44,17.07,14.78,4.20,5.15,11.14,20.04,0.84,9.34,15.70,5.92,6.77,17.97,20.17,1.69,14.72,9.90,34.44,15.53,0.83,8.43,1.67,19.71,24.41,31.42,9.10,2.49,14.43,4.23
