#contig	start	end	unit	top_case_zscore	high_case_counts	all_counts
1	65378888	65379777	AAGG	17.72	HG00683:19.94	2.48,2.44,11.04,0.86,19.94,1.65,0.80,0.84,0.84,3.58,2.46,1.63,2.56,0.83,1.64,0.83,0.83,0.85,2.57,3.43,0.86,0.84
16	24624136	24625132	AAAAT	15.22	HG00683:15.61	0.85,4.09,15.61,0.83,1.69,16.88,0.85
11	16581263	16582798	AAACATATATGTACGTAT	12.26	HG00683:27.75	9.80,15.50,8.96,14.14,6.68,8.32,9.14,5.00,15.86,3.34,3.19,11.69,3.35,5.82,5.11,7.57,10.69,3.29,2.44,9.39,11.11,5.19,13.97,9.61,12.52,1.62,12.89,18.50,4.84,5.06,8.51,5.18,4.90,5.03,3.30,13.41,2.54,3.26,9.44,0.84,15.97,4.20,3.40,27.75,11.14,4.97,9.10,5.63,7.43,2.54,7.44,14.85,12.97,7.69,5.87,6.59,16.99,4.32,4.20,18.30,2.51,7.55,2.55,1.64,8.37,2.58,0.83,1.63,4.16,9.49,2.52,11.43,3.37,16.14,6.27,6.08,7.83,8.09,4.03,13.14,4.89,12.21,10.25,6.57,8.58,13.95,5.98,9.10,8.64,0.84,6.57,12.16,11.06,1.71,0.82,4.20,6.63,3.31,10.88,13.64,4.72,15.43,6.69,6.96,2.51,0.87,0.83,5.99,9.10,4.28,9.87,3.36,0.86,2.57,12.53,5.91,3.49,4.23,1.69,0.86,1.69,4.91,4.95,10.08,6.99,6.70,2.50,0.84,6.69,2.37,17.83,8.27,1.66,3.39,8.47
8	101987738	101988525	AAAG	6.85	HG00683:6.94	0.83,6.94,0.83,0.85,0.84
14	42904351	42905362	AATATATATATGTATAT	6.73	HG00683:7.80	0.83,1.60,5.96,0.81,0.84,0.84,0.81,3.15,0.81,0.84,7.80,0.83,2.48,1.68,0.82,0.81,0.83,0.83,0.82,0.87,0.84
3	61450899	61452091	AAAG	6.70	HG00683:11.27	1.67,2.50,3.33,4.17,0.84,2.44,0.87,2.47,0.80,1.67,2.43,0.85,0.82,3.30,1.58,1.72,0.84,0.84,11.27,0.86,4.14,0.83,1.61,3.39,0.83,0.84,1.68,1.73,0.84,5.03,1.64,4.30,2.50,6.54,0.84,2.45,0.84,3.23,6.95,0.87,1.61,9.03,5.70,4.27,0.86,3.35,6.57,1.71,2.36,1.71,0.87,1.68,0.86,3.49,0.79
17	54869571	54870714	ACC	6.02	HG00683:23.41	14.69,17.14,13.84,14.14,13.35,11.65,7.48,5.00,10.02,9.19,13.56,9.19,15.08,13.31,11.91,8.42,16.45,9.04,8.15,13.68,11.49,14.51,13.67,12.11,9.04,8.81,10.02,15.42,12.89,19.34,9.68,10.96,15.31,10.37,11.44,4.19,12.38,9.77,17.35,8.47,8.96,10.30,15.12,9.25,16.81,7.65,23.41,12.00,10.77,11.58,8.04,9.91,10.16,15.70,17.19,8.11,10.25,5.03,17.59,14.01,8.50,12.95,10.93,5.82,8.37,12.58,9.37,14.78,15.07,6.74,5.16,13.31,8.99,11.66,4.31,12.60,14.70,5.90,14.52,8.96,13.03,9.57,6.47,8.86,8.21,18.74,16.28,6.84,13.97,12.46,8.58,12.31,10.25,7.44,10.82,7.78,15.91,5.75,10.54,9.36,9.16,13.71,14.01,11.75,11.60,17.39,8.37,5.11,15.72,11.14,5.85,10.45,15.06,5.24,4.98,7.70,12.41,17.99,7.45,11.51,13.66,15.60,11.75,2.57,3.43,12.53,10.13,8.49,7.85,13.54,5.07,9.41,10.92,9.32,13.90,12.37,11.76,17.86,12.56,10.81,12.64,8.54,10.03,14.98,17.90,10.19,17.37,9.15,11.88,14.39
1	240122054	240123144	AAAG	5.79	HG00683:6.94	0.83,0.80,1.68,0.83,0.82,0.85,2.53,0.82,6.94,0.86,1.71,1.68,2.45,0.82,0.81,3.40,0.84
4	53701397	53702534	AAAAT	5.47	HG00683:36.42	0.83,3.35,0.80,2.46,0.83,14.52,6.80,16.41,44.12,14.26,10.25,15.24,20.61,13.44,21.86,36.42,19.85,12.86,0.83,9.15,5.72,8.98,1.79,8.70,16.17,16.42,2.44,12.21,7.69,37.79,4.15,19.73,34.97,10.89,18.72,15.72,14.94
X	57242522	57243257	ACGTATATATATAT	4.83	HG00683:5.20	1.66,0.84,0.81,1.68,5.20,0.82,0.81,0.81
5	180084655	180086452	ACAGAGGGACAGCGGG	4.75	HG00683:20.81	2.45,14.69,10.58,4.16,6.68,2.50,4.16,2.50,0.83,12.54,7.98,5.85,8.38,3.33,4.25,8.42,11.52,13.97,5.70,10.46,0.82,17.07,2.56,5.75,5.61,1.67,0.81,0.81,12.62,11.62,5.90,16.16,0.86,15.93,5.78,10.59,11.04,5.08,1.63,6.01,10.93,15.13,6.80,20.81,4.29,16.57,1.65,15.27,11.56,12.70,7.44,6.25,2.43,5.98,5.03,7.54,9.89,0.94,1.73,10.09,6.65,0.84,7.55,2.55,11.50,7.54,8.42,9.47,7.49,12.26,15.82,5.18,15.12,1.63,14.32,1.61,1.79,13.03,3.48,9.70,15.30,12.32,12.22,18.73,0.85,4.93,16.61,3.28,12.81,1.65,15.82,2.59,14.24,7.39,23.51,6.81,4.17,0.86,0.84,1.66,6.63,5.86,8.52,2.36,3.43,8.36,4.35,1.67,5.24,5.81,7.70,6.85,5.79,6.58,3.41,8.21,6.72,0.86,17.14,0.84,5.06,14.43,8.46,7.61,9.41,5.04,0.85,8.25,6.72,10.87,6.70,4.99,4.21,5.98,8.36,14.98,6.51,2.55,4.96,6.65,0.85,8.47
4	18838288	18839354	AAG	4.64	HG00683:7.80	0.83,0.83,1.67,1.67,2.51,0.83,0.85,0.84,2.47,0.82,0.81,0.80,0.82,3.46,0.82,0.80,1.94,0.84,0.86,0.84,0.79,0.85,0.86,0.84,2.52,2.55,7.80,1.65,6.60,0.78,1.68,1.65,0.86,0.84,0.84,0.84,0.84,2.58,1.63,2.59,0.82,0.81,1.79,0.87,0.81,1.64,4.93,1.72,0.86,0.82,1.67,1.71,9.94,0.83,0.84,2.51,2.62,4.14,0.86,0.85,2.46,0.84,0.86,2.51,4.36,1.69,0.85,0.82,0.78,1.66,1.71,0.84,0.85
10	39142240	39154889	AATGG	4.51	HG00683:14.74	4.90,4.08,4.89,8.31,4.17,4.16,5.82,9.16,7.51,11.70,4.79,8.35,9.21,2.50,6.81,5.05,6.58,4.11,6.52,4.02,8.21,5.12,5.98,6.06,5.75,3.20,5.01,9.74,4.84,13.46,0.97,9.28,6.80,0.86,3.27,5.03,5.78,4.07,4.73,5.08,0.81,3.43,5.04,7.57,2.52,10.20,14.74,4.29,4.97,4.14,5.63,4.95,8.47,2.48,1.56,2.43,2.56,3.36,9.22,2.47,5.66,4.32,5.88,2.50,4.18,9.23,5.96,3.29,5.02,5.05,1.72,7.49,2.45,4.16,9.49,5.88,2.45,1.69,10.49,3.58,10.43,5.22,4.85,3.22,4.93,4.07,7.33,7.69,4.93,6.64,6.01,6.56,6.62,4.16,4.32,5.02,4.93,6.49,3.40,5.83,7.71,6.59,3.36,4.14,4.14,8.37,5.97,3.14,6.00,3.34,2.61,0.84,9.60,1.66,3.42,10.76,10.28,1.65,4.93,2.56,4.93,5.04,3.43,10.28,6.68,3.38,2.55,4.36,2.54,8.46,4.28,2.52,7.63,3.27,0.82,2.52,1.55,3.35,4.16,5.06,3.42,8.36,4.07,4.25,10.75,7.48,5.94,1.69
15	57367403	57368564	AAAG	4.28	HG00683:40.76	38.72,30.24,26.96,11.55,15.24,15.12,13.45,2.52,40.76,11.14,10.75,19.29,31.06,20.41,3.37,24.21,5.75,29.05,22.31,2.46,15.72,17.84,10.28,1.65,11.14,1.67,7.61,7.36,20.61,12.47
17	9534439	9534904	AG	4.05	HG00683:5.20	1.66,0.81,2.55,3.39,0.81,2.52,5.20,0.85,0.83,0.82,0.81,0.85,0.86,1.64,0.82,1.69
2	13427835	13429301	ATATATATATATATCC	4.03	HG00683:14.74	16.33,2.45,1.66,0.83,1.67,0.83,0.84,0.80,5.85,2.51,0.83,2.55,0.82,0.82,0.80,9.03,0.85,1.73,2.47,0.80,2.43,1.61,4.22,5.18,0.82,3.35,3.26,3.39,2.44,2.52,0.84,10.93,7.65,14.74,3.43,3.31,7.44,1.61,3.30,1.69,4.69,0.81,0.85,2.52,1.65,1.73,0.84,0.83,2.52,0.85,1.67,3.37,6.02,2.45,2.59,6.72,4.90,8.43,6.45,2.69,8.69,7.83,4.04,6.52,8.14,17.94,11.50,5.81,10.67,2.56,1.65,7.49,9.51,5.02,8.11,1.70,0.83,7.42,11.60,7.86,0.85,0.86,2.47,5.06,0.85
9	129670840	129671884	AAAG	3.94	HG00683:32.09	22.06,3.35,18.74,19.75,24.36,12.61,32.09,28.12,0.83,0.82,1.69,1.79,13.03,2.42,7.33,3.26,14.59,10.67,4.14
5	168181900	168182215	AAGG	3.47	HG00683:3.47	0.79,3.36,3.47
3	76670703	76671599	AAAG	3.44	HG00683:6.07	4.16,0.84,0.84,0.83,2.47,2.44,0.87,1.64,2.40,0.83,0.81,2.53,3.40,1.73,1.63,1.65,0.85,0.81,2.58,0.84,6.07,0.83,0.83,3.35,1.67,3.41,0.84,0.84,1.63,1.74,3.26,0.83,0.86,1.64,0.79,0.83,2.53,2.54,0.85,1.69,0.85,0.83
4	141282613	141283910	AAG	3.28	HG00683:19.08	16.33,0.82,2.44,6.66,3.34,10.02,5.86,4.21,5.76,5.75,15.36,11.96,6.06,8.35,4.84,2.52,13.82,10.06,0.83,16.94,9.78,6.87,14.46,19.08,5.80,6.77,2.48,13.78,12.36,11.33,8.37,8.37,5.16,5.83,7.35,5.90,7.26,17.11,1.71,5.00,15.56,17.25,11.91,5.00,6.59,9.94,14.23,5.85,11.58,22.20,5.88,5.94,0.84,0.82,7.42,5.79,3.39
2	178162031	178163005	AAAAT	3.24	HG00683:24.28	12.88,2.52,24.28,0.81,1.65,0.82,0.84,12.57,16.42,14.43,20.94,18.42,11.04,0.83
3	21465154	21466164	AAATATATATATAT	3.20	HG00683:8.67	2.45,2.50,4.16,1.67,0.83,1.63,0.87,0.83,1.94,6.91,6.60,2.54,5.88,0.84,8.67,6.86,1.61,1.65,1.68,0.83,2.46,5.02,1.63,4.20,1.63,5.38,1.74,1.62,5.64,4.93,3.26,2.46,6.01,4.96,0.83,3.35,10.21,1.67,2.48,2.61,3.29,0.86,2.57,0.82,5.10
3	194710989	194712587	AGG	3.15	HG00683:19.08	11.43,8.16,10.58,12.47,6.68,6.66,4.16,6.66,15.03,8.36,7.98,7.52,6.70,9.98,7.66,9.26,8.23,7.40,11.41,8.05,14.77,8.53,7.69,9.52,13.15,7.21,0.83,12.17,11.28,7.57,7.74,8.43,7.66,7.78,10.62,15.93,9.08,11.40,6.31,6.77,7.33,9.44,9.24,7.57,14.29,7.65,19.08,6.86,11.60,8.27,12.86,6.60,7.62,4.13,10.16,9.73,4.27,11.75,10.05,5.77,8.50,1.73,10.93,7.49,4.18,13.42,7.66,6.57,8.37,7.58,3.44,14.97,8.99,15.82,6.04,13.44,7.35,10.11,12.91,11.65,6.95,9.57,12.13,16.11,9.03,7.33,9.77,4.27,9.86,8.30,8.58,19.69,1.71,4.96,7.49,3.46,9.21,8.21,16.22,9.36,6.66,10.28,15.66,7.55,7.45,13.25,8.37,4.26,11.79,11.14,9.20,13.06,6.69,14.84,12.45,3.42,13.24,13.71,7.45,8.22,11.95,13.13,15.11,6.86,10.28,6.68,6.75,6.79,8.72,5.08,15.22,10.27,12.60,14.41,21.26,10.72,19.32,10.87,15.91,10.81,8.43,14.53,10.03,7.10,13.02,12.74,9.93,15.80,6.79,9.31
3	89663746	89664772	AAAGG	3.08	HG00683:6.07	1.63,0.83,0.83,0.83,3.33,0.82,0.82,0.85,1.73,0.80,0.81,0.84,0.84,0.85,0.86,0.81,1.68,0.85,6.07,0.83,3.31,1.61,0.83,0.81,1.89,1.68,0.85,1.67,0.83,2.45,0.90,0.87,0.81,0.81,0.82,1.63,0.85,4.11,0.86,0.85,0.83,1.71,1.68,1.71,0.84,0.87,0.87,3.42,0.86,0.85,3.28,0.86,0.85,0.85,1.69,0.82,3.30,0.84,1.67,3.33,0.84,0.85,4.18,0.79,1.65,4.16
7	158440849	158441870	AAATGGACTACAGCCACGCC	3.04	HG00683:6.07	6.07,2.57,3.37,12.55,3.29,2.57,11.66,3.40
12	125255177	125256066	AAAGG	2.88	HG00683:8.67	4.89,4.89,8.40,8.67,6.66,3.33,0.82,15.61,3.43,3.31,3.29,0.81,0.85,15.71
9	8947996	8948928	AAATATATATAT	2.80	HG00683:4.34	0.81,0.80,1.65,0.82,0.82,2.42,0.84,0.84,1.58,0.84,4.34,0.80,0.83,0.78,0.81,0.85,0.84,0.84,0.84,1.63,0.84,0.90,0.81,0.82,0.86,0.83,2.59,2.46,0.85,1.68,0.86,0.84,1.72,4.28,0.84,0.87,0.84,0.85
15	59832031	59832409	ACACGCGTATATAT	2.79	HG00683:4.34	3.20,0.81,3.94,2.55,4.34,0.81,2.47,3.31,1.67,6.83,0.86,1.65
2	11093259	11094713	AACCACATCCAC	2.78	HG00683:7.80	3.27,0.82,2.44,0.83,5.82,0.83,1.67,0.84,1.60,1.67,1.68,2.50,1.70,1.68,1.65,0.82,1.63,0.80,1.64,0.85,2.56,1.73,1.60,0.81,0.81,0.84,0.97,0.84,1.70,0.82,1.68,2.48,1.63,1.58,0.81,0.86,4.20,0.84,0.85,7.80,2.57,1.66,3.21,2.48,2.48,2.34,4.86,0.85,0.84,2.51,1.65,2.83,0.84,5.02,5.87,0.85,4.93,1.67,3.37,2.58,0.83,0.82,1.67,2.59,1.63,1.69,4.03,2.69,2.61,1.74,1.62,3.22,1.64,0.81,2.44,2.56,6.57,0.83,0.86,1.64,1.71,1.65,2.59,0.84,3.29,3.24,3.40,3.33,4.28,3.30,3.36,2.48,1.66,3.35,5.11,3.93,0.84,2.61,2.62,0.86,2.48,2.47,0.82,0.86,0.86,0.84,6.75,3.40,4.36,3.38,5.07,5.13,3.36,4.24,0.82,1.65,4.66,4.19,0.83,3.37,2.56,3.34,0.79,0.81,0.85,4.16,3.39,2.54
10	2125632	2127262	AAG	2.77	HG00683:14.74	4.08,10.61,8.14,8.31,7.51,6.66,5.82,9.16,8.35,5.01,5.58,1.67,2.51,10.82,14.46,7.57,13.16,9.04,2.44,4.83,2.46,5.12,8.54,0.87,8.22,4.01,3.34,3.25,2.42,5.05,10.65,5.90,7.66,11.23,5.72,9.22,4.95,9.77,9.46,8.47,2.44,9.44,4.20,7.57,15.97,10.20,14.74,13.72,8.28,5.79,4.02,0.83,3.39,5.79,4.69,6.49,5.13,12.58,10.05,10.71,3.78,0.84,7.49,8.37,6.71,7.66,9.03,5.89,1.72,8.32,17.16,9.16,3.45,10.92,4.08,5.06,9.68,2.69,11.30,6.09,10.51,8.86,12.32,8.96,5.70,5.13,0.82,10.80,6.86,9.03,11.96,8.27,6.66,1.73,3.35,0.82,8.92,5.96,4.17,2.48,6.29,6.69,6.69,5.24,7.71,4.14,5.97,4.93,4.18,3.38,8.49,1.69,2.57,5.88,0.85,2.45,1.65,2.33,0.84,4.16,3.37,2.51,3.25,5.10,4.14
8	98134687	98135846	AAAATAAAATAAAATAAAT	2.72	HG00683:6.94	4.08,1.70,1.71,5.61,0.81,1.70,4.09,1.65,0.79,0.81,1.68,1.68,0.85,6.94,2.57,0.83,1.65,1.61,0.83,0.78,0.84,0.82,1.89,0.84,1.64,1.67,0.83,5.88,1.63,1.69,0.81,2.69,2.43,3.22,2.46,0.81,1.63,1.71,4.11,3.32,1.72,0.82,5.98,6.62,1.67,0.86,1.67,1.62,5.96,1.68,0.87,1.65,1.68,0.84,2.55,3.38,1.71,0.82,4.21,0.84,0.85,0.85,0.85
7	158440654	158442040	AAATGGACTACAGCCACGGC	2.66	HG00683:18.21	18.21,7.72,15.17,9.86,12.32,12.87,24.98,11.91
20	36751637	36752133	AATAGGTATATTATATATAT	2.64	HG00683:3.47	0.82,0.82,3.47,0.83,0.78,2.52,0.87,0.82,0.84,0.84,1.69,0.84,1.65
18	72910944	72910945	AG	2.60	HG00683:2.60	2.60
1	80399636	80400016	AAAG	2.53	HG00683:3.47	0.81,0.83,0.83,0.84,0.82,1.68,0.82,1.68,0.79,0.85,0.86,0.85,3.47,0.84,0.94,0.84,0.82,4.07,1.64,0.83,0.86,0.85,0.84,0.83,0.82
1	65378773	65379860	AAAGAAGGAAGGAAGGAAGG	2.47	HG00683:5.20	1.65,3.26,7.89,1.69,5.20,2.49,0.83,0.80,4.90,3.36,5.90,2.69,3.23,2.46,1.63,1.71,2.49,2.48,2.55
6	133113047	133114129	AAAGAAGG	2.44	HG00683:2.60	1.65,0.81,0.86,2.60,0.83,0.86
5	55162480	55163482	AC	2.42	HG00683:5.20	0.82,1.63,1.66,0.83,1.67,2.39,0.84,2.51,0.83,0.85,0.82,0.80,0.85,3.29,1.60,1.67,0.81,0.81,0.97,0.84,0.85,0.82,1.68,1.65,1.63,1.58,1.69,1.63,0.86,1.68,2.52,0.85,5.20,1.71,0.83,0.80,0.85,0.81,0.84,2.47,0.86,2.52,1.66,0.84,1.70,0.84,0.84,0.86,1.66,2.45,0.83,3.45,1.69,1.61,1.79,0.87,0.82,0.81,4.89,2.56,2.46,1.66,0.86,2.56,1.65,0.86,0.84,1.64,2.43,1.71,0.82,2.52,2.48,0.83,0.84,0.85,1.57,3.43,0.87,2.51,1.71,2.57,0.83,1.64,3.41,1.64,2.57,0.84,0.85,0.85,1.69,1.71,1.68,0.85,0.82,0.78,0.83,1.71,3.34,0.81,0.85,1.66,1.70,1.69
5	78475619	78477005	AAAAG	2.38	HG00683:19.94	21.23,14.97,4.17,1.66,4.16,3.19,3.34,1.70,1.65,0.82,0.82,5.97,0.85,8.81,10.85,1.94,1.69,9.36,0.86,2.45,3.30,9.77,1.58,2.54,5.88,12.61,19.94,3.43,3.31,19.85,4.02,0.85,2.43,11.10,10.91,1.89,12.95,0.84,12.58,10.22,1.67,9.99,2.59,0.84,27.80,19.36,6.09,13.75,7.69,2.57,17.25,5.68,5.02,10.08
19	7426396	7427476	AAGAAGGAG	2.37	HG00683:3.47	1.68,7.43,0.81,0.84,0.84,5.88,3.47,2.41,0.87,0.85,0.82,4.96,0.86
4	127022217	127022803	ACATATATACGTATATATGT	2.33	HG00683:2.60	0.81,0.85,0.82,2.60,2.58,0.86,0.86
9	119394453	119395101	AG	2.29	HG00683:4.34	0.82,2.50,0.83,1.67,2.51,0.84,4.25,0.80,1.71,0.87,0.82,1.60,0.84,0.85,1.65,0.85,1.63,1.72,1.68,1.70,4.34,0.86,0.83,2.48,3.21,0.85,0.78,0.81,0.84,0.86,0.84,0.84,0.84,0.85,0.82,1.73,0.84,0.84,0.90,0.87,0.81,0.81,2.44,2.56,1.66,0.85,1.65,1.67,0.82,1.62,0.85,1.67,1.67,1.71,0.84,0.85,0.84
8	55273004	55274591	AAGAAGGGAAGG	2.25	HG00683:16.48	3.33,5.85,2.39,11.73,21.27,1.68,2.47,13.95,10.55,8.06,9.25,9.28,11.06,10.62,2.52,7.43,8.96,0.79,0.85,9.78,22.32,4.20,3.36,3.36,9.35,16.48,10.75,4.02,4.13,4.86,5.18,8.32,2.51,1.70,8.99,5.04,13.88,7.58,0.90,0.87,8.70,10.51,2.42,13.04,0.81,5.75,3.32,9.44,5.74,4.14,8.64,8.37,9.86,7.66,2.57,0.84,7.54,5.50,1.67,9.58,2.62,2.48,6.58,0.84,15.44,7.71,0.84,2.53,4.36,17.77,0.85,3.36,1.69,7.36,2.47,13.44,0.78,10.11,0.84,1.63,0.85,1.66,1.70
19	51001479	51003624	AG	2.24	HG00683:14.74	4.08,4.90,13.03,9.15,2.50,4.99,4.99,5.00,6.68,4.18,11.17,3.34,7.54,4.99,7.66,5.89,4.94,5.75,6.52,8.85,9.03,8.53,5.98,12.98,2.47,8.01,9.18,10.55,12.09,8.41,8.71,8.43,8.51,10.37,4.90,4.19,4.95,7.33,12.62,9.32,8.15,4.29,5.04,8.41,4.20,5.10,14.74,3.43,9.11,4.96,12.05,1.65,5.08,8.26,12.50,7.30,11.10,8.39,9.22,7.42,7.55,2.59,8.41,6.65,5.86,10.90,5.96,4.93,4.19,5.89,8.61,9.98,12.26,9.16,5.18,4.20,12.25,7.58,11.30,6.27,3.48,7.83,5.66,8.86,16.42,8.15,5.70,6.84,13.14,9.97,5.15,10.67,9.39,4.96,8.33,9.51,9.21,4.11,8.11,5.11,5.00,5.14,3.30,5.87,3.31,8.28,5.02,3.41,7.07,6.86,5.02,7.83,7.53,4.36,6.64,5.99,4.14,2.57,9.10,6.58,5.97,6.57,5.88,1.72,6.85,7.52,8.44,3.40,3.49,5.92,4.23,2.57,12.60,4.24,11.45,5.77,2.52,8.54,19.26,4.16,3.37,5.98,5.85,6.31,4.07,5.10,4.96,6.65,7.64,5.93
11	121953064	121954281	AAAG	2.24	HG00683:6.94	0.82,2.45,3.33,4.17,2.50,2.50,6.68,5.01,1.60,0.84,3.35,0.83,3.40,0.84,2.47,0.82,0.80,0.82,0.85,4.27,2.47,1.67,1.62,2.52,0.97,0.84,1.70,1.73,2.45,0.84,0.81,2.54,1.63,1.72,1.68,1.68,0.84,6.94,1.71,4.14,2.48,0.83,1.69,3.31,2.34,2.43,3.36,5.03,0.82,0.94,2.59,3.36,2.50,1.67,0.84,1.70,2.46,1.67,0.84,2.58,2.50,2.45,1.67,1.73,4.90,3.37,0.81,0.90,0.81,0.81,1.64,2.44,1.63,0.85,1.66,0.86,4.10,1.71,1.65,0.86,1.67,0.82,0.81,0.85,1.67,1.71,2.47,2.52,0.83,1.66,2.51,0.79,3.43,5.22,0.84,4.36,3.32,0.86,1.65,6.85,0.83,0.82,0.85,0.82,1.68,0.86,2.57,2.51,1.69,4.24,1.74,0.85,2.54,1.71,3.36,4.24,0.82,1.68,0.78,0.85,1.67,3.15,1.63,2.48,7.48,4.24
2	10538598	10540277	ACC	2.20	HG00683:45.96	48.17,35.09,28.50,34.09,30.88,23.30,32.42,20.82,30.89,39.28,16.75,40.09,28.48,19.97,21.27,12.62,31.26,13.15,24.45,30.59,25.44,22.18,13.67,25.09,27.13,29.65,31.72,31.65,28.20,30.28,31.95,34.57,34.87,25.92,33.50,24.32,34.65,28.50,51.27,32.18,33.41,30.91,42.84,23.54,26.90,27.21,45.96,27.43,26.51,23.16,36.97,32.20,27.95,21.49,31.26,34.86,25.63,32.72,29.32,21.43,30.20,31.09,26.90,24.12,40.17,33.55,22.14,35.31,22.61,19.37,30.98,29.95,35.14,30.81,37.95,26.89,34.30,34.54,43.57,29.57,18.25,37.42,42.05,33.03,31.20,47.27,40.71,34.18,39.43,24.91,33.46,36.11,28.18,25.64,26.65,31.98,43.55,33.67,29.19,33.19,24.16,32.56,35.44,28.53,32.30,41.41,23.44,28.13,36.94,35.14,30.10,24.37,20.91,16.59,26.56,23.97,28.96,14.56,29.79,25.49,25.60,24.63,37.77,14.58,19.71,26.72,32.07,31.41,18.32,36.38,23.68,18.83,22.69,15.25,25.35,35.46,41.17,45.03,25.12,24.12,41.29,41.01,31.76,47.30,35.79,41.61,25.65,30.76,32.25,16.93
22	21309344	21310283	AAATATATATATATATAG	2.20	HG00683:6.07	3.27,2.50,4.16,2.53,6.54,6.07,1.68,2.47,5.86,0.82,9.99,1.68,6.47,1.67
Y	28816290	28817530	ACTCC	2.20	HG00683:6.07	0.82,1.63,1.66,0.83,1.67,0.84,1.67,2.50,1.70,0.84,0.82,0.82,2.44,0.80,3.28,3.42,3.46,4.11,1.60,0.83,4.87,2.42,3.36,3.87,0.85,0.82,0.83,0.79,0.81,1.68,0.84,6.07,0.83,1.65,0.80,1.65,4.19,2.47,0.84,4.18,0.84,0.82,3.45,0.82,1.61,2.61,1.74,1.62,0.81,1.64,0.81,2.56,2.49,0.86,3.28,2.48,3.33,4.19,1.62,1.67,1.65,0.83,2.51,0.84,0.83,5.97,3.49,2.57,1.68,1.55,0.84,2.53,1.58,0.81,4.14,0.85
8	649856	651076	ACAGGCCCGCACAGGCGC	2.12	HG00683:4.34	2.45,4.07,0.83,3.33,0.84,1.68,0.82,0.82,1.63,0.85,0.81,0.81,0.84,0.79,0.84,1.70,4.34,0.83,4.69,0.82,1.89,1.73,3.33,0.84,0.84,1.70,1.64,1.67,0.86,0.84,0.81,0.82,0.82,0.83,0.86,0.81,1.67,1.57,1.74,0.83,3.42,0.86,0.84,0.86,0.78,0.84,0.85,1.58,1.63,1.66
2	49354256	49355488	AAG	2.10	HG00683:6.94	3.26,1.67,3.33,0.83,0.83,1.68,0.81,4.27,1.67,2.55,0.86,2.52,0.83,1.69,4.07,0.86,1.68,4.20,0.84,0.85,6.94,0.83,1.69,4.69,6.91,0.82,1.67,1.66,1.63,1.73,2.52,1.61,1.74,0.87,0.81,0.81,2.57,0.85,2.50,0.86,0.83,0.84,0.79,0.86,0.87,4.98,1.71,0.82,0.85,6.72,0.84,8.44,1.69,2.52,0.82,1.65,1.55,0.84,4.16,1.69,8.67,5.69,5.10,4.14,2.49,0.85,0.85
2	113774726	113775516	AAG	2.08	HG00683:3.47	0.82,2.55,1.73,1.65,2.55,3.47,0.84,0.84,0.81,1.67,1.64,2.51,1.69,0.84,0.78,0.81
9	14990821	14992140	AAGATGGTGGGGCAAGGTGT	2.07	HG00683:14.74	11.42,4.07,4.99,7.49,1.66,2.51,2.51,10.82,3.40,0.84,1.65,8.22,9.78,7.24,9.85,6.83,9.40,6.06,5.61,4.17,5.68,4.03,4.21,4.84,10.96,6.80,11.23,2.45,1.68,4.95,7.33,8.68,13.55,4.89,8.59,3.36,2.52,9.25,9.35,14.74,4.29,5.80,0.83,5.63,1.65,8.26,4.86,3.36,4.19,6.91,9.25,0.84,7.66,4.93,6.88,4.99,4.09,3.33,8.63,5.88,2.45,1.79,0.87,7.83,2.43,2.42,4.89,2.44,6.84,3.29,15.78,4.29,5.12,8.27,13.32,6.05,4.19,7.39,14.59,13.61,2.50,1.71,2.47,5.03,2.48,4.14,1.70,5.50,0.86,2.51,13.93,4.15,3.42,3.31,12.85,9.10,6.58,5.97,6.00,3.34,7.59,0.85,0.85,5.92,5.99,10.08,7.63,5.72,4.20,5.86,4.99,3.37,0.85,0.84,5.69,1.70,0.83,6.65,2.55,3.39
6	150084419	150084887	AGATATATATATCAT	2.06	HG00683:5.20	0.82,1.67,0.83,2.51,0.84,1.66,0.85,0.84,3.34,0.81,0.84,0.85,0.86,0.83,3.26,0.79,0.85,2.44,1.68,0.84,2.52,5.20,0.83,0.83,0.80,0.83,0.85,0.84,0.84,2.83,0.84,0.86,1.66,3.27,1.67,1.73,2.52,0.84,0.81,2.69,1.74,0.87,0.81,2.42,1.64,1.66,3.43,0.82,2.56,2.48,1.73,0.84,2.43,1.70,2.50,4.28,4.12,2.48,4.97,1.67,2.36,0.86,1.67,0.87,2.49,3.42,0.83,2.57,1.65,1.64,2.56,1.64,0.84,0.84,1.70,0.85,1.69,3.36,1.55,0.84,1.71,1.67,1.63,1.70,0.85
11	127611315	127612685	AAGTATATATAT	2.05	HG00683:12.14	8.14,0.83,2.50,2.50,1.67,2.51,2.50,1.70,2.47,1.64,4.89,0.80,6.57,5.19,8.22,1.62,0.81,5.81,3.37,7.66,1.73,5.87,6.60,10.59,6.31,2.54,0.81,10.30,5.04,0.84,0.84,2.55,12.14,9.43,3.31,9.64,3.30,1.65,4.69,0.81,0.85,5.03,5.86,3.30,1.89,0.86,10.09,0.83,1.67,1.68,5.11,0.82,1.67,1.68,4.30,6.66,7.36,6.66,7.76,1.68,4.08,7.58,5.65,8.96,5.22,12.13,6.44,3.28,0.81,8.96,3.42,2.49,6.01,7.39,10.25,9.10,10.82,2.59,0.84,6.57,11.35,7.66,3.33,6.00,0.82,4.20,1.66,5.80,3.35,6.82,13.36,0.84,2.61,0.84,1.75,4.98,4.96,3.43,3.31,1.64,0.85,1.64,3.36,6.00,4.18,2.53,1.74,1.69,2.54,5.99,0.84,1.69,2.45,6.60,5.04,0.78,1.67,3.33,1.69,7.69,1.67,3.94,4.07,1.70,4.96,8.31,9.34,1.69
4	4704607	4705073	AAGG	2.01	HG00683:4.34	0.83,4.21,4.29,1.68,4.34,0.86,3.31,0.83,0.83,3.33,4.34,0.86,4.11,0.83,0.86,0.87,0.78,0.84
4	130931638	130932167	AAATATATATAT	1.95	HG00683:5.20	0.82,5.71,2.44,2.49,1.67,2.50,2.49,1.67,0.83,4.18,2.39,5.01,0.84,2.52,2.47,0.82,0.80,2.46,1.71,0.82,2.40,1.67,1.62,0.81,0.86,5.72,1.65,1.69,0.86,5.20,1.66,0.80,1.65,0.83,2.43,1.71,0.84,0.84,1.89,0.86,0.84,1.67,0.84,3.41,0.82,1.67,2.58,1.73,1.74,2.43,2.44,0.85,0.82,0.85,0.84,0.81,1.68,1.71,0.84,1.66,4.14,0.86,0.85,3.28,0.86,0.86,1.69,2.45,2.52,1.55,0.84,3.33,1.71,1.67,1.70
12	118535439	118536946	AGAGAGAGGGAGAGGCGG	1.93	HG00683:10.41	3.27,2.45,7.33,2.49,3.34,5.82,1.66,2.50,4.17,10.03,2.39,8.38,0.85,0.84,1.65,5.75,5.70,0.80,0.82,0.85,2.60,2.47,4.81,4.21,0.97,4.22,1.73,1.63,3.35,0.83,4.89,2.37,3.39,0.86,2.52,4.20,4.20,4.25,10.41,6.86,2.49,0.83,5.63,3.30,0.85,4.96,0.78,1.62,6.83,5.86,2.47,8.50,0.86,2.52,3.35,0.84,0.85,5.75,4.19,0.84,10.33,1.66,4.90,5.83,7.76,4.20,1.63,1.69,4.84,0.90,8.69,6.09,4.85,4.11,3.26,3.26,0.85,2.46,0.83,9.44,4.10,5.12,5.79,0.83,6.92,1.67,3.24,1.67,4.20,5.80,3.41,0.86,3.34,6.09,5.02,0.87,8.30,3.31,1.65,1.64,1.71,1.64,9.23,3.43,2.51,7.59,2.55,0.87,0.85,0.85,1.71,10.17,2.45,4.12,5.04,1.55,4.18,3.40,7.48,3.39
16	620332	621626	AC	1.92	HG00683:2.60	0.83,0.85,2.60,0.81,0.81,1.71,0.83,0.86,0.85,0.86,0.82
21	11084775	11086593	ACC	1.89	HG00683:52.90	44.90,38.35,48.85,44.90,30.05,26.62,44.05,32.48,44.25,30.92,42.28,31.74,43.56,28.29,26.38,18.51,37.84,27.12,39.12,30.59,36.93,34.98,38.45,34.60,37.81,32.85,44.24,17.04,18.53,28.60,29.04,37.95,36.58,30.24,29.42,27.67,44.55,45.60,64.68,46.58,40.75,41.21,20.16,29.43,45.39,23.81,52.90,42.01,27.34,30.60,45.81,34.67,24.56,36.36,47.67,29.19,31.60,38.59,29.32,46.15,28.32,26.77,39.51,46.58,32.63,47.80,34.07,36.14,40.20,23.58,38.72,51.58,39.23,38.30,44.85,38.65,35.93,32.02,42.76,45.70,47.79,29.59,25.88,33.03,32.02,44.01,48.85,39.31,39.43,29.90,35.18,52.52,22.21,32.26,31.64,27.66,41.04,32.85,33.24,33.19,33.32,24.85,30.49,39.44,33.13,50.53,38.51,39.21,37.72,44.57,37.62,30.47,57.72,42.78,39.01,35.09,38.89,57.39,35.58,39.46,40.11,36.12,26.86,22.30,20.56,35.08,46.41,30.56,40.13,38.07,45.67,35.08,26.05,49.15,42.52,29.69,38.65,43.47,36.84,25.79,38.77,41.01,30.09,25.23,52.07,24.63,49.64,50.72,32.25,31.33
8	64197240	64198206	AAAGG	1.89	HG00683:2.60	0.85,0.85,0.85,2.60,0.81,0.81,0.86,0.86,0.86,0.83,0.81,0.85
7	139735010	139736306	AGG	1.86	HG00683:5.20	1.63,0.83,1.66,3.33,5.01,1.67,1.60,0.84,0.84,1.66,0.85,0.84,0.82,1.64,0.80,0.82,3.41,5.13,2.47,0.80,0.81,2.52,2.90,3.37,2.55,0.86,0.82,3.35,2.44,1.58,1.72,0.84,0.84,2.55,5.20,0.83,2.41,4.13,1.69,0.83,0.84,0.84,2.47,1.89,2.59,0.84,2.50,0.84,1.64,2.51,1.68,1.72,1.66,0.82,0.86,1.68,0.81,0.90,0.87,0.81,0.82,2.44,4.27,0.82,1.72,0.82,0.84,3.33,0.84,2.51,0.85,0.79,1.75,1.65,0.83,0.85,1.72,1.71,0.85,0.87,0.85,0.82,0.84,0.85,0.83,3.33,0.85
22	42719299	42720645	ACC	1.83	HG00683:21.68	4.90,2.45,8.96,17.46,14.19,14.98,12.47,6.66,8.35,3.34,5.58,3.34,4.19,3.33,2.55,15.15,8.23,12.33,12.22,8.85,9.03,8.53,14.52,5.19,7.40,8.81,7.51,14.61,8.86,13.46,9.68,15.18,11.06,15.55,13.89,5.87,3.30,4.89,9.46,11.86,8.96,10.30,9.24,11.77,5.04,4.25,21.68,1.71,9.11,8.27,20.89,3.30,1.69,4.96,12.50,4.86,4.27,7.55,13.40,6.59,7.55,8.64,10.09,12.48,3.35,11.74,10.22,12.32,4.19,5.05,6.88,3.27,5.83,6.04,5.88,8.98,6.74,20.98,8.96,10.43,4.35,26.69,16.11,13.96,16.30,10.58,4.27,8.22,9.97,14.59,10.67,8.54,20.68,5.00,2.59,1.67,9.03,10.54,6.81,12.50,6.00,9.89,10.07,8.28,9.94,8.37,7.67,22.01,4.29,14.21,15.67,4.18,11.35,3.32,10.27,6.62,11.99,9.93,9.04,14.51,12.31,8.39,6.00,13.36,15.19,10.19,3.49,7.61,15.22,17.11,13.44,12.71,21.26,11.54,13.44,10.09,17.58,9.98,6.74,10.25,3.34,12.61,12.20,10.19,9.10,7.48,10.18,6.77
X	59999	60337	AACCCTCACCCT	1.82	HG00683:2.60	0.85,4.21,0.97,0.84,2.60,0.81,0.85,0.86,0.85,0.87,0.82,0.85
X	146129598	146130053	AG	1.82	HG00683:2.60	0.83,0.84,0.82,0.85,1.65,2.60,2.57,0.83,0.85,1.66,0.83,0.84
9	28188622	28190173	AAGGAAGGGAGGGAGG	1.80	HG00683:4.34	1.63,1.66,0.83,0.83,0.83,0.84,1.60,1.68,0.84,0.82,0.85,1.71,2.60,0.82,1.60,1.67,2.42,0.84,0.97,4.22,0.82,0.83,3.26,1.58,0.85,0.81,0.86,0.85,4.34,2.49,0.83,1.65,0.85,0.83,3.91,2.43,0.85,0.84,1.65,0.83,1.67,0.82,0.84,0.84,2.58,0.83,2.50,1.63,1.61,1.74,1.62,0.81,2.46,0.81,1.71,2.46,1.66,2.46,1.65,0.83,0.86,0.82,0.83,1.57,0.83,0.83,1.64,1.64,2.55,1.69,2.45,0.84,1.69,0.84,1.63,0.83,2.49
1	241837637	241838381	AAGGAAGGAGGGAGGGAGG	1.79	HG00683:6.94	3.27,4.08,2.44,5.01,1.66,0.83,2.50,2.50,0.84,4.79,4.19,0.83,0.85,1.68,4.94,1.64,0.80,2.46,1.71,3.42,1.73,4.11,0.80,1.67,4.06,2.42,1.68,0.97,1.69,1.70,2.59,0.82,3.35,1.65,2.37,0.85,2.44,1.72,0.84,2.52,1.68,4.25,6.94,0.86,3.31,3.21,2.48,4.13,4.69,6.49,1.68,0.84,1.65,0.94,0.84,0.83,0.84,2.52,2.55,6.57,0.84,4.21,2.58,1.66,0.82,0.83,0.86,0.84,1.69,4.84,4.34,4.35,0.81,0.82,4.07,4.07,1.71,2.46,2.49,6.01,2.46,2.56,1.65,1.67,1.73,7.54,2.46,4.86,0.85,1.67,0.82,2.52,2.48,2.48,2.36,2.57,0.84,0.87,3.49,0.83,1.65,4.14,1.64,2.52,0.86,1.69,3.40,0.87,2.54,0.86,5.04,2.54,0.82,0.84,5.43,2.51,1.66,2.53,1.71,4.18,7.88,3.25,0.83,1.70,0.85
8	2047220	2048535	AAGG	1.77	HG00683:16.48	3.27,3.26,2.44,3.33,7.49,10.83,15.86,2.51,15.95,9.19,2.51,6.66,7.66,4.21,9.87,1.64,1.63,3.22,3.28,0.85,10.25,4.33,0.82,2.43,4.03,0.84,17.43,10.12,12.76,4.32,4.09,0.81,2.37,3.39,2.44,8.59,0.84,4.20,16.48,0.86,4.14,8.04,2.48,5.79,4.05,1.68,1.68,2.47,1.73,6.69,2.55,6.70,14.63,9.15,15.53,5.00,2.59,1.68,5.72,9.68,2.61,2.43,2.42,3.28,5.70,2.44,9.04,0.83,5.15,2.56,2.48,1.67,0.86,14.24,3.29,5.11,5.00,7.71,1.65,7.55,3.31,9.11,5.02,4.26,7.86,6.86,3.34,6.09,5.86,6.98,4.98,1.71,9.10,11.99,5.79,15.62,10.67,6.72,2.57,5.14,2.51,8.44,1.70,4.36,5.92,11.84,8.56,5.04,0.85,6.54,1.65,12.60,6.21,9.21,2.50,16.01,5.98,4.73,3.25,7.64,9.10,4.16,9.34,4.23
5	583753	585521	ACCC	1.77	HG00683:4.34	0.82,1.63,0.81,0.83,0.83,3.32,2.50,1.60,1.67,2.51,1.70,0.84,1.65,0.82,2.41,0.82,1.71,0.87,1.64,1.67,0.81,0.81,1.68,0.84,0.85,0.82,1.68,1.65,2.37,0.85,0.86,0.84,1.68,0.84,0.85,4.34,1.71,1.65,1.61,2.48,1.65,0.78,0.81,0.84,1.68,0.86,1.68,0.83,2.51,0.84,0.82,1.67,1.68,2.58,1.66,1.67,0.84,0.81,0.90,1.74,0.81,0.81,1.64,0.81,1.63,0.85,0.85,0.83,1.67,1.67,1.64,1.62,1.70,0.83,2.57,2.47,2.52,0.83,1.66,0.84,0.85,1.57,0.86,2.51,3.49,4.15,1.71,0.83,2.57,1.72,1.67,2.53,2.54,1.71,0.82,0.84,2.56,2.51,0.79,0.81,0.85,2.48,1.66
17	48750681	48751185	AG	1.75	HG00683:6.07	1.67,4.16,7.52,3.33,5.11,1.63,6.57,4.27,0.87,0.81,0.84,0.84,1.65,4.20,6.07,2.54,1.65,1.73,0.84,0.82,3.45,0.84,2.61,2.46,4.11,2.43,0.85,3.33,2.48,1.57,0.87,0.86,5.79,5.75,0.84,1.70,3.49,5.08,0.85,2.55
5	5954274	5955631	AAGGAGGGAAGGGG	1.74	HG00683:13.87	5.71,5.71,4.89,3.33,4.17,3.33,6.65,1.67,4.17,0.84,3.99,5.85,4.19,4.99,6.81,6.73,5.76,0.82,4.89,3.22,6.57,1.71,3.42,4.33,2.47,3.20,7.51,4.06,4.03,4.21,3.87,9.28,7.66,6.05,13.89,5.87,8.25,10.59,8.68,3.39,7.33,7.73,3.36,7.57,10.09,5.95,13.87,5.14,10.77,4.96,10.45,1.65,9.09,10.16,5.67,0.85,1.68,5.86,10.71,6.61,2.59,4.20,10.81,4.18,1.68,1.70,3.29,9.21,2.53,2.58,11.65,8.99,6.66,8.63,7.56,12.25,10.95,10.49,3.58,4.34,11.31,18.60,8.06,6.57,11.41,11.40,5.98,3.29,1.66,6.86,13.95,6.83,4.14,6.66,4.32,4.19,9.86,7.30,12.76,7.50,3.43,0.82,0.84,1.66,0.83,6.70,5.97,6.86,5.22,0.84,3.49,3.32,1.71,2.48,1.71,4.96,0.82,2.56,0.82,1.71,5.01,2.53,1.70,0.87,2.54,10.15,0.86,5.04,3.39,13.08,0.82,5.04,13.40,1.66,6.74,2.56,0.84,3.15,11.39,5.10,4.14,1.66,4.24,4.23
8	6535865	6537031	AAGG	1.74	HG00683:8.67	0.82,3.26,3.26,5.82,1.66,3.32,10.83,2.50,6.69,3.19,2.51,3.35,4.99,6.81,1.68,6.52,0.80,2.46,2.56,0.85,6.06,3.29,1.67,2.43,0.84,2.90,4.25,1.73,3.35,5.78,0.81,1.72,2.52,0.84,5.04,5.95,8.67,3.43,4.14,3.31,8.04,3.30,0.85,4.69,9.73,1.71,3.35,4.12,2.83,0.86,1.68,4.99,1.67,3.35,2.55,7.39,4.19,0.84,4.99,2.50,2.59,0.82,5.90,5.65,1.74,3.48,4.83,6.57,4.07,5.70,4.27,1.64,1.66,2.57,6.56,0.85,1.65,0.83,2.59,5.02,4.11,3.24,5.96,2.57,4.94,1.68,0.83,4.14,2.51,3.93,3.43,0.84,1.74,4.36,3.32,5.14,6.00,4.14,1.64,2.46,3.36,8.35,1.69,4.24,3.38,5.13,0.84,3.39,2.45,5.77,3.88,7.54,4.16,5.06,6.84,6.69,1.63,1.70,6.62,4.24,4.23
10	25024399	25024400	AACCCT	1.73	HG00683:1.73	1.73
12	121601518	121601519	AGAT	1.73	HG00683:1.73	1.73
12	72617701	72617702	AGAT	1.73	HG00683:1.73	1.73
4	11194470	11194496	AACCCT	1.73	HG00683:1.73	1.73
4	134911336	134911337	AACCCT	1.73	HG00683:1.73	1.73
6	118643238	118643239	AC	1.73	HG00683:1.73	1.73
6	54696968	54697071	AAAG	1.73	HG00683:1.73	1.73
8	83903085	83903086	ACCCCATCCCTCCATCC	1.73	HG00683:1.73	1.73
X	49012347	49012348	AACCCT	1.73	HG00683:1.73	1.73
7	29501678	29501686	ATCC	1.73	HG00683:1.73	0.80,1.73
18	77832512	77834485	ACAGGGTCCCAGAGC	1.72	HG00683:20.81	12.25,17.14,18.73,17.46,8.35,17.47,13.30,9.16,13.36,19.22,11.17,15.03,10.89,13.31,17.02,11.78,14.81,10.69,3.26,10.46,18.88,13.65,17.94,13.84,14.80,16.02,17.53,4.06,12.09,10.93,7.74,16.86,11.91,8.64,17.98,15.93,13.20,11.40,14.20,9.32,8.96,14.60,13.44,15.13,15.97,5.95,20.81,12.00,6.63,19.02,17.68,14.86,5.93,16.53,10.94,14.59,7.69,16.78,14.24,15.66,15.10,16.41,9.25,16.64,11.71,13.42,16.18,4.93,12.56,5.05,8.61,24.96,21.25,13.32,12.94,10.92,19.60,18.54,18.56,15.23,10.43,14.79,15.36,15.30,13.96,17.11,16.28,17.09,6.57,9.97,19.73,19.69,8.54,15.72,8.33,7.78,15.91,8.21,14.59,12.76,12.50,8.57,15.66,15.10,14.91,13.25,8.37,6.82,14.93,13.71,6.69,18.28,5.86,9.60,12.45,8.56,12.41,6.85,11.58,18.09,13.66,12.31,9.23,12.01,6.85,6.68,13.50,15.28,8.72,15.23,12.69,10.27,10.08,12.71,14.72,18.97,13.44,16.30,12.56,8.32,12.64,15.38,5.85,14.19,9.76,7.64,13.24,12.47,12.73,12.70
2	234836086	234836846	AAAG	1.72	HG00683:2.60	0.85,0.82,0.82,1.68,0.84,2.60,0.83,0.90,0.81,1.66,0.83,0.82,0.84,0.84,0.84,1.71,0.86,0.85,0.86,0.83,0.84,0.83
3	76603886	76604973	AAG	1.66	HG00683:6.94	8.25,4.89,12.02,6.94,14.46,3.91,0.82,20.17,3.58,4.05,3.40,4.17
21	30203234	30204293	AAAGAAAGAAAGAAGG	1.66	HG00683:2.60	0.82,0.82,0.83,1.64,0.82,0.85,0.85,0.80,0.97,0.85,0.83,0.81,0.84,0.85,2.60,0.84,0.84,0.84,0.83,0.84,0.81,0.82,1.66,0.83,0.87,0.86,0.83,0.82,0.86,0.85,0.85,0.85,1.70,1.69
5	171997649	171998214	AAGGAGGGAGGGAGGGAGGG	1.65	HG00683:1.73	0.82,0.81,1.63,1.73,0.83
17	12928796	12929987	AAAG	1.64	HG00683:6.07	1.63,4.16,0.84,2.51,3.40,1.61,0.82,4.27,3.29,0.81,0.97,1.69,5.08,1.68,7.57,6.73,6.07,2.49,2.41,2.34,0.85,0.85,0.84,1.61,1.74,2.42,7.33,1.63,7.47,1.64,1.64,4.86,1.70,4.26,0.79,0.87,3.43,0.86,0.84,0.87,1.67,0.83
X	4039131	4040375	AAAG	1.63	HG00683:4.34	1.63,0.81,0.83,0.83,0.83,1.67,0.80,0.84,1.68,2.44,1.61,0.85,1.73,0.82,1.60,2.43,0.97,3.35,0.81,0.86,0.84,0.84,0.85,4.34,0.86,0.83,0.83,1.69,1.65,1.56,0.84,0.94,0.84,0.84,1.67,1.68,0.86,2.50,0.86,0.84,1.61,0.87,1.72,0.85,4.93,0.85,3.43,0.85,2.61,1.67,0.87,0.83,0.86,2.57,0.85,0.86,0.84,5.13,0.84,3.33,3.42,0.83,1.66,0.85
12	104298526	104299748	AGGG	1.63	HG00683:3.47	0.82,0.83,0.83,0.83,0.83,0.84,0.80,0.82,0.87,0.82,1.70,1.63,0.86,1.68,2.55,3.47,0.83,0.85,0.83,0.84,0.84,0.84,0.84,0.86,0.83,0.82,1.67,0.86,0.82,3.23,1.74,0.81,2.56,0.82,0.83,1.73,0.81,1.70,0.86,0.84,0.83,2.36,0.86,0.84,1.66,0.83,0.86,1.65,0.85,0.84,0.86,6.00,0.84,0.85,0.87,0.86,0.85,0.84,0.83
Y	13807863	13812254	AATGG	1.61	HG00683:19.08	9.80,5.71,13.03,12.47,5.84,10.82,7.48,14.99,7.51,15.04,10.37,13.36,6.70,8.32,15.32,11.78,8.23,5.75,7.33,9.66,15.59,11.09,14.52,17.30,12.33,12.02,10.02,13.80,6.45,9.25,22.27,1.69,13.61,1.73,8.99,3.35,9.90,1.63,7.89,0.85,14.67,1.72,10.92,4.20,7.57,2.55,19.08,0.86,9.94,23.99,9.64,16.51,2.54,1.65,12.50,7.30,2.56,1.68,10.89,6.59,0.94,3.45,19.34,3.33,13.39,7.55,0.85,4.93,1.67,3.37,17.21,5.82,9.81,2.50,15.53,1.68,9.80,1.69,4.03,2.69,17.38,10.44,8.90,8.86,1.64,7.33,11.40,12.82,13.14,9.14,12.01,15.59,5.98,9.10,4.16,0.86,13.40,1.64,15.40,0.85,19.99,1.71,8.24,4.20,14.91,1.66,16.74,0.85,8.65,1.71,7.52,2.61,4.18,2.62,9.13,0.86,13.24,5.14,14.89,1.64,11.95,10.67,3.36,0.86,16.28,14.20,2.53,0.85,13.96,2.54,12.69,9.41,1.68,4.24,12.27,2.47,19.32,9.32,15.91,2.50,10.96,1.71,0.84,7.88,9.76,0.85,14.06,0.83,16.13,2.54
2	229628656	229629769	AAG	1.61	HG00683:13.01	0.82,0.81,0.83,4.18,6.70,6.66,15.38,0.80,0.84,2.90,4.25,0.86,4.09,3.35,3.26,2.37,5.08,1.72,0.84,0.84,13.01,1.61,0.85,4.13,1.56,5.67,1.71,1.68,0.82,0.84,0.85,2.53,0.86,8.99,1.73,5.04,0.81,5.38,0.87,0.87,0.81,4.83,1.63,2.56,3.29,3.33,7.78,3.29,4.86,5.11,1.67,4.94,3.36,1.66,7.54,11.00,0.86,9.20,15.71,6.64,3.42,1.71,12.41,0.82,6.57,9.19,4.24,1.69,0.86,0.85,1.64,2.52,3.11,3.33,5.90,18.13,0.81,14.06,0.85,7.62
5	172404993	172406032	AAAG	1.58	HG00683:2.60	1.67,0.84,0.85,0.84,0.85,0.87,0.83,0.81,1.70,2.60,2.50,1.73,0.87,0.81,0.82,0.82,0.84,0.85,1.69
17	75465712	75466865	ACCCATCC	1.56	HG00683:2.60	0.83,0.84,0.84,0.82,0.82,1.71,0.85,1.64,0.80,0.84,0.85,0.84,0.83,1.68,2.60,0.86,0.83,0.83,0.85,0.86,0.84,1.67,0.83,0.84,0.87,0.81,0.81,0.82,0.83,0.82,0.86,0.83,0.85,0.86,0.87,0.84,0.86,0.85,0.82,0.85,0.84,2.49,0.85,0.85
20	62062851	62064509	AAGGCTCCACCCTCAGGG	1.55	HG00683:5.20	0.82,0.82,4.07,1.66,1.67,1.66,1.66,3.33,1.67,1.67,2.39,4.18,1.68,0.82,0.82,1.64,0.85,1.64,1.60,1.67,4.06,3.22,2.52,1.94,1.70,0.86,1.63,0.84,0.83,3.26,1.58,0.85,2.44,0.86,1.68,1.68,0.84,3.40,5.20,1.71,2.48,0.85,2.48,3.91,2.43,0.85,1.68,0.84,1.65,0.94,0.86,1.66,0.84,1.68,0.84,3.44,0.82,1.67,3.45,1.63,2.53,1.61,0.90,0.87,4.04,3.22,2.44,1.63,0.85,3.29,1.66,1.72,0.82,2.56,0.83,0.84,0.82,2.43,0.85,2.50,0.86,1.65,0.84,1.66,1.66,2.51,0.79,0.84,3.49,0.83,3.42,1.65,2.47,3.41,1.64,2.52,1.72,0.86,0.84,0.85,0.87,3.38,1.69,3.42,1.68,6.54,1.65,1.68,3.11,2.51,3.33,1.71,0.84,3.15,2.44,1.70,1.65,3.39,0.85
2	89564541	89564893	AAACATTATATATAT	1.55	HG00683:3.47	0.82,1.66,0.83,1.67,0.80,0.84,0.84,0.82,0.87,0.80,0.83,0.81,1.68,0.97,0.84,3.46,0.81,0.85,3.47,0.83,0.83,0.78,0.85,1.68,0.84,1.68,0.82,0.83,0.84,1.63,0.81,0.90,3.22,1.64,0.81,0.82,3.28,0.85,0.83,0.82,1.70,0.82,0.84,1.66,0.84,0.85,2.57,1.74,0.83,2.57,0.86,0.86,0.84,1.69,1.70,0.84,0.84,0.85,1.65,1.66,0.85
17	34422338	34423519	AAAG	1.54	HG00683:6.07	4.90,0.82,1.63,1.66,0.83,0.83,1.67,0.84,2.44,0.82,7.30,2.53,3.40,0.82,3.30,2.44,3.94,1.72,0.84,6.07,2.57,0.83,1.61,2.48,1.89,3.36,0.84,0.84,1.72,1.73,4.03,1.74,0.87,5.13,1.64,4.10,5.83,0.81,3.43,1.68,1.67,6.09,1.67,0.83,7.45,1.71,4.11,3.41,0.86,1.71,0.84,9.34,1.74,1.69,3.36,1.67,3.37,0.85
12	127316346	127316990	AAGGAGGAGGAGGAGGAG	1.54	HG00683:2.60	0.82,0.83,0.80,0.84,0.82,0.82,0.80,0.82,0.83,0.81,0.82,1.65,1.58,0.86,0.85,2.60,0.86,0.80,0.83,1.65,0.78,0.84,0.84,0.84,0.86,0.84,0.84,0.82,0.86,0.83,0.84,0.83,0.82,0.84,0.85,0.86,0.84,0.87,0.83,0.86,0.85,0.82,2.52,0.86,0.85,0.87,0.85,0.84,0.78,0.84,1.58,1.63,0.85,0.83
12	110824270	110825859	AG	1.52	HG00683:13.01	8.16,13.06,5.70,9.15,5.01,9.15,4.99,6.66,10.85,7.52,3.19,10.02,4.19,7.49,4.25,3.37,8.23,4.93,12.22,11.27,4.92,7.68,11.11,8.65,7.40,2.40,6.68,7.30,7.25,9.25,9.68,5.06,8.51,11.23,7.35,9.22,9.90,6.51,3.15,5.93,9.78,7.73,9.24,6.73,10.09,8.50,13.01,7.72,7.46,3.31,8.04,4.95,9.32,4.96,4.69,8.92,5.13,6.71,8.38,6.59,2.83,6.05,10.93,9.15,7.53,6.71,5.11,1.64,10.05,4.21,11.19,11.65,6.54,7.49,7.76,7.56,10.62,4.21,8.07,1.79,7.82,5.22,3.23,4.03,9.85,8.15,9.77,10.25,4.93,4.15,4.29,6.56,3.42,8.27,5.83,7.78,7.54,12.32,9.73,6.81,12.50,4.28,5.77,10.91,9.11,4.14,7.54,7.67,8.65,8.57,5.85,5.22,4.18,4.36,7.47,6.85,8.27,7.71,5.79,4.93,10.24,5.75,8.39,6.86,11.99,11.69,4.22,7.64,6.98,6.77,10.99,10.27,5.04,5.93,2.45,0.82,4.20,4.66,4.19,5.82,9.27,10.25,9.19,9.46,5.69,6.79,7.45,8.31,1.70,10.16
7	105373393	105374658	ATCC	1.49	HG00683:7.80	2.45,4.08,3.26,8.31,2.50,3.33,1.66,5.84,4.18,3.19,5.01,3.35,1.66,2.55,0.84,3.29,4.11,2.44,2.41,4.10,0.85,3.42,4.33,2.47,5.61,4.17,1.62,1.61,0.84,3.87,1.69,3.40,4.32,5.72,4.19,1.65,2.44,3.15,0.85,2.44,5.15,2.52,3.36,1.68,2.55,7.80,6.00,9.11,2.48,4.02,2.48,1.69,4.13,3.13,3.24,5.98,2.52,4.19,2.47,1.89,3.45,2.52,5.82,3.35,5.03,0.85,4.19,2.53,3.44,0.83,1.63,5.00,1.73,1.68,5.72,3.23,3.58,6.08,4.35,2.43,4.03,5.75,4.89,4.07,2.56,4.11,1.66,4.29,6.56,3.42,4.14,5.00,0.86,4.19,3.29,2.43,4.25,4.17,1.71,4.94,4.20,1.66,7.45,2.51,3.41,5.50,0.86,1.67,0.87,3.35,3.49,0.83,0.86,2.48,7.71,3.31,0.82,5.12,2.46,2.52,4.29,3.43,3.34,0.84,5.09,6.98,3.38,1.69,2.57,3.36,5.93,5.72,2.47,5.04,3.11,2.51,5.82,2.53,3.42,5.85,5.52,2.44,4.25,3.31,4.99,4.24,5.08
X	1367093	1367494	AGGGG	1.48	HG00683:2.60	0.83,0.83,0.85,0.82,0.85,1.62,0.81,0.81,2.60,0.78,0.82,0.84,0.81,0.81,0.85,0.82,0.84,0.81,0.82,0.83,0.84,1.67,0.86,0.85,0.82,0.84,1.64,1.55,0.85,0.84,0.79,2.44,1.66
4	184281253	184281532	AACACAGGCCACCAAGG	1.46	HG00683:1.73	0.80,0.85,0.84,1.73,0.83,0.85,0.84
1	58160202	58161617	AAAG	1.45	HG00683:5.20	1.63,9.77,0.83,0.83,1.67,2.51,0.80,1.68,0.83,2.55,0.84,2.47,1.63,4.92,1.71,0.87,0.82,1.60,3.34,1.61,2.90,0.85,0.84,0.81,0.79,1.69,0.81,2.52,0.84,0.84,0.85,5.20,0.83,0.80,0.83,1.62,2.52,2.47,10.04,0.84,0.85,1.64,0.84,0.83,0.86,0.90,0.87,1.62,0.81,0.82,1.63,0.83,0.85,0.84,3.29,0.82,0.84,0.83,1.57,1.67,2.51,2.62,1.66,0.86,0.83,2.47,1.71,0.84,1.72,8.49,1.69,2.57,0.84,1.65,3.11,0.79,4.88,1.70,0.83,4.16,4.24,0.85
21	37364761	37365942	AACTCCCACACACCCC	1.45	HG00683:3.47	4.08,0.83,0.84,1.68,1.70,0.81,1.61,0.85,1.64,0.83,0.81,0.84,1.94,0.84,0.83,2.54,0.86,3.47,0.86,0.83,0.85,0.83,1.56,0.85,0.84,0.82,0.83,0.84,2.55,0.82,0.84,0.82,0.84,0.90,0.81,0.81,0.81,1.64,1.66,0.86,0.86,0.82,1.68,0.83,2.48,0.84,0.79,0.86,1.71,1.71,0.82,0.85,0.84,0.86,0.84,0.84,0.85,2.54,2.45,0.84,1.55,1.67,0.83,0.84,0.85,1.67,0.81,1.70
9	78654744	78655638	AG	1.45	HG00683:1.73	0.84,1.73,0.83,0.83,0.83,0.85,1.70
3	20895972	20897276	ACACTGTCACCCCAGAG	1.44	HG00683:2.60	0.81,0.83,0.87,0.81,0.97,1.73,0.79,2.60,0.83,1.68,0.82,0.86,0.84,0.84,0.81,0.83,0.86,0.81,0.79,0.87,0.87,0.83,2.47,1.70,0.84,2.54,0.78,0.83,1.63,0.85
7	2688678	2688977	ACACCCCACTGCGGGCCCC	1.44	HG00683:1.73	0.84,1.73,0.83,2.59,0.87,1.63,0.79
17	78120373	78121382	ACAGCGAGGTCGGCAGCGGC	1.42	HG00683:3.47	0.83,0.82,0.85,1.60,1.69,1.70,1.63,2.37,1.63,0.86,3.47,0.83,1.65,0.84,0.82,0.94,2.50,1.67,4.16,3.27,0.87,3.42,0.83,0.85,2.48,0.84,4.86,0.86,1.68,0.81,0.83
17	78286928	78288036	ACC	1.37	HG00683:4.34	1.63,0.82,1.63,3.33,1.67,0.83,0.83,0.83,1.67,1.60,0.84,4.19,0.83,0.85,1.64,3.26,1.61,1.64,0.85,1.73,0.80,1.67,0.81,1.61,1.94,0.84,0.85,1.73,0.82,0.84,1.63,4.73,0.85,2.44,2.52,3.36,1.68,0.85,4.34,1.71,0.83,0.83,1.69,0.83,0.78,0.85,0.84,0.84,1.65,2.83,1.73,1.68,2.50,0.84,0.84,3.41,0.84,0.84,1.66,0.82,0.86,0.84,0.82,0.84,2.42,0.87,0.81,1.64,0.81,0.82,0.83,0.86,0.82,0.83,0.83,0.86,2.51,1.64,0.81,1.70,0.83,1.71,1.65,0.83,1.66,2.36,1.67,1.67,0.87,0.83,1.71,1.65,0.86,1.65,0.82,1.72,1.71,2.53,0.85,0.85,1.71,0.84,0.85,0.82,0.82,1.68,1.55,0.84,0.83,0.85,0.84,0.81,3.40,1.70,0.85
11	11267803	11269153	AG	1.36	HG00683:3.47	0.83,1.67,0.85,0.84,0.82,2.47,0.82,0.85,0.85,0.87,0.82,1.61,1.70,0.82,0.84,0.83,0.81,0.81,1.72,3.47,0.86,0.83,0.80,0.85,0.83,2.52,2.51,0.82,0.86,1.64,2.51,4.21,1.66,0.82,1.67,0.84,0.87,1.63,1.63,0.82,1.72,1.65,0.83,0.81,0.82,0.83,0.85,0.86,0.84,0.84,1.71,0.86,0.85,2.46,0.86,0.84,0.85,0.87,0.86,0.84,0.82,0.85,1.58,0.81,0.85,2.49,0.85,0.85
5	1667237	1668106	CCCCCGCCCCGCGCG	1.36	HG00683:2.60	1.63,1.67,0.81,0.97,0.86,1.63,0.83,2.44,2.54,2.60,0.80,1.68,0.82,1.67
13	90249059	90250001	AT	1.36	HG00683:2.60	0.82,0.81,0.83,0.83,2.51,0.84,1.65,1.73,1.60,1.65,2.44,0.79,0.84,2.60,0.78,0.85,0.84,0.94,0.86,0.84,0.81,0.81,1.72,0.84,0.84,0.86
7	97710588	97711343	AAATATATATAT	1.34	HG00683:2.60	0.82,0.81,0.83,0.83,0.84,0.82,0.97,1.70,0.85,2.60,0.84,0.84,2.52,1.68,1.72,1.73,0.82,0.87,0.82,1.66,0.82,0.83,1.73,0.85,0.86,0.86,0.84,0.83
19	4012014	4012291	ACACCCCTCACACCTCC	1.32	HG00683:1.73	0.85,2.37,1.73,1.65,0.83,1.70,1.72
18	1746487	1747772	AG	1.30	HG00683:6.07	1.63,0.82,0.81,3.33,1.66,0.83,2.50,3.34,1.67,3.99,5.01,0.83,0.85,3.37,0.82,3.29,1.63,0.80,0.82,1.71,2.56,0.82,0.83,1.62,3.22,3.36,2.90,6.75,2.55,1.73,1.63,2.52,2.48,3.39,1.72,2.52,2.52,0.84,3.40,6.07,0.86,4.14,5.79,0.80,2.48,2.54,2.48,2.34,0.81,0.85,2.52,2.51,0.82,0.86,1.68,1.66,1.67,0.84,2.55,0.82,7.54,0.84,0.86,4.16,5.72,1.67,1.73,1.68,3.37,0.81,2.61,0.81,2.42,2.46,0.81,1.63,5.13,1.66,0.86,3.28,3.42,2.48,3.33,4.19,0.82,2.43,1.70,3.30,1.66,0.83,6.70,0.85,1.57,1.71,0.84,1.74,0.84,3.49,1.66,1.71,1.65,1.64,0.85,1.68,4.29,0.86,0.84,1.69,1.70,1.74,0.85,0.85,0.86,0.84,0.85,2.45,0.84,0.84,1.66,2.56,0.84,0.85,3.31,0.83,0.85,2.54
10	134303821	134304088	AACCTGCGTGGACACAT	1.30	HG00683:1.73	0.83,0.84,0.85,1.73,0.82,0.82,0.85,0.86
Y	28816324	28817246	AATGGAGTGGAGTGGAGTGG	1.29	HG00683:1.73	0.84,0.85,0.81,1.68,1.73,0.84,0.82,0.84
8	1418336	1418857	AAAGCCTGGAGGGGTCGGG	1.26	HG00683:4.34	0.82,1.66,2.49,1.67,1.60,2.51,0.83,0.82,1.61,0.82,0.87,1.64,0.80,0.83,0.81,0.97,0.84,3.30,0.81,3.39,2.52,0.84,0.84,4.34,2.49,1.61,1.65,1.56,0.81,0.84,1.65,0.94,0.86,0.83,1.64,0.84,1.68,0.86,0.82,0.83,1.73,0.82,0.90,4.34,0.81,0.82,0.81,1.63,2.56,0.83,1.64,1.67,0.84,0.82,2.43,4.12,0.84,0.83,0.83,1.67,1.57,4.35,1.66,1.71,0.85,0.82,2.57,1.71,0.85,3.49,2.54,1.64,0.84,0.78,0.84,0.85,0.79,3.25,2.49,3.39
5	35714113	35714574	AATATATATACTATATAT	1.25	HG00683:6.94	1.67,2.49,5.01,3.35,0.85,0.84,2.41,1.62,0.82,4.95,5.88,3.40,6.94,1.71,1.68,0.94,3.35,0.84,2.53,2.59,5.88,0.90,0.87,0.82,3.35,1.70,1.67,4.28,6.63,7.45,2.51,7.07,0.86,3.48,1.67,6.64,4.14,5.14,4.14,3.41,4.20,3.34,5.06,0.85,1.69,5.92,4.28,5.72,3.30,2.51,1.58,6.79,3.31,3.39
19	5795594	5796285	AGG	1.25	HG00683:3.47	1.63,1.63,0.83,0.83,1.66,0.83,0.83,0.84,1.67,0.84,0.83,2.55,0.84,0.81,0.80,0.85,1.73,0.82,0.80,0.83,0.97,0.85,0.81,0.79,0.81,1.68,3.47,0.86,0.83,0.80,2.48,1.65,1.56,0.81,0.85,1.68,2.47,1.89,0.84,0.84,2.52,0.84,0.86,1.67,1.61,0.87,0.87,2.46,0.81,0.85,0.82,0.85,0.84,0.81,0.85,2.57,0.83,0.85,2.57,0.84,0.87,0.83,1.65,0.86,0.85,0.86,0.84,0.87,0.84,1.64,0.82,0.84,1.55,0.84,0.83,2.51,0.83,0.85
17	69605362	69606215	AGAGATAGAGATAGAGATAT	1.24	HG00683:1.73	0.83,0.83,0.83,0.83,1.73,0.86,0.82,0.83,0.84
19	43901408	43902818	AAATATATAATATATAT	1.23	HG00683:5.20	0.82,2.45,4.89,0.83,0.83,0.83,1.66,0.83,1.67,3.34,3.35,4.16,3.37,4.11,1.64,1.63,2.41,1.71,0.85,1.73,2.47,0.80,1.67,0.81,2.42,3.36,3.37,3.40,4.19,3.30,0.81,2.37,0.85,2.44,0.84,0.84,0.84,1.70,5.20,0.86,0.83,0.83,3.21,2.54,1.65,1.62,1.71,1.68,2.47,4.72,1.73,1.68,0.83,4.18,2.52,0.85,3.37,1.72,2.50,3.27,1.67,0.86,0.81,0.90,1.74,2.43,2.42,1.64,3.26,4.07,1.71,2.46,1.66,0.85,3.31,2.50,4.19,0.82,1.67,0.82,1.68,0.83,2.48,1.67,2.56,3.14,1.71,0.84,2.61,3.35,0.87,0.83,3.43,3.31,1.64,0.84,3.43,1.71,0.84,1.69,4.24,4.23,3.38,0.86,0.84,0.85,3.27,2.47,1.68,1.55,1.67,0.84,1.71,0.84,3.15,0.81,0.85,0.83,0.83,1.70,0.85
5	142094220	142095185	ACATATATATAT	1.23	HG00683:4.34	0.84,1.69,0.84,4.34,4.14,4.02,0.83,2.34,2.59,0.84,1.66,4.90,1.68,3.27,2.42,2.69,2.61,0.81,0.82,1.66,0.83,3.46,0.84,0.82,7.30,2.55,3.31,0.86
10	129537493	129538676	ACACCC	1.22	HG00683:2.60	0.81,0.84,0.80,1.68,0.83,0.81,1.58,1.63,2.52,2.60,3.43,0.85,0.86,1.64,4.98,1.62,0.86
3	128188359	128188657	ACCCACCCACCCAGCC	1.20	HG00683:2.60	0.82,0.81,2.50,0.84,0.83,1.70,0.82,0.82,0.85,1.64,0.80,0.83,0.81,0.84,0.85,0.84,0.86,2.60,0.86,0.83,0.78,0.84,0.86,0.84,0.84,0.86,0.83,0.82,0.83,0.84,1.63,1.69,0.87,0.81,0.81,0.85,0.83,0.85,0.86,0.84,0.81,0.83,0.82,0.79,1.71,0.84,0.87,0.87,1.71,0.83,1.71,0.86,0.84,0.85,2.45,0.84,0.84,0.85,0.85
7	116195013	116195669	AAAG	1.19	HG00683:1.73	0.82,0.80,0.82,0.86,1.73,0.86,0.87,0.86,0.87
Y	13812782	13829999	AATGG	1.17	HG00683:8.67	4.90,2.45,6.51,2.49,6.68,1.66,4.99,6.66,5.01,3.34,1.60,4.18,6.70,2.50,2.55,2.52,3.29,2.47,4.02,2.46,3.41,5.13,4.33,3.29,1.60,10.02,6.49,5.64,4.21,4.84,0.84,8.51,2.45,0.83,3.15,6.52,5.04,0.84,0.85,8.67,1.66,5.79,2.41,3.30,4.69,4.05,5.86,1.65,0.86,3.36,6.69,2.52,4.93,6.88,4.09,5.18,1.63,4.84,6.08,2.61,6.47,2.42,6.52,6.51,2.56,0.82,1.66,10.30,3.28,1.71,3.31,0.83,1.73,1.67,7.30,2.50,4.94,4.14,0.83,5.02,0.85,1.57,3.34,6.69,9.13,2.48,0.86,2.48,5.97,3.28,0.84,2.57,7.52,6.11,7.61,3.42,0.84,2.45,4.20,1.55,2.51,6.74,0.85,0.84,1.58,1.63,9.10,2.55
20	4098747	4099590	AAGAAGAGG	1.16	HG00683:1.73	1.60,2.58,1.73,0.78,0.84,0.83,0.85,4.28,0.81
Y	13685857	13688908	AATGG	1.14	HG00683:26.88	10.61,8.16,15.47,19.96,14.19,12.48,17.45,14.99,17.53,10.87,13.56,17.54,23.45,12.48,9.36,7.57,11.52,24.66,12.22,13.68,23.80,23.04,31.61,32.87,13.97,17.63,20.87,23.54,12.89,25.23,18.39,31.47,23.70,14.03,18.14,24.45,25.20,20.18,26.88,18.23,25.64,11.25,15.69,14.07,14.59,20.11,17.30,21.86,22.59,22.64,10.68,18.07,25.34,25.88,13.88,22.59,18.25,20.02,16.98,11.28,18.06,22.82,27.68,25.63,19.72,13.29,18.88,15.59,14.52,21.51,21.65,34.34,12.16,19.99,21.43,17.39,18.42,14.15,13.38,20.91,12.45,0.86,19.86,10.76,14.51,15.60,10.28,25.05,20.94,21.99,12.84,14.72,22.68,10.87,15.07,14.33,10.25,7.32,20.68,5.94
19	18909746	18910689	ACCCATCCATCCATCCATCC	1.14	HG00683:1.73	0.83,0.79,1.73,0.84,0.83,0.81,0.82,0.83,0.85,0.82
22	37354471	37355579	ATCC	1.12	HG00683:20.81	13.06,9.79,8.96,19.12,10.02,10.82,13.30,9.99,9.18,17.55,8.77,7.52,12.56,13.31,10.21,15.99,11.52,6.58,4.07,8.85,20.52,11.09,17.94,18.17,5.75,9.61,11.68,9.74,18.53,15.98,7.74,10.96,12.76,12.09,13.07,15.93,16.50,10.59,14.20,17.78,9.78,9.44,9.24,13.45,13.45,12.76,20.81,12.00,9.11,14.06,14.46,9.08,8.47,18.18,26.57,13.78,8.54,19.30,8.38,18.13,13.21,7.77,20.18,18.30,19.25,7.55,11.07,9.86,9.21,6.74,12.91,18.30,8.99,18.32,10.35,8.40,13.88,9.27,20.17,6.27,10.43,10.44,21.83,12.08,18.89,13.85,14.66,13.67,11.50,11.63,11.15,15.59,10.25,9.93,10.82,12.97,16.75,10.68,14.59,16.17,10.00,14.57,9.89,15.10,14.08,22.36,9.21,6.82,8.65,6.86,11.70,15.67,14.22,13.97,11.62,5.99,14.89,18.85,17.37,15.62,13.66,13.96,10.07,8.58,7.71,15.03,9.28,11.88,7.85,11.84,14.38,11.12,13.44,18.64,13.90,17.32,13.44,13.97,13.40,11.65,10.11,14.53,11.70,21.29,10.58,16.99,11.58,14.13,6.79,6.77
9	14015448	14016040	AAAG	1.11	HG00683:1.73	1.67,0.84,0.82,1.73,0.83,0.86,0.84,0.82,0.86,1.67
10	32257297	32257765	ACGGGAGAGGGAGAGGGAG	1.08	HG00683:3.47	3.26,2.49,4.17,1.66,0.80,0.84,2.52,2.47,1.64,3.22,1.71,0.85,2.47,0.83,0.81,2.90,1.73,0.79,0.84,3.47,1.71,0.83,1.71,1.68,0.86,0.84,2.50,0.82,0.83,2.59,0.87,1.62,0.86,0.86,0.84,1.62,1.70,0.86,2.47,0.86,1.66,0.86,0.84,0.78,0.83,1.70
22	49878692	49878992	AAACCCCCCCCCACCCCG	1.03	HG00683:1.73	0.83,0.84,0.85,0.87,0.97,0.84,0.81,0.85,1.73,0.84,0.84,0.83
Y	13855158	13870137	AATGG	1.02	HG00683:26.02	15.51,17.95,13.84,12.47,12.52,17.47,11.64,14.99,20.87,25.07,9.57,10.86,20.10,15.81,11.06,9.26,11.52,15.62,11.41,13.68,26.26,10.24,24.78,31.14,21.37,16.83,16.69,19.48,8.06,23.55,12.59,7.59,9.36,2.59,8.99,3.35,12.38,14.20,2.54,13.04,6.01,22.68,4.20,11.77,3.40,26.02,3.43,21.54,31.43,10.45,15.69,6.77,3.31,12.50,10.54,4.27,8.39,28.48,12.36,5.66,10.36,21.86,4.16,18.41,12.58,5.96,13.14,5.86,8.42,17.21,6.66,9.81,4.16,26.74,6.72,16.33,2.53,17.75,7.17,19.98,16.53,16.17,13.69,12.32,11.41,15.47,22.22,17.25,11.63,11.15,22.98,6.83,9.10,11.66,6.05,18.42,4.11,17.84,5.96,18.33,8.57,10.71,10.07,13.25,9.94,17.58,4.26,13.36,7.71,10.03,1.74,18.41,4.36,19.92,3.42,18.20,17.13,9.10,2.47,22.19,9.03,8.39,6.86,16.28,10.02,7.59,5.94,16.58,4.23,20.30,11.98,2.52,9.32,9.00,3.30,10.92,15.53,13.40,3.33,18.54,7.69,4.18,12.61,12.20,1.70,20.68,10.81,14.43,7.62
13	114776241	114776726	AGGAGGGGGCCGCGCGGGG	1.02	HG00683:4.34	0.81,1.66,2.50,1.66,2.49,0.83,2.50,1.67,1.67,1.68,0.82,0.80,0.85,0.85,0.87,1.64,1.67,0.81,1.68,0.84,2.55,2.59,0.82,0.84,1.65,3.15,0.85,0.81,3.43,0.84,0.85,4.34,4.97,0.80,0.83,3.13,1.62,0.85,0.84,0.84,1.65,0.94,0.84,2.50,2.51,0.84,0.85,4.19,0.84,0.86,1.66,0.82,3.33,0.84,1.63,0.84,0.81,0.90,3.48,3.23,1.61,1.63,0.81,2.46,0.85,0.83,0.86,0.82,0.81,0.86,2.47,1.66,1.67,2.56,0.79,1.71,0.84,1.75,0.83,1.71,3.31,0.86,1.64,3.41,1.64,1.67,0.85,0.85,1.69,4.09,1.68,0.78,0.84,0.84,0.85,3.34,2.44,1.66,0.85,3.39
3	41932656	41933178	AAAGAAGGGACGGGAGGGGG	1.01	HG00683:4.34	0.82,2.44,4.16,2.50,4.16,1.67,2.50,1.67,1.68,2.55,2.47,0.82,1.63,0.80,2.43,1.61,1.69,2.55,1.73,1.68,0.83,4.07,1.58,1.63,1.72,1.68,4.34,0.86,3.31,1.65,0.83,3.24,0.85,2.52,2.47,0.86,1.68,0.84,0.84,2.46,0.86,0.83,0.82,3.37,0.81,4.48,2.61,1.74,0.81,1.61,0.81,1.71,5.75,0.86,0.85,2.48,0.83,0.86,2.51,1.64,0.81,0.85,1.68,1.66,1.66,0.84,0.85,1.67,2.57,1.65,0.87,2.52,4.09,1.68,2.33,0.84,0.83
