motif	top_case_zscore	high_case_counts	all_counts
AAGAAGAAGGAG	78.13	HG00651:78.13	78.13,52.40
ACCACCTCCCTC	6.35	HG00651:135.65	4.90,100.99,1.67,25.07,55.96,32.45,25.25,55.11,9.04,2.44,31.19,5.97,35.47,22.19,9.61,18.53,66.44,29.04,27.83,15.31,13.82,8.17,33.54,16.50,25.24,35.49,24.45,135.65,26.88,41.20,16.16,19.08,41.42,54.65,16.09,11.57,72.15,12.81,7.55,5.86,32.09,30.23,15.97,0.83,15.06,26.40,22.74,0.83,62.11,11.21,5.88,43.28,36.23,39.54,4.48,57.43,8.09,54.77,37.77,96.98,52.92,1.64,28.24,24.62,26.48,45.49,9.16,6.05,15.91,37.78,76.58,5.00,3.31,4.97,11.72,4.29,28.42,12.19,6.11,31.54,41.37,9.10,1.64,64.86,51.72,44.49,18.87,12.53,55.69,10.19,4.36,95.59,7.61,7.56,0.85,7.36,4.95,13.44,161.47,22.61,21.63,19.22,16.56,7.32,44.16,48.81,0.83,9.34,11.01
ACCTCCCTCTCC	3.41	HG00651:30.05	1.63,9.18,1.66,6.73,13.16,6.52,4.10,21.37,4.84,0.84,2.90,5.90,0.85,1.63,0.84,4.95,6.51,2.44,30.05,0.84,7.57,1.70,14.91,3.31,0.81,1.71,0.84,0.94,2.59,10.93,3.35,3.41,0.84,1.63,0.86,0.84,4.90,0.84,33.08,1.79,17.40,29.92,2.42,5.75,13.85,5.70,1.66,7.39,4.27,5.79,3.46,3.29,1.70,9.94,8.28,3.35,11.14,0.84,16.54,1.75,12.45,2.57,0.83,6.62,13.66,0.84,1.72,3.34,32.91,2.55,4.36,11.84,4.20,15.54,1.65,11.76,10.09,2.51,6.65,5.85,9.46,4.88,3.31,20.37,7.62
AAAGGAAGGG	2.39	HG00651:2.58	0.85,2.58,0.82,0.83,0.83,0.86
ACCTCCCTCCCC	2.01	HG00651:3.43	4.11,1.63,0.82,0.84,0.84,0.82,0.83,0.81,0.79,0.81,3.43,0.85,1.66,0.85,1.69,0.81,0.87,0.81,0.81,0.81,0.82,0.82,0.83,1.66,0.82,3.38,0.78,1.66,2.48,0.85,0.85
AGCAT	1.82	HG00651:16.31	2.49,11.91,4.01,11.28,9.25,3.35,16.31,8.40,13.45,16.48,5.80,38.57,1.66,11.66,8.63,5.90,0.81,9.70,21.19,5.98,16.43,12.46,8.58,6.66,19.88,4.93,13.78,5.79,5.04,6.74,8.14
AACCAGGGCTGTGCTAGT	1.82	HG00651:15.45	2.45,0.82,1.63,2.50,1.67,0.80,0.84,2.50,2.47,0.82,0.82,3.46,5.68,2.90,8.43,0.86,1.63,0.83,4.89,8.47,2.44,15.45,9.24,4.20,0.85,0.87,7.72,0.83,0.83,3.39,1.65,0.78,0.84,4.12,1.73,1.68,0.84,3.29,0.86,4.99,4.09,2.50,0.86,1.68,0.82,0.84,8.69,4.35,2.42,3.28,8.96,11.50,2.49,2.57,6.56,1.71,2.50,3.46,0.84,1.64,4.86,0.85,15.83,0.82,5.02,19.24,2.62,0.83,0.86,2.57,13.13,14.27,0.86,1.67,3.49,2.54,32.14,1.71,7.36,1.65,1.68,9.98,4.21,14.44,0.83,2.49,0.85,4.23
AACCCACTCCCATGATCACT	1.80	HG00651:6.01	1.63,3.26,1.63,0.83,0.83,1.66,3.32,3.33,1.67,2.51,2.51,0.84,1.66,2.52,0.82,4.93,1.63,2.41,4.10,3.41,2.56,4.33,2.47,0.80,0.83,4.06,0.81,1.68,2.90,0.84,4.25,0.86,2.45,0.84,0.83,2.44,0.79,1.69,1.63,6.01,2.52,1.68,3.36,3.40,1.71,2.49,3.31,0.80,2.48,3.39,3.31,3.13,2.56,1.68,0.82,3.45,0.84,0.83,3.35,1.68,0.85,4.11,0.84,2.53,0.83,1.63,0.83,2.59,1.68,1.63,3.37,2.42,4.48,2.61,3.48,2.43,0.81,0.82,0.81,0.85,4.11,0.83,1.72,1.64,0.85,0.83,3.33,2.51,0.82,0.81,1.70,1.67,1.71,1.65,0.84,3.31,3.31,4.19,1.57,2.57,3.48,0.84,4.36,2.49,0.86,2.48,0.86,0.83,0.82,5.12,0.82,0.84,2.57,1.71,1.69,3.40,3.49,2.54,3.42,1.68,1.69,0.82,3.30,0.84,2.33,0.84,4.99,1.69,0.85,0.84,0.81,1.70,0.83,1.66,2.54
AGAGAGAGGAGAGGG	1.73	HG00651:4.29	0.82,0.83,1.66,0.83,1.60,2.50,0.84,0.82,1.64,0.81,0.80,3.25,1.94,1.63,1.69,4.29,0.87,2.57,1.66,0.83,0.81,1.71,0.84,1.65,0.86,1.66,2.55,0.82,3.35,1.68,0.83,0.82,0.83,0.86,1.68,0.84,0.90,0.87,1.62,0.82,0.81,3.29,0.82,0.83,0.82,0.83,1.65,0.83,0.85,0.84,0.83,0.86,0.82,0.84,2.53,0.85,2.62,2.45,0.78,0.84,0.85,7.10,1.63,0.83,2.55,0.85
AGAGCGCTGAGGCGCCAGG	1.64	HG00651:3.43	0.82,1.67,0.84,0.84,0.80,3.28,0.97,0.82,1.58,0.81,3.43,1.68,2.52,0.83,1.71,41.28,0.83,0.82,0.85,0.84,1.70,0.84,0.82,0.84,3.30,6.72,1.58,0.83
ACCCTCTCCACGCTC	1.43	HG00651:3.43	0.82,0.82,0.83,0.83,0.84,0.85,0.82,2.41,0.85,1.67,0.84,0.84,0.85,0.82,1.63,3.43,0.85,0.83,1.56,2.43,1.71,0.82,0.94,0.84,1.66,1.67,0.85,1.64,0.84,0.86,0.84,1.63,1.61,0.90,0.81,3.22,1.64,0.82,1.71,0.83,0.83,0.81,4.25,0.82,0.85,1.69,0.87,2.45,0.82,2.33,0.85,0.84
AAATGGTGAGAGGCACTGGG	1.12	HG00651:6.87	2.45,2.44,6.66,1.67,6.38,2.51,9.36,1.68,0.81,1.61,2.46,0.83,4.03,4.21,2.53,2.55,14.69,3.27,0.83,4.89,3.15,5.93,0.81,6.87,0.84,2.52,1.68,1.70,1.65,7.23,0.83,4.23,1.56,0.81,7.69,1.68,0.94,1.73,5.04,3.35,5.96,0.82,4.19,0.83,1.67,1.68,0.82,1.79,3.48,2.43,0.81,0.81,0.82,1.72,4.27,4.96,0.83,0.86,1.67,0.81,0.86,0.82,4.72,1.71,0.84,2.61,0.86,1.67,0.84,1.74,0.85,4.12,0.83,2.53,0.85,1.65
ACCATCATCCTCT	1.04	HG00651:1.72	0.83,0.80,0.87,1.72,0.84,0.85,0.82,0.83,0.90,0.83,0.84
