#contig	start	end	unit	top_case_zscore	high_case_counts	all_counts
12	113150291	113151243	AAGGAG	17.93	HG00650:17.93	17.93,19.71
7	135481518	135482961	AAAG	11.88	HG00650:21.19	0.82,0.82,2.44,2.49,0.83,6.70,4.99,2.52,5.75,0.82,1.73,0.82,9.08,9.46,21.19,0.85,3.30,0.85,4.69,6.49,2.59,4.20,0.84,4.20,0.81,9.14,1.62,11.14,6.59,1.67,6.82,3.93,7.71,11.32,8.37,6.85,2.48,5.97,9.85,8.39,2.57,4.28,3.34,3.38,1.70,6.77,0.85,4.20,4.24,6.54,0.82,5.88,11.64,0.84,1.66,5.01,0.81,4.24,1.69
7	131872898	131874272	AAAGG	11.61	HG00650:39.93	27.76,6.65,18.32,14.14,17.02,15.99,18.92,19.73,24.62,11.95,7.69,16.44,10.42,4.17,13.80,12.96,18.14,39.93,13.74,14.29,28.90,7.62,12.50,13.78,16.78,14.68,10.06,11.07,16.75,21.90,9.98,24.26,19.10,14.59,12.81,20.82,21.77,11.93,18.08,18.81
2	17803324	17804260	AAAG	9.78	HG00650:9.78	5.87,9.78
12	125255286	125256228	AAAAG	9.32	HG00650:10.59	10.59,10.67,12.57,6.00,0.87,0.83,2.51
4	141283102	141283756	AAGAAGAGG	8.96	HG00650:8.96	8.96
3	69568808	69570083	AATATATATATATGATGG	6.37	HG00650:10.59	3.27,4.89,1.66,1.67,0.84,1.60,1.68,2.50,1.70,0.82,3.26,2.41,0.85,1.73,4.06,0.97,0.84,0.85,5.03,0.83,1.69,10.59,2.58,2.52,5.10,1.71,1.66,1.65,0.85,1.56,0.81,0.84,2.51,1.65,0.94,1.68,0.83,5.02,0.85,0.82,3.35,0.84,6.02,0.82,3.27,1.69,2.42,1.79,1.74,0.81,1.61,4.11,1.63,0.82,4.10,2.56,3.31,2.50,1.64,5.68,0.85,2.50,2.51,2.51,0.86,0.82,0.86,2.51,4.19,0.84,0.79,0.83
5	52467733	52467996	AAGGG	6.26	HG00650:6.52	6.52,1.61,1.71,0.85,7.32,1.69
4	74501535	74503107	AAAG	6.03	HG00650:17.93	0.82,1.63,7.48,4.17,9.15,5.84,5.85,2.39,4.25,3.26,1.64,1.71,0.85,1.64,1.60,1.62,7.25,5.05,4.22,4.25,1.73,2.45,9.22,0.81,7.10,11.01,17.93,3.43,11.76,7.57,2.52,5.95,11.14,1.66,4.13,1.65,7.30,5.98,2.52,3.35,7.42,6.91,3.36,14.14,10.06,5.11,5.75,5.02,11.79,13.77,10.81,3.45,1.68,4.21,6.45,9.86,4.34,3.48,2.43,3.22,0.81,12.21,9.86,5.81,0.86,7.39,4.14,5.86,9.03,13.78,5.96,2.47,1.66,13.25,8.52,3.14,4.18,10.45,8.37,2.62,3.42,9.10,6.85,5.79,4.11,6.83,0.82,5.88,2.57,1.67,2.53,11.88,6.98,2.54,1.69,3.42,12.60,1.64,1.67,9.98,1.69,2.56,0.85,3.31,2.54
7	42773012	42774405	AAG	5.81	HG00650:39.93	18.78,12.24,4.89,9.15,8.31,0.83,5.01,0.84,11.97,5.01,0.83,3.37,3.29,6.58,13.04,7.24,7.39,20.76,18.91,24.20,6.49,3.22,15.49,21.92,10.21,17.28,3.27,0.84,18.98,23.61,15.77,12.70,39.93,6.87,9.24,23.54,30.26,16.16,10.29,39.76,26.47,12.86,0.83,7.62,19.54,27.33,6.71,20.94,1.89,19.00,12.61,18.41,6.71,5.75,10.95,23.23,15.81,5.72,8.33,11.43,11.80,5.38,10.43,24.37,24.26,23.36,39.41,30.94,5.98,18.07,10.80,1.72,31.60,3.31,8.64,11.72,4.11,20.27,25.53,5.00,9.43,15.74,12.42,5.02,0.85,3.93,0.86,1.67,7.47,12.84,9.42,11.58,3.29,12.80,18.06,5.04,6.00,6.85,6.68,9.28,5.09,4.36,3.38,2.54,2.57,12.60,8.47,10.72,5.02,5.82,4.21,5.85,18.13,2.44,7.64,7.45,12.73,8.47
18	74686439	74687498	AAAAG	5.36	HG00650:5.70	5.70,7.65,4.99,0.83,0.86,0.84
19	7426220	7427358	AAGGAG	4.97	HG00650:6.52	2.45,2.44,0.83,0.83,0.84,0.81,6.52,1.68,0.84,0.85,1.65,0.84,1.70,0.84,2.46,0.82,0.83,0.84,1.66,0.86,3.38,0.79,5.82
18	666374	666844	ACCATCTCCATC	4.85	HG00650:6.52	0.83,1.67,0.84,1.64,0.81,0.97,0.82,0.84,0.81,3.15,6.52,0.84,0.84,0.84,0.83,0.84,1.63,0.81,0.81,0.81,1.64,0.83,0.83,2.46,4.86,2.47,1.67,1.75,0.85,1.71,0.84,0.82
1	102122651	102124190	AAG	4.84	HG00650:22.82	2.45,0.85,8.42,0.82,1.71,0.87,0.80,1.67,0.84,5.81,9.28,13.61,1.73,15.52,15.09,1.65,11.40,3.15,6.77,22.82,15.96,6.73,25.22,9.35,8.67,2.57,12.43,10.75,6.43,2.54,5.03,0.84,0.94,0.86,0.83,0.84,0.85,0.82,0.84,5.82,5.72,14.16,0.86,1.68,5.72,6.74,1.61,4.48,4.34,9.67,5.75,6.52,9.77,8.30,5.15,3.28,1.71,28.95,12.49,12.56,0.82,0.81,0.85,19.99,5.77,7.55,6.63,8.52,13.36,5.14,9.20,0.87,2.51,12.22,0.83,9.93,2.57,0.83,0.85,3.28,3.43,1.71,5.06,1.70,13.09,5.08,0.85,1.71,13.56,10.63,6.60,5.88,5.86,9.15,0.84,6.84,5.85,1.58,7.64,9.10,4.16,9.34,11.01
9	71892425	71893672	AAAG	4.81	HG00650:8.96	1.63,0.83,0.83,5.01,3.34,3.34,0.84,2.47,1.63,2.41,2.56,0.87,0.82,2.40,1.62,0.81,1.68,0.85,2.59,0.84,0.83,0.81,3.94,8.96,1.72,0.84,0.84,2.52,0.87,3.43,7.46,4.14,0.80,0.83,1.69,0.81,0.85,1.65,0.94,1.73,2.52,0.84,1.68,2.55,0.82,1.68,4.09,0.83,6.72,4.90,0.84,1.61,4.48,1.74,0.87,1.64,0.81,6.84,1.64,0.83,1.72,4.10,0.85,3.31,2.59,1.64,0.81,2.55,1.68,0.83,0.83,0.87,0.84,0.87,3.32,0.86,0.83,1.71,0.83,0.85,0.82,0.84,1.71,0.84,3.38,0.85,0.82,1.65,0.84,1.66,1.71,0.84,0.79,0.83,1.70,0.85
10	47589053	47590234	ACTCCAGCATCCTCAGCTC	4.37	HG00650:5.70	0.82,0.84,0.80,0.83,0.81,1.61,1.69,3.15,0.85,5.70,0.86,0.84,1.73,0.83,0.84,0.85,0.82,0.84,3.27,0.84,1.62,1.66,0.82,0.83,0.83,0.82,0.86,0.85,0.82,1.66,0.79,0.85,0.83
22	45475874	45476801	ATC	4.35	HG00650:13.85	4.90,5.71,4.89,5.82,5.01,7.49,8.31,2.50,10.02,6.69,4.79,5.01,5.86,4.99,7.66,9.26,6.58,8.22,6.52,4.83,5.75,3.41,5.98,5.19,2.47,7.21,6.68,3.25,8.86,10.93,3.87,5.90,12.76,4.32,5.72,0.84,8.25,4.07,3.94,3.39,13.85,6.87,5.88,7.57,6.73,5.95,7.80,4.29,1.66,5.79,4.02,3.30,3.39,4.96,3.13,6.49,1.71,4.19,3.35,4.12,6.61,6.05,5.88,6.65,5.86,4.19,3.41,7.39,4.19,0.84,6.88,6.66,4.90,5.83,4.31,3.36,7.35,4.21,8.88,6.27,3.48,0.87,4.85,7.25,7.39,7.33,4.89,4.27,4.93,4.15,4.29,8.21,5.98,4.96,3.33,5.19,7.54,0.82,4.05,7.66,10.00,2.57,6.59,0.84,4.97,4.97,4.19,3.41,1.57,4.29,3.34,4.35,6.69,0.87,7.47,7.70,2.48,7.71,4.14,4.93,10.24,8.21,4.20,9.43,6.00,2.51,10.13,3.40,4.36,2.54,5.92,8.56,9.24,5.93,4.09,5.77,7.56,3.11,4.19,5.82,5.90,5.98,5.01,2.37,2.44,12.74,4.14,5.82,3.39,6.77
2	102401597	102402472	AG	3.82	HG00650:5.70	0.82,0.83,1.67,0.84,0.83,0.81,1.64,0.80,1.62,1.61,0.84,4.84,1.69,0.85,0.82,5.70,0.84,0.85,0.87,1.71,3.31,0.80,0.85,0.82,0.94,2.50,1.67,0.83,1.67,4.34,1.74,0.82,0.81,2.46,0.83,0.86,1.67,0.85,0.79,0.83,0.84,1.70,0.85
2	1192495	1193818	ACACATATATATAT	3.71	HG00650:6.52	0.82,1.66,0.83,0.80,2.51,0.83,1.70,0.80,1.71,1.73,0.84,1.63,2.37,6.52,0.86,1.68,1.70,1.73,1.71,0.83,0.85,0.84,7.49,1.63,0.81,0.87,0.81,0.81,0.82,0.83,1.64,0.83,0.84,0.82,0.81,0.85,4.35,0.83,5.75,7.55,1.71
10	1368286	1370027	ACGGCCCAGCGCCTCCCC	3.40	HG00650:12.22	4.08,0.82,4.89,4.16,2.50,1.67,1.60,0.84,1.66,0.85,0.84,9.05,2.44,0.80,0.82,2.56,6.06,2.47,1.67,1.62,8.06,6.75,5.10,5.18,6.54,6.60,3.26,12.22,0.86,2.52,2.52,6.07,3.43,2.49,0.83,8.84,2.48,1.69,1.65,5.47,2.43,2.52,7.54,5.77,2.52,2.50,1.68,0.85,3.29,1.67,3.37,4.30,10.81,1.67,5.04,3.37,6.45,3.48,1.61,3.28,3.26,6.51,6.57,0.82,1.71,3.31,1.67,0.86,0.84,0.82,5.68,2.50,5.14,4.94,2.48,1.66,5.86,1.70,6.29,1.71,1.67,4.15,7.45,8.57,6.83,8.21,8.58,4.18,9.28,6.98,1.71,4.91,8.25,17.08,5.86,0.83,4.27,4.18,4.25,5.79,14.43,10.16
11	74838198	74838735	AAAGAGAG	3.26	HG00650:3.26	3.26
11	63880626	63882254	ATCC	3.21	HG00650:11.41	4.90,2.45,2.44,5.82,2.50,5.82,4.16,1.67,1.67,5.01,3.99,3.34,6.70,2.50,5.96,2.52,4.11,4.93,4.07,8.85,2.46,7.68,3.42,4.33,6.58,1.60,8.35,6.49,4.03,8.41,10.65,5.90,3.40,1.73,3.27,2.52,3.30,4.89,5.52,6.77,11.41,1.72,5.04,4.20,5.88,5.10,1.73,3.43,5.80,6.62,1.61,4.95,5.08,7.44,3.91,3.24,5.13,4.19,3.35,4.94,2.83,6.05,4.20,4.16,5.02,4.19,3.41,3.29,4.19,4.21,5.16,5.82,4.09,8.33,3.45,1.63,5.90,6.45,2.69,4.34,6.96,4.85,8.06,7.39,4.07,2.44,7.69,4.11,9.97,1.72,3.28,2.56,4.96,5.00,3.46,6.70,1.64,7.30,5.11,5.83,4.28,4.12,5.03,2.48,4.14,4.19,1.70,8.65,3.43,5.02,3.48,2.51,6.11,6.64,4.28,3.31,6.85,4.14,4.93,8.53,4.10,5.88,2.57,1.71,6.68,4.22,2.55,6.11,2.54,4.23,7.70,5.04,5.08,1.64,2.47,1.68,2.33,2.51,4.99,3.37,2.56,4.18,2.37,3.25,4.25,3.31,6.65,5.09,5.08
1	32060308	32061468	AAAG	3.18	HG00650:4.07	0.83,0.84,0.84,0.85,0.87,4.07,4.25,1.56,0.84,0.86,1.79,0.81,1.64,0.81,0.86,0.84,0.81,0.85
3	134116925	134118410	AAAG	3.12	HG00650:9.78	2.45,0.81,1.66,0.83,6.65,2.50,5.01,2.51,0.80,2.51,3.40,1.68,0.80,0.85,0.85,2.60,3.20,0.83,5.64,0.97,7.59,0.85,5.72,3.35,0.79,5.93,9.78,1.72,0.84,3.36,4.20,5.10,4.34,0.86,5.80,2.48,5.63,0.85,4.13,1.62,2.56,10.07,0.84,4.94,6.61,0.86,0.84,0.83,3.35,2.55,0.84,3.27,3.33,2.59,5.88,2.53,2.42,3.58,4.34,0.87,0.81,1.64,1.63,2.44,1.71,4.11,2.49,4.29,3.28,5.12,3.31,2.50,3.46,0.84,2.46,1.62,1.70,2.50,1.71,3.30,0.84,3.31,7.45,4.19,4.26,6.00,2.51,1.74,3.35,0.87,2.49,1.65,3.43,4.14,1.64,3.41,2.46,2.52,6.86,10.28,1.67,1.69,2.55,2.62,0.85,0.85,6.85,5.04,3.27,0.82,3.36,3.35,0.83,0.84,4.27,2.51,3.15,2.44,0.85,4.14,0.83,1.70,3.39
2	1216934	1218736	AG	3.08	HG00650:8.15	2.45,1.63,0.81,3.33,5.01,0.83,4.16,3.33,4.17,3.34,7.98,6.68,4.19,0.83,0.85,0.84,2.47,4.11,4.07,2.41,6.57,4.27,0.85,1.73,1.64,1.60,8.35,1.62,3.22,3.36,1.94,0.84,0.85,4.32,1.63,1.68,4.07,0.79,0.85,8.15,3.36,1.68,0.84,1.70,0.86,0.83,1.65,3.21,0.83,3.91,0.81,5.87,0.84,1.65,0.94,3.45,0.84,1.67,4.19,3.29,0.84,4.16,4.90,0.83,1.68,1.63,1.69,0.81,1.79,0.87,4.35,0.81,0.82,1.63,0.81,3.42,1.64,4.92,1.71,4.14,1.67,2.59,0.84,1.64,1.62,0.85,1.67,2.47,0.84,0.83,2.48,0.84,1.57,0.84,2.61,1.66,1.65,1.71,0.83,0.82,3.28,1.68,0.84,3.38,5.09,1.69,4.23,0.86,0.85,3.27,0.82,2.33,2.50,0.84,1.71,0.84,0.79,1.63,3.40,0.83,4.16,0.85,1.69
22	41142534	41143153	ACGGGAGAGGGAGAGGGAG	2.93	HG00650:8.15	4.90,2.45,4.89,2.49,1.67,2.49,4.16,0.83,3.99,5.01,2.51,0.83,2.55,1.68,2.47,2.47,5.70,1.61,0.82,1.71,3.42,4.33,4.01,4.17,1.62,2.42,1.68,0.97,2.53,2.59,10.06,0.83,1.63,9.46,1.69,8.15,3.43,0.84,1.68,1.70,1.73,2.57,2.48,0.80,0.83,1.69,2.48,2.34,3.24,0.85,5.03,0.84,4.94,3.78,4.32,3.36,1.66,2.51,0.84,0.85,0.82,4.19,2.53,3.44,5.82,4.90,4.31,1.68,0.82,0.84,1.61,0.87,1.74,3.23,0.81,2.46,4.07,2.44,2.56,2.46,4.29,4.92,0.85,0.83,3.35,0.81,3.40,1.67,1.71,1.65,0.84,0.83,1.67,1.70,3.14,1.71,1.67,2.51,4.36,0.83,5.14,2.48,4.28,2.48,4.11,0.85,1.71,3.34,2.55,3.38,3.38,5.08,2.45,2.52,6.99,0.83,1.69,1.71,0.84,4.07,0.85,2.48,1.66,4.24,0.85
21	40114353	40115569	AG	2.90	HG00650:11.41	4.08,4.08,4.07,0.83,5.01,6.66,2.49,4.16,8.35,9.19,3.99,0.84,2.51,4.16,6.81,3.37,1.65,3.29,2.44,4.02,5.12,5.98,2.60,7.40,4.01,0.83,4.06,2.42,2.52,8.71,4.22,5.10,2.45,3.35,4.13,4.07,2.37,1.69,11.41,6.87,5.04,4.20,5.88,5.95,3.47,6.00,6.63,7.44,4.82,3.30,5.08,1.56,1.62,5.13,2.52,3.35,4.72,7.77,10.09,1.66,8.37,4.19,6.81,5.02,1.68,6.02,8.32,4.90,5.00,2.59,3.36,5.72,0.84,3.23,7.17,4.34,6.09,3.23,1.61,2.46,5.70,1.63,4.27,1.64,6.64,4.29,3.28,1.71,9.10,1.67,3.46,0.84,6.57,2.43,3.40,4.17,0.86,4.94,3.36,8.28,1.66,1.67,1.70,1.57,1.71,6.69,4.35,4.18,6.11,7.47,2.57,0.83,8.57,1.65,2.47,8.53,2.46,7.55,8.58,4.28,5.85,10.13,4.24,7.85,4.23,3.38,6.85,7.56,3.39,1.65,2.52,3.35,2.50,5.06,5.13,3.34,0.79,2.44,4.25,6.62,4.99,5.94,3.39
12	83802981	83803675	AT	2.83	HG00650:3.26	3.37,3.26,0.86,1.68,1.66,2.50,1.66
9	137868336	137869711	ACACATATATATAT	2.71	HG00650:10.59	0.82,9.77,4.16,0.83,4.16,0.83,1.67,5.58,1.67,1.68,1.70,2.52,3.29,8.22,8.05,2.46,1.71,5.19,6.58,7.21,8.93,1.61,2.52,1.94,0.84,5.10,1.73,7.55,0.83,0.79,5.08,10.59,4.29,3.36,1.68,3.36,0.87,4.29,1.66,2.48,4.23,0.83,3.91,2.43,2.56,4.19,8.24,3.78,1.73,0.84,2.50,1.70,4.11,5.02,0.86,3.33,4.90,1.67,1.73,5.04,2.45,2.53,1.61,2.69,0.87,4.35,4.04,2.42,3.28,4.89,5.70,1.71,0.82,5.81,1.72,1.64,1.71,2.48,2.50,3.46,3.35,6.57,8.11,5.96,0.83,0.86,10.07,0.83,1.66,2.51,6.29,5.85,3.48,0.84,2.57,11.58,6.00,1.64,0.85,0.84,4.29,3.43,5.01,2.55,0.87,4.23,5.07,0.86,7.54,0.84,0.85,2.51
15	100793717	100794272	AAGGTAGAGGGGGAGGGG	2.49	HG00650:6.52	1.66,0.83,0.84,2.50,1.70,4.11,2.47,2.44,0.80,0.82,2.56,0.85,1.73,4.11,3.20,4.17,1.62,0.81,2.52,0.84,0.85,0.86,2.52,1.65,1.63,0.79,3.39,6.52,3.36,0.84,1.68,3.40,2.57,0.83,1.65,0.85,1.65,1.68,0.94,0.86,0.83,0.84,2.46,1.67,0.86,0.82,2.50,0.86,3.36,0.84,1.61,1.79,1.74,0.87,0.81,0.81,3.28,1.63,2.56,3.29,0.83,0.86,3.31,3.46,2.51,1.64,1.62,2.55,1.67,3.43,3.30,0.84,2.48,1.66,0.79,0.86,2.51,0.87,0.83,1.65,3.43,0.82,1.64,5.88,0.86,3.43,0.84,0.85,0.85,5.13,2.52,1.69,0.82,2.47,2.52,3.88,4.19,1.66,3.37,1.71,3.34,3.15,1.63,5.79,1.66,4.24,0.85
7	96941208	96942511	AAAG	2.40	HG00650:13.04	4.89,10.81,0.84,10.21,0.80,11.96,7.21,1.67,0.81,12.09,5.10,10.25,3.39,13.04,5.89,5.93,19.83,1.56,1.62,5.66,10.36,1.67,5.96,4.83,18.88,0.83,10.71,3.34,6.85,4.10,0.85,5.88,5.04,10.25,10.25,0.83
6	43925843	43926205	AAG	2.39	HG00650:3.26	0.83,0.84,0.97,0.83,3.26,1.73,0.86,0.86,0.82,0.84,0.82,0.86,1.65,0.84,0.86,0.84,0.81
12	48655165	48655464	AAGGGTGGGAGGAGGGTG	2.37	HG00650:2.44	2.45,0.81,2.44,1.69,1.64
2	1217815	1218609	ACAGAGACAGAGAGAG	2.36	HG00650:3.26	0.83,0.83,0.80,0.84,0.80,1.61,0.84,3.26,1.67,0.84,1.68,0.85,0.84,3.34,0.85
11	119612519	119613250	AC	2.36	HG00650:3.26	0.82,0.83,0.83,0.84,0.80,0.84,0.81,0.85,0.84,3.26,0.86,1.68,0.83,0.80,0.85,0.78,0.84,0.94,0.84,0.85,0.82,0.86,0.84,0.84,0.82,0.85,0.82,0.86,0.82,0.86,0.86,0.84,0.83,0.86,1.71,0.84,0.85,0.87,0.85,0.85,0.82,0.83,1.66
15	41323545	41324938	ACAGC	2.34	HG00650:17.93	9.80,15.50,9.77,9.98,10.85,5.82,8.31,10.83,12.52,11.70,11.97,6.68,10.05,4.99,17.02,6.73,7.40,12.33,21.19,8.85,8.21,11.09,6.83,9.52,10.69,14.42,8.35,17.86,14.51,14.30,7.74,7.59,15.31,15.55,6.54,9.22,9.90,13.03,9.46,10.16,17.93,8.59,8.40,9.25,10.93,15.31,12.14,9.43,10.77,8.27,8.84,8.26,6.77,12.40,6.25,8.11,9.40,13.42,10.89,5.77,12.27,10.36,9.25,9.15,7.53,6.71,5.11,13.14,8.37,10.11,18.93,7.49,12.26,13.32,6.04,8.40,11.43,10.95,9.68,8.07,12.16,11.31,6.47,14.50,8.21,9.78,7.33,3.42,7.39,6.64,15.44,8.21,5.98,8.27,9.99,12.10,6.70,9.03,14.59,5.96,5.00,5.14,5.77,9.23,4.14,9.94,7.54,10.23,0.79,5.14,0.84,7.83,2.51,6.11,11.62,8.56,5.79,10.28,1.65,7.40,6.83,4.93,8.39,9.43,5.14,5.01,1.69,10.19,6.77,10.99,17.11,5.04,10.17,1.64,10.72,7.56,13.20,5.02,8.32,3.37,5.98,6.69,4.73,8.95,5.94,13.24,10.81,10.18,6.77
10	129537497	129537859	ACACCCACACCCACACTC	2.28	HG00650:2.44	2.44,0.85,3.45,0.83,0.81,0.87
20	49282127	49283366	AAAAG	2.25	HG00650:30.97	17.91,20.79,15.82,23.56,13.85,20.48,8.81,14.61,10.09,14.69,30.97,18.89,22.68,15.13,18.43,14.16,19.00,51.57,7.74,14.97,23.53,15.51,32.26,15.60,5.70,6.84,12.32,31.56,25.64,19.98,10.37,34.05,26.56,12.59,2.57,5.85,24.84,8.57,10.92,6.78,5.82,0.84,11.70,7.10,7.64
7	105373484	105374435	ACCCATCCATCCATCC	2.18	HG00650:4.89	0.82,0.82,0.81,0.83,0.84,0.83,0.84,0.82,0.82,0.85,1.73,1.64,0.84,0.84,2.59,1.63,0.84,2.44,1.69,4.89,1.68,0.84,0.85,0.83,0.81,0.84,0.86,0.84,0.82,1.66,1.63,1.67,1.68,0.82,0.84,1.61,0.87,1.63,0.85,2.46,0.83,1.64,3.42,1.65,0.83,4.32,1.70,1.67,0.84,0.83,1.70,1.71,0.84,1.74,1.67,3.32,2.57,1.71,0.83,1.64,3.28,1.68,1.70,0.85,2.54,5.08,1.65,3.35,1.66,0.79,1.65
1	1225488	1226103	ACACGGGACGGAGCAGAG	2.02	HG00650:7.33	1.63,1.67,0.83,0.83,2.51,1.68,0.83,0.85,0.82,0.82,2.56,1.71,3.34,0.81,2.52,1.70,1.73,5.72,1.58,3.39,7.33,2.52,3.36,0.85,8.84,4.13,3.13,0.85,0.84,0.84,9.06,1.89,0.86,2.50,1.68,1.64,0.84,1.72,2.50,2.45,2.52,1.63,2.53,4.03,2.61,3.23,0.83,0.86,2.46,1.71,2.51,0.82,5.68,0.83,1.66,3.35,0.79,1.74,0.83,1.71,1.71,3.29,3.41,7.55,5.85,0.85,0.84,0.85,1.64,0.82,4.19,5.85,1.58,2.44,2.55
6	8978009	8978347	AAGG	2.01	HG00650:2.44	0.84,0.84,2.44,0.83,0.86,0.87,0.85,2.51
9	4734655	4735701	AAATATATATATACATATAT	1.99	HG00650:8.15	2.45,6.51,1.66,2.50,0.83,5.86,9.15,0.84,5.75,0.81,0.85,2.90,1.68,1.65,3.94,8.15,6.01,1.70,6.60,3.39,0.83,0.81,2.52,1.68,1.68,4.93,1.68,4.20,3.23,3.28,1.71,0.84,0.82,5.83,2.57,4.14,0.83,8.52,0.84,4.18,5.81,0.83,7.71,3.31,10.69,0.84,2.51,5.91,0.87,0.85,0.85,1.71,3.27,2.47,0.78,0.84,2.56,1.67,0.79,3.25,5.10,4.99,1.69
1	3176682	3177234	ACCACCACCATCATC	1.85	HG00650:4.89	0.81,0.83,1.67,0.83,0.83,1.67,0.80,1.68,0.83,0.85,3.37,0.82,2.46,0.85,0.80,1.67,2.90,1.69,1.70,2.45,5.03,0.83,3.15,5.08,4.89,0.86,4.14,1.61,0.78,0.85,1.68,0.84,0.86,0.84,1.64,0.84,0.86,1.66,0.83,0.86,1.68,3.27,2.53,4.84,0.87,1.62,0.81,0.81,0.82,0.83,3.24,0.83,0.84,1.66,1.71,0.84,0.84,1.69,0.85,0.85,1.65,0.83,0.84,0.85,0.81
6	166032065	166033493	ACACT	1.82	HG00650:16.30	12.25,6.53,7.33,16.63,6.68,9.15,9.97,6.66,5.84,14.21,13.56,10.86,15.92,4.99,13.61,9.26,9.87,12.33,4.07,5.63,9.85,11.09,11.96,9.52,12.33,4.81,11.68,8.12,5.64,11.77,6.78,9.28,4.25,4.32,8.17,10.90,13.20,4.89,10.25,12.70,16.30,7.73,15.12,14.29,5.88,16.16,6.07,8.57,9.11,8.27,4.82,11.56,10.16,10.74,5.47,6.49,3.42,8.39,8.38,4.12,12.27,10.36,8.41,4.99,10.04,5.03,8.52,6.57,9.21,5.05,6.88,8.32,6.54,11.66,9.49,7.56,6.53,6.74,7.26,8.96,5.21,9.57,8.90,9.67,8.21,5.70,8.14,7.69,9.04,6.64,5.15,9.03,6.83,8.27,6.66,6.05,8.37,6.57,6.49,10.21,10.00,6.00,9.07,3.36,8.28,4.14,3.35,4.26,3.93,6.86,7.52,6.09,10.04,1.75,3.32,7.70,6.62,7.71,4.14,8.22,11.10,5.75,6.72,6.00,3.43,5.85,5.06,5.94,2.62,1.69,10.99,4.28,5.04,9.32,11.45,4.95,15.96,5.43,1.67,4.16,9.27,10.25,10.03,3.94,9.76,8.49,8.27,14.97,1.70,5.08
10	6894182	6895013	AT	1.79	HG00650:2.44	2.45,1.65,2.44,0.84,1.61,0.87,0.82,1.66,3.35
20	17061164	17062393	AAAAT	1.75	HG00650:20.37	4.16,1.67,24.22,16.64,10.10,16.90,11.77,20.37,26.90,5.10,7.72,6.61,8.54,12.77,16.65,12.94,28.52,20.76,12.81,10.68,9.73,9.11
11	78901135	78901794	ACGGGAGAGGGAGAGGGAG	1.75	HG00650:8.96	1.63,3.26,4.07,6.65,2.50,4.99,2.49,1.67,2.50,0.84,3.99,4.18,5.03,2.50,5.11,1.68,4.94,2.47,3.26,7.24,11.49,3.41,5.13,1.73,1.64,3.20,2.50,4.87,0.81,2.52,1.94,4.22,0.85,5.18,5.72,0.84,2.48,1.63,2.37,5.08,8.96,1.72,5.88,4.20,5.04,0.85,3.47,1.71,3.31,0.83,3.21,1.65,0.85,2.48,2.34,4.05,2.56,5.03,1.68,5.77,2.83,5.88,4.99,3.35,1.68,6.81,2.46,4.19,4.21,1.72,5.82,0.83,2.59,5.88,4.08,0.84,2.42,0.90,3.48,4.35,4.04,4.03,4.11,5.70,2.44,4.27,5.75,4.98,1.72,4.10,2.56,3.31,5.00,2.59,2.46,4.05,5.96,1.67,4.28,3.30,4.20,2.48,0.83,3.35,2.56,6.29,3.43,3.34,2.61,2.51,2.62,4.28,4.14,4.28,1.71,9.85,1.68,0.86,1.71,3.34,4.22,0.85,0.87,4.23,4.23,1.71,3.36,6.78,7.36,2.47,5.88,9.32,5.86,2.50,6.74,6.84,4.18,10.25,4.88,7.64,0.83,6.65,4.24,2.54
22	28932664	28933900	AAACT	1.74	HG00650:13.85	5.08,13.85,21.51,18.78,23.40,9.86,5.21,25.94
7	1310847	1311960	ACACTGCCCACCTCCCACAG	1.63	HG00650:23.63	2.45,19.58,12.21,4.16,10.82,4.16,1.67,7.51,2.51,10.37,12.53,3.35,15.81,10.21,0.84,9.87,13.15,5.70,4.83,4.10,10.24,6.83,6.06,7.40,6.41,13.80,5.64,11.77,16.46,10.12,22.12,6.05,13.07,11.74,16.50,13.84,23.66,5.93,23.63,3.43,10.08,10.93,5.04,12.76,19.08,8.57,15.74,22.33,21.70,4.13,6.77,1.65,3.13,7.30,1.71,3.36,10.05,14.83,1.89,9.50,9.25,0.83,4.18,10.90,2.55,4.93,5.02,14.32,2.58,9.98,6.54,10.82,12.08,8.40,4.08,3.37,26.63,10.75,8.69,16.53,16.98,4.03,14.78,4.89,3.26,21.36,5.75,8.30,18.02,14.77,0.85,22.33,3.33,19.88,4.19,4.11,21.08,5.11,19.99,7.71,10.71,8.39,17.39,12.42,15.07,4.26,10.22,4.29,19.23,17.41,20.08,12.22,11.62,4.28,21.51,16.28,25.65,12.33,4.93,22.66,13.72,10.28,3.34,26.16,6.79,6.98,11.00,5.92,3.42,7.56,2.54,9.81,4.95,3.36,5.43,14.23,9.15,16.86,7.69,10.03,0.79,13.83,16.14,14.89,9.15,5.94,13.55
22	48491613	48491749	ACCCCCCCCCCCCCCCCGC	1.63	HG00650:1.63	1.63,0.86
13	107080376	107080412	AAAT	1.63	HG00650:1.63	1.63,0.84
5	153796040	153796041	AC	1.63	HG00650:1.63	1.63
6	27113259	27113260	AC	1.63	HG00650:1.63	1.63
6	82972861	82972862	AAAG	1.63	HG00650:1.63	1.63
X	12217381	12217382	AC	1.63	HG00650:1.63	1.63
5	44301967	44302175	AAGG	1.62	HG00650:1.63	1.63,0.86,0.82
1	12718357	12718797	AAAG	1.62	HG00650:1.63	1.63,0.84
8	78398085	78398359	ACATATATATATATAT	1.62	HG00650:1.63	0.85,1.63,0.86,0.86
Y	3640626	3641027	AAAG	1.59	HG00650:2.44	0.83,0.82,0.87,0.80,0.97,2.44,2.52,0.84,1.66,0.84,0.84,0.85,0.86,0.82,0.84,0.83,0.78
18	712141	713025	AAGCGCGGACGCCGTGGT	1.58	HG00650:1.63	0.83,1.63,0.83,0.87,0.84
12	120357750	120358260	AGAGGC	1.57	HG00650:8.96	10.61,6.66,6.66,3.34,5.01,2.39,4.19,1.65,2.46,5.98,8.65,1.64,5.61,6.68,9.74,3.22,0.86,1.68,8.96,5.15,5.04,6.43,4.95,6.77,10.25,5.03,5.86,1.65,4.32,5.88,4.99,7.74,5.72,6.45,6.96,1.63,4.27,13.13,2.56,2.48,4.93,4.86
1	216223234	216224422	AAAGG	1.55	HG00650:14.67	1.63,5.70,1.66,5.82,8.31,3.34,7.52,9.57,4.19,1.70,9.05,7.40,4.89,8.21,1.71,7.69,7.21,1.67,5.05,7.59,7.66,8.64,3.27,10.06,0.83,15.77,14.40,14.67,8.59,5.88,8.41,18.71,6.86,1.66,9.93,1.65,5.93,9.09,13.28,0.81,4.27,11.75,10.05,6.59,0.86,1.68,0.84,9.37,7.39,5.16,8.32,9.99,10.08,7.35,7.58,12.10,18.82,2.61,3.22,5.75,11.41,12.21,2.56,2.46,10.80,6.86,10.67,9.39,14.06,9.16,9.51,4.19,10.68,13.61,1.66,2.57,5.14,4.18,4.66,0.81,1.70
2	240837897	240838999	ACACCCCTCCATC	1.53	HG00650:2.44	0.82,0.97,0.83,1.63,2.44,2.52,1.63,0.84,0.85,6.00,0.84,1.70
5	171997649	171998214	AAGGAGGGAGGGAGGGAGGG	1.53	HG00650:1.63	0.82,0.81,1.63,1.73,0.83
14	90910506	90910965	AAGG	1.50	HG00650:3.26	0.83,0.84,0.85,0.82,4.19,0.81,0.85,3.26,4.20,0.83,1.69,0.85,0.84,1.67,1.67,0.83,0.86,1.68,0.84,2.42,3.48,1.61,0.86,1.64,2.43
16	8611771	8615154	ACTC	1.49	HG00650:17.93	0.82,5.71,7.33,9.15,3.34,13.31,12.47,7.49,5.84,21.73,3.99,11.69,8.38,17.47,10.21,9.26,5.76,6.58,10.59,9.66,9.85,8.53,9.40,10.38,7.40,8.01,17.53,11.36,4.03,11.77,17.43,8.43,16.16,2.59,8.17,11.74,6.60,8.14,5.52,5.08,17.93,14.60,13.44,11.77,10.09,8.50,11.27,13.72,5.80,10.75,10.45,8.26,9.32,4.96,3.91,4.86,3.42,12.58,14.24,7.42,6.61,16.41,7.57,4.16,8.37,6.71,8.52,5.75,6.70,5.05,16.35,15.81,7.36,11.66,3.45,10.08,13.88,3.37,10.49,10.75,3.48,8.70,7.28,4.03,4.93,7.33,7.33,11.96,1.64,8.30,13.73,9.03,5.98,7.44,6.66,6.92,4.19,10.68,22.70,8.51,7.50,18.85,7.42,10.91,10.77,4.97,2.51,3.41,0.79,4.29,5.85,7.83,10.04,8.73,8.30,9.41,9.93,10.28,1.65,6.58,5.12,4.10,12.59,7.72,3.43,10.02,9.28,16.13,4.36,5.92,10.15,4.28,6.72,5.08,6.54,9.90,8.40,4.66,6.70,4.99,3.37,11.96,10.87,7.10,8.14,5.10,4.96,13.30,3.39,9.31
X	120904207	120904902	AT	1.49	HG00650:1.63	1.63,1.68,0.82,0.84,0.84,1.67
11	11267545	11267923	ACACAGAGAGACAGAG	1.49	HG00650:1.63	1.63,0.86,0.82,0.83,2.51,0.84
9	138225143	138225399	ACC	1.48	HG00650:1.63	0.85,1.69,1.63,0.84,0.83,0.82
7	93226302	93227011	AG	1.48	HG00650:1.63	0.84,1.63,0.86,0.83,0.83,0.82
7	151551424	151553161	ACACACACCACCCTCC	1.46	HG00650:6.52	2.45,1.63,0.81,4.16,2.50,0.83,6.65,1.67,0.84,0.80,2.51,0.84,0.83,1.70,3.29,2.47,0.81,0.80,2.46,2.56,3.42,0.87,4.11,1.60,0.83,2.43,4.03,0.84,7.74,3.37,2.45,2.52,0.83,0.81,3.94,1.69,6.52,3.43,4.20,0.84,5.04,1.71,1.66,5.63,1.65,3.13,0.81,5.13,2.51,4.12,5.66,3.45,1.68,1.66,1.68,2.55,0.84,5.05,1.72,2.50,0.82,0.83,3.45,2.45,3.37,4.03,0.90,1.74,0.87,1.62,4.03,1.64,2.44,0.81,4.27,2.57,4.92,0.85,2.48,0.86,2.46,3.24,2.50,0.86,1.65,2.48,7.45,4.19,0.85,0.79,0.86,0.84,1.74,1.67,1.66,0.83,4.28,1.64,4.10,1.72,4.28,2.51,3.38,0.87,0.85,0.85,1.71,0.85,0.82,1.65,1.68,2.51,2.50,1.69,2.37,0.81,2.55,1.65,0.85,2.54
6	19636485	19637651	AAAG	1.45	HG00650:16.30	9.15,4.16,7.18,11.69,13.31,16.23,15.62,8.01,20.29,15.31,8.17,8.39,11.40,7.10,5.93,16.30,12.61,10.20,17.40,12.97,1.68,3.41,10.05,12.60,10.11,16.14,0.87,8.86,13.84,16.41,9.43,0.82,0.82,13.54,0.83,0.85
6	158577305	158578449	AAATATATTAATATTTATAT	1.45	HG00650:4.07	1.63,1.66,0.83,0.83,1.67,0.84,4.19,0.83,1.68,2.47,0.82,0.85,0.84,2.45,0.83,2.44,0.79,4.07,1.68,1.71,0.80,0.83,0.78,1.62,0.84,1.68,0.84,0.85,0.82,1.67,1.73,0.87,0.81,4.07,0.83,0.86,0.83,4.16,4.11,0.81,1.70,1.66,1.66,0.83,1.64,2.54,1.55,3.42,1.58,2.44,0.85
6	168764672	168765616	AATCACCTCCCAG	1.44	HG00650:2.44	0.82,0.81,1.67,2.44,0.86,0.84,0.83,0.85,0.81,0.83,1.67,0.83,0.83,0.85,0.84,1.67,0.85,1.63,0.85
4	27417728	27418669	AAAG	1.43	HG00650:3.26	0.83,3.26,3.43,0.84,7.83,3.22,4.89,3.42,0.86,1.71,14.70,0.81,0.81
6	168783722	168784189	AC	1.41	HG00650:2.44	0.83,0.84,0.80,0.85,0.81,0.81,1.68,0.84,0.81,1.58,2.44,1.65,0.85,0.81,0.84,0.86,0.83,0.84,0.86,0.84,0.84,0.81,0.81,0.85,0.83,1.66,0.84,0.87,0.86,0.85,0.84,0.84,1.65
9	14010168	14011316	AAAG	1.38	HG00650:8.15	2.49,0.83,4.18,1.60,6.68,0.84,0.83,6.58,4.02,4.92,11.25,12.33,9.18,2.42,8.15,5.78,16.53,0.78,0.81,1.71,1.68,8.38,0.82,0.94,4.18,2.52,6.81,0.82,0.82,0.83,1.70
16	80230106	80231749	ACACACACACATATATAT	1.36	HG00650:4.89	4.90,0.82,0.81,4.16,2.50,3.33,1.60,1.68,0.84,1.65,0.82,0.81,0.80,1.71,0.87,0.82,2.50,0.81,0.81,0.97,3.37,0.85,0.86,2.45,1.68,2.48,0.81,1.58,2.54,4.89,1.68,0.84,1.68,2.55,0.87,2.57,4.14,1.65,2.41,0.83,0.78,1.71,0.84,1.65,0.94,0.86,0.84,1.68,1.70,2.46,1.67,4.30,2.50,1.63,1.73,3.23,0.87,5.66,2.42,0.82,0.81,2.44,1.64,2.49,3.43,3.28,0.83,0.86,0.84,2.46,1.62,2.55,1.67,1.71,0.82,0.84,1.67,0.85,0.79,3.43,2.51,1.67,0.87,0.83,2.57,0.82,0.82,3.40,3.49,0.84,1.69,0.82,0.82,0.84,0.83,0.84,0.85,2.51,0.81,0.83
5	142840638	142841904	AAAG	1.36	HG00650:4.07	3.26,1.66,0.82,3.22,3.28,0.85,2.53,3.40,0.84,0.81,1.58,3.39,4.07,1.66,0.83,0.85,3.30,0.86,0.85,0.82,2.50,0.83,1.73,0.81,1.73,0.82,3.30
17	70300126	70300963	AC	1.35	HG00650:2.44	0.81,1.66,0.84,0.84,0.81,0.82,0.85,1.63,2.44,0.84,0.84,0.85,1.73,0.86,0.80,0.83,1.68,0.84,0.86,0.83,0.84,0.81,0.87,0.82,0.85,0.84,0.85,0.79,0.84,0.83,0.83,0.86,0.82,1.71,1.68,0.82,0.84,0.79,0.85
20	55666242	55666549	ACACACACCTCCACCC	1.35	HG00650:1.63	0.82,1.63,0.84,0.84,0.82,0.84,1.70
21	36720156	36721563	AATAG	1.34	HG00650:5.70	0.82,1.66,0.83,0.80,1.68,0.80,2.40,4.87,3.87,3.37,1.73,1.63,2.52,4.89,6.31,2.54,5.70,0.86,0.84,2.52,2.55,4.14,3.31,3.21,0.83,1.56,1.68,0.84,0.82,0.84,0.84,0.85,0.82,5.02,0.86,5.82,2.50,5.18,4.20,2.45,1.69,1.61,0.90,2.61,1.74,4.85,1.61,0.81,2.44,1.71,3.29,1.66,2.57,0.82,1.71,1.67,0.86,0.84,0.85,0.79,0.86,0.87,2.54,2.56,2.51
1	5171948	5172942	AGAGGG	1.34	HG00650:4.89	1.63,0.82,1.63,1.66,0.83,2.50,1.67,3.34,3.99,0.84,0.84,0.83,5.11,0.84,0.82,1.63,0.80,0.82,1.71,1.73,0.82,4.01,0.83,1.62,0.81,1.94,0.84,2.55,0.86,0.84,0.81,1.58,0.85,4.89,1.72,0.84,1.68,2.55,0.87,0.83,0.83,1.61,1.65,0.85,0.78,2.52,1.68,3.30,0.94,1.66,3.35,1.70,1.64,0.84,0.86,2.50,0.82,1.67,0.86,0.84,0.82,0.81,0.90,3.48,3.48,2.43,0.81,0.82,2.44,0.81,5.98,1.72,0.82,1.71,0.83,0.83,1.73,1.67,1.64,3.24,0.85,0.83,0.86,3.36,1.66,3.31,1.67,0.85,2.36,1.71,2.49,1.71,0.83,3.43,1.65,2.47,4.27,2.46,1.72,2.57,0.84,2.53,0.85,1.74,1.69,0.85,0.86,0.84,0.85,1.64,1.55,1.67,0.83,0.85,0.84,2.37,0.85,0.83,1.66,2.55,3.39
1	200975628	200977353	AC	1.33	HG00650:10.59	5.71,4.08,4.89,8.31,6.68,5.82,3.32,6.66,8.35,4.18,5.58,3.34,5.03,4.16,3.40,6.73,3.29,6.58,4.07,4.83,1.64,8.53,3.42,4.33,5.75,7.21,5.01,4.06,1.61,4.21,7.74,5.90,4.25,2.59,4.09,3.35,3.30,8.96,6.31,6.77,10.59,5.15,10.08,5.89,2.52,5.10,1.73,8.57,1.66,8.27,8.04,3.30,6.77,4.96,7.03,4.86,4.27,4.19,6.70,2.47,6.61,8.64,8.41,9.15,2.51,7.55,4.26,1.64,6.70,2.53,11.19,9.15,5.72,5.83,2.59,6.72,3.27,1.69,2.42,4.48,6.08,6.96,2.43,5.64,4.11,4.07,5.70,5.13,1.64,4.15,5.15,6.56,1.71,3.31,5.00,2.59,4.19,4.11,6.49,5.96,9.16,10.28,5.77,7.55,5.80,9.94,3.35,5.11,4.72,6.86,5.02,9.58,5.86,2.62,7.47,5.14,8.27,11.99,7.45,2.47,4.27,6.57,5.04,3.43,3.43,5.85,4.22,2.55,4.36,4.23,5.92,3.42,5.04,7.63,3.27,4.12,2.52,5.43,4.19,0.83,7.58,8.54,6.69,6.31,6.51,5.10,7.45,2.49,4.24,5.08
9	129670840	129671884	AAAG	1.30	HG00650:18.74	22.06,3.35,18.74,19.75,24.36,12.61,32.09,28.12,0.83,0.82,1.69,1.79,13.03,2.42,7.33,3.26,14.59,10.67,4.14
6	32209588	32210921	AAAGAAGGAAGGAAGGAAGG	1.23	HG00650:6.52	0.83,4.16,0.84,5.01,0.85,2.46,0.83,3.25,0.97,3.40,1.73,2.52,4.13,4.07,2.37,6.52,1.68,4.20,1.68,4.34,3.31,1.61,4.13,1.69,8.60,1.68,2.51,1.73,1.68,8.37,3.44,0.83,0.83,0.86,0.84,1.69,0.81,3.58,5.21,1.62,0.81,3.42,1.64,1.66,1.72,1.64,0.85,1.67,1.64,0.85,9.21,0.87,0.83,3.42,4.28,4.93,0.86,2.55,0.85,7.61,4.20,2.54,0.82,0.83,10.87,1.63,0.83,0.85
12	101985064	101986077	AAGGAG	1.23	HG00650:2.44	0.83,7.54,1.64,3.26,7.68,2.44,0.84,2.48,0.84,0.84,7.66,0.82,0.84,0.83,0.83,0.86,0.86,0.85
6	139413669	139414746	AAAG	1.22	HG00650:2.44	2.44,0.83,1.67,0.84,0.84,0.82,0.82,0.82,0.84,1.58,2.44,1.68,0.84,0.83,1.65,1.61,0.85,0.94,0.84,0.84,0.82,1.61,0.87,0.83,0.83,0.82,0.81,0.83,0.86,0.82,0.85,0.84,0.85,0.84
12	131129800	131131536	ACCACCTCCCTC	1.19	HG00650:29.34	4.90,0.82,4.07,1.66,20.03,2.50,0.83,1.67,15.03,20.89,21.72,1.68,5.82,2.55,7.57,15.63,13.97,9.78,4.02,9.85,5.97,0.85,13.84,12.33,17.63,6.68,13.80,12.09,9.25,19.36,30.36,14.46,15.55,20.43,13.42,7.43,21.17,37.07,5.93,29.34,15.45,12.60,16.81,6.73,16.16,9.54,2.57,31.48,5.79,24.91,8.26,18.63,17.36,17.02,12.81,18.46,8.38,0.82,11.33,8.64,30.26,2.50,26.78,2.52,19.59,5.75,0.84,13.47,12.91,13.31,13.08,2.50,10.35,15.12,5.72,26.96,25.82,14.34,9.57,10.51,12.89,14.78,21.19,10.58,4.27,13.14,10.80,1.72,16.41,14.52,17.37,16.65,14.70,13.40,4.11,5.68,11.06,12.50,11.14,0.82,10.77,14.91,17.58,5.11,1.57,10.28,8.36,13.06,0.84,11.35,19.09,6.85,10.76,0.86,10.76,10.69,23.04,20.52,10.91,11.15,3.43,7.52,30.38,3.40,6.98,16.92,18.61,0.86,13.44,5.93,10.63,7.42,7.56,22.51,36.84,4.16,5.06,1.71,15.88,11.04,12.20,11.89,13.24,7.48,9.34
1	18828754	18829930	AAAG	1.19	HG00650:5.70	0.82,0.85,3.37,2.55,2.44,5.70,4.29,5.04,5.95,2.57,2.48,1.61,0.85,1.56,2.52,0.84,2.51,0.86,0.83,0.82,1.67,0.84,4.08,0.84,4.84,0.90,0.87,5.22,2.43,0.81,1.64,1.63,3.26,1.66,1.72,4.10,6.83,4.96,0.83,1.73,4.05,0.85,0.86,2.52,1.74,0.83,0.83,0.82,3.40,2.62,1.69,0.82,0.84,5.69,2.55
X	1254658	1254855	AGAGGGGAGG	1.18	HG00650:1.63	0.82,1.63,0.83,0.84,0.85,0.83,0.87,0.79
12	9373340	9374484	AAAG	1.17	HG00650:18.74	19.59,10.61,11.40,4.17,2.50,6.38,6.73,7.39,6.58,7.21,9.25,14.71,13.55,18.74,14.28,15.13,8.50,18.21,15.10,1.89,1.66,6.69,8.40,11.30,6.44,5.70,5.13,5.75,4.92,3.31,12.16,19.16,6.00,0.83,20.93,16.72,13.06,6.11,12.41,11.14,25.49,10.24,6.85,8.35,11.81,13.54,27.91,12.71,8.40,2.50,15.88,0.79,0.83,5.82
5	50406343	50407576	AAAG	1.15	HG00650:3.26	1.63,0.81,0.83,0.83,0.84,0.80,1.63,4.02,1.73,0.85,0.79,0.85,3.26,0.84,0.84,3.43,0.83,0.83,5.78,0.85,1.65,4.19,0.86,0.84,3.35,1.70,1.67,0.86,0.90,0.86,0.83,1.73,3.24,1.65,0.84,0.84,0.83,0.86,0.83,0.86,1.68,1.55,0.79,0.83,0.85,0.85
9	136043940	136045107	ACCGTGCGCCAGTGCTAG	1.14	HG00650:3.26	1.67,1.67,1.70,1.61,2.46,1.73,2.47,1.61,2.52,0.83,0.79,3.26,2.41,0.83,0.85,0.82,0.94,0.84,0.82,1.68,0.86,2.52,0.81,1.63,0.85,0.86,1.64,2.51,0.82,1.68,0.83,0.84,0.84,1.65,3.34,0.85
14	83141111	83141741	AATATATACATAGG	1.06	HG00650:1.63	1.67,0.85,1.63,1.65,0.78,0.87,2.43,1.67,0.79
4	88536440	88537620	ACAGCAGTG	1.01	HG00650:3.26	1.63,0.82,0.81,0.83,1.66,0.83,0.83,0.83,0.84,0.80,0.85,0.84,1.65,1.64,1.63,0.80,1.73,1.60,0.83,0.81,3.22,0.97,0.84,0.85,2.59,0.84,0.83,0.81,0.85,3.26,0.86,0.84,1.68,0.84,0.87,2.57,0.83,0.80,0.85,0.83,0.84,1.68,0.82,0.86,1.67,0.84,0.86,2.50,0.82,0.86,0.84,0.84,1.61,1.74,1.64,0.81,0.82,0.83,3.28,0.83,0.86,0.84,0.81,0.85,0.83,0.86,0.82,0.84,1.66,0.83,0.85,0.86,0.87,0.84,0.86,0.83,1.64,2.56,0.82,0.84,2.55,0.85,0.84,1.64,1.55,0.83,0.84,1.71,0.84,3.33,0.85,0.85
