#contig	start	end	unit	top_case_zscore	high_case_counts	all_counts
3	22514767	22515832	AAAG	27.20	HG00583:27.22	27.22,0.86,20.53
6	131802734	131803975	AAAG	14.59	HG00583:23.82	4.90,10.61,4.16,5.84,3.33,6.69,10.69,4.83,8.06,4.84,23.82,2.59,7.43,3.39,7.33,4.20,5.95,3.47,0.83,0.78,9.23,1.65,0.84,0.85,19.13,9.49,7.58,8.96,0.81,10.59,5.75,7.47,2.57,9.85,4.27,16.65,8.64,9.21
3	66044241	66045437	AAAG	12.54	HG00583:17.86	1.63,4.16,3.34,1.66,0.83,5.01,5.01,0.82,0.97,3.37,17.86,1.68,0.78,0.81,5.66,0.84,2.50,0.84,1.67,5.82,7.76,2.42,1.64,1.72,2.46,1.71,0.83,1.73,1.62,0.83,5.14,2.47,4.14,0.84,6.96,0.84,5.24,3.32,0.84,4.28,12.21,3.38,1.68,0.84,3.94,6.62,3.39
4	73415281	73416146	AAGAGG	10.21	HG00583:10.21	10.21,4.93
11	93644625	93645821	AAAG	9.93	HG00583:31.47	1.67,3.33,11.17,11.09,2.47,31.47,12.26,6.71,4.23,9.78,13.45,0.84,5.95,7.80,1.71,14.91,8.84,6.25,3.36,2.59,2.52,0.83,1.68,2.46,6.66,3.33,23.68,8.07,3.58,13.03,15.66,8.06,3.28,3.26,8.14,4.11,8.54,8.27,16.65,8.64,12.56,17.25,20.27,10.21,4.12,5.80,2.51,0.84,8.57,2.54,6.99,1.69,2.55
10	38401009	38402289	AAGACC	8.98	HG00583:22.12	6.53,6.51,5.82,9.14,4.17,5.01,2.51,5.11,6.58,2.40,0.81,1.94,13.49,22.12,1.73,4.09,5.78,3.26,5.08,8.59,6.72,7.57,5.88,7.65,6.07,5.14,8.28,5.79,12.05,11.57,8.24,5.02,9.23,2.58,5.83,11.21,4.08,7.26,12.16,2.61,12.13,8.06,8.15,21.17,9.14,12.01,8.21,5.12,17.37,8.33,10.68,10.54,1.70,3.33,0.86,4.12,0.84,12.42,4.19,8.52,2.57,8.36,3.49,4.15,0.86,2.48,3.41,1.64,5.85,11.00,6.77,15.40,3.27,3.30,2.51,1.67,2.44,4.16,11.88,9.31
18	29725010	29726067	AAAG	8.56	HG00583:9.36	0.81,0.83,10.85,0.83,9.36,14.71,0.81,0.86,3.27,0.86,0.82,0.81
10	39110695	39138139	AATGG	8.06	HG00583:20.41	7.35,3.26,12.21,6.65,2.50,5.82,2.49,14.16,10.02,9.19,11.97,5.01,9.21,6.66,5.96,4.21,3.29,4.11,7.33,5.63,3.28,11.95,5.98,5.19,10.69,2.40,5.84,5.68,5.64,15.98,7.74,6.75,20.41,1.73,4.90,3.35,2.48,5.70,4.73,8.47,4.89,6.01,5.04,3.36,3.36,5.95,8.67,6.86,1.66,11.58,4.02,11.56,6.77,14.05,3.91,3.24,2.56,9.23,7.54,3.30,10.38,9.50,5.04,4.99,13.39,6.71,5.96,4.11,1.67,2.53,5.16,10.81,6.54,9.16,6.90,10.08,9.80,6.74,8.88,7.17,6.95,6.96,8.90,3.22,4.11,4.89,6.51,5.98,3.29,6.64,6.86,4.92,1.71,9.10,0.83,3.46,9.21,6.57,5.68,10.21,5.00,6.86,8.24,7.55,2.48,8.28,5.86,1.70,3.93,3.43,6.69,6.96,4.18,4.36,4.15,5.14,4.96,12.85,1.65,5.75,3.41,12.31,5.88,3.43,5.14,5.85,3.38,3.40,6.11,0.85,7.61,5.99,4.20,5.93,4.91,1.65,7.56,2.33,2.51,5.82,6.74,5.98,0.84,2.37,0.81,5.94,9.10,14.97,3.39,5.08
7	158387545	158387933	ACC	7.38	HG00583:9.36	0.83,0.83,0.83,0.83,0.84,1.68,0.83,0.82,0.81,2.60,0.80,0.83,1.68,2.90,9.36,0.84,0.83,0.79,1.72,1.68,1.68,0.83,0.83,0.85,2.56,1.67,0.82,0.84,0.83,1.79,0.81,0.81,0.82,0.83,1.72,0.82,0.83,1.67,1.70,2.50,0.86,2.48,1.67,1.71,0.84,0.83,0.86,0.83,0.85,0.82,1.68,1.71,1.67,0.84,0.86,2.54,0.84,0.78,0.84,0.79
7	1312624	1312802	ACACTGCCCACCTCCCACAG	6.22	HG00583:13.61	0.83,1.67,0.80,0.84,0.84,0.82,0.80,2.46,0.85,0.82,0.83,0.81,1.94,13.61,0.86,8.17,0.83,5.70,5.52,7.33,1.68,2.52,6.80,4.34,8.28,3.31,0.85,0.83,3.91,1.71,0.84,0.84,1.65,0.86,0.83,0.84,1.68,1.64,1.67,1.68,1.72,0.83,5.04,5.65,2.43,0.81,4.93,0.85,2.46,5.15,0.85,0.83,0.86,0.84,9.73,8.33,0.86,2.47,1.68,2.48,0.83,5.86,2.56,7.07,0.86,5.02,6.09,5.02,0.83,7.70,0.83,5.14,2.48,0.85,0.82,10.07,2.57,2.57,4.18,4.24,1.74,7.61,0.85,0.84,0.82,0.84,0.78,2.50,6.74,5.98,5.01,0.79,6.51,5.94
12	80372894	80373102	AAGG	5.95	HG00583:5.95	0.85,5.95
2	64196838	64197778	AGATATATAT	5.85	HG00583:6.80	0.83,6.80,1.73,7.35,2.37,2.46,0.86,2.49,0.87,0.85,0.84
Y	13685857	13688908	AATGG	5.79	HG00583:31.47	10.61,8.16,15.47,19.96,14.19,12.48,17.45,14.99,17.53,10.87,13.56,17.54,23.45,12.48,9.36,7.57,11.52,24.66,12.22,13.68,23.80,23.04,31.61,32.87,13.97,17.63,20.87,23.54,12.89,25.23,18.39,31.47,23.70,14.03,18.14,24.45,25.20,20.18,26.88,18.23,25.64,11.25,15.69,14.07,14.59,20.11,17.30,21.86,22.59,22.64,10.68,18.07,25.34,25.88,13.88,22.59,18.25,20.02,16.98,11.28,18.06,22.82,27.68,25.63,19.72,13.29,18.88,15.59,14.52,21.51,21.65,34.34,12.16,19.99,21.43,17.39,18.42,14.15,13.38,20.91,12.45,0.86,19.86,10.76,14.51,15.60,10.28,25.05,20.94,21.99,12.84,14.72,22.68,10.87,15.07,14.33,10.25,7.32,20.68,5.94
21	31259928	31261120	AAAG	5.60	HG00583:9.36	7.35,1.63,0.83,0.83,0.83,5.01,3.35,5.76,0.82,8.15,2.56,0.81,9.36,1.58,2.58,2.48,1.61,0.85,0.83,0.84,0.86,5.86,0.82,2.53,0.86,0.83,0.86,0.87,4.03,3.26,1.72,3.33,1.67,0.81,0.84,0.83,1.67,0.85,0.79,0.87,0.82,3.38,0.85,0.87,0.86,2.52,0.82,0.84,0.85
3	1001674	1003774	AAGG	5.53	HG00583:44.23	20.41,34.27,26.87,32.43,27.54,33.28,34.08,25.82,27.55,35.10,32.70,20.88,30.15,19.97,37.44,19.36,31.26,33.70,37.49,15.29,22.16,29.86,24.78,27.68,23.84,19.23,27.54,34.09,30.62,28.60,18.39,25.30,44.23,24.19,25.33,29.35,20.63,26.06,27.61,27.10,21.19,24.90,22.68,31.95,31.10,27.21,20.81,41.15,28.17,28.12,35.36,18.16,23.71,28.93,25.79,17.02,27.33,17.62,24.30,28.02,29.26,26.77,35.31,20.79,21.76,15.10,29.81,33.67,34.33,21.90,27.54,37.43,21.25,21.65,33.64,22.69,30.21,26.12,33.08,28.68,19.98,27.85,34.77,26.58,31.20,35.04,28.50,31.62,28.75,18.27,28.31,29.54,34.16,19.03,34.14,39.76,26.80,23.82,16.22,22.97,28.32,25.71,33.79,20.14,19.88,25.68,24.28,17.05,26.72,16.28,18.39,22.63,21.75,29.68,28.22,23.97,33.10,37.69,17.37,28.77,40.11,32.01,25.18,16.29,26.56,23.38,24.47,19.52,19.19,27.07,32.14,23.10,26.89,32.20,25.35,24.74,37.81,27.17,30.98,33.27,19.38,26.49,27.58,30.75,34.98,22.93,30.61,27.44,25.46,22.86
15	44579861	44581318	AG	5.43	HG00583:16.16	4.08,6.53,3.26,14.14,5.01,2.50,4.99,6.66,4.17,9.19,4.79,3.34,6.70,8.32,2.55,1.68,9.05,9.86,4.89,10.46,6.57,6.83,9.40,4.33,10.69,7.21,6.68,4.06,4.03,5.89,4.84,11.81,16.16,2.59,0.82,8.39,7.43,2.44,2.37,2.54,5.70,5.15,3.36,2.52,7.65,9.54,4.29,2.49,4.14,6.43,9.91,2.54,7.44,3.91,6.49,2.56,3.36,3.35,4.94,3.78,5.18,3.36,12.48,5.02,3.35,2.55,4.11,5.02,4.21,8.61,4.16,10.62,7.49,8.63,7.56,8.98,8.43,2.42,6.27,4.34,5.22,4.83,4.11,1.63,6.51,2.56,4.93,1.66,2.57,0.82,3.42,4.14,5.00,3.46,8.37,1.64,12.16,8.51,3.33,3.43,0.82,0.84,0.83,10.77,0.84,5.11,3.93,2.51,4.18,4.36,2.57,3.43,1.65,4.27,4.10,1.68,0.86,4.18,0.84,4.24,0.87,5.13,5.88,5.08,4.09,3.30,1.68,1.55,2.51,1.66,2.53,5.13,2.37,1.70,1.65,13.30,3.39
17	5765635	5766998	AAAG	5.25	HG00583:14.46	0.83,0.80,11.78,12.62,5.06,14.46,5.87,10.59,7.10,0.84,2.55,9.43,3.31,11.58,0.83,0.86,0.86,3.33,5.72,4.16,1.61,2.69,0.87,0.81,4.89,0.82,9.14,7.72,3.28,2.56,3.31,0.83,2.51,4.93,5.68,6.81,0.83,6.00,0.82,1.66,1.67,7.67,3.93,0.84,1.65,3.29,0.82,2.52,2.57,0.87,0.85,4.20,0.85,2.47,3.15,8.49
3	176787650	176787941	AAGG	5.10	HG00583:5.10	5.10,5.66,1.73
16	24844154	24845678	ATCC	5.01	HG00583:13.61	4.90,2.45,0.83,2.50,0.83,2.50,5.01,0.84,2.39,1.68,4.16,8.51,4.21,0.82,6.58,0.81,4.83,0.82,7.79,5.68,3.22,3.36,3.87,4.22,13.61,4.90,2.48,0.81,3.94,7.33,3.43,1.68,5.04,4.20,2.60,0.83,7.44,2.41,6.60,7.62,2.48,1.56,1.62,0.84,3.35,0.82,7.55,6.91,4.20,0.83,5.02,2.52,4.26,3.35,2.50,1.63,3.33,0.86,2.45,5.06,5.65,0.87,0.87,3.23,4.03,4.11,1.63,3.42,3.29,1.66,4.29,3.31,0.83,0.84,3.29,11.35,5.00,0.86,5.87,2.51,2.56,0.79,0.86,0.84,10.45,0.84,6.11,2.49,8.27,10.28,0.82,3.41,1.64,10.91,6.86,1.71,5.85,10.13,6.79,3.49,7.61,5.07,3.42,0.84,6.78,0.82,9.90,3.11,3.35,5.82,3.37,5.13,0.84,1.58,0.81,3.40,4.96,6.65,5.94,3.39
21	10830052	10861041	AATGG	5.00	HG00583:233.07	105.31,114.24,115.61,183.76,93.48,171.39,108.88,97.43,197.05,198.08,97.32,64.31,168.36,149.76,152.30,90.05,97.06,124.11,112.46,107.06,110.80,143.35,129.01,145.34,71.52,84.93,186.96,103.89,77.36,141.30,124.88,158.53,233.07,59.61,114.39,155.98,88.28,122.95,99.38,139.73,149.14,103.88,150.37,122.74,91.63,201.54,181.24,134.59,106.87,207.61,77.95,151.08,136.34,81.82,102.37,52.70,63.21,193.80,141.58,86.52,143.47,107.09,217.74,81.51,159.83,64.58,116.68,76.38,90.44,96.85,141.12,203.81,108.70,154.04,170.78,144.52,159.23,118.79,144.43,211.49,133.81,118.35,100.27,91.02,100.17,127.95,157.95,178.59,82.15,99.66,121.84,146.06,67.47,115.81,68.28,164.24,144.88,153.58,197.83,129.34,132.45,117.40,155.76,146.01,126.72,88.63,126.42,92.92,63.66,94.27,125.40,117.51,110.43,129.20,113.70,96.72,108.40,186.74,52.95,76.46,116.93,102.61,79.74,103.77,105.38,109.40,100.42,144.31,134.35,77.83,171.67,121.51,89.07,137.29,70.33,45.35,154.58,79.18,83.73,103.97,112.93,112.78,150.44,78.84,99.25,44.16,171.24,152.15,89.11,83.83
5	170180692	170182248	ATCC	4.72	HG00583:11.06	0.82,3.26,1.63,3.33,0.83,1.66,0.83,4.16,3.34,3.34,3.99,2.51,0.84,4.99,0.85,0.84,4.11,4.11,2.44,4.02,0.82,2.56,1.71,1.73,0.82,0.80,1.67,2.43,10.48,3.36,2.90,1.69,11.06,6.05,0.82,2.52,1.65,2.44,3.15,5.08,0.81,0.86,5.04,2.52,3.36,3.40,0.87,4.29,4.97,0.83,2.41,4.95,1.69,2.48,3.13,3.24,0.85,3.36,4.19,1.65,1.89,3.45,4.20,3.33,0.84,0.84,4.26,1.64,2.51,3.37,4.99,5.72,1.67,3.45,1.68,5.72,3.37,2.42,2.69,3.48,1.74,4.04,2.42,0.82,3.26,4.07,5.98,1.64,3.32,2.57,3.28,1.71,4.96,3.33,2.59,5.02,0.82,3.24,4.25,5.00,2.57,2.47,1.68,4.14,5.80,3.35,1.70,3.93,3.43,1.67,2.61,3.35,3.49,5.81,1.71,3.31,3.43,2.48,4.93,1.71,6.57,4.20,0.86,6.00,2.51,5.06,5.94,6.11,2.54,5.07,0.86,3.36,1.69,5.72,9.07,5.04,6.99,6.70,5.82,5.90,3.42,2.51,7.88,3.25,3.40,4.16,4.24,2.54
6	68789774	68790508	AATATATGTATATATGCT	4.57	HG00583:5.10	5.10,0.79,5.14,1.65,3.48,0.83,0.85,0.83
4	141283021	141283802	AAGGAG	4.41	HG00583:5.95	2.49,3.33,4.16,2.47,3.28,1.68,5.95,2.49,0.83,0.84,1.73
6	31396097	31398069	AGGATATATATAT	4.33	HG00583:6.80	0.82,1.63,0.83,5.01,3.40,0.82,2.56,1.62,1.68,6.80,2.54,0.84,0.85,0.87,1.66,0.78,0.84,0.86,5.87,0.85,0.83,0.83,1.73,0.84,0.87,0.82,3.26,0.81,1.71,0.83,2.50,0.86,1.67,0.81,1.70,0.86,0.85,2.52,0.82,0.79,5.79
4	108477557	108477870	AAATATACAT	4.22	HG00583:5.95	0.82,0.83,0.83,0.84,1.60,0.84,0.81,0.85,0.85,0.87,1.67,1.62,0.97,5.95,1.58,0.84,0.84,3.31,1.62,0.94,3.36,0.83,0.85,0.84,1.62,0.81,1.64,0.81,0.81,2.56,0.82,0.83,0.84,0.85,2.51,0.83,2.57,0.86,0.87,0.85,0.78,0.84,0.83,0.83,1.66
1	42687194	42688173	AAG	4.17	HG00583:14.46	3.41,4.84,0.84,14.46,20.36,0.86,0.84,29.92,1.65,0.82,1.68,20.23,1.70
5	52467413	52468870	AAAGG	4.08	HG00583:16.16	3.27,6.53,1.63,9.15,0.83,3.33,4.16,5.00,4.18,5.58,6.68,9.21,5.82,5.11,7.57,4.11,7.40,0.81,8.21,4.27,5.13,5.19,6.58,0.80,7.30,10.65,12.65,16.16,0.86,9.22,4.13,5.70,4.73,9.32,1.72,10.09,7.65,7.72,9.94,8.04,2.48,2.54,3.91,4.05,1.71,3.30,3.78,1.73,5.88,0.83,5.02,1.68,8.52,1.64,3.35,2.53,0.86,1.66,12.26,2.59,12.60,0.82,5.90,0.90,8.70,6.44,1.64,12.22,4.07,6.84,9.44,2.46,5.12,3.31,6.92,4.05,5.11,6.66,3.43,4.12,7.55,2.48,10.77,0.84,7.67,12.57,12.00,10.03,7.83,9.20,0.87,5.81,10.27,4.14,5.14,11.58,8.22,10.24,9.85,6.72,5.15,7.71,5.06,9.34,6.11,8.46,12.69,11.98,10.92,4.09,12.37,10.08,11.64,15.07,2.50,5.06,7.69,3.34,3.94,5.94,9.93,5.82,6.79,3.39
14	101262291	101263416	AAAG	3.94	HG00583:26.37	13.06,6.53,12.47,15.02,20.80,9.14,5.83,19.20,6.69,2.51,30.78,9.36,7.57,11.52,10.69,10.46,23.80,13.67,8.65,22.19,11.22,6.68,6.49,12.62,11.62,26.37,15.55,12.26,28.51,11.40,15.77,11.01,17.17,13.44,13.45,5.10,16.07,10.16,12.97,8.54,11.23,8.32,22.59,19.29,20.10,6.74,42.16,17.47,14.71,6.72,10.75,13.90,16.98,12.89,9.03,13.04,15.47,11.96,9.04,7.39,18.79,22.33,14.99,12.97,15.07,18.65,12.76,8.39,19.05,13.64,7.86,4.35,12.22,5.81,8.56,5.79,17.26,14.27,21.42,10.97,8.56,21.01,9.07,4.21,10.25,5.52,9.76,13.24,9.15,0.85,4.23
18	24306526	24307411	AAAG	3.91	HG00583:5.95	1.94,5.95,16.41,0.84,1.73,11.14,2.48,2.51,14.70,2.43,1.64,0.85,1.72,1.71,0.86
10	38772394	38818774	AATGG	3.71	HG00583:129.29	88.17,45.70,74.90,87.31,36.72,59.07,64.83,62.46,96.86,100.29,54.24,64.31,95.49,60.73,104.65,49.65,53.46,82.20,51.34,53.13,59.09,62.29,84.58,72.67,82.20,51.28,80.96,51.13,41.90,123.64,66.80,106.25,129.29,38.01,59.65,85.54,56.10,50.48,37.86,53.35,66.01,84.14,89.04,80.71,47.08,106.30,86.72,67.72,77.04,102.57,45.00,70.17,99.08,79.34,46.89,41.35,27.33,91.45,108.91,42.85,67.02,71.68,127.78,52.40,105.43,62.06,81.76,42.71,73.69,46.32,98.96,110.64,57.21,89.09,108.68,52.93,71.86,64.87,87.14,84.24,59.08,61.79,53.37,46.72,46.80,52.16,120.50,74.34,25.47,61.45,75.50,92.72,29.04,68.66,64.12,57.05,61.97,88.70,84.32,64.67,65.81,93.41,92.30,62.94,81.17,93.60,119.72,48.59,40.08,71.99,66.88,54.84,56.05,76.82,106.23,67.62,74.47,107.93,24.82,79.75,70.84,60.75,58.76,86.62,51.41,62.64,60.76,72.16,80.26,38.91,80.34,61.61,52.94,83.05,50.70,36.28,53.77,38.82,79.54,42.42,59.84,93.13,51.82,37.06,63.45,37.37,108.37,131.36,53.47,86.37
19	18909794	18911138	ATCC	3.43	HG00583:6.80	1.63,3.33,0.83,0.83,0.84,2.39,0.84,1.66,0.85,1.64,1.63,2.41,2.56,1.64,1.60,2.50,0.81,1.68,1.94,3.37,6.80,2.59,3.27,6.71,0.81,1.72,0.84,0.87,0.86,1.65,0.83,2.54,0.83,1.56,0.85,0.84,3.78,2.59,0.84,0.83,0.84,1.70,3.35,3.37,1.72,0.83,0.82,5.00,0.86,0.82,0.81,1.74,1.61,3.28,0.85,0.83,2.57,0.82,1.71,0.83,3.33,0.86,3.35,1.64,1.62,0.83,1.65,2.52,2.48,1.66,0.84,0.85,0.79,0.86,0.87,2.51,4.36,3.42,2.48,2.57,1.65,1.71,0.84,0.86,0.86,1.67,0.84,2.55,0.87,2.54,2.57,1.68,2.54,0.82,0.82,0.84,1.55,2.50,0.84,2.56,1.67,0.79,1.63,0.83,0.83,0.85,0.85
X	11192286	11192526	AAGG	3.40	HG00583:3.40	3.40
8	5930403	5931009	AC	3.37	HG00583:3.40	3.40,0.82,0.86,0.86
22	28123950	28125198	AAAGG	3.34	HG00583:20.41	10.58,4.16,13.30,6.38,4.18,8.32,10.59,7.24,10.67,11.11,7.40,7.21,15.14,20.41,7.57,4.20,18.16,3.13,3.42,7.54,6.65,6.81,10.95,7.49,17.25,7.17,14.50,26.28,16.30,12.21,24.62,9.99,7.39,10.00,6.70,13.36,6.86,6.64,6.62,12.33,4.27,17.24,5.88,9.19,5.91,11.84,7.56,13.56,16.49,13.20,20.09,14.19,9.76,9.10,7.48,13.58
2	187038646	187039279	AT	3.32	HG00583:3.40	0.82,3.40,0.79,0.85,3.21
5	442744	443915	CCG	3.31	HG00583:3.40	3.40,0.84,2.50,3.45,10.49
22	45475874	45476801	ATC	3.30	HG00583:12.76	4.90,5.71,4.89,5.82,5.01,7.49,8.31,2.50,10.02,6.69,4.79,5.01,5.86,4.99,7.66,9.26,6.58,8.22,6.52,4.83,5.75,3.41,5.98,5.19,2.47,7.21,6.68,3.25,8.86,10.93,3.87,5.90,12.76,4.32,5.72,0.84,8.25,4.07,3.94,3.39,13.85,6.87,5.88,7.57,6.73,5.95,7.80,4.29,1.66,5.79,4.02,3.30,3.39,4.96,3.13,6.49,1.71,4.19,3.35,4.12,6.61,6.05,5.88,6.65,5.86,4.19,3.41,7.39,4.19,0.84,6.88,6.66,4.90,5.83,4.31,3.36,7.35,4.21,8.88,6.27,3.48,0.87,4.85,7.25,7.39,7.33,4.89,4.27,4.93,4.15,4.29,8.21,5.98,4.96,3.33,5.19,7.54,0.82,4.05,7.66,10.00,2.57,6.59,0.84,4.97,4.97,4.19,3.41,1.57,4.29,3.34,4.35,6.69,0.87,7.47,7.70,2.48,7.71,4.14,4.93,10.24,8.21,4.20,9.43,6.00,2.51,10.13,3.40,4.36,2.54,5.92,8.56,9.24,5.93,4.09,5.77,7.56,3.11,4.19,5.82,5.90,5.98,5.01,2.37,2.44,12.74,4.14,5.82,3.39,6.77
4	73415046	73416443	AAG	3.29	HG00583:23.82	1.63,4.89,0.83,4.99,3.32,0.83,9.86,13.85,4.92,14.51,4.27,0.82,7.21,5.68,23.82,0.84,6.51,8.59,0.84,0.87,41.42,19.29,0.85,7.57,4.16,19.26,16.35,1.67,2.59,4.20,9.27,13.44,0.87,4.35,2.46,39.93,15.38,8.22,0.83,7.72,19.69,4.27,0.83,0.84,4.93,0.85,8.39,10.28,0.82,11.69,3.38,7.61,5.93,11.54,10.08,10.05,5.52,7.45,4.24
13	76515122	76515906	AAAG	3.29	HG00583:3.40	0.83,3.40,1.68,2.46,0.87
10	82417404	82418764	AC	3.24	HG00583:8.51	0.82,1.63,2.44,0.83,1.67,4.16,1.66,0.83,4.17,2.51,3.99,0.84,1.68,0.83,2.55,5.89,0.82,1.64,1.63,4.02,2.56,2.56,4.33,3.29,5.61,1.67,2.43,4.03,6.73,2.90,1.69,8.51,0.86,3.27,1.63,2.37,4.23,1.63,0.86,0.84,2.52,0.84,5.10,3.47,6.00,3.31,0.83,0.80,0.83,2.54,4.96,3.13,3.24,0.85,1.68,1.65,3.78,1.73,1.68,2.50,4.18,0.84,1.70,2.46,4.19,2.53,5.16,0.83,1.63,1.73,2.52,1.63,1.69,2.42,2.69,6.95,3.48,2.43,1.61,1.64,3.26,3.26,5.13,3.32,4.29,0.82,0.85,2.48,4.16,0.86,1.67,0.82,4.86,2.55,2.50,4.28,1.65,2.52,2.48,2.48,3.35,1.70,1.57,2.57,3.34,0.84,3.49,1.66,0.86,4.14,3.43,0.83,1.64,0.85,3.28,0.86,0.86,2.51,5.06,3.40,1.74,0.85,3.38,0.84,7.63,0.82,3.30,2.33,0.84,1.66,2.56,2.51,2.37,1.63,0.85,0.83,3.33,2.55
11	122989002	122990066	AG	3.24	HG00583:7.66	4.16,3.34,3.33,0.83,0.80,0.84,1.68,1.66,5.11,2.52,4.11,0.82,0.81,1.64,1.71,5.13,3.46,0.82,0.80,1.62,4.84,1.68,3.87,0.84,7.66,3.35,2.44,2.37,0.85,1.63,3.36,1.68,4.20,5.95,2.48,1.61,2.54,1.65,2.56,3.36,3.30,0.86,0.84,0.83,3.35,0.84,3.41,0.82,0.84,0.84,1.66,4.90,2.50,0.86,0.82,3.37,3.23,4.48,2.61,2.61,1.62,3.22,3.26,4.93,2.49,0.86,1.71,4.96,0.83,1.67,2.46,0.81,1.70,0.83,0.86,1.65,1.70,0.84,1.67,1.66,3.29,0.85,1.67,0.85,0.86,1.68,2.45,0.82,2.33,1.67,0.84,0.79,1.63,3.33,1.70
6	134154073	134155008	AGATATATATAT	3.08	HG00583:3.40	3.40,6.05,1.65,3.33,0.81,1.66
5	16943749	16944774	AAGG	3.01	HG00583:5.10	0.83,1.64,0.84,3.37,5.10,1.73,0.84,2.44,0.85,0.86,0.84,2.55,2.41,1.56,0.85,0.84,0.84,2.46,2.58,0.86,0.82,0.84,1.74,0.81,0.81,0.82,0.83,6.92,0.82,1.62,1.68,0.83,0.84,0.85,0.83,0.84,0.84,0.81
15	50856056	50856742	AAAATAAAATAACAT	3.00	HG00583:3.40	0.83,2.51,2.50,0.81,3.40,1.67,0.84,0.84
8	70363517	70365086	AAGAG	2.89	HG00583:9.36	5.70,5.01,3.33,0.83,10.87,0.84,5.96,4.94,1.71,3.29,4.81,1.62,4.84,3.37,9.36,2.45,4.07,0.81,2.58,2.60,0.86,0.83,3.31,2.41,1.65,2.50,3.35,0.85,0.82,2.58,4.99,1.63,1.69,2.42,4.48,1.74,1.61,7.33,1.71,3.29,4.29,5.19,3.35,2.43,0.85,4.17,0.86,0.82,2.52,2.48,5.86,0.85,2.36,6.00,1.74,4.18,6.11,9.96,1.71,4.14,0.86,1.65,5.75,8.53,4.10,8.57,3.34,5.92,2.54,3.42,0.84,2.54,3.30,0.84,4.66,5.02,5.90,1.71,4.18,0.79,1.70,4.14,4.16,0.85,3.39
1	213536304	213537601	AAAG	2.87	HG00583:5.95	1.63,0.83,0.83,0.83,0.83,0.84,3.34,0.84,0.83,0.85,0.82,1.63,0.80,0.82,1.71,0.87,0.80,0.81,0.97,0.84,5.95,1.63,0.84,3.30,3.94,1.72,2.52,0.84,1.70,0.83,1.65,0.80,1.69,0.78,0.81,1.73,0.83,1.68,0.85,0.82,1.72,1.67,1.73,1.68,0.81,0.87,0.87,6.47,1.61,0.82,3.26,2.44,3.42,0.82,0.86,4.27,2.50,0.82,1.62,0.83,0.83,0.83,0.83,5.14,2.62,1.69,1.64,0.82,1.69,0.84,0.83,2.54
18	67278778	67280330	ACACATGCGCCCTCGC	2.85	HG00583:13.61	6.66,9.99,8.36,0.80,2.51,3.40,9.26,2.47,4.07,5.75,5.13,4.11,3.20,12.17,8.06,3.36,13.61,4.32,6.54,3.30,4.89,3.39,6.87,8.40,0.85,17.15,5.79,4.82,12.70,6.61,4.69,2.56,1.68,3.41,6.57,3.35,8.61,9.98,8.33,2.52,4.03,8.96,0.87,11.31,0.81,5.70,7.33,3.29,8.21,2.50,18.33,4.28,10.71,1.68,5.02,5.97,7.86,10.28,3.35,9.13,10.28,6.62,9.04,4.10,5.88,5.14,4.23,9.30,5.99,5.04,2.54,8.18,6.21,0.84,3.33,5.90,8.54,13.37,0.79,6.51,6.79,9.93,4.16,2.55,8.47
12	305418	306955	ATCC	2.77	HG00583:47.63	31.02,39.17,39.08,49.89,24.20,31.62,27.43,29.98,49.26,41.79,31.91,34.24,41.04,29.12,27.23,21.04,30.43,25.48,32.60,27.37,12.31,27.30,17.09,37.20,30.41,34.45,37.56,25.16,23.37,43.74,30.01,32.89,47.63,26.78,35.95,32.71,42.90,38.27,41.01,31.33,18.74,19.75,42.84,21.02,36.99,42.52,43.36,33.43,36.45,38.05,34.56,24.77,13.55,32.23,35.16,33.24,28.19,38.59,41.89,30.49,28.32,35.41,37.83,24.12,27.61,27.68,34.92,18.89,30.15,28.63,34.42,43.26,29.42,22.48,36.23,27.73,33.48,27.80,27.43,34.95,29.54,36.55,35.58,36.25,37.77,35.04,39.90,34.18,48.47,26.57,30.03,36.11,17.08,19.03,23.31,23.34,34.34,37.78,31.62,30.63,34.15,28.28,38.73,13.43,33.96,39.76,22.61,17.90,20.43,30.00,27.59,22.63,24.26,28.81,25.73,20.54,31.44,34.27,35.58,40.28,29.87,45.97,26.86,21.44,17.99,20.04,32.07,29.71,20.94,23.69,21.14,21.39,39.49,32.20,36.80,36.28,25.20,31.05,34.33,29.11,36.24,37.59,34.27,43.36,29.29,32.27,33.09,50.72,33.95,19.48
4	28664599	28665729	AAG	2.76	HG00583:21.27	0.82,4.17,2.50,28.79,0.81,21.27,3.27,17.33,8.14,44.17,10.30,5.88,2.48,0.78,2.47,6.73,0.83,4.19,0.82,22.75,1.74,11.50,10.59,17.84,8.30
8	144473690	144474681	ATCC	2.73	HG00583:5.95	1.63,0.82,0.81,0.83,0.83,1.66,0.83,1.67,0.84,0.84,3.40,1.68,2.47,0.82,2.44,0.80,1.64,0.85,1.73,1.60,1.67,0.81,4.03,2.52,1.94,1.69,5.95,3.46,0.82,0.83,0.81,0.85,1.72,0.84,1.68,0.87,1.71,1.65,3.21,0.83,0.85,0.83,0.81,0.85,1.68,1.68,1.65,0.94,0.83,1.67,1.64,1.68,1.72,1.66,0.82,0.84,0.82,1.69,0.90,3.48,0.87,0.81,2.42,0.82,0.81,0.85,0.83,0.86,2.46,1.71,1.65,3.33,0.84,0.82,3.24,0.85,1.67,1.65,0.84,1.66,0.83,3.41,2.57,2.51,3.48,0.84,1.75,1.66,0.83,0.86,0.82,1.71,1.64,0.84,1.72,4.22,2.54,1.68,3.27,1.65,2.52,1.55,1.67,0.83,0.85,0.79,2.44,0.85,0.83,0.85
2	129098664	129099173	ACCACCACCACCACCATC	2.71	HG00583:7.66	2.45,2.44,1.66,2.50,1.66,0.83,1.67,1.67,0.80,2.51,0.84,1.66,4.25,2.52,4.94,3.29,2.44,1.61,2.46,1.71,2.56,1.73,1.64,0.80,1.67,2.43,1.61,3.36,4.84,7.66,1.73,8.17,1.65,3.26,3.15,2.54,0.81,1.72,0.84,0.84,5.04,1.71,0.83,1.65,2.48,1.65,3.91,3.24,4.27,1.68,6.70,1.89,1.68,2.50,1.68,1.70,4.93,0.84,1.68,1.72,2.45,1.67,1.68,3.27,1.69,1.61,1.79,3.48,2.61,5.64,0.82,3.26,3.26,4.27,0.82,1.66,4.29,3.28,4.27,1.65,2.50,1.73,2.51,4.11,1.62,0.85,0.83,1.71,1.65,2.48,0.83,0.85,0.79,1.71,1.67,1.74,1.67,1.75,1.66,1.71,1.65,0.86,1.65,0.82,5.97,0.86,1.71,4.18,4.22,1.70,4.36,0.85,0.84,3.39,2.45,2.47,1.68,1.55,6.70,2.50,1.69,0.85,0.84,0.79,4.07,0.85,2.48,0.83,1.70,0.85
9	138117894	138118381	AC	2.65	HG00583:3.40	0.82,0.80,0.82,0.83,3.40,0.83,0.87,0.84,0.83,0.85,0.85,0.85
8	27426804	27427970	ATCC	2.63	HG00583:10.21	3.27,1.63,4.07,4.99,1.67,5.82,9.14,5.83,6.68,5.01,3.19,2.51,1.68,3.33,2.55,2.52,2.47,4.11,4.07,4.83,1.64,5.97,1.71,5.19,4.11,4.01,2.50,3.25,2.42,3.36,7.74,2.53,10.21,2.59,2.45,6.71,3.30,4.07,3.15,6.77,4.07,2.58,6.72,6.73,3.36,4.25,5.20,10.29,2.49,4.14,5.63,4.13,5.08,7.44,1.56,2.43,5.13,4.19,2.51,4.72,9.50,5.04,3.33,1.67,3.35,1.70,3.29,6.70,0.84,4.99,2.45,6.66,4.31,7.56,8.17,5.90,1.61,2.69,1.74,2.61,0.81,5.64,4.93,3.26,0.81,3.42,1.64,3.32,5.15,0.82,4.27,4.96,0.83,3.46,2.51,4.93,4.86,3.40,1.67,3.43,3.30,5.87,4.14,6.63,4.19,2.56,3.14,3.43,4.18,7.83,1.67,5.24,2.49,4.28,1.65,6.00,2.48,2.47,5.12,5.75,5.88,3.43,1.71,3.34,7.59,3.40,7.85,2.54,2.54,5.13,2.52,0.85,4.91,1.65,3.36,1.55,4.19,2.53,4.27,3.34,1.58,4.07,0.85,5.79,2.49,6.79,3.39
1	147310440	147312051	ACATAGATATGTGAG	2.56	HG00583:10.21	6.53,1.63,1.63,6.65,1.67,0.83,5.82,0.83,2.50,4.18,4.79,5.01,1.68,5.96,7.57,3.29,0.82,4.07,4.02,4.27,1.71,5.19,4.11,2.40,1.67,0.81,2.42,2.52,1.94,4.22,10.21,2.59,5.72,5.78,1.63,7.89,0.85,2.58,5.88,8.41,2.52,5.95,4.34,1.71,4.97,8.27,3.30,4.23,2.48,14.59,4.19,5.86,3.45,4.20,6.65,5.86,4.19,2.55,4.11,3.35,5.89,3.44,2.50,2.45,5.83,2.59,2.52,0.82,7.58,3.23,3.58,6.08,6.09,2.43,4.83,4.93,5.70,1.63,1.71,8.22,4.15,1.72,1.64,2.56,2.48,4.16,4.32,2.51,4.11,4.05,0.85,5.00,4.28,1.65,6.71,4.14,4.19,0.85,6.29,2.57,2.61,5.02,2.62,1.66,2.57,2.48,2.57,2.48,0.82,2.56,2.46,3.36,1.71,5.06,0.87,0.85,4.23,3.42,2.52,7.63,4.09,5.77,6.72,4.66,3.35,7.49,7.58,1.71,1.58,8.95,0.85,5.79,0.83,0.85
3	135611119	135611558	AAAG	2.55	HG00583:3.40	0.83,0.83,0.83,0.80,0.84,0.83,1.70,0.82,0.83,3.40,0.84,0.83,0.84,0.82,2.43,0.84,0.83,0.85,0.85,0.84,0.81,0.83
12	69227203	69227451	AAATATATATATTTATAT	2.55	HG00583:2.55	2.55,0.84
4	28510539	28510859	AAGG	2.55	HG00583:2.55	2.55,0.79
8	19523739	19524882	AAAG	2.54	HG00583:5.10	1.63,0.83,0.83,1.67,1.67,0.84,1.70,0.82,0.80,0.82,0.85,1.73,1.67,0.81,0.84,5.10,2.45,0.83,2.37,0.81,0.84,1.73,1.66,0.80,0.83,0.84,0.84,1.73,0.84,0.84,2.50,2.45,0.83,0.86,1.63,4.84,3.58,0.87,3.28,1.63,4.07,2.56,1.66,1.64,3.46,1.65,1.66,0.85,0.86,1.67,0.84,0.83,0.86,0.87,1.69,0.84,0.83,0.84,0.79,0.81
4	10767829	10768653	AAAAG	2.54	HG00583:3.40	0.83,0.80,0.82,1.63,0.81,3.40,0.82,0.85,1.61,1.79,0.85,0.84,0.84,0.79,0.87,0.85,0.85
15	88810183	88811430	AAAG	2.53	HG00583:5.95	2.45,3.33,0.83,0.83,0.83,0.84,0.84,0.85,0.84,1.65,0.80,4.10,0.85,0.85,0.87,3.29,0.80,0.83,1.61,0.84,0.97,5.95,0.86,1.63,2.52,0.83,6.31,1.72,1.68,2.52,0.85,1.73,4.14,0.80,1.65,3.39,0.83,0.85,0.84,0.94,2.59,1.68,0.84,0.84,0.85,1.67,5.16,2.45,1.67,1.68,1.63,0.90,0.87,2.43,2.44,1.71,1.64,0.83,3.28,0.85,2.48,3.33,1.67,4.11,0.85,0.83,0.86,1.64,1.71,3.36,0.86,0.87,0.86,0.82,0.82,1.71,0.81
10	1466025	1466343	ACATAGTGGTCCTACTGCAT	2.52	HG00583:4.25	0.82,0.83,0.83,0.83,1.67,0.80,0.84,0.82,0.81,1.61,3.41,0.85,0.87,0.83,0.84,4.25,0.86,0.82,1.68,0.85,2.58,0.84,1.70,0.86,1.66,0.83,1.69,1.65,0.84,0.86,0.83,0.84,0.85,1.68,0.86,0.83,0.83,0.84,2.45,0.81,1.74,1.62,0.81,0.85,0.82,0.83,0.86,0.82,0.85,1.67,1.73,0.81,0.86,0.83,0.85,0.79,0.84,0.84,0.83,0.86,0.86,0.83,0.85,0.82,1.74,0.85,0.82,0.78,0.84,0.79,1.66
1	45260332	45260582	AAATATATAT	2.47	HG00583:3.40	0.83,0.83,0.84,0.82,3.40,1.63,0.86,2.42,1.61,0.81,2.49,1.67,0.84,0.85
4	148341846	148342852	AAAG	2.45	HG00583:3.40	0.85,2.50,0.81,1.68,3.40,0.82,0.79,0.84,0.83,0.82,3.45,0.82,0.81,2.46,0.82,0.84,0.85,0.84
2	121437548	121438736	AC	2.43	HG00583:5.95	1.63,0.83,4.16,2.50,4.18,3.19,1.68,0.82,0.85,5.98,0.80,4.06,1.94,0.84,5.95,0.86,2.45,4.19,2.48,0.81,0.85,2.58,2.52,0.86,1.66,0.83,0.85,0.78,0.85,0.84,0.82,0.86,1.68,0.82,0.84,2.42,2.61,0.81,0.82,0.81,1.63,5.13,2.46,2.49,2.50,0.86,0.84,4.25,0.82,0.87,0.85,0.82,0.86,3.40,0.85,1.71,0.84,2.37,0.81,0.85
19	33709075	33709927	AG	2.37	HG00583:4.25	0.82,2.52,2.90,2.53,4.25,2.59,0.81,0.85,1.63,0.84,1.73,3.27,1.63,2.57,2.46,0.83
13	23443066	23443688	ATCC	2.35	HG00583:2.55	2.55,0.79,6.01,3.36,0.83,0.85
18	80575	81478	AC	2.18	HG00583:7.66	4.08,0.82,2.44,2.49,2.50,4.16,1.66,3.33,2.50,5.01,7.18,4.18,2.51,2.50,3.40,2.52,2.47,3.29,3.26,2.41,3.28,5.12,5.13,3.46,3.29,2.40,4.17,5.68,2.42,3.36,3.87,2.53,7.66,0.86,3.27,2.52,2.48,3.26,3.15,0.85,4.07,0.86,5.04,5.04,5.95,5.20,6.00,1.66,3.31,3.21,4.95,2.54,0.78,2.43,1.71,2.52,2.51,0.82,3.78,5.18,4.20,2.50,4.18,1.68,4.26,3.29,4.19,4.21,0.86,4.99,0.82,3.33,1.73,1.68,0.84,1.61,6.08,2.61,3.23,3.22,4.11,2.44,3.42,4.11,2.49,0.86,0.82,3.42,4.14,1.67,0.86,4.19,3.29,3.24,4.25,2.50,3.31,1.66,0.84,2.56,3.14,0.86,2.51,1.74,1.67,5.24,6.64,5.99,4.14,0.86,2.48,1.64,2.56,0.82,0.86,2.57,1.67,2.55,0.87,1.69,4.23,3.42,1.68,2.54,2.45,3.30,3.11,1.66,2.53,0.85,5.01,3.94,2.44,3.40,4.14,2.49,0.85,2.54
12	132953131	132954095	AG	2.18	HG00583:5.95	2.45,0.82,2.44,1.66,1.66,0.80,1.66,2.55,0.82,0.81,2.41,1.64,1.71,1.73,2.47,1.60,1.67,2.43,2.42,0.84,0.97,1.69,5.95,0.86,2.45,1.68,0.83,3.26,0.79,0.85,0.81,1.68,0.84,1.70,0.87,1.71,1.66,2.41,0.83,1.69,1.65,1.56,1.62,0.85,0.84,0.82,0.94,1.73,0.83,1.67,0.84,1.64,1.67,1.72,1.66,2.45,2.50,1.73,0.82,0.84,0.81,0.90,1.74,1.74,0.81,1.64,2.44,1.63,1.71,1.66,4.92,2.56,0.83,0.83,1.73,4.19,1.64,0.81,4.25,0.83,0.86,0.82,0.84,0.83,0.84,0.85,2.36,1.67,3.35,0.87,3.32,0.86,4.14,1.71,4.96,0.82,0.85,1.64,0.84,0.86,0.84,3.38,2.55,1.69,1.69,6.85,1.68,4.24,2.45,0.84,1.55,3.33,0.84,4.27,0.84,1.58,1.63,2.55,1.65,1.66,0.85,1.69
1	226809774	226811074	AACCTGCACTCCAGTTGGT	2.17	HG00583:17.86	13.06,1.63,4.07,0.83,9.14,6.68,3.99,11.69,3.35,4.16,5.05,10.69,6.58,0.85,26.82,7.21,9.18,4.87,10.93,17.86,0.86,0.82,9.22,14.03,8.14,11.41,7.56,9.25,0.84,21.26,0.83,0.83,9.64,9.08,1.69,2.43,7.69,5.03,23.90,0.86,9.15,20.08,0.85,2.46,1.67,5.89,5.16,2.45,0.83,12.94,0.84,0.84,0.81,11.32,3.28,3.26,10.68,0.83,7.72,13.95,5.79,1.67,5.19,3.35,3.29,6.49,7.71,3.30,2.48,0.83,10.05,1.57,1.67,3.43,4.14,4.93,3.40,4.23,2.45,1.65,0.84,11.04,1.63,3.40,5.79,0.83
2	89849981	89880393	AATGG	2.15	HG00583:248.38	180.42,124.85,197.03,204.55,120.19,183.87,176.21,205.69,200.39,295.03,149.16,163.70,165.01,191.36,183.78,127.08,157.92,126.58,164.62,130.40,174.82,208.20,242.63,213.68,202.22,154.64,145.23,161.52,132.16,241.39,137.47,217.56,248.38,122.67,149.53,176.94,132.01,139.24,157.75,149.04,161.36,175.14,203.29,161.42,114.33,238.95,177.77,160.31,206.28,230.77,159.92,180.80,211.71,146.28,161.76,141.87,74.31,217.29,191.85,84.88,159.52,202.08,250.52,155.54,191.62,133.35,142.22,134.69,184.23,165.90,244.38,213.79,246.01,236.48,222.54,166.36,172.30,141.54,229.96,215.07,208.54,191.45,147.17,137.74,172.43,166.26,184.01,229.85,138.84,158.62,188.76,201.04,85.40,180.33,108.25,182.39,189.27,176.58,227.83,171.03,153.28,172.24,141.75,213.14,132.52,168.97,202.61,88.65,150.11,133.70,90.29,161.04,157.28,202.53,128.64,184.88,172.11,223.58,92.67,106.05,145.09,151.86,153.61,187.82,163.64,186.24,156.11,153.65,235.56,151.43,207.19,158.30,136.12,153.40,140.65,124.51,123.50,123.43,159.08,178.00,107.03,168.32,147.94,92.24,139.11,101.06,174.55,224.48,102.69,160.04
X	109932521	109933691	AGATATATAGATATATAT	2.08	HG00583:4.25	1.60,1.66,0.81,0.85,1.73,1.64,3.34,0.84,4.25,4.90,1.58,1.69,0.81,1.68,0.84,0.85,1.73,1.66,1.65,0.83,0.83,0.85,0.83,0.82,0.83,1.68,1.61,0.90,1.74,4.04,0.81,0.85,0.82,2.49,0.86,0.82,0.83,2.59,0.84,0.81,1.70,1.67,1.65,3.36,0.86,4.96,1.71,0.85,0.85,1.66,0.85
7	2553783	2555047	ATCC	2.04	HG00583:16.16	4.08,0.82,12.21,14.14,1.66,1.66,11.66,0.83,6.69,9.57,10.02,6.70,0.83,9.36,7.57,6.52,0.80,6.57,15.36,11.96,1.73,1.64,0.80,1.62,0.84,3.87,1.69,16.16,10.62,1.68,0.81,7.10,3.39,1.63,9.44,3.36,3.36,4.20,2.55,1.73,0.86,11.60,9.10,0.80,7.43,16.09,1.65,5.47,11.35,0.85,0.84,4.19,14.01,3.78,2.59,9.25,8.32,16.74,1.68,4.26,13.96,9.47,14.14,8.17,0.83,4.31,17.64,7.35,0.84,7.17,7.83,1.61,5.75,0.85,0.83,6.01,0.85,0.83,10.82,1.73,2.43,0.85,1.71,12.36,4.20,4.97,2.48,2.51,0.85,11.79,7.71,0.84,2.61,2.51,0.87,1.66,3.42,7.45,11.99,5.75,2.56,1.64,12.59,8.35,3.38,2.55,9.60,2.54,6.77,17.11,1.69,0.82,0.84,3.88,8.37,1.66,5.90,1.71,0.84,0.79,0.81,7.45,3.33,0.85,3.39
22	43974127	43976042	AATGATGCCTGCGTGTAGGG	2.04	HG00583:10.21	6.53,2.45,7.33,4.99,6.68,5.82,4.16,4.16,3.34,5.01,3.99,4.18,4.19,3.33,6.81,5.89,0.82,1.64,4.89,4.02,4.10,3.41,5.13,2.60,8.22,3.20,5.84,5.68,6.45,4.21,1.94,4.22,10.21,6.91,4.09,1.68,4.95,5.70,5.52,2.54,4.89,3.43,3.36,4.20,8.41,5.95,6.94,8.57,6.63,7.44,2.41,2.48,7.62,1.65,5.47,3.24,1.71,6.71,4.19,4.12,6.61,6.05,9.25,2.50,4.18,1.68,3.41,1.64,10.89,3.37,6.88,4.16,4.90,5.00,0.86,0.84,1.63,4.21,4.84,5.38,6.08,3.48,7.28,2.42,4.11,5.70,4.07,3.42,7.39,4.15,6.01,2.46,1.71,5.79,4.16,5.19,2.51,4.11,2.43,7.66,6.66,2.57,5.77,10.07,4.97,4.14,2.51,3.41,6.29,9.43,7.52,3.48,2.51,3.49,4.98,5.99,2.48,4.28,4.14,4.93,6.83,2.46,3.36,6.00,5.14,5.01,7.59,5.09,4.36,1.69,3.38,1.71,3.36,4.24,3.27,3.30,1.68,5.43,4.19,5.82,5.06,5.13,7.52,5.52,7.32,2.55,7.45,4.16,5.09,3.39
7	45650216	45650582	ACACCTCCACCATCACCTCC	2.02	HG00583:3.40	0.82,1.63,0.83,0.83,0.84,0.84,0.80,0.82,0.81,0.84,3.40,0.87,0.83,0.80,1.65,1.65,0.86,0.83,1.67,0.82,0.90,0.81,0.81,0.82,0.82,0.86,0.82,0.81,1.67,1.66,0.85,0.79,0.84,1.67,2.49,0.83,0.82,1.72,0.84,0.85,0.84,0.83,0.85
20	62076493	62077644	ACAGGGCCTCCCAGCTCAG	1.98	HG00583:4.25	1.63,1.63,0.83,1.67,1.67,0.80,0.84,2.50,1.68,0.82,2.44,1.61,1.64,0.85,1.61,0.84,4.25,0.86,0.82,0.83,0.84,1.73,3.21,0.83,0.85,1.56,1.62,1.68,0.84,0.82,1.68,0.83,1.68,3.35,0.83,0.86,1.69,1.74,2.61,0.81,0.82,1.71,1.64,0.83,0.82,1.66,0.85,0.84,1.75,0.83,0.86,0.83,2.47,0.85,0.84,2.51,0.85,0.87,0.85,1.69,0.84,2.51,0.84,2.56,0.85
8	143063245	143066702	ACACTGACCATCCATAGTCC	1.90	HG00583:12.76	5.71,6.53,8.96,4.99,4.17,3.33,3.32,4.16,1.67,5.85,4.79,7.52,5.03,1.66,4.25,2.52,4.94,3.29,1.63,8.05,9.03,5.97,11.11,6.06,4.11,1.60,12.52,8.12,2.42,5.05,5.81,8.43,12.76,9.50,10.62,8.39,3.30,3.26,1.58,7.62,6.52,6.01,8.40,10.93,10.09,7.65,8.67,7.72,8.28,9.10,8.04,5.78,7.62,5.79,7.81,5.67,2.56,8.39,6.70,5.77,2.83,6.05,5.04,4.16,8.37,3.35,5.11,1.64,6.70,7.58,3.44,5.82,2.45,8.33,6.04,8.40,3.27,6.74,5.65,3.58,4.34,4.35,9.70,5.64,6.57,2.44,8.96,8.54,0.82,4.98,11.15,7.39,2.56,2.48,4.16,7.78,5.02,6.57,11.35,8.51,7.50,7.71,8.24,7.55,6.63,5.80,3.35,4.26,11.00,6.86,4.18,6.96,9.20,8.73,4.15,8.56,13.24,4.28,7.45,4.11,11.95,7.39,10.07,7.72,2.57,2.51,16.03,6.79,2.62,4.23,5.92,3.42,7.56,7.63,3.27,4.95,4.20,4.66,5.86,5.82,5.06,9.40,4.18,5.52,8.14,5.10,5.79,7.48,6.79,7.62
12	96047949	96049491	ATCATCCC	1.88	HG00583:5.95	4.08,4.07,2.49,1.66,1.66,0.83,2.50,3.34,0.80,1.67,1.68,0.83,1.70,2.52,4.94,1.64,0.81,2.41,2.46,1.71,6.83,2.60,1.64,3.20,0.83,1.61,1.94,1.69,5.95,1.73,3.27,1.68,0.81,0.79,0.85,1.63,0.86,0.84,4.20,2.52,2.55,1.73,1.71,0.83,1.65,0.80,0.83,3.39,2.48,3.24,1.71,3.36,3.35,2.47,0.94,0.86,3.36,0.83,4.18,1.68,1.70,1.64,1.67,2.53,1.66,3.27,0.83,1.68,4.08,4.21,2.69,1.74,4.35,1.62,2.42,2.44,3.26,0.85,0.82,1.66,0.86,2.46,2.56,0.83,2.59,2.51,2.46,1.62,1.70,1.67,0.86,0.82,0.84,0.83,0.83,4.19,1.57,0.86,1.67,0.87,1.66,0.86,2.48,1.71,1.65,2.47,2.56,3.28,2.52,3.43,2.51,1.69,0.85,0.87,0.85,0.85,1.71,1.68,1.69,1.64,0.82,0.84,0.78,0.84,3.37,1.71,3.34,4.73,2.44,1.70,0.83,0.83,0.85,2.54
4	108477100	108478106	AAATATATAT	1.87	HG00583:8.51	2.45,0.82,1.66,1.67,1.66,1.67,1.67,2.51,3.19,0.84,3.40,1.68,0.82,6.58,4.07,3.22,1.71,3.42,0.87,2.47,6.68,2.43,0.81,2.90,8.51,6.05,3.27,2.48,2.44,3.15,6.77,7.33,1.72,10.92,5.04,3.36,7.65,0.87,0.83,8.11,3.42,1.89,3.36,4.16,2.52,1.70,6.57,1.68,4.90,2.50,5.04,5.90,1.79,2.61,3.23,0.81,4.11,8.96,4.07,2.56,1.64,2.49,0.86,3.31,1.67,1.64,0.81,5.11,0.86,0.84,6.29,0.86,4.18,3.35,4.15,5.14,1.65,2.57,4.27,4.93,3.36,2.57,2.57,2.51,2.53,2.55,0.87,0.85,0.86,1.68,1.69,1.64,1.68,3.11,3.35,1.66,4.21,1.71,2.37,0.81,0.83,5.09
18	74964170	74965317	ACCACCACCACCATC	1.85	HG00583:2.55	4.99,0.83,0.82,0.83,2.55,0.85,0.84,0.84,3.13,0.83,0.82
17	72460891	72462245	AC	1.84	HG00583:9.36	8.16,1.63,2.44,0.83,0.83,4.99,4.99,4.16,2.50,5.85,0.80,0.84,5.86,1.66,3.40,4.21,1.65,0.82,0.81,2.41,5.75,0.85,0.85,1.73,3.29,4.01,0.83,1.62,0.81,5.89,2.90,4.22,9.36,1.73,0.82,6.71,0.83,0.81,3.15,2.54,1.63,2.58,9.24,5.89,2.52,8.50,2.60,1.71,3.31,5.79,0.80,3.30,3.39,1.65,2.34,1.62,2.56,1.68,2.51,1.65,3.78,2.59,10.09,4.16,3.35,5.03,6.81,1.64,6.70,0.84,3.44,6.66,3.27,7.49,3.45,1.68,2.45,4.21,6.45,4.48,1.74,5.22,2.43,3.22,4.11,2.44,3.26,1.71,3.29,1.66,0.86,4.92,0.85,1.65,0.83,2.59,4.11,3.24,5.96,3.33,8.57,1.65,5.87,2.48,4.14,5.86,3.93,6.00,2.51,2.61,3.35,0.87,3.32,5.14,2.48,8.57,3.31,4.93,2.56,2.46,2.52,5.15,2.57,4.18,1.69,0.85,1.74,5.08,4.23,2.57,1.68,1.69,3.27,1.65,5.04,3.11,3.35,1.66,7.69,2.51,1.58,3.25,5.10,3.31,5.82,1.70,2.54
22	27873476	27874999	AAACC	1.78	HG00583:18.71	7.35,6.53,10.58,9.98,10.85,7.49,11.64,11.66,10.85,6.69,11.17,5.01,8.38,9.15,16.17,13.47,9.05,13.15,9.78,12.88,13.13,9.39,18.80,13.84,8.22,7.21,14.19,14.61,14.51,15.98,15.49,7.59,18.71,10.37,7.35,7.55,9.90,8.96,14.20,11.01,8.15,10.30,11.76,8.41,10.09,5.95,13.87,12.00,9.11,16.54,18.48,13.21,11.86,12.40,9.38,13.78,8.54,8.39,7.54,5.77,11.33,8.64,14.29,5.82,13.39,6.71,6.81,7.39,8.37,15.16,10.33,12.48,10.62,11.66,3.45,15.12,10.62,5.90,14.52,15.23,7.82,17.40,6.47,12.08,10.67,10.59,13.03,17.94,9.86,11.63,12.01,10.67,11.10,7.44,10.82,12.10,11.72,12.32,8.11,10.21,7.50,12.00,10.71,19.30,14.08,6.63,10.88,11.08,12.57,12.86,10.87,7.83,14.22,17.46,12.45,14.55,16.55,8.57,6.62,12.33,14.51,9.85,8.39,10.29,11.14,15.03,16.03,7.64,14.83,9.31,11.84,13.69,10.92,12.71,9.00,7.42,7.56,7.76,12.56,10.81,15.17,23.07,12.54,13.40,13.83,6.79,12.41,14.13,6.79,11.01
15	86535302	86536220	AAGGAAGGGAGGGAGG	1.73	HG00583:3.40	0.82,1.63,0.83,0.83,0.83,0.84,0.80,1.67,0.84,1.70,0.84,0.82,1.64,1.64,0.85,0.85,0.83,0.81,0.81,1.68,0.84,3.40,1.65,0.79,0.84,0.86,0.83,0.80,0.81,0.85,0.83,0.84,0.85,0.82,0.84,0.86,0.84,0.81,0.87,0.82,0.85,0.82,0.82,1.65,0.83,1.73,0.85,1.67,0.83,0.84,2.56,1.71,0.87,2.48,0.83,1.64,0.85,1.64,0.78,0.84,1.66,1.69,0.84,0.81,0.85
22	48737115	48737876	ACAGACAGGAGGAGCAGG	1.73	HG00583:2.55	2.55,0.86,0.85,2.49,0.83,0.84,0.82,1.71,0.86,1.71,0.85,0.82,0.85
7	11237369	11238845	AAGG	1.71	HG00583:15.31	0.82,0.82,2.49,0.83,0.83,11.66,4.17,2.51,4.79,5.86,2.55,1.65,9.04,3.26,8.05,4.92,1.71,2.56,13.84,1.64,17.63,0.83,0.84,9.68,1.69,15.31,12.09,2.45,5.03,2.48,3.94,5.08,3.26,2.58,10.92,2.52,7.57,0.87,0.86,0.83,12.41,6.43,10.73,8.47,3.31,10.16,1.62,5.13,0.84,7.42,3.78,1.73,3.33,0.84,0.84,14.48,3.35,1.68,4.30,0.83,2.45,4.16,2.59,0.84,5.72,5.90,0.87,8.70,2.43,11.28,2.46,3.26,8.96,4.27,7.47,6.01,8.21,1.65,3.33,7.78,4.19,2.46,1.62,1.70,0.86,15.66,0.83,6.63,27.63,5.11,0.79,5.02,7.83,4.18,6.11,18.26,5.14,2.48,1.71,0.83,3.29,1.71,4.93,5.15,1.71,2.51,10.13,1.70,3.49,11.00,0.85,7.56,14.41,4.09,3.30,0.84,6.99,7.58,8.54,3.34,0.79,13.02,0.85,5.79,0.83
4	99900984	99902021	AAAAG	1.71	HG00583:3.40	3.40,1.63,5.15,0.84,10.09,1.70,1.71,0.83,1.61,0.83,2.45,1.73,1.69,0.90,2.61,1.64,0.85,0.83,0.81,0.85
10	134759453	134760922	ACCCCAGC	1.70	HG00583:5.95	0.81,3.33,3.33,4.16,2.50,2.50,1.67,5.58,2.51,4.19,2.50,0.85,1.68,0.82,0.82,2.44,1.61,0.82,5.12,3.42,2.60,2.47,2.40,0.83,1.62,0.81,0.84,3.87,3.37,5.95,1.73,3.27,2.52,2.48,2.44,3.15,2.54,3.26,2.58,3.36,0.84,3.36,2.55,1.71,3.31,0.83,3.21,0.83,1.69,2.48,4.69,2.43,2.52,1.68,1.65,3.78,2.59,1.68,2.51,0.84,1.70,4.19,0.84,4.30,2.50,1.63,1.67,4.31,1.68,3.37,2.42,3.58,2.61,1.62,2.42,3.28,2.44,0.81,0.85,2.46,1.66,1.72,3.28,1.71,0.83,3.33,0.86,4.19,2.46,2.43,0.86,0.82,0.83,0.85,0.79,0.86,0.84,2.61,0.84,0.87,1.66,2.57,0.83,0.86,2.48,3.29,2.56,1.64,0.84,1.72,0.84,4.24,2.62,0.85,0.86,1.69,3.27,0.82,2.52,5.43,2.51,4.16,3.37,1.71,0.84,3.94,1.63,1.70,0.83,3.33,0.85,2.54
8	992176	993851	ACCACCCCCACCC	1.70	HG00583:2.55	0.83,0.83,0.83,0.82,0.81,0.80,2.43,0.84,0.84,2.55,0.82,0.85,0.94,1.73,0.83,0.82,0.81,0.81,0.83,0.83,0.86,0.83,0.84,0.87,0.83,0.86,0.84,0.78,0.84,0.79,0.81
6	40177420	40177713	ACACATATGTATATATGT	1.70	HG00583:1.70	1.70,2.56
7	110220457	110220805	AT	1.70	HG00583:1.70	1.70,0.85
14	82681489	82681586	AT	1.70	HG00583:1.70	1.70,0.79
12	97300637	97300638	AATGG	1.70	HG00583:1.70	1.70
15	42667290	42667291	AAAT	1.70	HG00583:1.70	1.70
18	24720327	24720328	AATG	1.70	HG00583:1.70	1.70
22	50500424	50500425	AGCCCCAGCCGCCCCCCCTG	1.70	HG00583:1.70	1.70
7	127771388	127771389	AGAT	1.70	HG00583:1.70	1.70
9	90048048	90048273	AAGG	1.70	HG00583:1.70	1.70
1	178681962	178681966	AAAG	1.70	HG00583:1.70	0.85,1.70
22	27057451	27057568	AT	1.69	HG00583:1.70	1.70,0.85,0.81
10	56066478	56066601	AT	1.69	HG00583:1.70	1.70,0.83,0.82
5	78476457	78476729	AGAGG	1.68	HG00583:1.70	1.68,1.70,0.81,2.50
1	32010669	32012237	ATCC	1.67	HG00583:12.76	7.35,7.34,6.51,4.16,4.17,1.66,6.65,3.33,8.35,7.52,3.99,3.34,3.35,9.98,5.96,5.89,5.76,4.11,5.70,6.44,4.92,5.12,5.98,8.65,9.04,10.42,7.51,5.68,8.06,13.46,5.81,6.75,12.76,4.32,8.17,6.71,3.30,8.14,1.58,8.47,3.26,2.58,0.84,5.04,2.52,6.80,7.80,6.00,6.63,10.75,4.82,8.26,11.01,8.26,5.47,4.05,3.42,7.55,12.57,5.77,5.66,6.05,7.57,7.49,6.69,5.03,4.26,5.75,8.37,5.05,3.44,4.99,4.90,7.49,7.76,9.24,5.72,4.21,5.65,5.38,6.95,6.96,4.85,4.03,4.11,6.52,9.77,5.13,5.75,6.64,4.29,9.03,4.27,11.58,5.83,6.92,8.37,4.93,7.30,7.66,5.00,6.86,4.12,2.52,10.77,9.11,4.19,4.26,4.72,5.14,6.69,4.35,6.69,10.48,8.30,13.69,10.76,6.85,5.79,5.75,11.95,4.93,3.36,0.86,8.57,4.18,5.06,5.94,4.36,12.69,5.92,7.70,6.72,8.47,4.91,9.07,5.04,7.76,3.35,2.50,4.21,7.69,2.51,6.31,8.14,8.49,8.27,10.81,5.94,8.47
12	115811989	115812556	AAGG	1.63	HG00583:1.70	1.70,2.55,0.84,0.83,0.79
12	6072760	6073897	ACAT	1.61	HG00583:5.95	9.79,1.66,11.52,0.80,4.87,1.68,5.95,0.84,2.53,1.63,0.87,4.35,7.39,5.92,4.88
2	12262294	12263561	ACCCATATATATAT	1.61	HG00583:5.95	1.63,1.63,3.26,0.83,0.83,3.32,1.67,2.51,1.60,0.84,1.70,4.21,2.47,0.82,0.81,2.41,2.46,0.85,3.46,1.64,1.60,1.67,3.22,2.52,0.97,1.69,5.95,0.86,2.45,0.84,1.65,0.81,1.58,0.85,0.84,5.04,2.55,1.73,2.57,3.31,2.41,0.83,2.48,2.34,0.81,1.68,1.65,0.86,0.84,1.66,4.18,0.85,0.82,1.67,1.72,0.83,0.83,1.73,3.36,0.82,0.84,1.61,1.74,0.87,2.43,0.82,2.44,4.07,4.27,2.46,1.66,0.86,1.64,0.85,1.67,2.59,1.67,1.64,4.86,1.70,0.83,0.86,3.30,0.84,3.31,1.67,0.85,1.57,1.71,0.84,1.75,0.83,0.86,2.48,5.14,2.48,1.71,1.64,0.86,1.71,2.51,4.22,1.70,5.92,0.86,1.69,1.64,3.36,0.78,3.35,1.69,6.84,0.84,1.58,0.85,1.65,4.16,0.85
4	88147241	88148558	AAATAATATATATTATATAT	1.61	HG00583:3.40	0.83,0.83,0.83,1.70,0.84,2.41,1.68,0.97,3.40,0.82,1.66,0.81,1.89,2.46,0.83,0.86,2.45,1.63,0.81,0.82,1.65,1.64,1.70,2.50,2.57,0.83
14	106049030	106049541	ACCAGGGCTGAGTGATCAGG	1.61	HG00583:2.55	0.83,0.87,2.55,0.84,1.69,0.84,0.84,0.85,0.84,0.82,1.66,0.83,1.63,0.81,0.81,0.85,0.82,0.84,0.85,0.83,1.67,0.85,0.83,0.86,0.85,0.85,0.86,0.85
13	110908231	110908691	AAGGCAGGAAGGGAGGGGG	1.58	HG00583:3.40	1.66,0.83,0.83,1.60,1.68,0.85,1.65,1.64,2.47,3.40,0.86,0.87,0.86,0.83,0.80,1.65,2.43,0.85,2.51,0.84,0.84,2.53,0.86,0.86,0.82,0.82,0.82,0.83,3.33,0.85,0.83,1.71,0.83,0.86,1.65,0.84,1.66
8	21406445	21407504	AAGG	1.56	HG00583:2.55	1.66,0.83,0.84,2.55,0.79,1.72,0.83,0.85,0.85,1.68,0.82,0.82,0.81,0.82,1.63,0.86,0.82,0.86,0.83,0.86,0.85,0.85,0.82,0.84,0.79
9	139473918	139476857	ACTC	1.53	HG00583:22.12	13.88,9.79,13.84,18.29,13.35,20.80,17.45,9.99,18.37,22.57,11.17,17.54,12.56,10.82,9.36,10.94,13.16,12.33,14.67,10.46,13.95,11.95,11.96,10.38,10.69,8.01,10.02,17.04,8.86,15.98,11.62,12.65,22.12,10.37,6.54,14.26,19.80,13.03,11.83,17.78,17.93,10.30,10.92,8.41,16.81,17.01,13.01,18.86,10.77,14.89,20.09,10.73,23.71,14.05,14.07,9.73,9.40,10.91,17.59,12.36,12.27,26.77,17.65,9.98,12.55,15.93,11.07,18.07,14.24,13.47,17.21,11.65,11.44,15.82,7.76,15.96,13.88,16.01,16.14,18.82,12.16,14.79,11.32,8.06,18.89,9.78,13.03,9.40,9.04,12.46,12.87,11.49,12.81,9.10,9.99,1.73,11.72,18.89,20.27,13.61,18.33,13.71,12.36,16.78,12.42,13.25,12.56,5.11,17.29,18.85,12.54,16.54,11.71,13.97,19.92,17.97,6.62,14.56,6.62,10.69,11.95,14.78,7.55,16.29,10.28,20.88,10.97,10.19,20.07,11.84,21.14,19.68,8.40,18.64,11.45,18.97,13.44,8.54,7.54,9.15,7.58,12.82,12.54,11.04,8.95,10.19,23.99,18.29,13.58,10.16
7	157343880	157345009	ACACACCCCACAGCCACC	1.53	HG00583:5.10	3.27,1.63,1.63,1.66,0.83,1.66,1.66,0.83,1.67,1.67,1.60,3.34,1.68,2.55,1.68,2.47,1.64,0.81,1.61,0.82,0.87,3.29,1.60,2.50,3.25,1.61,1.68,1.69,5.10,4.32,0.82,2.52,2.48,0.81,4.73,2.54,0.81,0.86,2.52,2.52,0.84,1.70,4.34,1.71,1.65,2.41,3.30,0.85,2.48,0.78,0.85,2.51,1.65,0.94,1.73,0.83,2.51,1.68,1.70,1.64,2.51,1.68,1.72,1.63,0.86,2.52,1.63,1.69,2.42,0.90,2.61,5.66,0.81,3.28,3.26,2.44,2.56,0.82,1.66,1.72,2.46,1.73,2.51,2.46,1.71,1.65,0.84,0.83,1.66,1.67,1.70,0.79,2.57,0.84,4.35,2.51,0.87,3.32,2.57,1.65,1.71,0.82,0.85,2.46,1.71,2.51,2.53,1.70,0.87,0.85,2.57,1.68,2.54,2.45,0.82,2.52,0.78,0.84,0.83,0.84,3.42,3.34,0.79,2.44,3.40,1.66,3.39,0.85
4	39350049	39350332	AAAGGG	1.51	HG00583:2.55	1.68,2.56,2.55,3.94,2.48,1.65,0.84,2.42,1.73
7	131366141	131366282	ACCACCATCATC	1.51	HG00583:1.70	1.65,1.70,0.81,0.81,0.82,0.83
16	16093725	16093999	AAAAAAAAAGAAAAGAAAAG	1.50	HG00583:1.70	0.80,1.70,0.83,0.83,0.82,0.86
17	9534439	9534904	AG	1.47	HG00583:2.55	1.66,0.81,2.55,3.39,0.81,2.52,5.20,0.85,0.83,0.82,0.81,0.85,0.86,1.64,0.82,1.69
8	41187156	41188188	ACCCATCC	1.46	HG00583:6.80	2.45,4.08,2.44,0.83,0.83,0.83,0.83,2.50,2.50,0.84,0.80,0.84,1.66,7.66,0.84,0.82,0.82,1.63,1.61,2.46,2.56,1.71,0.87,4.11,0.80,4.17,2.43,0.81,4.21,0.97,3.37,6.80,0.86,0.82,5.87,1.65,4.23,1.63,0.84,2.52,2.52,1.70,3.47,3.43,2.49,2.41,0.83,2.54,2.48,3.13,2.43,3.42,1.68,2.51,1.65,3.78,4.32,4.20,1.66,3.35,1.70,3.29,0.84,2.53,2.58,3.33,3.27,3.33,1.73,0.84,1.63,1.69,3.23,2.69,5.21,0.87,4.85,1.61,2.46,1.63,1.63,2.56,4.11,0.83,2.57,2.46,0.85,0.83,0.83,1.67,2.46,3.24,3.40,0.83,1.71,5.77,3.36,2.48,7.45,0.85,1.57,3.43,1.67,2.61,7.53,6.11,4.15,4.28,1.65,2.57,4.14,2.47,4.27,2.46,3.36,2.57,2.57,0.84,1.70,2.62,2.54,3.38,2.57,1.68,5.08,1.64,5.77,2.52,3.11,4.19,1.66,0.84,3.42,0.84,2.37,3.25,1.70,1.65,4.16,0.85,2.54
7	144716236	144716500	AAATATATATATAT	1.46	HG00583:1.70	0.85,0.97,1.70,0.82,0.82,1.73,0.84
10	1711835	1712152	AC	1.46	HG00583:1.70	0.83,1.70,0.85,0.83,0.84,0.83,0.85
7	111272166	111273168	AAAG	1.44	HG00583:2.55	0.82,0.81,0.83,0.84,2.39,0.84,0.85,0.82,0.81,0.80,0.97,2.55,0.84,1.69,0.84,0.83,1.62,0.94,0.84,0.83,2.51,0.83,0.81,0.87,0.81,0.82,0.84,0.82,1.62,0.86,1.66,0.84,0.83,0.86,0.82,0.86,0.84,0.78,0.84,0.84,0.84
19	13705508	13706675	ATCC	1.43	HG00583:8.51	3.27,1.63,1.63,6.65,0.83,4.16,0.83,2.50,5.84,2.51,3.19,1.67,5.03,4.16,4.25,2.52,0.82,4.11,3.26,4.02,1.64,6.83,7.69,5.19,5.75,3.20,8.35,3.25,4.84,5.89,3.87,0.84,8.51,7.35,2.52,0.83,5.70,2.37,2.54,2.44,3.43,5.04,2.52,3.36,0.85,7.80,3.43,1.66,2.48,0.80,4.95,4.23,7.44,0.81,3.42,7.55,2.51,3.30,5.66,4.32,5.04,6.65,5.86,1.68,1.70,1.64,1.67,3.37,4.30,3.33,1.63,5.00,1.73,2.52,1.63,1.69,5.65,3.58,3.48,3.48,2.43,6.44,0.82,5.70,2.44,4.27,0.82,2.49,1.72,3.28,1.71,4.14,2.50,3.46,5.02,1.64,1.62,4.25,3.43,5.77,0.84,1.66,2.48,2.51,3.41,2.36,3.43,5.85,1.74,3.35,5.24,1.66,0.83,5.14,3.31,2.47,7.68,4.20,1.72,3.43,1.67,2.53,3.40,1.69,1.69,0.84,2.45,3.30,4.20,2.51,5.82,2.53,4.27,1.67,3.15,2.44,2.55,2.48,3.33,3.39,4.23
4	166699783	166700618	AAAG	1.43	HG00583:1.70	1.70,0.85,1.68,0.82,1.72,0.87,0.84
20	36521494	36522782	AAGG	1.37	HG00583:6.80	2.45,1.63,1.63,4.16,3.34,0.83,3.32,2.50,0.84,1.60,1.67,1.68,3.33,2.55,0.84,2.47,0.81,4.83,3.28,5.12,4.33,0.82,5.84,4.87,2.42,1.68,0.97,6.80,1.73,2.45,6.71,3.26,3.94,2.54,0.81,4.29,4.20,0.84,2.55,5.20,0.86,3.31,4.14,5.63,4.95,2.48,5.47,0.81,4.27,0.84,0.94,0.86,2.52,0.83,5.02,5.03,3.41,0.82,1.68,3.44,5.82,1.63,0.83,3.45,2.52,2.45,2.53,3.23,6.27,3.48,5.22,1.62,1.61,0.82,3.26,3.26,5.13,3.29,0.83,3.43,2.46,4.14,0.83,5.19,4.11,3.24,0.85,0.83,2.57,0.82,0.84,6.63,0.83,2.56,4.72,1.71,0.84,0.87,2.49,0.86,2.57,2.48,2.47,0.85,1.72,2.57,1.67,0.85,0.85,0.86,1.68,1.69,0.84,2.33,0.84,0.83,2.56,4.18,0.81,0.85,1.65,1.66,2.55,0.85
19	38686440	38687514	AAGGAGGTCAAGGGCGGAGC	1.37	HG00583:2.55	0.83,0.84,0.82,0.81,2.55,0.84,0.87,0.80,0.78,0.84,0.82,0.84,0.83,0.86,0.81,0.85,1.65,0.84,1.70,1.70,0.87,1.71,0.84,1.69,0.82,3.37,0.79
5	151894293	151895660	AAAG	1.36	HG00583:9.36	0.82,3.26,1.66,0.83,0.83,0.83,1.67,3.34,1.60,2.50,2.47,1.64,2.46,9.40,1.73,3.20,3.25,1.61,9.68,3.37,9.36,1.63,3.30,1.69,8.96,3.36,0.84,0.85,3.47,4.95,0.85,0.83,5.47,0.81,2.56,0.94,2.50,3.35,3.35,4.11,6.74,6.88,6.72,0.82,4.03,0.90,0.87,8.21,1.71,9.04,4.10,1.65,3.33,0.86,3.29,10.71,2.52,4.97,0.83,7.54,6.82,3.93,7.71,12.54,0.87,2.51,5.24,1.66,1.71,7.45,3.43,2.48,4.11,6.83,2.46,0.84,6.00,4.18,0.84,3.49,0.85,0.85,2.57,2.52,1.69,1.64,1.69,2.44,4.96,2.54
6	112354068	112355100	AAGGGATAGACGGGGG	1.35	HG00583:2.55	0.81,0.83,0.83,0.84,0.85,1.73,2.55,0.84,0.84,0.85,1.66,0.83,1.56,1.68,0.94,0.86,0.84,0.85,1.73,0.82,0.90,0.87,0.81,0.82,0.81,1.63,0.82,0.85,0.86,0.85,0.83,0.82,0.84,0.86,0.86,0.84,0.82,0.84,0.84,0.79,0.81,0.85,0.83
3	176344921	176345638	AAAG	1.34	HG00583:2.55	1.70,0.80,0.82,0.82,3.87,2.55,3.15,0.81,0.83,0.84,1.74,0.83,0.85,0.83,0.81,0.83,0.85,0.84,1.66,0.84,0.85,0.87,0.84,2.54,0.85
1	242555864	242558201	ACACATATATAT	1.32	HG00583:19.56	1.63,17.14,4.89,9.98,10.02,4.99,6.65,9.16,2.50,9.19,11.97,0.84,0.84,5.82,0.85,5.89,9.87,9.86,10.46,12.31,13.65,17.94,10.38,0.82,2.50,12.17,5.64,7.57,7.74,7.59,19.56,5.18,10.62,7.55,9.90,13.84,20.51,20.32,8.96,14.60,8.40,5.89,18.49,8.50,8.67,5.14,11.60,11.58,5.63,0.83,1.69,7.44,23.44,4.05,0.84,11.73,4.94,2.83,6.05,1.68,21.63,10.04,5.87,9.03,9.21,3.44,8.32,4.90,8.33,10.35,12.60,13.07,4.21,14.52,11.65,6.95,5.22,19.41,12.08,9.85,4.89,14.66,10.25,12.32,9.97,16.30,7.39,8.54,15.72,4.16,7.78,16.75,8.21,8.92,8.51,5.83,1.71,4.94,9.23,7.45,12.42,4.19,2.56,3.14,6.86,5.02,7.83,11.71,6.98,9.41,9.10,7.71,9.10,7.40,7.68,13.13,0.84,7.72,5.14,4.18,1.69,1.70,0.87,6.77,9.30,5.13,5.88,7.63,10.63,14.84,7.56,3.88,5.02,9.15,2.53,5.13,5.85,6.31,7.32,9.34,14.06,6.65,7.62
7	158144069	158145423	ACCGCTCCCCTCCTG	1.32	HG00583:5.95	0.82,2.45,1.63,2.49,1.67,0.83,1.66,1.67,0.84,2.39,1.67,5.03,3.33,1.70,3.37,0.82,0.82,2.44,0.80,2.46,3.41,1.71,2.60,1.64,0.83,2.43,4.03,2.52,4.84,5.95,1.73,3.27,0.84,0.81,3.15,1.69,1.63,1.72,1.68,1.68,0.84,0.87,1.71,2.49,0.83,1.61,0.83,1.69,2.34,2.43,3.36,0.84,1.65,0.86,1.68,0.83,1.70,1.64,5.02,0.84,0.86,1.66,0.83,0.84,2.45,2.53,3.58,1.74,1.74,0.81,0.81,3.28,1.63,0.81,1.71,4.93,2.49,0.86,1.64,0.85,1.65,1.67,3.46,4.19,0.82,0.81,2.55,0.82,6.71,1.66,1.66,0.84,4.26,1.57,1.71,0.84,3.48,0.84,4.36,1.71,2.48,3.43,0.83,1.64,4.27,3.28,2.57,0.86,2.53,3.40,4.36,1.69,3.38,0.84,1.64,0.82,0.84,3.88,10.05,2.53,2.56,2.51,5.52,0.81,0.85,4.16,2.55,2.54
10	3511119	3511457	AAAG	1.31	HG00583:2.55	0.83,1.67,0.80,0.84,0.85,0.84,0.87,0.80,0.83,0.97,2.55,2.45,0.84,0.83,0.83,0.82,0.86,0.87,0.81,1.63,1.71,0.82,0.86,0.83,1.64,0.84,0.87,1.67,0.82,0.86,0.84,0.84,3.40
10	130446436	130447401	AAGAAGAAGAGG	1.29	HG00583:3.40	0.83,0.83,3.40,1.68,2.44,1.68,1.68,1.69,2.43,0.86,3.27,1.69,1.71,0.83,1.67,0.83,4.97,2.61,0.87,2.49,1.71,1.67,1.69,0.82,1.67,0.85,2.37,1.63,1.70
3	7969695	7970349	AAAG	1.27	HG00583:3.40	2.50,0.84,0.80,0.81,0.84,3.40,1.63,1.58,0.86,1.68,0.87,3.39,0.81,0.84,0.85,1.67,0.86,0.83,0.82,0.81,0.86,1.73,4.05,1.70,0.83,1.65,0.84,0.87,3.35,0.83,3.43,0.85,0.82,3.38,0.82,0.84,0.78,0.79,1.63,0.83
9	38260431	38261538	AAAG	1.27	HG00583:3.40	1.63,0.83,3.34,0.85,0.84,1.64,0.82,1.71,0.80,0.81,0.81,3.40,1.68,0.81,0.84,0.83,0.83,0.80,1.65,0.86,0.83,0.83,2.59,0.84,0.81,0.81,2.44,2.44,2.49,1.65,1.62,1.57,1.67,0.83,2.57,1.64,0.82,0.86,2.57,0.84,0.81,2.55,0.83
17	81053984	81054681	ACACCTGAGCCGGTGC	1.27	HG00583:1.70	0.83,0.82,0.83,1.70,0.87,0.82,0.85,0.85
10	133673803	133675173	AGAGGGCCGG	1.26	HG00583:7.66	0.82,0.83,3.34,3.33,0.83,5.83,3.34,4.18,1.60,1.68,4.25,1.68,2.47,6.58,1.63,4.02,4.92,5.97,5.13,1.73,1.64,1.60,5.84,3.22,4.21,2.90,0.84,7.66,3.46,5.72,7.55,1.65,5.70,1.58,5.08,0.81,0.86,4.20,4.20,0.85,0.87,2.57,1.65,1.61,3.30,0.83,2.34,0.81,4.27,1.65,2.83,2.52,5.02,2.52,5.96,5.75,3.35,2.53,6.02,1.66,3.27,5.00,1.73,0.84,0.82,2.53,4.84,6.27,2.61,5.22,2.43,5.75,3.26,0.85,2.46,2.49,1.72,9.03,3.42,4.96,2.50,3.35,4.11,0.81,3.40,0.82,6.71,4.14,0.83,1.67,0.85,1.57,0.86,1.74,0.84,1.75,2.49,0.83,4.28,1.65,1.71,3.28,3.36,0.86,3.43,0.84,8.44,0.85,0.87,0.85,0.86,1.68,0.85,2.45,5.04,6.99,2.53,4.27,4.18,5.52,1.70,4.96,1.66,6.79,3.39
7	98414447	98415652	AC	1.26	HG00583:3.40	0.83,0.83,3.33,0.83,0.84,0.80,0.84,2.47,0.80,1.71,1.73,0.82,0.80,1.68,3.40,1.63,0.79,1.63,0.85,0.83,0.83,1.69,1.65,1.56,0.84,0.84,1.70,1.67,2.58,0.83,0.83,0.86,0.90,0.87,0.81,0.82,1.63,0.81,0.82,2.56,1.65,0.83,0.82,0.81,0.84,2.51,0.85,0.79,2.51,4.15,1.71,1.65,0.86,0.85,0.84,0.86,0.85,1.69,0.85,0.83,0.84,0.81,0.85,0.83
6	168071848	168073136	ACACTGCCATCTACAGCC	1.25	HG00583:3.40	1.66,0.83,0.83,0.83,0.84,0.82,2.43,0.97,3.40,1.63,0.84,0.81,2.37,0.81,2.52,1.68,0.87,0.86,0.83,0.83,0.85,0.84,1.70,0.82,1.66,1.67,0.86,0.84,2.42,0.90,0.87,0.81,0.81,0.81,3.42,0.82,0.86,0.84,0.82,0.81,2.55,1.71,0.82,1.66,1.66,1.57,0.86,0.84,0.87,1.67,0.87,1.66,0.86,0.83,2.47,0.85,0.82,0.84,1.72,1.67,0.87,1.69,0.86,1.64,0.82,3.36,0.78,1.67,0.84,0.85,0.81,0.85
8	55273682	55274439	AAGGAAGGAGGG	1.25	HG00583:1.70	0.84,0.85,0.84,1.70,0.82,0.87,0.82,0.87
3	169095597	169096829	AAAG	1.23	HG00583:2.55	0.85,0.80,0.83,2.55,0.83,0.83,0.84,0.84,0.83,1.68,1.69,0.81,0.82,2.49,2.56,0.84,0.85,0.82,1.71,2.54,3.33,0.85
21	10781334	10782136	ACTCC	1.23	HG00583:1.70	0.82,1.70,0.83,0.82,0.86,0.85,0.84,0.85,0.83
4	74653363	74654505	AGG	1.21	HG00583:3.40	1.63,0.83,1.66,0.83,1.67,2.55,1.68,0.80,0.85,1.71,0.87,1.64,0.83,0.81,1.61,0.84,0.97,3.40,0.86,0.82,1.65,0.81,0.79,0.85,0.81,0.85,1.73,1.71,1.66,2.48,0.81,2.56,0.84,0.94,1.73,1.66,3.35,0.85,1.64,0.84,1.68,1.72,2.50,0.82,0.83,0.86,0.82,2.53,0.81,0.90,1.74,0.87,0.82,1.63,2.56,0.82,0.83,0.86,0.82,1.65,1.67,0.86,1.64,0.85,0.84,1.66,0.83,0.84,0.85,0.79,0.87,0.84,0.87,0.83,1.71,1.65,2.57,0.83,0.82,0.85,1.64,0.84,0.86,1.67,0.85,0.85,0.84,1.69,0.82,1.65,0.78,1.66,0.84,0.85,0.81,0.85,0.83,0.83,0.85
10	91313225	91313630	AAAG	1.21	HG00583:2.55	1.63,0.84,1.64,0.85,0.82,0.83,2.55,0.87,0.83,0.84,0.84,0.83,1.67,1.62,3.40,0.82,2.51,1.57,0.84,0.87,0.86,1.65,0.86,0.85,0.82,0.82
6	29689640	29691330	AAG	1.20	HG00583:11.06	1.63,4.08,2.49,0.83,2.50,0.83,5.01,2.51,2.39,4.18,6.70,2.50,7.66,0.84,1.64,0.81,4.02,0.82,2.56,8.54,1.73,4.11,7.21,3.34,3.25,4.03,2.52,1.94,7.59,11.06,9.50,4.09,10.06,4.95,4.89,3.94,3.39,7.33,7.73,7.57,7.57,8.50,6.07,1.71,4.97,9.93,11.25,2.48,10.16,0.83,7.03,4.05,10.25,7.54,11.54,0.83,5.02,7.55,3.41,2.46,1.67,6.74,13.77,0.83,0.82,3.33,6.90,5.04,2.45,5.90,8.88,3.58,6.08,6.09,5.66,4.83,4.11,5.70,0.81,8.54,0.83,1.72,7.39,3.31,10.82,2.59,3.29,4.17,0.86,6.59,3.36,0.83,1.67,12.57,3.43,0.84,0.84,0.87,4.15,2.57,3.43,2.48,1.64,3.41,4.10,3.43,0.86,1.67,3.38,5.09,2.62,2.54,0.86,1.69,1.68,3.11,7.54,3.33,7.58,1.67,1.63,4.25,3.31,4.16,2.55,3.39
11	64004149	64004947	AG	1.20	HG00583:3.40	3.40,2.52,2.37,1.70,0.84,8.17,2.61,0.82,0.85,2.51,2.54,4.95,1.68,2.33,3.15
2	113774726	113775516	AAG	1.20	HG00583:2.55	0.82,2.55,1.73,1.65,2.55,3.47,0.84,0.84,0.81,1.67,1.64,2.51,1.69,0.84,0.78,0.81
11	124468482	124468761	AT	1.20	HG00583:1.70	0.84,1.70,0.84,0.84,0.81,0.83,0.83,0.85,0.82
Y	58975706	58982932	AATGGAGTGGAGTGGAGTGG	1.19	HG00583:5.10	0.82,0.82,2.44,1.67,1.66,1.66,2.50,1.67,1.67,0.80,1.67,1.68,0.83,1.70,2.52,2.47,1.64,1.63,1.61,0.82,4.33,0.82,4.81,2.50,0.81,0.81,2.52,1.94,1.69,5.10,0.82,1.68,2.48,0.81,3.15,3.39,1.63,0.86,1.68,0.84,1.68,1.70,1.73,5.14,0.83,3.31,2.41,1.65,0.85,3.31,0.78,0.81,0.85,0.84,1.68,2.47,0.94,1.73,4.20,0.83,5.02,4.19,2.55,1.64,1.67,2.53,1.72,2.50,2.45,3.33,1.73,1.63,0.84,0.81,0.90,1.74,0.87,0.81,1.61,1.64,1.63,0.81,3.29,1.66,1.72,3.28,0.85,3.31,0.83,1.73,2.51,2.43,3.40,1.67,1.71,0.83,2.48,1.67,1.70,0.79,0.86,0.87,0.84,1.75,4.15,1.71,1.65,3.43,1.65,2.47,0.85,1.64,0.84,0.86,2.57,1.67,1.69,0.87,1.69,2.54,1.71,1.69,5.72,1.65,2.33,0.84,0.83,2.53,0.85,1.67,0.79,1.70,2.48,0.83,0.85,2.54
7	158233212	158234786	ACC	1.19	HG00583:3.40	0.82,0.82,1.66,1.67,0.83,1.66,2.50,0.84,0.84,0.83,0.84,2.47,1.63,0.85,1.73,0.82,0.80,1.67,0.81,0.81,0.84,0.97,0.84,3.40,0.84,1.58,0.85,0.81,1.72,1.68,2.60,0.86,0.83,0.83,1.61,0.85,0.78,0.82,1.89,0.84,1.66,0.84,1.70,0.84,2.58,0.83,0.82,0.84,1.61,0.87,0.87,1.61,2.56,1.66,1.67,1.70,0.83,0.86,1.65,1.68,0.83,1.67,0.86,0.84,0.87,2.51,0.87,2.57,0.86,0.82,0.84,0.85,2.54,0.85,1.69,1.64,1.68,1.71,0.84,0.85
1	52318155	52318381	AAAACTACATAGTTT	1.19	HG00583:2.55	7.49,3.26,1.64,2.55,1.70,0.85,0.83,6.57,1.70,2.52,1.55
8	76016593	76018069	AAAGG	1.17	HG00583:21.27	4.90,10.58,9.18,8.32,23.32,9.18,13.56,12.53,10.89,4.16,19.57,12.62,9.05,1.64,9.78,11.95,20.50,12.98,13.15,10.42,3.34,13.70,5.89,7.74,6.75,21.27,2.59,5.72,10.06,13.20,1.63,27.61,0.85,10.59,9.44,6.73,7.57,3.40,9.54,18.00,9.94,8.04,8.26,11.86,14.05,7.03,1.62,7.69,8.38,4.94,8.50,12.95,8.41,24.95,8.37,2.52,1.64,10.05,6.74,7.74,4.16,7.49,18.98,3.27,0.84,11.65,19.98,1.74,12.08,5.75,15.48,21.98,13.14,1.66,6.86,11.49,5.12,14.99,8.64,13.40,5.75,0.81,11.91,0.82,0.84,0.83,0.83,6.70,4.36,2.49,0.86,0.83,3.41,6.72,0.86,15.87,1.69,0.87,0.85,3.42,5.88,14.41,0.82,3.11,0.84,13.67,5.01,0.81,10.19
8	113381478	113382914	AAG	1.17	HG00583:5.10	0.81,2.50,0.83,1.67,1.60,5.11,4.11,0.80,0.82,2.56,0.85,1.73,0.82,0.81,0.84,0.84,5.10,2.59,0.82,1.68,1.63,1.69,1.63,2.52,2.52,2.52,0.85,2.60,1.71,1.66,0.83,0.80,1.65,0.85,0.83,0.78,1.62,2.56,0.84,0.86,0.84,0.84,0.84,0.82,0.84,0.86,2.52,0.82,1.69,3.23,1.79,2.61,1.61,0.82,0.81,1.63,0.85,1.66,0.82,0.83,0.86,1.67,0.82,1.62,0.83,2.57,1.65,1.68,2.48,0.85,3.93,0.86,5.02,0.87,2.51,2.62,0.83,1.65,3.43,1.65,4.11,1.71,3.28,4.20,6.00,3.43,1.67,0.85,2.54,0.86,1.64,1.65,2.33,4.19,0.83,2.53,0.85,0.85,0.83,4.16,0.85
X	3487547	3488657	ACATATATACATATATAT	1.17	HG00583:2.55	0.81,1.60,0.82,0.83,0.84,2.55,0.86,0.83,0.85,1.70,1.65,0.85,0.83,0.84,0.84,1.63,0.83,3.45,0.84,0.90,0.85,2.43,0.84,0.87,0.86,0.82,0.86,1.69,0.87,1.64,0.85,0.84,0.85
16	54473464	54474790	AAG	1.16	HG00583:6.80	3.27,4.90,5.70,2.49,1.67,3.33,0.83,2.50,2.50,1.67,0.80,0.84,1.70,4.11,2.47,0.81,2.41,0.82,2.56,5.13,6.92,3.29,0.80,0.83,0.81,0.84,4.84,4.22,6.80,0.86,3.27,6.71,1.65,4.89,0.79,1.69,0.81,6.01,0.84,1.68,0.84,1.70,3.47,1.71,3.31,3.31,0.83,2.54,0.78,0.85,1.68,2.47,0.94,3.45,4.20,4.16,0.84,0.85,2.46,3.35,1.68,0.86,2.50,0.82,3.33,3.45,2.52,4.08,1.69,5.65,1.79,1.74,6.09,4.04,4.03,1.64,0.81,2.44,1.71,3.29,0.83,3.43,2.46,2.56,0.83,7.78,1.67,0.81,0.85,2.50,0.86,0.82,1.68,5.80,2.48,1.67,2.56,0.79,0.84,0.87,0.84,0.87,4.28,0.86,2.48,2.47,5.12,3.28,5.88,2.57,4.28,0.84,1.69,1.70,1.74,0.85,4.23,1.71,0.85,1.64,0.82,1.68,1.55,1.67,2.50,1.69,2.56,5.01,2.37,3.25,1.70,0.83,0.83,0.85,2.54
14	28416437	28417584	AAAG	1.16	HG00583:3.40	0.82,0.83,0.84,0.84,0.81,2.46,1.71,0.97,3.40,0.83,0.79,1.63,0.86,6.73,0.85,0.84,0.84,0.85,0.84,0.83,2.59,0.90,0.87,0.81,0.81,0.85,3.32,0.86,0.83,4.16,0.86,1.62,1.71,1.68,1.57,3.34,0.87,1.66,3.40,0.85,0.85,1.68,0.85,0.84,0.81,0.85
5	34664779	34665608	ACACATATATAT	1.15	HG00583:1.70	1.64,0.80,0.82,1.70,0.79,0.87,0.83,0.82,0.81,0.82
4	49140929	49158820	AATGG	1.14	HG00583:529.93	389.41,366.38,421.75,448.18,306.31,465.08,362.39,397.23,447.55,619.31,369.32,324.90,472.42,443.45,479.88,311.38,417.83,392.89,369.98,392.01,380.00,467.59,464.76,572.70,429.92,453.49,514.97,490.23,375.53,509.69,377.55,354.16,529.93,239.30,254.94,340.47,301.98,346.87,366.76,269.29,286.05,364.88,380.54,330.40,291.70,441.34,502.09,360.05,292.43,392.90,302.96,369.04,409.88,451.23,330.55,252.94,263.94,516.79,487.58,320.55,265.24,512.12,433.79,386.77,509.60,361.47,407.94,286.62,426.24,307.38,504.25,497.47,368.60,420.49,345.02,311.72,472.79,242.64,448.62,392.51,477.02,348.96,370.36,306.09,371.96,335.77,387.56,381.95,356.54,305.61,295.16,416.85,260.48,418.55,257.29,414.06,462.28,363.83,437.82,327.60,411.53,354.77,360.14,549.64,319.69,425.74,368.38,277.89,418.90,358.24,346.10,385.62,306.19,439.97,470.58,389.44,393.87,587.65,261.45,397.91,394.31,397.31,553.16,374.77,322.14,386.67,393.22,445.67,446.68,337.54,474.43,391.91,328.54,453.41,359.80,275.42,314.20,383.49,420.31,397.60,373.34,405.85,313.42,400.51,398.63,238.65,378.06,443.98,335.24,261.64
19	49684845	49686051	ATCC	1.14	HG00583:9.36	3.27,6.53,5.70,4.16,1.67,3.33,6.65,4.16,8.35,5.85,4.79,7.52,3.35,1.66,5.96,5.05,4.11,2.47,7.33,3.22,8.21,1.71,4.27,7.79,3.29,4.01,3.34,6.49,6.45,6.73,6.78,5.06,9.36,5.18,3.27,3.35,3.30,8.14,3.15,2.54,4.89,5.15,4.20,5.04,10.93,4.25,6.07,5.14,5.80,4.14,1.61,0.83,5.93,4.96,4.69,3.24,1.71,5.87,2.51,5.77,2.83,3.45,5.88,4.16,5.86,1.68,2.55,3.29,4.19,4.21,2.58,4.16,7.36,6.66,2.59,4.20,5.72,4.21,5.65,1.79,2.61,4.35,1.62,5.64,4.93,0.81,4.07,5.98,1.64,11.63,5.15,4.10,5.12,4.14,4.16,9.51,2.51,6.57,8.11,2.55,3.33,5.14,0.82,4.20,3.31,9.11,3.35,6.82,7.07,4.29,6.69,4.35,5.86,2.62,4.15,3.42,3.31,5.14,4.14,6.58,5.97,3.28,5.88,5.15,3.43,3.34,5.91,4.24,6.11,6.77,4.23,1.71,4.20,4.24,9.00,6.60,5.88,5.43,5.02,4.99,4.21,4.27,3.34,1.58,6.51,3.40,5.79,4.16,6.79,3.39
8	120397157	120398397	AAAG	1.13	HG00583:2.55	0.83,0.83,0.85,0.85,0.80,0.84,2.55,0.79,0.85,0.83,0.83,0.81,2.52,0.84,1.72,1.66,1.63,1.61,0.81,1.66,0.83,0.86,1.67,0.86,0.83,0.83,0.86,1.74,0.86,1.64,0.83,0.83
1	183839655	183839943	AAGACACCTACCCGGGCCGG	1.13	HG00583:1.70	0.82,0.83,1.64,1.70,0.83,0.83,0.83,0.86,0.85
5	132961098	132962571	AATATATATATATGG	1.12	HG00583:22.97	14.69,3.26,19.54,19.12,19.20,13.31,9.14,14.16,13.36,5.85,0.80,19.21,0.84,14.14,9.36,5.89,9.87,13.15,17.11,8.05,16.41,2.56,10.25,1.73,9.04,14.42,20.03,17.86,8.06,2.52,9.68,29.51,22.97,12.09,7.35,10.06,16.50,6.51,14.99,6.77,16.30,10.30,15.96,5.04,13.45,16.48,28.17,26.47,7.23,9.08,7.62,2.48,30.48,10.54,10.91,13.40,22.25,7.55,3.36,13.31,2.51,6.71,12.77,8.21,17.59,6.74,4.30,8.32,3.27,15.82,5.18,2.52,14.70,12.64,11.30,7.17,9.56,11.31,11.28,13.96,15.48,0.81,16.24,19.72,16.61,10.30,10.67,3.42,8.27,19.15,7.78,2.51,9.03,9.73,12.76,10.00,8.57,3.30,10.07,4.14,13.25,2.51,7.67,12.57,2.51,13.09,3.32,13.69,13.24,7.71,12.41,11.10,8.21,0.84,8.44,3.40,18.32,0.85,2.52,8.47,16.35,9.90,0.84,13.20,1.67,20.23,7.69,0.84,7.88,10.19,5.79,9.34
15	100598077	100598984	AACACCCCTATCCCGGCTCT	1.12	HG00583:2.55	0.82,2.45,0.83,0.84,0.83,1.69,2.55,1.58,0.85,0.83,1.68,0.82,0.94,1.66,1.68,1.63,2.42,0.85,1.64,0.83,0.86,0.82,0.83,0.87,0.84,0.86,0.85,0.85
12	123759768	123760235	ACCCCAGCCCCTCAGC	1.10	HG00583:4.25	2.45,2.49,0.83,0.85,1.65,1.64,0.81,1.73,2.47,2.42,1.68,0.97,1.69,4.25,1.73,1.68,0.83,7.33,4.73,1.69,0.86,2.60,2.57,2.49,2.48,0.85,1.65,1.56,0.81,1.71,4.32,0.83,0.84,0.84,1.70,0.82,0.84,2.58,0.83,1.68,3.27,0.84,0.81,2.69,1.74,1.74,0.82,2.44,0.85,0.83,2.56,0.83,0.83,3.46,0.82,0.81,0.85,2.50,0.84,0.85,0.79,0.86,0.87,1.66,0.86,0.83,0.83,0.85,0.84,0.86,0.84,0.85,0.85,0.86,4.66,2.51,0.84,0.83,3.39
15	97373656	97374559	AAAAG	1.10	HG00583:1.70	1.70,0.84,1.70,0.85,0.84,0.83,0.86,0.81,0.82
9	119698189	119698912	ACC	1.09	HG00583:5.10	3.27,1.63,3.26,1.66,0.83,2.50,4.16,0.83,3.34,2.39,4.18,1.68,0.83,1.68,3.29,4.93,1.63,3.22,3.28,0.85,1.71,0.87,0.82,3.20,4.17,0.81,1.61,3.36,2.90,5.10,2.59,3.27,2.52,0.83,1.63,1.58,0.85,1.63,2.52,0.84,2.52,2.55,0.87,2.57,1.66,1.65,2.41,0.83,3.39,2.48,0.78,0.85,0.84,0.84,2.47,0.94,2.52,0.83,0.84,1.70,3.29,1.67,2.53,1.72,3.33,4.09,1.67,0.86,1.61,4.48,0.87,1.62,0.81,0.82,1.63,0.85,0.82,1.72,2.46,1.71,1.73,0.84,2.46,1.62,3.33,0.86,4.20,1.66,2.48,1.67,3.41,0.79,1.71,2.51,2.61,1.67,2.62,2.57,0.83,2.57,2.48,1.64,0.85,0.82,0.86,2.57,5.85,0.84,3.40,2.62,1.69,3.38,1.71,1.68,1.69,4.09,4.12,1.68,1.55,1.67,2.50,1.71,0.84,1.63,2.55,2.48,1.66,0.85,1.69
X	442464	443108	AAGGAGAGGGAGGGAGG	1.09	HG00583:3.40	0.81,3.40,1.68,2.48,7.33,4.20,2.48,2.53,4.34,2.59,2.46,0.83,0.79,0.85,3.36,0.84,1.64,0.84,0.83
3	175743798	175744355	AG	1.09	HG00583:2.55	0.82,0.87,1.68,1.94,2.55,0.81,1.58,1.72,0.86,1.66,0.85,0.86,1.79,0.87,0.82,1.64,0.86,0.82,0.85,0.85,1.69,0.85,3.39
21	38977260	38977697	ACCCATCCACCCATCT	1.09	HG00583:1.70	0.85,1.70,0.85,0.94,0.87,0.83,0.84,0.84,0.83,0.84
17	61975030	61975811	AAAG	1.09	HG00583:1.70	0.85,0.85,1.70,0.79,0.83,0.86,0.81,1.73,0.86,1.69,0.85
6	5000242	5001808	AAGACCAAGCATGCAG	1.08	HG00583:12.76	1.63,5.71,2.44,6.65,6.68,2.50,10.81,5.83,8.35,5.85,6.38,6.68,5.03,10.82,5.11,0.84,7.40,14.80,6.52,8.05,4.10,8.53,13.67,1.73,3.20,5.68,0.81,5.05,7.74,7.59,12.76,9.50,9.81,5.03,8.25,8.14,11.04,7.62,5.70,7.73,8.40,4.20,10.09,4.25,4.34,11.14,5.80,8.27,7.23,9.91,5.08,0.83,7.81,7.30,5.13,6.71,0.84,6.59,10.38,7.77,2.52,8.32,4.18,10.90,7.66,9.03,10.05,8.42,4.30,7.49,8.99,5.00,7.76,4.20,6.53,9.27,7.26,10.75,11.30,0.87,8.90,10.47,15.60,11.41,7.33,8.54,4.93,4.15,6.01,5.74,5.98,7.44,9.99,9.51,8.37,13.14,8.92,5.96,6.66,6.00,4.12,4.20,5.80,0.84,3.41,6.29,6.00,5.85,2.61,7.53,2.62,3.32,0.86,6.62,11.14,11.58,2.47,6.83,4.10,5.88,2.57,5.14,3.34,5.91,3.40,4.36,11.00,6.77,16.26,2.52,6.78,1.64,4.12,8.40,4.66,0.84,2.50,5.06,9.40,4.18,0.79,7.32,2.55,4.96,3.33,1.70,3.39
4	11156889	11157687	AG	1.08	HG00583:5.10	0.82,2.49,0.83,0.83,0.83,4.16,2.50,0.84,2.51,0.84,0.83,0.85,0.84,2.47,1.63,0.82,3.46,1.64,2.40,3.22,2.52,2.90,0.84,5.10,2.45,3.35,0.79,0.81,2.52,1.68,1.68,2.55,0.86,1.66,1.65,0.80,1.65,0.85,1.56,0.81,1.71,0.84,0.82,0.84,0.82,1.67,3.37,2.50,4.09,1.67,1.73,1.63,1.69,3.23,4.48,0.87,2.61,5.66,1.61,4.93,0.81,0.85,2.57,1.64,4.27,1.65,2.51,1.70,5.00,0.84,1.70,1.71,2.51,0.87,1.66,2.57,0.82,0.85,1.64,2.52,3.43,4.18,0.84,0.85,1.69,0.86,0.84,2.45,0.84,4.16,0.85,0.84,0.79,0.81,0.85,1.65,0.83,0.85
18	65876756	65878047	AAATATATATAT	1.05	HG00583:7.66	5.71,3.26,11.40,3.34,5.82,7.48,0.83,2.51,3.19,1.67,8.38,1.65,3.29,0.81,2.41,5.75,1.71,1.73,1.64,4.81,6.68,4.84,4.21,1.94,0.84,7.66,0.82,0.84,0.83,1.63,3.15,4.07,6.01,1.68,3.36,0.85,3.47,2.57,1.65,4.23,3.31,6.49,5.13,2.52,5.86,4.12,4.32,5.88,0.83,2.52,0.85,1.64,5.05,2.58,0.83,0.82,2.52,1.63,0.84,0.81,0.87,1.61,1.63,3.26,3.28,0.83,3.46,0.84,3.43,3.30,8.39,0.83,3.35,1.70,4.18,0.87,1.75,6.85,0.83,2.57,3.31,0.85,2.46,2.52,2.57,1.71,1.67,3.38,5.94,2.62,3.38,5.13,1.68,1.69,7.36,0.84,0.78,0.84,4.21,4.27,3.94,6.51,0.85,1.65,0.83,3.39,3.39
1	4195266	4197210	AACCCACTCCCATGATAACT	1.03	HG00583:23.82	19.59,17.95,13.84,13.30,12.52,22.46,14.13,7.49,15.03,14.21,15.95,5.85,10.05,16.64,10.21,16.83,16.45,15.62,8.15,21.73,8.21,16.21,14.52,18.17,8.22,23.24,27.54,15.42,12.89,13.46,16.46,15.18,23.82,15.55,17.98,13.42,8.25,17.10,23.66,11.86,13.04,21.46,11.76,9.25,11.77,21.26,10.41,20.57,12.43,15.72,8.84,10.73,22.86,15.70,20.32,11.35,16.23,15.10,15.92,13.18,14.16,17.27,7.57,13.31,15.90,7.55,13.63,7.39,10.89,12.63,5.16,23.29,13.08,20.82,14.66,19.32,9.80,11.80,19.36,17.92,13.03,12.18,19.41,8.86,20.53,6.52,19.54,8.54,16.43,19.93,17.16,16.41,14.52,11.58,6.66,10.37,14.24,7.39,6.49,13.61,18.33,15.42,16.48,15.10,14.91,19.05,15.07,11.93,14.93,12.00,5.85,18.28,14.22,15.71,14.94,28.24,21.51,8.57,20.68,14.80,18.78,18.06,10.91,13.72,8.57,20.04,15.19,10.19,6.98,16.07,18.61,17.11,5.88,16.95,2.45,20.61,18.48,9.32,20.09,13.31,23.60,13.67,24.24,12.61,12.20,9.34,16.55,12.47,17.82,12.70
12	127650175	127651282	ACCGAGGCCG	1.03	HG00583:4.25	1.66,0.83,2.50,2.39,2.51,0.83,0.85,1.68,3.29,3.29,1.61,1.64,3.41,1.64,1.60,2.50,2.43,2.42,0.97,0.84,4.25,0.86,0.82,1.63,3.15,0.81,1.72,1.68,2.60,2.57,0.83,1.65,1.61,0.83,2.54,0.83,2.43,2.51,0.82,4.32,1.68,1.67,0.84,1.72,2.50,0.82,1.73,0.84,1.69,1.79,2.61,5.22,2.43,1.61,0.82,1.63,2.44,1.71,0.83,2.57,1.64,1.65,1.64,1.62,2.55,5.00,0.86,1.65,0.84,1.66,1.57,0.86,0.87,0.87,1.66,0.86,0.83,1.64,1.71,3.36,0.86,0.84,0.87,0.85,0.86,2.54,2.45,0.82,0.84,1.55,2.50,0.85,1.67,3.31,0.83,3.39
16	9487464	9489008	AGGG	1.03	HG00583:2.55	0.81,0.83,2.50,0.83,0.80,1.67,0.84,0.84,0.82,0.85,0.87,0.81,0.97,2.55,0.84,0.79,0.85,0.86,0.84,1.68,0.87,0.83,0.83,0.78,0.81,0.82,0.86,0.86,0.82,1.61,1.63,1.64,1.62,0.86,0.79,0.86,0.87,0.86,0.83,1.71,0.82,0.84,1.72,0.84,0.81,0.83
2	219179323	219180206	AAAG	1.03	HG00583:1.70	0.83,0.85,1.70,0.83,0.84,0.81,0.81,0.82,0.84,0.83,0.83
5	33297704	33298541	ACCCTGCTGGCGC	1.03	HG00583:1.70	0.83,0.84,1.70,0.84,0.81,0.85,0.84,0.83,1.68,1.63,0.86
5	7371106	7373224	ACC	1.01	HG00583:18.71	11.43,7.34,13.03,12.47,11.68,8.32,5.82,2.50,2.50,9.19,13.56,9.19,0.84,13.31,9.36,3.37,13.98,4.11,11.41,8.05,6.57,9.39,6.83,7.79,9.86,15.22,5.84,4.06,8.06,10.09,9.68,8.43,18.71,15.55,19.61,4.19,11.55,7.33,13.41,15.24,6.52,3.43,10.08,8.41,10.09,11.05,12.14,7.72,14.91,11.58,17.68,7.43,9.32,8.26,6.25,7.30,8.54,1.68,10.05,5.77,0.94,2.59,5.04,14.97,10.04,2.52,8.52,14.78,6.70,18.53,14.63,8.32,12.26,9.99,10.35,6.72,21.23,5.06,13.72,4.48,9.56,6.96,11.32,8.86,9.03,13.04,15.47,10.25,3.29,6.64,21.45,5.74,9.39,12.41,11.66,12.10,3.35,9.86,0.81,27.23,5.83,8.57,4.12,9.23,4.97,10.77,7.54,5.97,5.50,11.14,5.02,9.58,5.86,6.11,16.60,11.13,8.27,8.57,9.93,9.87,5.97,6.57,2.52,5.15,3.43,13.36,4.22,3.40,3.49,8.46,8.46,5.13,4.20,8.47,12.27,15.67,9.24,9.32,13.40,15.80,5.90,5.13,3.34,11.83,5.69,19.53,5.79,12.47,5.94,10.16
17	49586837	49588029	AAAG	1.01	HG00583:11.91	0.84,5.03,4.16,7.40,1.63,5.90,11.91,8.99,3.94,0.83,0.78,3.42,4.12,2.83,1.64,10.33,4.90,4.21,4.03,6.96,4.07,3.43,9.93,7.54,0.85,5.83,2.52,5.80,5.02,1.70,6.86,0.84,2.51,2.62,30.71,2.57,16.55,5.14,3.31,1.71,7.55,10.28,10.02,5.91,1.74,1.69,5.92,15.40,15.96,9.32,7.42,5.04,5.43,4.99,4.21,11.96,3.25,8.49,9.10,10.81,0.85,3.39
14	105292512	105292770	AGCCCCGCCCCCCCGGC	1.01	HG00583:1.70	0.83,2.55,0.84,0.85,0.80,1.70,0.82,0.81,0.82,0.86,0.83
Y	13812782	13829999	AATGG	1.00	HG00583:8.51	4.90,2.45,6.51,2.49,6.68,1.66,4.99,6.66,5.01,3.34,1.60,4.18,6.70,2.50,2.55,2.52,3.29,2.47,4.02,2.46,3.41,5.13,4.33,3.29,1.60,10.02,6.49,5.64,4.21,4.84,0.84,8.51,2.45,0.83,3.15,6.52,5.04,0.84,0.85,8.67,1.66,5.79,2.41,3.30,4.69,4.05,5.86,1.65,0.86,3.36,6.69,2.52,4.93,6.88,4.09,5.18,1.63,4.84,6.08,2.61,6.47,2.42,6.52,6.51,2.56,0.82,1.66,10.30,3.28,1.71,3.31,0.83,1.73,1.67,7.30,2.50,4.94,4.14,0.83,5.02,0.85,1.57,3.34,6.69,9.13,2.48,0.86,2.48,5.97,3.28,0.84,2.57,7.52,6.11,7.61,3.42,0.84,2.45,4.20,1.55,2.51,6.74,0.85,0.84,1.58,1.63,9.10,2.55
7	4256090	4257581	ACCAGGCCACCCGGAGC	1.00	HG00583:5.95	4.90,1.63,4.16,1.67,1.66,1.66,0.83,4.17,0.84,2.39,0.84,3.33,1.68,2.47,1.64,2.44,4.02,0.82,1.71,1.71,4.33,2.40,0.83,4.87,4.84,3.36,1.94,0.84,5.95,0.86,1.68,4.13,0.81,4.73,0.85,0.81,1.68,2.52,1.70,0.87,1.71,1.66,0.83,1.61,2.48,0.85,1.65,6.25,1.62,0.85,1.68,4.19,2.47,2.83,1.68,3.33,0.84,4.19,0.85,1.64,3.33,1.67,1.73,4.20,4.90,0.84,4.03,0.90,0.87,0.87,5.64,2.46,3.26,3.26,2.56,4.11,2.49,0.86,1.64,1.71,4.14,5.00,1.73,2.51,1.64,0.81,0.85,1.67,2.47,2.52,0.83,1.67,2.56,0.79,4.29,1.67,0.87,0.84,5.24,2.49,3.31,3.43,0.83,0.82,2.56,2.46,0.84,0.86,1.71,1.67,2.53,2.54,5.07,4.20,2.54,6.54,3.30,1.68,2.50,2.56,5.01,1.58,1.63,2.55,0.83,0.83,0.85
