motif	top_case_zscore	high_case_counts	all_counts
AATATATATATGG	3.75	HG00116:7.51	0.83,7.51,0.80,0.83,0.82,1.64,0.82,0.81,1.94,2.53,0.82,2.44,2.37,1.69,0.86,4.20,0.84,0.85,0.86,0.83,0.83,1.65,0.83,1.68,1.89,0.86,0.83,1.66,2.45,4.16,1.63,0.84,1.61,3.28,0.81,1.63,2.56,2.46,1.72,0.83,1.67,4.25,1.68,2.48,2.56,0.87,3.49,1.71,0.86,3.31,3.28,1.68,2.51,2.53,4.24,3.49,1.69,0.85,0.84,4.09,2.52,0.78,4.16,1.69,1.71,2.44,0.85,4.16,0.85
AATGAGGACTGAGGGC	3.08	HG00116:14.19	6.53,6.53,4.89,7.48,7.51,8.32,4.99,5.00,14.19,4.18,4.79,4.18,5.86,8.32,7.66,7.57,13.98,2.47,3.26,13.68,6.57,3.41,8.54,5.19,5.75,9.61,6.68,3.25,8.06,10.09,6.78,8.43,6.80,7.78,8.99,5.87,4.13,8.96,9.46,1.69,8.15,3.43,7.56,3.36,6.73,2.55,4.34,6.86,7.46,9.10,3.21,0.83,6.77,6.61,7.03,4.86,4.27,5.87,5.03,5.77,6.61,6.05,5.88,11.64,14.23,1.68,5.96,8.21,9.21,2.53,2.58,6.66,4.09,5.00,5.18,4.20,5.72,5.90,5.65,6.27,6.08,6.96,2.43,5.64,5.75,9.78,4.07,9.40,2.46,4.15,8.58,7.39,2.56,6.62,5.83,1.73,5.86,7.39,2.43,5.96,5.00,8.57,4.12,9.23,8.28,8.28,2.51,6.82,6.29,6.00,5.85,6.09,10.04,4.36,7.47,5.14,3.31,11.14,5.79,4.93,16.22,8.21,5.88,7.72,3.43,7.52,5.91,4.24,4.36,5.08,5.92,3.42,6.72,6.78,2.45,5.77,9.24,6.99,5.86,5.82,1.69,8.54,2.51,3.94,5.69,7.64,2.48,9.98,2.55,1.69
AAGGG	2.48	HG00116:5.84	1.63,0.81,0.83,1.67,1.66,0.83,1.67,5.84,1.67,0.84,0.83,3.40,1.68,1.65,1.64,1.63,1.64,0.85,0.87,0.82,0.80,1.67,0.81,1.61,2.52,0.85,1.63,0.84,1.65,0.81,2.37,1.69,0.81,0.86,3.36,1.68,2.52,1.70,4.34,0.86,0.83,1.65,3.30,3.39,2.48,2.34,0.81,0.84,0.84,0.94,1.73,0.84,6.69,0.84,0.85,3.44,0.83,0.86,2.52,0.82,0.84,1.61,3.48,2.61,0.81,1.64,0.81,2.44,0.85,2.49,3.28,1.71,1.67,1.73,2.51,2.46,0.81,2.55,0.86,0.82,1.66,4.97,0.84,0.85,1.57,2.57,3.34,0.87,0.84,1.75,2.49,2.57,1.65,1.71,0.83,0.82,1.71,2.52,1.72,0.84,1.70,1.74,0.85,2.57,1.69,2.45,2.47,2.33,0.84,0.83,3.37,1.58,0.81,2.55,0.83,2.49,1.70,0.85
AAATATACAAATATATGT	2.45	HG00116:2.50	2.50,0.81,2.51,0.82
AAATAAATACAGTATTTAT	2.08	HG00116:10.02	1.63,1.66,10.02,4.79,4.19,5.89,3.29,5.63,6.41,4.17,7.25,5.81,5.06,7.66,4.32,1.63,2.52,4.95,9.46,1.69,2.44,6.87,0.84,1.70,8.67,4.29,0.83,4.14,6.60,4.23,1.71,9.03,1.67,2.53,5.72,1.67,0.86,3.36,1.69,4.48,1.74,1.62,4.83,3.26,0.85,9.04,4.29,2.46,4.27,4.16,1.73,8.92,2.55,4.19,1.67,2.62,4.98,0.86,3.31,4.28,3.31,3.29,4.93,2.52,2.57,9.19,9.41,5.43,0.84,0.79,0.85,1.65,2.49
ACCCAGG	2.00	HG00116:5.84	3.27,2.45,1.66,0.83,0.83,5.84,0.84,0.80,1.67,1.68,0.85,1.68,0.82,1.64,1.63,0.85,1.71,0.87,0.80,0.83,2.43,4.84,4.21,1.94,1.69,4.25,0.82,2.52,0.83,0.81,0.79,0.85,3.43,0.84,1.68,0.85,0.87,1.61,0.83,0.85,1.65,3.13,1.62,1.68,1.65,0.94,0.86,0.83,3.35,0.84,0.82,3.37,0.86,1.66,0.82,0.83,1.73,0.82,2.53,0.81,0.81,1.64,0.82,3.32,0.85,1.67,0.84,0.81,4.25,0.83,1.71,1.68,4.14,3.31,0.84,2.56,1.57,1.71,3.48,4.18,2.62,0.83,1.71,3.31,2.57,0.83,1.64,1.71,2.46,1.72,0.86,3.34,3.38,2.55,1.74,4.23,0.86,3.36,1.64,1.68,3.11,2.51,1.66,0.84,1.71,0.84,2.37,2.44,0.83,2.55,1.69
AAATTTACATGTATAT	1.79	HG00116:3.34	3.34,0.84,0.84,0.83,0.84,0.82,0.80,0.82,0.81,2.41,0.82,0.85,0.82,0.84,1.74,0.83,1.68,1.67,1.57,0.86,0.86,0.83,0.86,2.48,0.84,0.86,0.78,0.84,1.66,2.53,0.84,0.81,0.85,2.54
AACCCACGGCGAGCT	1.66	HG00116:4.17	0.81,0.83,0.83,4.17,0.84,2.39,0.83,0.85,0.84,1.64,0.80,0.85,1.64,3.20,1.67,2.43,0.81,1.68,4.84,0.84,1.70,0.86,1.63,0.83,1.58,0.86,0.84,0.84,0.85,0.87,2.49,0.83,0.85,0.83,0.82,2.51,0.84,0.85,2.51,0.86,0.83,1.63,0.83,0.86,0.84,1.74,1.61,1.63,1.64,1.64,0.85,0.83,0.86,0.82,0.81,0.85,2.47,0.84,0.83,1.67,0.85,2.62,0.86,3.43,2.56,1.64,1.68,0.86,0.86,2.53,1.70,0.87,0.85,0.85,0.86,0.82,0.78,0.83,0.84,0.85,0.84,2.44,2.55,0.83,0.83,0.85,0.85
ACACTGTCCACCTCCCACAG	1.62	HG00116:65.96	63.68,39.98,51.29,50.72,32.55,34.94,33.25,32.48,65.96,29.25,49.46,44.27,14.24,56.57,22.97,78.27,83.90,30.41,36.67,64.40,21.34,22.18,14.52,44.12,15.62,55.28,45.91,21.10,47.55,12.62,17.43,14.34,0.85,46.65,9.81,48.64,27.23,14.66,29.18,77.91,33.41,30.91,42.00,30.27,23.54,11.05,3.47,18.86,4.14,13.23,25.72,56.14,41.50,23.14,49.23,31.62,35.88,28.52,36.02,53.56,54.75,37.13,41.19,39.92,55.23,29.35,13.63,41.88,21.77,21.05,58.51,7.49,44.95,12.49,41.40,10.08,20.41,20.22,33.89,28.68,16.51,23.50,8.90,43.50,31.20,45.64,6.51,16.24,43.54,37.37,7.72,65.65,58.07,33.91,29.14,6.05,50.25,56.67,0.81,48.50,0.83,12.85,7.42,18.46,8.28,27.33,6.70,13.64,27.51,24.00,1.67,5.22,17.57,15.71,15.77,15.41,15.72,5.79,16.44,17.07,14.78,4.20,5.15,11.14,20.04,0.84,9.34,15.70,5.92,6.77,17.97,20.17,1.69,14.72,9.90,34.44,15.53,0.83,8.43,1.67,19.71,24.41,31.42,9.10,2.49,14.43,4.23
ACCTCGTCACTCAGCCCTGG	1.61	HG00116:2.50	0.83,2.50,0.84,0.85,0.79,0.85,0.85,0.87,0.86,2.49,0.85,0.84,2.52,0.85,0.82,0.83,0.86,0.81,0.81,1.64,0.83,0.87,0.86,0.82,0.82
AAGGGAGAGAGAGGGAGG	1.51	HG00116:3.34	4.08,0.83,3.34,1.65,0.82,0.97,0.86,0.82,5.86,0.94,0.85,9.86,0.84,4.30,0.90,0.85,0.82,0.86,0.83,1.62,0.85,0.86,7.07,0.85,0.85
AATGGATGGATGGATGGATG	1.50	HG00116:1.67	1.67,0.78,0.84,0.81,0.86,0.85
AATATATATGTGG	1.47	HG00116:1.67	1.67,1.65,0.85,0.82,0.84,3.39
AAG	1.27	HG00116:154.47	73.47,42.43,115.61,6.65,59.26,92.35,111.38,48.30,154.47,67.70,89.34,35.08,103.03,90.69,238.24,5.05,7.40,116.72,14.67,67.62,68.12,97.27,66.64,118.52,51.79,99.35,114.35,80.35,50.77,128.68,112.30,22.77,77.41,4.32,50.66,59.54,70.96,102.60,47.32,110.94,3.26,65.25,52.08,82.39,184.10,120.75,9.54,2.57,51.36,73.62,45.81,71.83,108.40,90.91,89.08,101.34,0.85,38.59,124.83,85.70,113.27,45.77,61.37,122.27,162.34,78.84,81.76,81.30,24.28,113.69,59.37,74.87,53.12,144.05,4.31,117.63,73.49,48.02,82.30,111.12,7.82,0.87,145.56,49.94,61.58,55.42,87.12,64.94,42.72,4.98,85.80,120.62,85.40,116.63,58.29,107.19,173.29,128.91,79.13,54.98,91.69,120.32,93.15,94.42,73.72,92.10,69.05,48.73,119.13,5.02,55.71,106.25,125.71,63.08,68.47,66.20,155.05,93.49,13.15,104.98,6.57,47.85,77.18,77.11,49.27,65.82,96.77,116.91,76.98,61.74,38.51,127.72,119.50,60.51,65.97,87.37,74.53,56.10,103.97,41.29,69.21,86.92,67.01,24.41,39.92,51.29,111.41,100.15,105.00
AC	1.24	HG00116:67.63	70.21,22.03,22.80,49.06,41.73,39.94,44.88,58.29,67.63,51.82,50.25,43.43,43.56,55.74,49.35,37.87,55.93,36.99,48.90,46.69,54.99,56.32,46.99,46.72,47.68,38.46,54.25,32.47,61.24,52.15,67.77,54.81,56.14,38.88,46.57,42.77,39.60,48.04,67.83,41.49,30.15,49.80,39.48,42.04,38.67,41.67,56.37,48.86,32.31,51.28,45.00,32.20,65.21,65.29,40.63,38.10,17.94,46.98,46.91,47.79,28.32,43.18,49.60,19.96,60.25,34.39,56.21,41.06,49.41,44.63,46.47,54.90,35.14,49.96,52.62,52.93,62.06,43.81,59.71,49.29,40.84,42.64,26.69,53.16,51.73,83.94,54.55,35.89,47.65,42.35,45.47,48.41,27.33,60.38,46.63,19.88,45.22,46.81,64.86,45.95,23.33,38.56,48.62,32.73,41.41,60.47,42.70,29.84,58.94,55.71,20.06,58.32,51.03,51.50,68.06,49.64,52.96,63.39,23.99,30.42,43.53,52.54,39.45,41.16,32.56,40.09,39.66,39.90,38.39,52.45,23.68,30.81,57.98,53.39,42.52,30.51,25.20,42.70,54.42,54.07,21.07,45.28,41.79,55.98,60.20,41.61,33.09,54.04,31.40,48.26
