motif	top_case_zscore	high_case_counts	all_counts
ACAGCCCTGGCTACTAGC	6.36	HG00369:25.97	2.45,0.81,6.68,2.50,11.64,3.33,15.03,3.34,0.80,7.54,14.98,3.40,9.87,5.75,2.41,2.46,1.73,7.40,11.22,25.97,7.74,1.69,12.26,2.52,8.25,7.33,3.15,5.08,4.07,13.74,8.40,21.02,8.41,7.80,17.15,4.14,9.10,6.60,4.23,3.31,8.60,0.84,0.84,14.01,0.94,1.73,7.57,0.83,0.84,0.84,0.82,3.37,5.16,18.30,8.99,0.83,5.18,21.01,15.51,6.74,10.49,3.58,14.77,6.96,6.47,18.53,4.11,19.56,14.66,10.68,4.98,2.57,9.85,5.98,8.27,18.32,17.29,16.22,7.66,10.00,1.71,3.31,1.66,5.02,1.57,0.84,0.84,1.75,0.83,4.14,2.57,1.65,2.56,12.31,1.68,0.86,0.86,2.51,0.85,0.87,0.85,1.69,2.54,7.36,14.02,2.50,0.84,0.84,3.40,14.89,1.66,18.67,9.31
ACCACCACCATCGCC	4.17	HG00369:5.68	0.82,1.63,0.83,0.80,0.84,4.93,0.85,0.87,0.82,5.68,0.81,0.85,3.13,2.51,1.73,1.71,0.82,0.84,0.86,1.69,1.64,1.55,0.83
ACTCACTCCTCTCCCCGCTC	1.63	HG00369:11.36	4.08,8.98,4.17,2.50,3.33,3.34,9.57,8.35,3.33,0.85,3.37,1.64,9.78,3.22,0.85,2.56,4.33,7.51,11.36,5.64,5.05,3.40,5.18,10.06,4.95,1.63,15.77,4.89,15.12,0.84,0.87,4.97,3.31,2.48,2.54,4.05,4.94,6.05,0.84,4.19,2.55,9.03,0.84,2.50,4.09,5.88,3.23,4.34,10.44,12.89,4.11,23.63,0.81,6.84,8.58,9.03,1.71,2.48,3.35,3.29,3.40,3.34,0.87,2.57,5.75,2.52,3.39,3.88,5.10,1.65,2.55
AAACTATATATATATAGTG	1.60	HG00369:1.62	1.60,1.62,0.82,0.86
AAAGGGAGGAGAGAGAGAG	1.54	HG00369:2.43	0.82,0.84,0.84,0.82,0.83,2.43,0.81,0.83,0.85,1.66,0.84,1.64,0.79,0.83,0.86,5.04,3.11
AGGGC	1.36	HG00369:8.12	0.82,4.08,7.33,2.49,0.83,1.66,0.83,6.66,2.50,1.67,1.60,0.84,4.19,5.82,3.40,2.52,4.11,1.64,1.63,4.83,2.46,0.85,0.85,4.33,2.47,0.83,8.12,2.52,1.94,2.53,4.25,1.73,1.63,5.03,3.30,2.44,3.94,4.23,3.26,3.43,1.68,1.68,2.52,2.55,5.20,4.97,2.41,2.48,2.54,13.28,2.43,1.68,1.65,2.59,0.83,2.51,0.85,7.39,2.51,0.84,2.58,3.33,4.09,1.73,0.84,4.90,1.69,3.23,2.69,2.61,0.87,0.81,2.46,2.44,4.07,3.42,4.11,0.83,3.43,0.82,0.85,4.96,4.16,5.19,0.84,0.85,1.71,0.82,2.52,4.14,2.48,0.84,0.85,1.57,1.71,1.67,6.96,1.67,2.49,1.71,2.48,0.86,1.65,3.41,2.46,0.84,1.72,3.43,3.34,2.53,0.85,1.74,2.54,8.46,2.57,1.68,0.85,5.72,1.65,1.68,13.20,5.02,3.33,1.71,10.03,6.31,6.51,3.40,5.79,0.83,5.09
ACCTCCTCACTCAGCCCTGG	1.34	HG00369:1.62	0.80,0.85,1.62,0.84,0.82,0.82,0.84
ACTCACTCCTCTGCCCGCTC	1.31	HG00369:4.06	0.82,0.83,0.83,3.34,1.60,4.18,1.70,5.05,1.63,1.60,0.83,4.06,1.61,1.68,3.35,0.83,3.94,1.72,1.68,0.87,1.66,0.85,2.43,2.47,0.82,3.27,0.83,1.68,1.74,2.42,0.82,2.44,2.46,0.78
AAAGCGGAGGAGGGAG	1.14	HG00369:2.43	0.82,0.81,0.80,0.82,0.80,0.85,0.83,2.43,1.94,0.84,1.73,0.82,0.84,0.86,1.73,0.84,0.83,1.70,0.86,0.81,4.14,0.84,0.81,1.70,0.86,2.52
ACAGCACCCACGTCC	1.08	HG00369:2.43	0.82,0.82,0.83,0.80,0.84,3.29,1.60,0.83,2.43,1.94,0.82,1.58,0.81,0.78,0.81,1.65,3.78,0.84,0.86,0.82,0.86,0.84,0.81,1.71,0.83,0.86,0.85,0.82,0.83,1.63,0.85
ACACAGGGTGCAGG	1.07	HG00369:3.25	0.82,0.82,1.66,3.34,0.80,0.83,1.70,1.68,0.82,1.61,0.82,0.85,1.60,3.25,0.81,0.84,0.82,0.85,0.87,0.83,1.62,1.71,0.82,0.86,2.52,0.84,0.86,0.90,1.74,5.64,4.07,1.63,0.85,0.85,0.83,0.83,0.84,3.36,0.84,1.67,0.84,0.87,2.48,2.56,0.85,1.69,0.86,1.68,0.84,1.55,1.67,0.85,0.84,0.79,0.83,0.85
ACTGGCATGGGGCAGAG	1.02	HG00369:1.62	0.83,0.83,1.62,0.84,0.84,0.84,0.82,0.82,0.81,0.87
AAGGCTCCTGACCCCACCC	1.00	HG00369:25.16	16.33,12.24,11.40,14.97,2.50,15.81,14.96,9.99,11.69,13.37,8.77,18.37,15.92,16.64,8.51,14.31,14.81,8.22,11.41,12.07,13.95,10.24,8.54,17.30,6.58,23.24,15.02,25.16,12.89,1.68,11.62,14.34,16.16,18.14,13.07,16.77,15.68,21.17,18.14,16.09,12.22,12.02,15.96,16.81,19.33,9.35,18.21,7.72,6.63,6.62,21.70,9.91,9.32,16.53,20.32,20.27,12.81,7.55,12.57,14.01,7.55,10.36,9.25,20.79,18.41,6.71,15.33,5.75,11.72,13.47,11.19,14.97,10.62,14.16,14.66,8.40,17.96,21.06,17.75,17.03,16.51,13.92,16.17,24.97,7.39,22.82,18.73,9.40,27.93,12.46,16.30,22.16,29.04,9.10,18.32,8.64,20.10,14.78,17.03,15.32,7.50,5.14,9.07,14.27,14.08,16.57,9.21,11.08,18.86,9.43,10.03,8.70,6.69,5.24,17.43,9.41,5.79,26.56,22.34,13.15,6.83,11.49,17.63,6.00,6.85,20.04,6.75,10.19,6.98,16.92,3.38,11.12,7.56,7.63,20.44,21.44,15.12,19.41,45.21,12.48,11.80,17.09,13.37,24.44,46.37,16.99,7.45,10.81,22.07,10.16
