motif	top_case_zscore	high_case_counts	all_counts
ACCCACTCTATCCCAGC	8.40	HG00131:27.56	7.35,5.71,9.77,8.31,19.20,5.82,9.14,14.99,10.85,5.85,2.39,27.56,5.03,9.15,14.46,14.81,8.22,1.63,10.46,4.10,6.83,9.40,5.19,9.86,11.68,14.61,6.45,6.73,5.81,0.84,3.40,6.91,6.54,7.55,6.60,5.70,21.30,12.70,8.15,10.30,5.04,15.97,11.77,5.10,11.27,5.14,8.28,1.65,4.02,4.13,0.85,12.40,7.03,0.81,16.23,5.03,2.51,1.65,11.33,1.73,1.68,11.64,5.02,0.84,1.70,11.50,4.19,6.74,5.16,3.33,13.08,3.45,4.20,8.17,7.58,8.88,6.27,0.87,4.35,9.70,6.44,13.14,4.89,8.14,3.42,8.22,6.64,13.73,12.31,1.71,4.96,6.66,4.32,12.56,8.92,8.51,2.50,11.14,7.42,10.07,5.80,8.28,2.51,7.67,6.29,10.28,10.03,6.09,11.71,6.98,14.94,7.70,2.48,0.86,17.37,14.80,14.51,13.96,13.43,4.29,0.86,5.01,8.44,17.83,2.62,16.07,7.61,5.99,10.08,5.93,7.36,11.54,4.20,17.86,6.70,11.65,9.27,5.98,6.69,21.29,31.73,5.94,0.83,9.15,13.58,16.09
AATATATATATATATGG	6.56	HG00131:11.69	1.63,0.82,2.44,3.33,2.50,4.99,3.33,1.67,3.99,11.69,1.66,4.25,2.44,1.61,0.82,1.71,1.64,1.60,4.03,0.84,1.69,5.95,3.35,3.30,4.89,5.52,2.58,1.68,6.73,0.85,1.73,0.83,1.61,0.81,0.84,0.82,2.59,0.84,2.51,2.55,5.75,1.67,3.33,1.63,2.52,1.63,5.90,0.90,3.23,4.03,2.46,5.70,1.63,0.85,0.86,4.92,2.48,5.83,0.86,4.19,0.82,0.81,4.25,4.19,0.86,1.71,3.43,1.71,0.84,1.69,3.27,1.68,0.83,3.33
ACAGATCCTGGCCACTCTGC	2.31	HG00131:19.21	4.90,5.71,11.40,11.64,8.35,5.82,9.14,8.33,5.01,7.52,9.57,19.21,4.19,19.97,5.96,4.21,15.63,12.33,9.78,12.07,7.39,5.97,8.54,6.06,5.75,8.01,10.85,4.06,4.03,9.25,6.78,7.59,17.86,14.69,12.26,12.58,8.25,5.70,14.99,4.23,7.33,4.29,15.12,9.25,15.97,5.95,16.48,1.71,7.46,4.14,11.25,3.30,3.39,4.13,11.72,7.30,8.54,9.23,11.73,14.01,4.72,4.32,1.68,9.98,5.02,7.55,5.11,16.43,2.51,5.05,11.19,11.65,5.72,6.66,1.73,12.60,4.08,4.21,4.84,6.27,5.21,5.22,19.41,19.33,4.11,15.48,13.03,10.25,3.29,9.97,11.15,5.74,17.08,19.03,4.16,6.05,11.72,11.50,10.54,17.02,3.33,7.71,4.94,5.03,6.63,13.25,9.21,11.08,11.79,12.00,5.02,6.96,3.35,10.48,2.49,2.57,6.62,11.14,4.14,9.87,12.80,6.57,5.04,3.43,4.28,4.18,8.44,13.58,13.96,6.77,4.23,11.98,10.92,1.69,6.54,14.84,4.20,9.32,4.19,4.99,8.43,17.09,3.34,8.67,14.64,11.04,5.79,7.48,4.24,9.31
AAGGTATGGGCGTGG	1.93	HG00131:2.51	2.51,0.84,1.70,1.75,0.84,1.69,2.54,0.84
ACCACCACCCCCATC	1.91	HG00131:4.18	0.83,1.66,2.50,3.34,4.18,3.40,0.84,1.63,2.41,2.46,2.56,1.67,0.81,0.81,0.84,0.86,0.84,0.81,0.84,0.87,1.56,0.85,0.84,3.35,2.55,3.44,0.84,0.90,0.81,1.62,0.86,0.85,0.85
ACCCCGCGC	1.83	HG00131:5.85	1.63,0.82,2.44,1.66,1.67,4.16,0.83,0.83,0.80,5.85,2.51,0.83,1.70,0.82,4.93,0.80,0.82,0.85,0.82,2.40,0.83,2.43,0.81,0.97,0.84,2.55,0.86,1.63,3.35,0.81,5.52,1.69,1.63,1.72,5.04,0.84,0.84,2.55,2.60,2.49,0.80,2.48,1.56,3.24,4.27,2.51,3.30,0.94,1.73,1.68,0.83,3.35,1.70,2.46,1.67,2.53,5.16,3.33,0.82,1.67,0.86,1.68,0.82,2.53,2.42,0.90,2.61,4.04,0.81,0.81,2.46,0.83,3.43,0.82,1.65,0.86,1.67,1.64,2.43,0.85,0.86,2.48,0.84,0.84,1.75,2.49,0.86,0.83,2.57,0.83,0.85,3.28,0.86,1.71,0.84,0.85,0.87,0.85,0.85,0.86,1.68,5.72,1.65,0.84,2.33,3.35,2.50,0.85,0.84,3.15,2.44,1.70,2.48,0.83,2.55
AAGTGATGTAGCATCCC	1.81	HG00131:8.35	5.82,1.66,1.67,8.35,11.65,2.52,9.78,1.71,2.42,10.93,5.87,0.81,2.52,11.35,1.68,0.84,2.83,4.19,2.55,1.72,2.55,2.62,1.55,0.83
AATATATATGTATGG	1.77	HG00131:2.51	3.99,2.51,0.87,5.61,0.86,0.84,4.28,0.78,3.33
AAAGAAGGAAGGGAGGG	1.65	HG00131:1.67	1.67,1.68,0.84,0.82
AATATATACGTATGG	1.54	HG00131:1.67	1.60,1.67,0.85,0.87,0.83,0.84
AAGCATATATATG	1.43	HG00131:2.51	0.83,2.51,0.80,1.63,0.84,1.65,2.54,0.81,1.73,0.87,1.71,1.69,0.83
ACTCACTCCTCTGCCCGCTC	1.42	HG00131:4.18	0.82,0.83,0.83,3.34,1.60,4.18,1.70,5.05,1.63,1.60,0.83,4.06,1.61,1.68,3.35,0.83,3.94,1.72,1.68,0.87,1.66,0.85,2.43,2.47,0.82,3.27,0.83,1.68,1.74,2.42,0.82,2.44,2.46,0.78
AAGAATGAGTGAGTGAGGAG	1.12	HG00131:4.18	2.50,0.83,4.18,0.84,4.11,0.82,3.42,0.83,0.83,3.13,6.83,2.59,1.68,1.67,0.84,0.84,0.83,0.83,3.30,0.84,1.66,0.83,1.70,2.36,4.29,3.34,2.62,4.15,2.48,0.82,1.68,0.86,0.84,2.53,1.69,2.54,1.71,0.84,0.82,0.84,2.51,0.83,0.83,1.70,1.69
