motif	top_case_zscore	high_case_counts	all_counts
AAGAGGTGATAGTATT	17.48	HG01626:221.23	22.86,63.65,45.59,26.61,37.56,35.78,71.48,23.32,24.21,24.24,59.03,81.02,77.90,19.14,25.53,26.09,34.55,13.97,29.34,27.37,56.63,211.61,36.74,15.57,32.06,16.02,99.32,43.83,40.29,15.98,23.23,35.42,20.41,54.43,43.31,41.09,44.55,20.36,42.59,26.25,26.89,19.75,52.92,11.77,46.24,21.26,20.81,14.57,31.48,28.95,56.25,12.38,47.42,19.83,56.26,45.40,221.23,57.05,14.24,51.09,46.25,42.32,117.70,78.19,18.41,31.03,36.62,78.84,21.77,23.58,24.09,20.80,22.88,26.65,20.70,26.05,59.61,5.06,82.30,38.53,15.64,33.07,67.12,28.19,33.67,57.86,18.73,45.29,23.82,39.86,56.63,38.57,30.75,93.47,11.66,19.02,22.61,25.46,28.38,44.25,13.33,31.71,31.32,46.15,36.44,33.13,51.91,31.54,25.94,31.71,27.59,20.02,31.79,21.82,23.24,19.69,62.06,42.83,47.99,7.40,13.66,13.96,41.13,10.29,37.70,13.36,5.06,18.68,15.70,45.68,32.98,21.39,25.21,9.32,11.45,20.61,38.65,72.97,38.51,19.96,17.70,7.69,11.70,30.75,10.58,43.31,36.40,18.29,31.40,35.56
AACCCCTAACCCGAACCCT	16.23	HG01626:16.23	6.43,16.23
AACCTCCATAACCTCCCT	8.47	HG01626:29.90	18.78,4.08,13.03,9.98,10.85,9.98,7.48,6.66,18.37,7.52,8.77,15.87,5.03,4.16,5.96,2.52,17.27,12.33,6.52,18.51,16.41,7.68,9.40,1.73,5.75,2.40,7.51,6.49,13.70,6.73,7.74,8.43,7.66,18.14,22.88,8.39,7.43,8.14,17.35,11.01,12.22,12.88,5.88,11.77,16.81,4.25,13.01,4.29,23.20,1.65,11.25,5.78,0.85,4.13,7.03,18.65,29.90,6.71,7.54,14.83,16.99,10.36,20.18,18.30,11.71,9.23,10.22,16.43,1.67,8.42,3.44,14.14,8.17,1.67,6.90,21.01,5.72,14.32,8.88,2.69,6.95,7.83,20.22,7.25,18.06,24.45,6.51,5.98,12.32,15.78,11.15,9.85,2.56,14.06,34.14,6.05,5.86,5.75,4.86,7.66,14.99,3.43,11.54,5.03,14.08,10.77,0.84,11.93,20.43,4.29,9.20,8.70,13.39,10.48,3.32,6.85,1.65,5.14,16.55,8.22,8.53,12.31,8.39,3.43,5.14,7.52,5.91,7.64,13.96,9.31,2.54,9.41,0.84,1.69,9.00,10.92,9.32,7.54,1.66,8.43,11.11,15.04,5.52,21.15,11.04,4.14,7.48,8.49,5.93
AAGAATGAGTGAGTGAGGAG	3.75	HG01626:6.83	2.50,0.83,4.18,0.84,4.11,0.82,3.42,0.83,0.83,3.13,6.83,2.59,1.68,1.67,0.84,0.84,0.83,0.83,3.30,0.84,1.66,0.83,1.70,2.36,4.29,3.34,2.62,4.15,2.48,0.82,1.68,0.86,0.84,2.53,1.69,2.54,1.71,0.84,0.82,0.84,2.51,0.83,0.83,1.70,1.69
ACTGCAGCCTC	2.90	HG01626:3.42	1.66,4.20,3.42,0.84,4.93,2.42,0.85,0.84
AAAGGTGTGTGCGGGTGG	2.06	HG01626:5.98	0.82,0.82,1.63,1.66,0.83,0.83,0.83,1.67,3.34,1.66,0.85,6.58,0.80,1.64,0.87,0.82,1.60,1.67,0.81,2.42,1.94,3.37,2.59,3.27,5.87,1.65,1.63,0.79,0.85,0.81,3.43,1.68,0.84,3.36,0.85,0.86,1.66,1.65,1.61,2.48,0.85,0.83,3.91,5.98,1.68,2.47,1.89,1.68,2.50,1.68,2.55,4.93,0.84,0.83,0.86,0.84,0.84,1.61,1.74,0.87,1.61,1.63,0.81,0.83,4.14,1.67,1.64,1.62,0.85,1.67,0.86,2.47,0.84,2.48,0.79,1.71,0.83,0.86,3.31,8.53,4.10,0.84,1.72,2.51,0.87,3.36,1.69,1.65,0.78,0.84,0.84,2.56,3.34,2.37,5.69,0.85,0.83,0.83,0.85,0.85
AAATGGTGAGAGGCACTGGG	2.01	HG01626:7.69	2.45,2.44,6.66,1.67,6.38,2.51,9.36,1.68,0.81,1.61,2.46,0.83,4.03,4.21,2.53,2.55,14.69,3.27,0.83,4.89,3.15,5.93,0.81,6.87,0.84,2.52,1.68,1.70,1.65,7.23,0.83,4.23,1.56,0.81,7.69,1.68,0.94,1.73,5.04,3.35,5.96,0.82,4.19,0.83,1.67,1.68,0.82,1.79,3.48,2.43,0.81,0.81,0.82,1.72,4.27,4.96,0.83,0.86,1.67,0.81,0.86,0.82,4.72,1.71,0.84,2.61,0.86,1.67,0.84,1.74,0.85,4.12,0.83,2.53,0.85,1.65
ACAGGTCTCCCGGGTGGC	1.99	HG01626:6.83	3.27,0.82,2.44,2.49,7.51,2.50,1.67,4.17,1.67,1.60,4.18,0.84,3.40,0.84,2.47,3.26,1.61,0.82,2.56,0.85,2.60,1.64,3.34,2.43,2.42,0.84,3.87,5.10,2.59,5.87,2.48,2.44,1.58,0.85,2.44,3.43,3.36,5.04,3.36,2.55,4.34,4.29,1.66,11.25,4.95,0.83,0.78,0.81,6.83,0.84,3.35,4.94,1.89,0.86,1.66,4.18,4.19,3.41,1.64,0.84,1.68,0.86,2.50,1.63,0.82,1.69,2.42,0.87,3.23,0.81,2.46,0.81,1.71,2.46,3.32,1.72,1.71,1.65,5.83,2.59,4.19,2.46,1.62,0.82,0.79,2.57,0.87,1.75,0.83,1.71,1.71,1.65,0.85,2.52,1.67,1.70,0.87,2.54,0.86,2.52,2.45,1.65,1.68,3.88,5.02,0.83,0.84,0.84,1.63,0.85,2.49,0.85,2.54
AAACTATATATAG	1.80	HG01626:5.98	0.82,0.82,2.49,0.83,0.83,3.33,0.84,1.67,1.68,2.55,1.68,3.29,4.11,2.44,0.80,1.71,0.82,1.62,3.22,1.68,1.94,3.37,1.70,4.07,2.54,3.43,2.52,0.84,0.85,2.57,3.31,0.80,0.83,1.69,5.98,1.68,0.84,0.82,1.89,0.84,1.66,0.84,1.64,1.68,0.86,0.83,0.82,0.84,2.42,0.90,2.61,1.61,0.81,0.81,0.85,0.83,1.71,1.65,0.83,2.59,0.84,3.29,0.81,0.85,1.65,1.68,0.83,1.67,1.57,0.86,2.51,5.22,1.67,5.81,0.86,0.86,9.10,0.82,0.85,1.64,0.84,0.86,0.86,0.84,1.69,0.85,1.69,4.23,0.86,0.84,4.91,0.82,0.84,4.66,0.83,5.06,0.79,3.25,0.83,0.83,2.54
ACATCTATCTATCGATAGAT	1.71	HG01626:1.71	1.71,0.90,0.85
AATGAGTGAGCGAGGAGAGG	1.60	HG01626:24.77	8.16,3.26,4.89,12.47,7.51,11.65,6.65,4.16,12.52,8.36,12.76,7.52,5.86,10.82,5.96,12.62,30.43,2.47,20.37,10.46,1.64,11.95,7.69,7.79,4.11,2.40,1.67,10.55,4.03,3.36,3.87,0.84,5.95,2.59,5.72,10.06,4.13,21.98,3.94,5.08,12.22,5.15,16.80,5.04,2.52,20.41,16.48,9.43,0.83,8.27,4.02,1.65,8.47,11.57,15.63,4.86,24.77,4.19,9.22,9.06,3.78,1.73,1.68,6.65,13.39,5.03,2.55,3.29,1.67,8.42,5.16,30.78,8.17,12.49,9.49,9.24,6.53,0.84,17.75,3.58,17.38,8.70,9.70,21.75,1.64,17.11,32.57,10.25,10.68,5.81,13.73,6.56,29.89,11.58,0.83,9.51,15.07,8.21,4.86,5.11,1.67,15.42,4.12,4.20,7.45,1.66,3.35,4.26,9.43,3.43,5.02,3.48,2.51,11.35,7.47,0.86,7.45,18.20,10.69,1.68,14.58,2.57,4.18,10.13,3.40,4.36,6.77,2.54,5.13,0.84,16.10,19.63,23.09,10.92,10.09,0.84,2.50,3.37,5.13,5.01,3.15,5.69,3.40,10.75,18.29,12.73,4.23
ACAGAGGAGAGGCAGAG	1.60	HG01626:21.35	17.14,25.24,12.47,12.52,4.99,14.13,11.66,5.01,17.55,9.19,6.70,10.82,19.57,5.05,7.40,17.93,16.90,9.85,9.39,8.54,10.38,15.62,6.41,18.36,5.64,10.93,9.68,5.06,10.21,19.87,8.17,7.55,24.45,6.01,3.36,5.04,5.88,5.10,4.95,17.78,14.85,17.84,21.35,9.23,1.65,9.44,19.86,7.57,8.32,3.35,7.39,13.40,9.47,21.63,9.81,7.49,13.88,7.58,14.52,14.34,2.61,6.09,9.03,2.56,4.98,15.59,12.81,15.72,4.32,7.54,6.57,9.73,7.50,10.28,2.47,6.71,15.74,2.48,14.23,8.52,17.29,2.57,5.85,12.19,7.86,8.30,9.41,12.41,2.57,9.93,8.22,6.83,5.75,9.23,1.72,3.43,8.35,16.03,12.73,5.23,11.00,11.84,11.98,14.28,9.32,31.07,13.19,5.04,16.30,2.50,0.84,21.15,7.64,4.16,9.34,13.55
AAGGAGGGAGAGGATG	1.54	HG01626:1.71	1.66,3.30,1.71,3.29,0.84,0.84
ACCACCACCTCCATC	1.46	HG01626:2.56	1.66,3.32,0.83,1.67,0.81,0.84,0.84,0.84,2.56,3.37,1.71,0.84,0.83,0.84,7.45
AACATATATATGG	1.03	HG01626:3.42	4.08,1.66,1.66,1.67,0.84,4.79,1.67,0.84,0.83,0.81,2.41,5.19,0.82,4.96,0.85,0.81,3.42,2.59,1.66,0.85,0.86,1.63,0.83,2.53,0.81,0.82,3.24,1.70,1.66,0.79,1.66,2.55,1.69,0.85
