motif	top_case_zscore	high_case_counts	all_counts
AAAATAACATAACAT	4.95	HG01619:4.95	4.95
AAGGAGGGAGAGGATG	3.13	HG01619:3.30	1.66,3.30,1.71,3.29,0.84,0.84
AAGGAGGGAGAGGAGG	1.65	HG01619:1.65	0.83,1.65,0.83
AAATGGACTACAACCACGGC	1.63	HG01619:3.30	0.83,0.83,0.84,0.80,0.84,0.85,0.80,0.85,1.60,0.84,0.84,2.54,0.86,1.71,3.30,1.62,0.84,0.83,0.84,0.82,0.82,1.68,1.74,1.74,0.81,0.85,0.82,0.84,0.81,1.70,1.71,0.83,0.87,0.84,2.57,0.83,0.86,0.85,0.87,0.86,0.84,1.69,1.69
AATATATATGTGG	1.49	HG01619:1.65	1.67,1.65,0.85,0.82,0.84,3.39
ATC	1.31	HG01619:3.30	0.81,0.83,0.83,3.32,0.83,0.84,0.84,0.83,1.71,0.85,1.60,1.67,0.81,0.81,0.84,0.84,2.55,0.84,0.81,0.79,0.86,0.84,0.84,0.86,0.80,3.30,1.69,0.83,0.78,0.84,0.82,0.84,0.84,1.70,0.82,1.63,0.86,2.52,1.63,0.87,1.61,0.86,0.82,0.83,0.83,0.84,1.64,1.70,1.67,1.71,0.82,0.84,0.83,0.85,0.87,0.87,0.83,0.85,2.52,3.34,0.84,0.85,0.84,2.47,1.55,0.85,1.58,0.85,0.85
AATACTCCTGGACCTGAGGG	1.29	HG01619:11.56	3.26,0.81,3.33,2.50,3.33,0.83,4.16,5.01,2.51,3.99,5.01,0.84,19.14,5.11,6.73,2.47,0.82,4.07,3.22,2.46,5.13,2.60,0.82,4.01,5.84,4.06,8.06,1.68,1.94,9.28,9.50,1.63,10.06,4.95,4.07,3.94,6.77,6.87,0.84,7.57,3.36,2.55,4.34,2.57,1.66,4.14,0.80,11.56,4.23,4.96,10.16,0.81,7.69,2.52,4.19,1.65,7.55,3.45,4.20,1.66,1.67,8.39,1.70,0.82,5.02,1.68,2.50,4.90,0.83,2.59,0.84,4.90,9.68,0.90,0.87,0.81,3.22,3.28,0.81,4.07,3.42,4.11,4.29,3.28,1.71,1.65,4.16,3.46,0.82,6.49,0.85,1.67,4.28,2.47,1.66,1.57,9.20,2.62,19.09,2.48,2.47,9.85,4.20,11.99,0.84,13.58,1.74,0.85,4.09,0.82,2.51,0.83,0.84,26.02,0.81,0.85
ACACGCGCACAGGCCCGC	1.10	HG01619:2.48	0.82,1.63,0.83,0.83,0.83,0.84,0.84,0.82,0.81,0.85,0.81,0.84,0.83,0.86,0.87,2.48,0.85,0.78,0.81,0.84,1.65,0.86,0.84,0.83,1.70,1.67,0.84,1.66,0.82,0.87,0.87,0.84,1.71,0.85,0.84,0.84,0.86,1.65,0.86,0.82,0.84,0.86,0.86,0.85,3.27,0.84,0.83,0.79,0.85
ACGCTCCCTAGATGAGCC	1.05	HG01619:5.78	2.45,0.82,4.16,1.66,3.32,5.00,2.50,0.80,2.51,0.84,1.66,2.55,1.68,0.82,0.82,3.22,1.71,3.42,2.47,0.80,1.67,1.62,0.84,1.94,0.84,1.70,2.59,2.45,3.35,2.48,3.26,3.15,0.85,0.81,0.86,2.52,1.68,1.68,0.87,0.83,3.31,5.78,1.69,0.85,3.36,1.65,0.94,0.86,0.83,7.55,4.11,0.84,0.84,3.44,1.66,3.33,1.73,2.52,1.63,2.53,0.81,1.79,1.74,4.35,2.42,0.82,6.52,4.89,0.85,4.93,5.81,3.43,0.82,1.65,0.83,1.73,4.19,1.62,2.55,0.83,2.57,4.94,0.84,4.97,1.67,1.71,0.87,1.67,0.87,3.32,0.86,1.65,0.86,1.65,2.56,4.10,1.68,1.69,1.64,1.68,4.66,0.84,2.50,0.84,0.85,0.84,1.63,1.70,1.65,1.66,1.69
