#contig	start	end	unit	top_case_zscore	high_case_counts	all_counts
5	102138604	102139358	AAGG	7.14	HG01762:7.54	4.89,2.49,4.01,0.81,5.79,7.54
4	58204381	58206119	AAAGG	5.68	HG01762:18.42	4.08,5.71,7.33,10.81,6.68,7.49,8.31,5.00,16.70,5.85,7.98,8.35,5.86,4.99,0.85,3.37,1.65,12.33,5.70,4.83,5.75,11.09,9.40,4.33,4.93,3.20,10.85,12.99,5.64,5.05,14.52,3.37,11.06,6.91,8.99,0.84,6.60,2.44,3.15,2.54,9.78,7.73,9.24,5.89,11.77,11.05,6.07,6.00,9.94,3.31,6.43,4.95,5.93,9.09,10.16,8.92,8.54,6.71,5.86,4.12,9.44,12.09,9.25,7.49,5.86,13.42,6.81,3.29,18.42,8.42,8.61,8.32,8.17,13.32,11.21,9.24,3.27,9.27,4.03,8.07,10.43,6.96,6.47,6.44,3.28,14.67,4.07,2.56,7.39,13.29,12.01,9.85,0.85,2.48,3.33,2.59,4.19,9.86,5.68,2.55,10.83,2.57,9.07,10.07,6.63,3.35,6.82,7.07,3.43,3.34,3.48,9.20,9.60,5.81,7.70,6.62,2.57,8.27,7.40,7.68,4.93,7.55,6.00,2.57,8.35,6.75,11.04,6.98,4.23,2.54,7.70,9.24,5.08,7.36,3.30,4.20,5.43,8.37,1.66,6.74,8.54,5.01,11.04,6.51,4.25,12.41,12.47,3.39,2.54
3	184472644	184473182	AAGAAGATGGTGGGAG	5.66	HG01762:5.86	1.67,4.03,2.51,5.86,0.85,0.84
12	42388341	42389676	AAGG	5.65	HG01762:7.54	1.63,0.83,0.83,0.83,0.84,1.60,2.51,1.66,0.85,0.84,0.82,1.64,0.80,0.82,0.87,1.64,0.80,0.83,0.81,0.81,0.84,3.46,0.84,1.69,0.86,0.85,0.86,0.83,1.65,0.85,0.78,3.24,0.85,0.84,0.94,0.86,0.84,0.84,0.85,0.82,7.54,0.86,0.83,0.84,0.82,1.64,0.81,0.83,0.83,0.82,2.43,0.85,0.84,0.83,0.85,1.71,0.84,1.75,1.66,1.71,0.83,1.71,0.83,1.71,0.84,1.71,0.84,1.69,0.86,1.69,0.82,0.84,6.74,0.84,0.79,0.83,0.85
7	944529	945260	AAAGGAG	5.58	HG01762:5.86	0.85,2.46,5.86,2.62,2.50
13	72308957	72310407	ACGCGTATATCCCATAT	5.17	HG01762:10.89	2.45,2.45,1.63,2.49,7.51,3.33,5.82,5.01,2.51,1.60,1.68,1.66,1.70,0.84,5.76,1.64,8.15,2.41,5.12,2.60,1.64,2.40,5.84,2.43,3.87,4.89,2.37,3.26,8.59,1.70,8.57,2.49,0.80,4.96,3.91,5.67,2.52,0.84,5.66,2.59,2.52,4.16,4.18,1.68,4.26,3.29,10.89,1.68,3.44,2.50,1.63,0.84,4.27,0.82,1.62,2.57,3.43,1.69
4	125579851	125580004	AAGGG	5.02	HG01762:5.02	5.02
20	4098436	4099987	AAG	4.99	HG01762:20.10	3.27,4.90,12.21,18.29,11.68,10.82,15.79,9.99,5.01,7.52,10.37,12.53,14.24,2.50,11.06,10.94,5.76,7.40,7.33,11.27,25.44,10.24,16.23,4.33,13.97,7.21,6.68,12.17,8.06,9.25,10.65,16.86,6.80,5.18,7.35,11.74,9.90,4.89,10.25,13.55,13.85,6.01,10.92,5.89,8.41,12.76,3.47,7.72,8.28,14.89,8.04,17.34,8.47,9.92,10.16,12.97,6.83,3.36,7.54,0.82,6.61,5.18,10.09,7.49,8.37,3.35,5.96,7.39,20.10,10.95,8.61,6.66,2.45,5.00,7.76,2.52,1.63,9.27,7.26,3.58,10.44,4.04,8.06,13.14,6.52,12.21,14.53,3.29,5.81,6.01,11.49,12.81,14.89,5.83,2.59,7.54,4.93,9.73,8.51,3.33,2.57,9.07,7.55,7.45,4.19,11.93,12.57,8.57,4.18,9.58,12.55,1.75,0.83,8.56,0.83,6.85,10.76,4.93,4.27,3.28,7.55,4.29,6.00,2.51,7.59,4.24,3.49,0.85,10.15,5.13,2.52,3.39,7.36,5.77,2.52,13.20,7.54,5.82,5.90,5.98,10.87,12.61,7.32,3.40,7.45,2.49,5.94,7.62
9	90016773	90018099	AAGG	4.87	HG01762:11.72	4.08,3.26,0.81,4.99,0.83,7.49,2.49,0.83,4.17,6.69,4.79,2.51,1.68,1.66,5.96,1.68,1.65,2.47,1.63,1.61,0.82,5.12,4.27,3.46,2.47,0.80,1.67,3.25,2.42,0.84,0.97,6.75,1.70,1.63,1.68,4.07,0.79,0.85,3.26,3.43,1.68,0.84,9.35,3.47,2.49,3.31,0.80,7.43,1.69,7.03,1.62,4.19,1.68,3.30,1.89,1.73,3.36,1.66,4.18,0.84,4.26,1.64,11.72,4.21,6.88,1.66,4.09,6.66,2.59,1.68,3.27,0.84,6.45,0.90,6.95,3.48,5.66,0.81,1.64,1.63,2.56,0.83,1.72,4.92,4.27,5.79,3.46,3.35,7.30,1.70,4.17,5.77,0.84,5.80,5.80,2.51,0.85,3.34,3.48,0.84,0.87,0.83,1.71,7.45,0.86,3.31,0.85,0.82,1.68,2.57,1.71,1.69,2.55,0.87,0.85,1.69,0.84,0.85,1.64,2.47,0.84,3.88,0.84,1.66,1.69,3.42,2.51,0.85,5.79,1.66,0.85
17	46934874	46936023	AATAG	4.82	HG01762:13.40	4.90,0.82,4.89,8.31,7.51,4.99,5.83,10.87,3.40,6.73,1.65,5.70,2.46,5.97,8.54,3.46,18.08,5.05,8.71,2.59,2.44,4.20,3.36,5.88,1.70,2.57,2.41,11.56,3.39,4.05,2.51,7.77,5.82,6.69,2.55,3.29,13.40,4.21,6.02,1.63,0.81,6.95,2.42,8.96,2.57,2.48,1.64,3.40,0.83,4.28,9.23,10.88,5.50,3.48,0.84,2.62,5.97,0.86,2.53,5.13,4.24,2.33,2.53,0.85,6.62
2	154265345	154266111	AATATATACATATACATATG	4.79	HG01762:5.02	3.99,5.96,6.57,5.02,0.81,0.83
3	165216008	165217299	AAAGG	4.63	HG01762:13.40	4.08,2.45,2.44,1.66,7.52,0.84,4.19,5.05,2.47,3.26,0.80,4.17,10.09,5.95,0.84,0.81,0.85,1.72,5.89,3.40,1.66,4.14,5.79,6.25,10.07,1.68,10.71,7.55,2.59,2.52,7.53,6.71,0.85,10.68,13.40,2.58,14.97,0.83,2.59,3.23,0.81,2.46,0.81,0.81,5.98,3.43,3.28,0.83,2.50,2.59,0.81,5.96,1.67,2.47,7.55,5.80,3.31,0.85,6.00,3.34,9.58,0.87,4.15,5.14,0.86,4.14,8.22,7.68,2.46,0.86,1.69,2.55,8.72,5.92,1.71,0.84,5.77,2.52,4.66,5.02,1.66,3.37,5.13,0.84,0.79,3.25,5.10,3.31,2.49,5.09,3.39
12	96047881	96049711	AACATCCCATCATCCC	4.58	HG01762:11.72	4.08,10.58,1.66,1.67,2.50,5.82,2.50,7.51,4.18,2.39,6.68,2.51,3.33,5.11,3.37,5.76,3.29,6.52,3.22,4.92,2.56,5.13,5.19,4.93,5.61,5.84,4.87,1.61,5.05,1.94,5.06,5.10,2.59,3.27,0.84,4.95,4.89,5.52,4.23,4.07,2.58,3.36,3.36,0.84,2.55,5.20,2.57,6.63,0.83,4.82,0.83,5.08,5.79,3.91,6.49,2.56,4.19,4.19,1.65,5.66,4.32,4.20,1.66,4.18,4.19,3.41,2.46,11.72,3.37,3.44,6.66,4.09,0.83,2.59,1.68,4.90,4.21,4.84,1.79,2.61,4.35,4.04,5.64,7.39,4.89,4.07,1.71,1.64,0.83,4.29,2.46,0.85,5.79,2.50,1.73,4.19,4.11,3.24,5.96,4.17,5.14,7.42,1.68,3.31,4.97,0.84,4.72,0.86,4.18,3.48,9.20,2.62,5.81,7.70,1.65,5.14,1.65,3.29,0.85,5.75,1.68,2.57,2.57,2.51,7.59,4.24,2.62,3.38,0.85,1.71,2.52,5.08,6.54,4.12,1.68,5.43,3.35,1.66,1.69,1.71,5.01,2.37,8.95,3.40,4.16,2.55,4.23
6	116279082	116280446	AAAG	4.33	HG01762:12.56	4.90,4.99,4.16,6.68,2.51,5.11,8.15,0.83,0.81,6.77,0.84,6.49,0.84,3.33,10.04,8.21,12.56,5.05,4.30,9.07,5.87,4.72,4.18,2.61,9.10,4.93,2.55,0.85,2.52,0.82,9.27,5.10,2.49
6	169240577	169241505	ACAGGGTGCTGATGAGG	4.17	HG01762:5.02	1.66,1.67,0.80,1.66,0.82,0.83,5.02,0.86,3.27,2.50
19	34248425	34248924	AG	4.06	HG01762:7.54	4.79,0.80,2.50,0.84,0.83,4.02,3.13,0.94,7.54,1.67,1.69,3.48,4.29,1.71,1.57,4.28,1.69,1.69,2.54,0.86,4.20,2.54,4.20,0.78,4.21,0.83
2	12292832	12294086	AAAG	3.73	HG01762:10.05	1.63,4.90,1.63,3.34,2.50,6.66,1.67,5.01,0.80,1.70,3.37,3.29,5.70,2.41,0.82,4.27,0.87,0.82,4.81,7.51,6.45,3.36,0.97,4.22,1.70,1.73,3.27,1.68,4.23,3.26,2.58,4.20,3.36,6.80,1.73,5.14,2.49,0.83,5.93,1.65,3.91,2.43,5.03,2.47,1.89,0.84,9.15,1.67,6.71,6.57,10.05,1.68,0.82,2.50,2.52,1.63,4.21,2.42,0.90,3.28,0.85,1.64,2.56,4.96,5.00,3.46,8.21,0.85,0.83,4.20,2.51,0.85,2.57,3.49,1.66,1.65,2.47,0.85,2.46,4.24,0.82,0.85,0.85
15	93173582	93174375	AATACGT	3.39	HG01762:5.02	1.63,8.32,5.86,1.64,2.40,8.54,0.86,5.02,3.33
20	42230652	42230653	AAAT	3.35	HG01762:3.35	3.35
1	246682642	246685698	ACGCTCCCTAGATGAGCC	3.34	HG01762:15.07	7.35,8.16,5.82,0.83,2.50,9.14,4.16,1.67,3.19,8.35,5.03,3.33,7.66,5.89,1.65,4.11,7.24,2.46,3.41,4.27,4.93,4.81,10.85,7.30,0.81,5.89,9.68,5.90,1.70,8.64,1.63,6.71,4.13,8.96,12.62,6.77,4.07,6.01,1.68,5.89,10.09,4.25,3.47,8.57,7.46,6.62,4.02,9.08,5.08,5.79,10.94,0.85,0.84,1.68,1.65,1.89,8.64,11.64,6.69,4.19,3.29,15.07,5.89,0.86,3.33,2.45,4.16,7.76,5.88,4.08,3.37,9.68,2.69,11.30,3.48,5.66,9.67,8.21,13.85,6.51,5.98,6.57,4.98,12.01,6.56,5.98,2.48,0.83,4.32,8.37,1.64,4.86,5.96,5.83,8.57,8.24,5.87,3.31,9.11,6.70,5.14,2.51,4.35,2.51,2.62,1.66,1.71,1.65,8.57,5.79,1.64,5.97,2.46,5.88,5.06,2.54,13.90,3.30,7.56,10.87,15.91,9.15,5.06,2.56,5.85,13.83,4.25,1.65,7.48,0.85,5.93
20	4735307	4735679	AAAG	3.33	HG01762:3.35	0.81,3.35,0.81
12	101382786	101383999	ATCC	3.12	HG01762:6.70	0.82,1.63,0.83,0.83,1.66,0.83,0.83,3.34,0.84,1.68,1.66,1.61,0.82,2.56,2.56,0.87,2.47,3.34,0.81,1.61,1.68,2.90,1.70,0.86,0.82,0.81,2.37,2.54,0.86,0.84,1.68,1.70,1.73,0.86,1.66,2.54,1.65,2.34,1.68,1.68,1.89,0.86,0.83,3.35,0.85,0.82,6.70,0.84,1.72,6.66,2.45,0.83,2.52,1.63,0.84,0.90,0.87,0.87,1.64,0.81,1.63,4.27,0.82,0.82,2.56,2.48,1.67,0.86,1.67,1.64,3.24,1.70,0.83,0.86,2.47,5.03,0.83,1.67,1.57,0.84,3.35,1.75,4.15,2.57,3.43,0.83,1.71,1.64,2.52,0.86,1.71,0.84,1.70,0.87,4.23,1.71,0.84,1.69,2.52,2.33,1.69,2.56,1.67,0.79,1.63,1.70,0.83,0.85
22	23900839	23901334	AG	3.06	HG01762:3.35	0.86,4.14,5.63,5.04,3.35,1.74
22	18359223	18360651	AACCTCCCTCACCTCCCT	2.99	HG01762:4.19	0.81,1.63,0.87,0.83,4.19,3.33,0.81,0.81,1.71,2.52,0.84,0.84,3.30,1.69,0.84,0.85
12	98381683	98383545	AAAGGAAGGGAAGGG	2.91	HG01762:6.70	2.45,1.63,5.70,1.66,0.83,2.50,1.67,3.34,1.60,1.67,1.66,1.70,0.84,0.82,0.81,0.80,3.28,1.71,2.60,3.29,4.01,1.67,1.62,0.81,0.84,2.53,0.86,1.63,3.35,1.63,1.58,1.69,1.63,1.72,1.68,0.84,0.85,1.73,1.71,2.49,2.48,2.41,1.65,0.85,1.56,2.43,0.84,0.84,3.30,0.94,1.73,2.52,0.83,3.35,0.84,1.70,6.70,0.86,1.66,4.09,1.67,4.20,2.45,3.37,0.81,0.90,2.61,3.23,0.81,2.44,2.44,1.71,3.29,0.83,0.82,3.42,2.48,0.83,1.73,2.51,2.43,1.70,0.83,0.86,0.82,0.84,1.66,1.66,1.67,0.85,2.36,1.71,1.74,0.87,1.71,4.14,1.71,0.83,2.47,2.56,1.64,2.52,1.72,4.28,0.84,0.84,1.74,2.54,1.69,3.36,0.85,0.82,0.82,1.68,1.55,2.51,0.83,0.84,0.85,1.67,4.07,0.85,1.66
GL000220.1	120099	121726	AC	2.87	HG01762:6.70	2.44,2.49,1.66,1.67,1.67,0.84,0.80,1.67,1.68,1.68,0.82,0.82,0.80,0.85,0.82,4.81,2.43,2.42,0.84,4.84,1.69,0.86,1.63,0.84,2.48,2.44,1.58,1.69,0.86,1.68,0.84,1.70,3.47,0.86,4.97,0.80,3.30,3.13,1.62,0.85,0.84,0.84,1.68,0.85,1.64,6.70,0.86,2.50,0.82,0.86,0.84,3.27,0.81,1.79,5.22,1.61,1.64,2.44,0.86,0.82,0.85,0.86,0.82,1.62,0.85,0.83,0.86,2.52,0.83,0.83,0.84,0.85,0.79,0.86,0.87,0.84,0.87,0.83,0.86,0.83,0.82,0.85,0.86,0.86,1.69,0.87,0.85,4.23,0.84,0.85,3.27,0.78,2.51,0.83,0.84,5.69,1.70,1.65,1.70,0.85
2	107407588	107408718	AAG	2.87	HG01762:6.70	1.63,0.83,4.99,3.33,5.11,15.40,5.04,0.83,5.87,6.70
22	43974127	43976042	AATGATGCCTGCGTGTAGGG	2.78	HG01762:10.89	6.53,2.45,7.33,4.99,6.68,5.82,4.16,4.16,3.34,5.01,3.99,4.18,4.19,3.33,6.81,5.89,0.82,1.64,4.89,4.02,4.10,3.41,5.13,2.60,8.22,3.20,5.84,5.68,6.45,4.21,1.94,4.22,10.21,6.91,4.09,1.68,4.95,5.70,5.52,2.54,4.89,3.43,3.36,4.20,8.41,5.95,6.94,8.57,6.63,7.44,2.41,2.48,7.62,1.65,5.47,3.24,1.71,6.71,4.19,4.12,6.61,6.05,9.25,2.50,4.18,1.68,3.41,1.64,10.89,3.37,6.88,4.16,4.90,5.00,0.86,0.84,1.63,4.21,4.84,5.38,6.08,3.48,7.28,2.42,4.11,5.70,4.07,3.42,7.39,4.15,6.01,2.46,1.71,5.79,4.16,5.19,2.51,4.11,2.43,7.66,6.66,2.57,5.77,10.07,4.97,4.14,2.51,3.41,6.29,9.43,7.52,3.48,2.51,3.49,4.98,5.99,2.48,4.28,4.14,4.93,6.83,2.46,3.36,6.00,5.14,5.01,7.59,5.09,4.36,1.69,3.38,1.71,3.36,4.24,3.27,3.30,1.68,5.43,4.19,5.82,5.06,5.13,7.52,5.52,7.32,2.55,7.45,4.16,5.09,3.39
3	122870772	122871344	AAGG	2.77	HG01762:4.19	4.17,0.84,0.85,0.82,1.63,0.82,0.83,0.85,1.58,0.86,1.70,0.80,1.65,0.85,0.78,0.81,0.84,0.82,4.19,0.82,0.81,2.61,0.87,0.81,0.82,1.72,0.82,0.83,0.82,0.84,0.86,1.71,0.86,2.45,0.79,0.85
12	80801947	80803044	AGG	2.73	HG01762:5.02	0.82,0.81,0.83,1.66,1.67,1.67,0.80,0.84,0.84,1.66,1.70,0.82,0.82,0.82,0.85,0.82,1.60,0.83,2.43,0.81,0.84,1.94,1.69,1.70,0.86,0.82,1.68,0.81,0.86,1.68,0.84,1.70,0.87,1.71,0.83,2.48,0.83,0.85,0.83,0.78,1.62,0.85,1.68,0.84,0.86,1.67,1.70,0.82,5.02,0.84,0.83,0.82,1.73,0.84,0.81,0.90,1.74,0.81,0.81,0.81,0.85,2.46,0.86,0.82,0.83,1.64,1.62,2.50,1.71,1.68,1.57,0.86,0.87,3.35,2.49,0.86,0.83,3.31,1.71,3.43,0.84,1.69,1.74,1.69,0.84,0.84,0.83,0.84,0.85,2.51,0.79,1.65,0.83
18	1746487	1747772	AG	2.72	HG01762:7.54	1.63,0.82,0.81,3.33,1.66,0.83,2.50,3.34,1.67,3.99,5.01,0.83,0.85,3.37,0.82,3.29,1.63,0.80,0.82,1.71,2.56,0.82,0.83,1.62,3.22,3.36,2.90,6.75,2.55,1.73,1.63,2.52,2.48,3.39,1.72,2.52,2.52,0.84,3.40,6.07,0.86,4.14,5.79,0.80,2.48,2.54,2.48,2.34,0.81,0.85,2.52,2.51,0.82,0.86,1.68,1.66,1.67,0.84,2.55,0.82,7.54,0.84,0.86,4.16,5.72,1.67,1.73,1.68,3.37,0.81,2.61,0.81,2.42,2.46,0.81,1.63,5.13,1.66,0.86,3.28,3.42,2.48,3.33,4.19,0.82,2.43,1.70,3.30,1.66,0.83,6.70,0.85,1.57,1.71,0.84,1.74,0.84,3.49,1.66,1.71,1.65,1.64,0.85,1.68,4.29,0.86,0.84,1.69,1.70,1.74,0.85,0.85,0.86,0.84,0.85,2.45,0.84,0.84,1.66,2.56,0.84,0.85,3.31,0.83,0.85,2.54
2	2239290	2240930	AACCCAACCCAGCACATCCC	2.57	HG01762:7.54	0.82,2.45,6.51,2.49,0.83,1.66,0.83,1.67,3.34,2.39,1.67,3.35,1.66,3.40,1.68,2.47,0.82,1.63,1.61,0.82,3.41,0.85,0.87,4.93,3.20,5.01,2.43,0.81,2.52,0.84,2.55,1.73,0.83,1.63,2.37,2.54,1.63,1.72,4.20,2.52,0.84,2.55,2.60,0.86,2.49,1.65,3.21,2.48,0.85,1.65,5.47,3.24,1.71,1.68,2.51,3.78,2.59,3.36,5.86,0.84,7.54,0.84,3.33,4.09,2.50,4.31,0.84,0.82,4.03,3.58,1.74,4.35,3.23,1.64,2.44,6.51,3.42,1.64,1.66,2.46,1.65,1.73,0.84,3.29,2.43,3.40,1.67,3.43,2.47,2.52,3.31,5.80,1.67,1.70,1.57,2.57,1.67,5.22,1.67,1.75,2.49,1.71,2.48,1.71,3.29,2.56,2.46,1.68,0.86,2.57,3.34,1.69,1.70,4.36,2.54,2.57,2.52,4.24,4.09,2.47,1.68,3.88,3.35,0.83,2.53,4.27,2.51,4.73,0.81,0.85,1.65,3.33,2.55,1.69
4	141282821	141283757	AAGAGG	2.51	HG01762:2.51	0.83,2.51
7	944678	945409	AAGGGAG	2.50	HG01762:3.35	0.82,0.82,0.83,0.84,0.84,2.50,0.84,0.87,0.83,0.78,0.81,0.84,1.64,3.35,0.85,0.83,0.86,0.83,0.83,0.85,0.81,0.85
20	2802407	2803143	ACGGGAGAGGGAGAGGGAG	2.48	HG01762:10.89	2.45,7.34,8.96,2.49,3.32,3.33,4.17,2.39,10.02,3.35,4.99,7.66,4.94,0.82,3.22,0.85,0.87,0.83,2.43,4.03,1.68,0.85,3.46,4.09,3.30,0.85,0.84,4.25,1.66,8.04,1.65,3.39,12.97,3.42,0.84,1.68,8.24,7.55,2.59,2.52,4.16,4.26,0.82,10.89,4.21,1.73,3.37,4.03,1.79,0.82,0.85,11.50,0.86,3.28,4.96,2.59,1.64,0.81,0.85,2.52,7.36,2.33,0.83
12	15198563	15199745	AAGG	2.37	HG01762:38.52	39.08,33.39,10.82,0.83,11.17,11.65,5.11,4.11,2.41,13.95,1.71,1.71,17.30,2.40,3.34,4.21,10.65,2.53,4.25,0.82,3.35,1.65,12.21,1.58,17.78,0.81,0.84,1.73,2.57,22.37,1.65,21.70,14.03,0.81,18.13,0.94,18.14,29.42,18.41,10.90,17.03,21.35,38.52,3.37,0.82,4.16,2.52,3.37,2.42,3.48,0.87,3.22,13.14,2.44,1.64,1.66,1.72,9.85,2.56,0.83,0.83,9.51,2.51,1.64,1.62,0.85,4.17,10.28,17.31,12.59,6.63,38.93,25.95,20.46,1.57,13.06,14.22,21.82,9.96,18.83,9.93,18.85,12.41,4.93,20.48,22.16,1.68,7.72,2.57,18.56,0.85,18.32,36.38,19.68,15.12,2.45,18.14,25.20,36.49,8.37,0.84,3.42,19.22,9.46,2.44,16.99,31.44,4.16,3.39,4.23
3	85617001	85618128	AAAG	2.35	HG01762:5.02	3.34,2.50,0.84,2.51,0.83,0.80,3.46,0.84,0.82,1.65,2.44,2.49,0.83,0.80,4.95,0.85,0.83,0.84,0.84,0.82,1.64,5.02,0.84,0.86,0.83,1.73,0.81,0.82,0.81,0.83,1.65,2.51,0.79,0.83,0.83,1.64,1.64,0.84,0.87,0.86,0.84,0.82,0.84,0.84,4.99,6.84,0.84,1.70,0.83,1.70,0.85
6	20111683	20112560	AT	2.35	HG01762:3.35	0.83,0.83,0.83,0.84,3.20,0.81,0.84,0.85,0.81,0.85,0.86,0.84,0.85,0.83,0.83,0.85,0.84,0.82,3.35,0.84,0.81,1.74,0.81,2.44,0.85,0.82,0.83,1.67,1.64,0.81,0.83
1	4691998	4694042	ACACAGC	2.34	HG01762:16.75	6.53,9.79,7.33,10.81,7.51,8.32,14.13,1.67,7.51,1.67,3.19,5.85,2.51,4.99,8.51,5.05,6.58,7.40,7.33,3.22,2.46,2.56,5.13,3.46,6.58,1.60,5.84,8.93,4.84,9.25,3.87,5.90,8.51,11.23,7.35,0.84,3.30,5.70,8.68,3.39,1.63,12.02,3.36,8.41,1.68,2.55,13.01,5.14,9.94,5.79,6.43,8.26,5.93,7.44,28.91,8.92,3.42,12.58,15.92,1.65,5.66,8.64,8.41,7.49,6.69,4.19,5.11,2.46,16.75,3.37,3.44,14.14,1.63,5.00,6.04,2.52,16.33,6.74,15.33,2.69,8.69,11.31,4.04,4.83,1.64,9.78,10.58,3.42,10.68,6.64,7.72,9.85,6.83,7.44,8.33,7.78,2.51,9.03,1.62,11.06,6.66,4.28,1.65,3.36,4.14,3.31,6.70,4.26,3.14,17.14,1.67,0.87,7.53,6.98,4.98,8.56,4.14,9.42,9.93,0.82,5.12,5.75,6.72,4.29,10.28,10.02,3.40,0.87,5.92,6.77,2.57,1.68,4.24,3.27,13.19,8.40,6.99,6.70,5.82,2.53,0.85,5.85,5.52,7.32,4.25,1.65,4.99,1.70,1.69
2	135516220	135517222	AAAG	2.33	HG01762:3.35	0.81,1.60,0.84,1.64,0.79,0.86,0.87,0.83,0.85,0.85,0.84,0.85,3.35,0.86,0.82,0.84,0.85,0.83,3.24,0.84,0.87,0.83,0.83,0.85,0.84,2.57,0.82,1.67,0.85,0.85
3	12796471	12797056	AAAG	2.32	HG01762:2.51	0.81,2.51,0.83,0.82,0.83,0.86
9	36972423	36973660	AAAGG	2.31	HG01762:18.42	8.31,4.16,6.38,9.19,17.87,13.85,20.12,8.53,6.06,10.69,12.52,16.12,0.85,1.63,9.08,9.77,0.79,9.32,3.26,6.01,14.46,1.71,4.95,5.67,16.23,23.90,15.97,11.64,12.77,1.64,18.42,8.69,7.47,8.33,4.12,10.77,2.51,0.85,5.85,1.74,16.59,1.71,0.83,3.28,8.57,0.87,0.86,2.54,13.19,2.53,0.85,3.33,8.49
4	48660999	48661333	AAG	2.22	HG01762:2.51	0.85,0.82,0.86,1.68,0.94,2.51,0.87
20	6821420	6822210	AGAGAGAGAGGAGGG	2.16	HG01762:3.35	0.81,0.83,0.83,0.85,0.82,0.81,0.79,0.81,0.84,1.68,0.84,7.81,1.65,3.35,0.81,0.81,0.85,0.82,0.83,0.83,1.67,0.86,0.83,0.84,1.67,1.64
14	34366707	34368000	AGAGGGAGGAGGAGG	2.14	HG01762:6.70	1.63,3.26,1.63,2.49,1.67,1.66,3.33,5.84,2.51,3.19,1.68,4.25,0.84,2.47,3.29,1.63,5.63,2.46,0.85,1.71,2.60,0.80,2.50,0.81,3.22,0.84,3.87,1.69,1.70,0.86,1.63,3.35,4.13,3.26,2.37,0.85,2.44,1.72,4.20,0.84,4.20,0.87,2.49,0.83,3.21,3.30,2.48,2.34,0.81,1.68,2.47,0.94,1.73,1.68,1.66,0.84,3.35,3.41,4.11,6.70,5.05,0.86,0.82,2.50,0.86,0.84,2.45,8.88,0.90,2.61,2.61,4.04,2.42,2.46,1.63,2.44,2.56,2.46,1.72,1.64,2.56,4.14,2.50,2.59,2.51,0.82,0.81,2.55,2.57,3.30,1.66,4.97,0.84,3.93,2.57,1.67,0.87,1.67,0.87,2.57,6.62,3.31,2.52,0.86,3.43,2.51,2.55,3.38,1.71,1.68,3.39,4.09,1.68,3.11,2.51,0.83,3.37,4.18,2.37,2.44,0.85,2.48,1.70,0.85
12	113475837	113477140	AAAG	2.14	HG01762:5.02	1.63,0.81,0.83,0.83,1.67,3.34,3.19,0.85,0.82,1.64,0.80,0.82,6.41,1.62,0.84,0.86,1.63,2.52,2.44,3.15,0.85,0.81,0.84,4.20,0.87,0.86,2.49,1.68,3.45,0.83,1.68,5.02,0.84,2.50,1.67,1.73,0.82,2.42,2.61,2.42,0.82,0.81,5.13,0.82,1.66,0.86,0.82,0.83,0.83,0.81,0.84,0.83,0.86,1.67,1.71,0.84,2.53,2.57,1.64,0.78,0.85
14	70721088	70722073	CCCGCCG	2.07	HG01762:3.35	3.27,3.34,0.83,0.82,0.87,1.67,0.81,0.82,0.81,0.79,1.73,0.84,3.35,0.84,1.73,1.64,0.83,0.84,0.84,0.85,2.48,0.82,0.83
3	141196837	141198371	AAG	2.03	HG01762:8.37	0.81,2.50,0.83,3.32,0.83,3.34,7.52,0.80,1.68,1.66,1.70,2.52,0.82,5.75,2.44,0.80,0.82,3.42,5.19,1.64,3.20,0.81,2.42,6.73,1.69,1.70,1.73,1.63,2.52,0.83,1.63,0.85,5.70,2.58,0.84,0.84,2.55,0.87,0.86,2.49,1.65,5.63,2.48,0.85,1.56,1.71,2.51,0.82,0.86,1.68,1.66,2.51,1.70,2.46,8.37,6.74,1.72,4.16,2.45,1.73,1.63,1.69,0.81,1.79,3.48,1.74,3.23,1.61,4.11,2.44,0.81,3.42,0.82,2.49,1.72,0.82,0.85,0.83,1.67,3.46,3.29,0.81,0.83,0.86,3.30,0.84,0.83,1.67,1.70,0.79,1.71,4.18,1.74,1.67,2.62,2.49,3.42,4.96,5.14,0.83,5.75,1.64,2.52,1.72,3.43,5.85,7.59,5.94,4.23,8.56,1.68,8.47,0.82,1.65,1.68,2.33,3.35,3.37,3.42,2.51,1.58,2.44,0.85,4.16,9.34,2.54
10	129595225	129596035	ACCCTCCATCCATCCCTC	1.98	HG01762:5.02	4.90,1.63,1.63,2.49,2.50,0.83,1.66,0.83,0.83,1.67,0.80,0.84,0.83,0.85,4.21,0.82,1.71,2.60,0.82,0.80,0.83,0.81,0.81,0.84,1.94,1.69,0.85,0.86,0.82,2.52,1.63,0.79,0.85,2.44,0.86,0.84,0.87,1.65,0.80,0.83,0.83,2.34,3.42,2.51,0.82,0.94,2.59,0.84,1.66,1.67,1.68,0.82,5.02,1.68,2.58,0.83,0.86,1.68,3.27,0.84,1.61,1.74,0.81,0.81,1.63,0.81,0.85,0.83,0.86,2.46,0.83,0.83,1.73,1.67,2.46,2.43,0.86,2.48,1.67,0.85,0.86,0.84,5.22,0.86,0.83,0.85,0.82,0.84,1.72,3.34,0.84,0.85,0.87,0.85,0.85,1.71,0.85,2.47,4.19,0.84,0.84,1.58,2.44,2.55,0.83,1.69
13	83669756	83671182	AAAG	1.94	HG01762:5.02	4.08,0.82,0.81,2.49,0.83,3.32,3.34,2.51,2.39,0.84,2.50,1.70,0.84,0.82,0.82,0.85,0.85,1.73,0.82,0.83,2.43,0.84,0.85,1.63,0.81,1.58,0.85,3.43,2.52,0.84,1.65,3.30,0.85,2.48,0.78,2.52,0.84,1.66,1.67,0.84,0.85,5.02,0.84,3.33,1.73,0.84,1.61,0.90,0.87,1.63,0.85,0.86,1.73,0.82,2.55,0.83,0.86,0.84,0.83,0.84,3.49,1.66,0.86,2.57,0.85,0.82,2.51,0.84,1.69,1.71,0.85,4.12,2.33,0.83,0.85,0.85,2.48,1.66
14	101710907	101713299	AAACCTCGCATCCTATCT	1.89	HG01762:26.80	18.78,13.87,21.17,16.63,16.69,18.30,22.44,14.16,15.03,14.21,27.12,17.54,14.24,11.65,13.61,21.88,26.32,10.69,16.30,13.68,10.67,19.63,14.52,8.65,12.33,12.82,15.86,14.61,27.40,21.03,17.43,7.59,12.76,15.55,15.52,15.09,11.55,15.47,24.45,8.47,13.04,12.88,10.08,14.29,15.97,16.16,17.34,11.14,14.08,15.72,8.04,11.56,10.16,18.18,28.13,17.02,15.38,13.42,23.46,17.30,16.99,20.73,7.57,16.64,17.57,13.42,20.44,18.07,26.80,16.84,10.33,19.13,14.71,13.32,15.53,15.96,11.43,20.22,13.72,15.23,14.77,12.18,15.36,9.67,18.06,23.63,17.91,18.80,14.79,13.29,18.88,18.87,16.23,16.54,17.49,16.42,10.05,8.21,17.84,11.91,19.99,15.42,14.01,18.46,16.56,19.05,14.23,11.93,25.15,12.86,12.54,11.32,19.24,10.48,17.43,15.41,13.24,15.42,18.20,16.44,23.90,15.60,13.43,20.58,10.28,13.36,17.72,20.37,15.70,15.23,10.99,6.85,15.96,12.71,15.54,15.67,14.28,19.41,19.26,17.47,10.96,13.67,17.55,15.77,17.90,16.14,17.37,15.80,13.58,20.32
1	24393168	24394357	AAAG	1.88	HG01762:3.35	0.83,1.66,3.35,2.60,2.47,0.81,0.81,0.86,0.83,0.83,0.85,0.81,0.94,0.86,0.84,1.70,3.35,0.81,0.87,0.81,0.86,0.83,1.67,3.24,0.85,1.74,0.83
12	132844203	132844943	AC	1.81	HG01762:3.35	1.63,0.84,0.84,0.82,0.80,0.97,0.84,0.85,0.81,0.86,0.84,0.84,0.85,0.87,0.80,0.83,0.84,3.35,1.72,1.66,2.59,0.84,0.84,0.81,0.81,0.81,1.65,0.83,1.67,0.85,1.67,0.86,0.84,0.79,0.86,0.83,0.86,0.85,0.86,2.55,0.87,0.82,1.66,1.71,0.81,0.83,0.83,0.85
18	22518587	22520146	AAATTTATATACATAT	1.79	HG01762:18.42	8.98,8.16,8.14,12.47,10.02,11.64,5.83,12.52,22.57,7.18,13.36,11.73,9.15,3.40,4.21,17.27,3.29,2.44,6.44,13.95,12.80,12.82,7.79,10.69,1.60,0.83,9.74,2.42,5.89,5.81,3.37,6.80,2.52,4.95,4.89,13.41,1.69,12.22,10.30,1.68,5.89,11.91,3.47,14.08,5.79,10.73,5.93,9.09,10.16,4.05,13.67,8.39,9.22,14.83,10.38,5.18,6.73,16.64,13.39,9.23,6.81,8.21,18.42,7.58,7.74,4.99,6.54,6.66,8.63,3.36,19.60,5.06,7.26,5.38,3.48,2.61,3.23,3.22,11.50,4.07,4.07,2.56,14.79,9.14,7.72,8.21,5.12,6.62,8.33,5.19,3.35,5.75,0.81,5.11,7.50,16.28,0.82,5.87,10.77,10.77,11.72,4.26,19.65,3.43,8.36,8.70,6.69,4.98,9.41,19.03,11.58,4.11,0.85,12.59,0.86,1.71,11.69,12.66,5.94,1.74,5.08,10.99,5.99,6.72,16.10,16.35,5.77,0.84,11.64,13.40,4.99,8.43,6.84,16.72,8.67,8.95,6.79,4.96,4.99,8.47
11	55633463	55633768	AAAG	1.79	HG01762:2.51	0.81,0.80,1.58,0.83,1.69,2.51,0.87,0.83,0.86,0.84,0.81
1	31128508	31128951	ACCACCACCACCACCATC	1.74	HG01762:4.19	4.08,0.81,0.83,0.83,1.67,0.83,1.67,0.83,0.82,0.82,0.85,0.87,2.40,1.67,0.81,0.85,0.81,0.79,2.52,2.52,1.70,1.61,0.83,1.65,1.68,0.82,0.94,4.19,2.50,0.86,1.63,0.84,0.81,0.87,0.81,0.81,0.85,0.82,0.85,0.84,0.86,0.82,2.48,2.51,0.87,1.66,1.64,1.68,1.71,0.84,2.53,2.55,0.87,0.85,0.86,0.84,1.69,1.67,0.84,0.79,2.49,1.70,2.54
3	152411482	152411877	AATATATATATGG	1.73	HG01762:6.70	0.82,4.90,7.33,0.83,1.66,0.83,1.67,0.84,0.84,2.50,0.84,3.29,1.64,2.44,0.80,1.64,0.85,3.46,3.29,1.60,2.52,0.97,1.69,0.85,0.82,0.84,1.69,0.81,1.72,5.04,0.84,3.36,0.85,0.87,2.49,0.83,0.80,1.65,0.85,1.65,2.34,4.86,1.71,1.68,4.19,4.72,2.59,2.52,2.50,2.46,6.70,1.72,1.66,1.63,0.84,2.45,0.84,4.84,0.90,0.87,0.87,9.70,1.61,2.46,4.89,14.66,1.71,0.82,3.43,1.64,0.83,1.67,2.59,1.67,0.82,0.81,3.40,0.83,0.86,1.67,0.84,0.87,0.86,1.64,4.20,5.01,1.69,2.55,4.36,0.85,3.42,0.84,2.54,4.91,3.36,2.50,1.69,0.85,1.63,1.65
4	73415046	73416443	AAG	1.71	HG01762:19.26	1.63,4.89,0.83,4.99,3.32,0.83,9.86,13.85,4.92,14.51,4.27,0.82,7.21,5.68,23.82,0.84,6.51,8.59,0.84,0.87,41.42,19.29,0.85,7.57,4.16,19.26,16.35,1.67,2.59,4.20,9.27,13.44,0.87,4.35,2.46,39.93,15.38,8.22,0.83,7.72,19.69,4.27,0.83,0.84,4.93,0.85,8.39,10.28,0.82,11.69,3.38,7.61,5.93,11.54,10.08,10.05,5.52,7.45,4.24
21	43227328	43227650	ACC	1.71	HG01762:5.86	1.63,2.45,0.81,0.83,3.32,0.83,0.84,0.84,0.84,1.66,2.55,0.84,0.81,0.82,1.71,3.46,3.29,1.60,0.83,1.62,0.81,2.52,0.97,1.69,0.85,1.73,1.63,0.84,0.83,2.44,2.37,1.69,0.84,3.36,2.60,0.86,0.83,0.85,0.83,0.78,4.05,0.85,0.84,4.12,0.94,0.86,1.68,0.85,2.46,5.86,0.86,2.50,1.67,0.86,1.68,1.63,1.69,0.90,0.87,0.87,0.81,0.81,0.81,1.63,1.66,2.46,0.83,3.35,1.64,1.62,1.70,3.33,5.14,4.12,3.31,2.48,1.67,0.86,0.87,1.67,0.86,0.82,3.41,4.93,2.52,1.72,1.71,4.22,2.55,0.87,1.69,4.23,0.86,3.39,0.82,0.84,0.78,1.67,0.83,5.06,2.56,2.51,0.79,0.81,8.27,0.83,4.24
5	61417040	61418197	ACAGTGGGGACTGACCACC	1.71	HG01762:4.19	0.81,0.83,0.83,0.83,1.67,0.83,0.84,1.66,1.70,0.82,1.63,1.61,0.82,0.85,1.71,0.82,1.60,0.81,1.61,1.68,0.97,1.69,0.85,1.73,1.63,0.81,0.79,1.69,2.58,0.84,0.84,0.87,1.66,0.83,2.48,0.85,1.56,0.81,0.85,2.52,0.82,0.84,2.46,4.19,0.86,1.66,1.67,1.63,0.90,1.74,1.74,0.81,0.81,1.63,0.85,0.82,0.86,2.46,2.48,0.83,2.59,0.84,0.82,0.81,2.55,0.83,0.86,0.82,1.66,0.79,1.71,0.84,0.84,0.87,1.66,0.86,2.48,0.86,0.83,2.46,1.72,0.84,2.62,0.85,0.86,1.69,1.64,1.68,1.55,1.67,1.69,0.83,2.49,1.70,1.69
12	116237350	116237351	AAGAGGAGGAGGAGG	1.67	HG01762:1.67	1.67
16	8516287	8516288	AAAG	1.67	HG01762:1.67	1.67
19	54105347	54105348	AC	1.67	HG01762:1.67	1.67
2	42064740	42064741	AATGG	1.67	HG01762:1.67	1.67
2	76910189	76910190	AATGG	1.67	HG01762:1.67	1.67
3	1544462	1544463	AC	1.67	HG01762:1.67	1.67
4	12954874	12955140	AAAAT	1.67	HG01762:1.67	1.67
5	159325870	159326195	AAAGGAAGGAAGGAAGGAAG	1.67	HG01762:1.67	1.67
6	29052536	29052591	AATATAATTATATAT	1.67	HG01762:1.67	1.67
X	108594276	108594277	AACCCT	1.67	HG01762:1.67	1.67
7	111179252	111179255	AAAG	1.67	HG01762:1.67	0.87,1.67
20	61659597	61659809	AGGGGGCCCGCGGGG	1.67	HG01762:1.67	0.85,1.67
8	87537237	87537409	AAAG	1.67	HG01762:1.67	0.83,1.67
2	183249917	183250412	AGAGGAGGGAGAGGG	1.66	HG01762:3.35	2.45,0.84,0.85,0.82,0.85,0.81,0.84,0.79,1.71,0.83,0.83,1.56,1.68,0.86,0.84,5.11,0.82,3.35,0.86,1.68,0.82,0.83,0.84,1.71,0.87,1.65,0.86,0.85,1.71,0.85,0.87,2.54,0.84,1.64,0.83,1.69,1.67,0.81,1.70
8	134563074	134563570	AAAG	1.65	HG01762:2.51	0.83,0.84,0.81,0.85,0.83,0.84,2.51,1.64,2.43,0.84,0.83,0.87,2.47,1.63
15	26244343	26245286	AGG	1.65	HG01762:2.51	0.82,0.83,1.67,0.84,0.85,0.84,0.97,0.83,0.84,2.51,0.82,2.57,0.82,1.74,0.85
21	45826769	45827130	AAGGGAGGGAGGGAGGGAGG	1.65	HG01762:1.67	0.83,0.78,1.67,0.84
4	49151339	49152999	AAGGGAATGGAATGGAATGG	1.64	HG01762:2.51	0.83,0.84,0.83,1.70,1.73,0.82,0.83,0.85,0.85,0.83,0.83,0.84,0.82,0.83,2.51,0.82,1.74,0.86,0.82,0.84,0.83,0.85,0.84,0.85,0.82,0.78
4	174545035	174545460	AAAG	1.64	HG01762:1.67	0.83,0.94,1.67,0.83
6	170485074	170485371	AACAACACCGAACAGAGAGG	1.64	HG01762:1.67	0.83,0.83,0.83,1.67
2	89876681	89879851	AAAGGAATGGAATGGAATGG	1.63	HG01762:2.51	0.82,0.81,1.66,0.83,0.80,0.85,1.71,0.82,0.83,0.81,0.84,0.84,0.85,0.86,0.84,0.83,0.83,0.83,0.78,0.82,0.84,0.84,0.84,2.51,0.86,0.81,0.84,0.83,0.87,0.84,0.85,0.84,1.65
12	95825206	95826250	AAGGAG	1.62	HG01762:2.51	4.11,4.23,0.85,1.68,1.67,2.51,4.28,0.87,0.83,0.84
7	158856629	158857041	ACCAGGACCCCCGGACCCC	1.62	HG01762:2.51	0.82,1.66,1.67,0.84,0.83,0.82,0.81,0.83,0.83,0.78,0.85,0.82,0.86,2.51,1.69,0.83,0.84,0.86,0.84,0.79,0.81,0.83
2	184147997	184149097	AAAG	1.61	HG01762:23.45	20.05,23.01,23.61,0.81,27.69,13.18,16.05,14.23,23.45,18.72
17	35145640	35146950	AAAG	1.61	HG01762:5.02	6.65,5.11,3.28,1.60,1.67,1.61,0.84,0.97,0.85,0.86,7.35,0.81,1.63,2.58,0.84,4.20,2.57,0.83,0.83,0.83,0.82,2.51,5.02,0.86,0.83,2.50,2.59,2.52,0.82,0.87,3.48,1.61,2.44,5.70,1.71,0.86,1.64,2.56,4.32,3.24,0.85,0.84,2.51,0.83,0.85,0.85
11	31932229	31933477	AAAGG	1.60	HG01762:14.24	0.82,3.26,2.44,3.33,9.18,5.82,2.50,5.01,3.34,0.80,7.52,6.70,15.32,6.58,1.64,3.26,6.44,0.82,5.97,1.71,11.25,0.82,0.80,1.67,1.62,4.84,7.57,1.94,2.53,10.21,10.37,4.09,1.68,11.55,4.89,3.15,9.32,3.26,12.02,4.20,10.09,5.88,5.95,1.73,5.14,10.77,11.58,0.80,2.48,4.23,12.40,0.78,4.05,2.56,1.68,5.03,9.89,1.89,4.32,9.25,6.65,6.71,1.70,1.64,14.24,0.84,6.02,1.66,2.45,15.82,16.39,8.40,3.27,6.74,8.88,6.27,1.74,2.61,7.28,12.89,1.64,22.82,10.58,11.11,11.50,9.14,6.01,4.10,11.96,11.58,11.66,11.24,5.02,9.86,4.86,10.21,0.83,0.82,3.36,2.48,0.83,3.35,5.11,5.14,0.84,1.74,0.84,4.36,6.64,11.13,8.27,2.57,7.45,2.56,7.39,3.36,1.72,2.57,0.84,10.19,3.49,10.15,2.57,2.52,1.69,0.82,4.12,4.20,2.33,2.51,0.84,0.84,9.34,15.72,4.24,2.54
4	155299015	155300132	AAGG	1.57	HG01762:4.19	2.45,2.49,0.83,0.80,0.83,3.40,0.81,2.41,3.42,0.81,0.81,0.84,0.85,0.84,0.83,1.56,0.85,0.84,0.86,0.84,3.35,2.55,4.19,3.37,4.30,0.82,1.79,0.81,0.81,1.64,0.86,0.83,0.83,0.84,0.83,0.84,0.83,0.86,0.84,4.28,0.85,0.84
12	78148809	78149819	AAAGG	1.57	HG01762:2.51	0.82,0.83,1.60,0.85,0.82,0.81,0.82,0.79,0.87,4.95,0.85,0.84,0.83,2.51,0.86,0.87,0.83,1.67,0.83,0.86,0.86,0.85,1.69,0.87,0.84,0.83,0.83,0.83
7	71674487	71674813	AAAGAGGGAAGGAAGGAAGG	1.55	HG01762:1.67	0.83,0.80,0.82,0.85,1.67,0.87
7	75419599	75419832	AAAG	1.54	HG01762:1.67	0.84,1.67,0.79,0.86,0.86
16	87076106	87077249	AACCCACGAGCTTCCCC	1.52	HG01762:5.02	2.49,1.67,3.33,5.11,2.47,0.82,1.64,4.27,1.73,0.83,0.81,4.21,2.59,3.27,1.68,1.65,0.81,3.42,2.47,6.05,0.84,1.66,0.82,5.02,1.73,4.48,0.86,3.28,2.43,4.18,0.87,2.48,2.51,0.85,2.47,1.66,0.84,1.63
12	6031850	6032734	AC	1.51	HG01762:3.35	0.83,0.83,0.83,0.80,0.84,0.85,4.94,0.82,0.87,1.60,0.83,2.43,0.84,0.84,0.85,0.82,1.65,0.81,2.44,0.84,0.86,2.48,2.54,0.83,0.78,0.94,0.86,0.84,0.83,0.84,1.70,3.35,1.72,0.82,0.86,1.63,1.69,0.81,0.87,0.81,1.61,0.81,0.81,0.85,1.64,1.72,0.82,0.85,1.67,1.64,0.81,1.70,1.67,0.86,0.84,0.87,0.84,0.83,0.82,0.86,1.69,0.87,1.69,0.84,0.84,0.85,0.84,0.81,0.85,0.83
X	125168912	125169982	AAATATATATACATATAT	1.50	HG01762:4.19	0.82,0.82,0.83,1.68,0.83,0.85,0.84,4.11,0.85,0.85,0.82,1.60,0.81,2.53,1.63,1.69,1.68,2.52,1.70,0.83,0.83,0.80,0.83,2.54,1.65,0.78,4.19,0.84,3.45,0.84,0.84,0.85,4.19,1.68,1.73,3.37,1.61,2.69,0.87,0.81,0.81,1.63,0.85,0.82,1.64,2.59,0.84,0.82,0.85,3.43,2.51,0.86,0.84,0.83,0.83,0.86,0.85,0.86,0.85,0.85,0.82,1.67,0.83,0.85,2.54
3	72123041	72124516	AGGATATATATATAT	1.49	HG01762:10.05	5.71,4.08,7.33,5.82,2.50,1.66,4.16,3.34,2.39,0.84,3.35,4.99,7.57,2.47,4.07,1.71,2.60,0.82,1.60,5.84,10.55,6.45,1.68,0.97,5.06,0.86,2.45,2.52,0.83,3.26,5.08,1.63,4.29,4.20,2.52,5.04,3.40,5.20,2.57,4.97,2.48,9.64,4.95,7.62,6.61,11.72,1.65,2.83,1.73,0.83,0.84,2.55,10.05,6.88,1.66,2.45,4.16,2.59,2.52,0.82,1.61,0.87,0.81,1.61,10.67,0.81,2.44,2.56,5.75,0.83,6.86,13.95,6.83,1.65,10.82,4.32,0.84,4.11,3.24,1.70,0.87,0.83,0.84,0.85,5.99,1.55,0.83,1.67,1.58,0.81,2.55
1	90775987	90777038	AAGG	1.49	HG01762:3.35	3.34,0.83,1.67,2.39,0.84,0.83,0.80,0.84,0.94,0.84,1.67,0.85,3.35,3.44,0.83,0.81,2.61,1.64,0.81,0.82,1.67,0.86,0.82,0.81,1.70,0.86,0.84,0.85,1.72,2.57,0.84,1.69,0.84,1.63
7	88799904	88801361	AAG	1.48	HG01762:4.19	0.82,2.44,1.66,1.67,1.66,1.67,0.84,0.84,0.83,3.40,0.82,1.63,0.82,0.85,1.73,1.60,1.67,1.68,0.84,0.85,1.63,0.81,0.85,1.63,0.87,0.86,0.83,0.83,0.80,0.83,0.81,0.84,0.84,0.82,2.52,0.83,1.67,4.19,4.19,0.84,0.86,4.16,0.83,2.59,0.84,3.48,1.61,1.71,1.64,0.86,0.82,0.83,0.86,1.67,1.67,1.71,0.82,0.84,0.83,1.71,4.18,0.87,1.75,1.65,0.85,0.82,1.71,0.84,0.84,1.70,0.87,1.69,2.54,0.86,3.27,0.82,0.79,0.81,0.85,0.85
8	76770260	76770972	ACACATATATGTGTATATAT	1.48	HG01762:1.67	0.83,1.67,1.67,0.86,3.11,4.16
22	48074685	48076186	ATCC	1.47	HG01762:20.10	8.98,12.24,13.03,15.80,13.35,4.99,3.32,13.32,16.70,16.72,5.58,8.35,3.35,19.97,17.87,7.57,8.23,4.93,12.22,8.05,10.67,9.39,8.54,12.11,13.15,11.22,4.17,8.93,15.31,11.77,12.59,10.96,13.61,7.78,13.89,15.93,17.33,5.70,21.30,11.01,12.22,18.03,9.24,12.61,13.45,22.11,13.87,11.14,12.43,3.31,12.05,4.95,11.86,19.83,8.60,14.59,11.96,6.71,7.54,11.54,9.44,7.77,12.61,9.98,9.20,10.90,6.81,1.64,20.10,10.95,12.05,14.14,7.36,10.82,12.94,16.80,12.25,5.90,15.33,14.34,6.95,14.79,11.32,13.69,16.42,11.41,20.35,17.94,25.47,15.78,10.30,12.31,14.52,7.44,8.33,13.83,6.70,11.50,8.11,11.06,13.33,10.28,4.94,16.78,3.31,11.60,8.37,11.08,11.79,7.71,6.69,13.93,9.20,6.98,11.62,9.41,13.24,5.14,14.07,10.69,16.22,16.42,11.75,6.00,7.71,15.03,11.81,16.98,10.47,7.61,5.92,9.41,15.12,11.86,10.63,4.95,11.76,10.87,9.21,13.31,18.54,9.40,6.69,7.88,11.39,7.64,14.06,7.48,15.28,8.47
13	36981714	36982897	AAG	1.43	HG01762:6.70	7.35,0.82,0.81,4.16,0.83,4.16,0.83,1.67,4.17,3.34,1.60,1.67,0.84,0.83,3.40,3.37,4.11,1.64,3.26,3.22,0.82,4.27,1.71,0.87,0.82,0.80,0.83,3.25,0.84,0.97,0.84,0.85,6.05,5.87,0.83,1.63,2.37,0.81,0.86,0.84,1.68,1.68,5.95,2.60,1.71,0.83,1.65,2.41,2.54,3.31,3.13,4.05,4.19,0.94,1.73,0.84,2.50,3.35,2.52,4.26,3.29,6.70,5.16,4.99,2.50,0.86,4.20,0.82,1.69,0.81,6.27,2.61,0.87,1.62,0.81,0.82,2.44,0.85,1.64,1.72,0.82,1.71,3.31,0.83,1.73,3.35,6.57,4.25,3.33,4.12,1.68,3.31,0.83,3.35,0.85,2.36,1.71,1.67,1.74,3.35,0.87,2.57,11.14,0.83,0.82,2.56,4.20,0.86,1.67,4.22,2.55,0.87,0.85,1.69,0.86,3.36,3.27,1.65,0.84,0.78,1.67,2.56,2.37,1.63,1.66,0.85
16	7058041	7059233	AGGG	1.42	HG01762:3.35	1.63,0.83,0.83,0.80,2.55,0.82,0.85,3.36,3.94,0.85,1.63,0.86,0.87,4.14,1.61,1.65,1.56,1.62,0.82,0.94,1.70,3.35,0.86,1.63,0.86,1.61,0.90,0.87,0.81,1.61,0.81,2.44,0.86,1.64,0.83,1.70,0.86,0.82,0.84,0.85,0.82,0.83
10	18731424	18732096	AT	1.39	HG01762:2.51	0.84,0.83,4.07,4.11,2.43,1.69,0.84,2.51,0.86,1.63,1.63,0.82,0.85
10	10450662	10451997	ACAGAGCTGATCCATGCCCC	1.35	HG01762:5.02	0.82,1.66,4.17,0.83,0.83,2.50,2.51,1.60,5.85,2.51,0.83,3.40,0.84,0.82,1.63,0.85,0.85,1.73,1.67,0.81,1.94,1.69,4.25,5.18,2.52,0.83,0.81,1.58,0.85,1.63,0.86,4.20,0.84,3.36,2.55,2.60,1.71,3.31,0.83,3.21,2.48,0.85,1.65,0.78,2.43,2.56,4.19,1.68,0.84,3.35,0.84,1.70,2.46,5.02,1.68,2.58,3.33,2.45,0.83,3.45,1.63,2.53,3.23,1.79,1.74,0.81,2.42,0.82,1.63,2.44,1.64,0.85,1.65,1.67,2.59,1.67,0.82,1.70,0.83,1.71,2.48,1.67,1.70,3.14,0.86,0.87,1.75,1.66,0.86,1.72,1.71,0.84,0.84,1.70,0.87,1.69,0.86,3.36,1.69,0.82,0.78,2.51,3.33,3.42,1.58,2.55
12	75227678	75228405	AAAG	1.35	HG01762:1.67	0.80,0.84,0.84,0.84,1.67,0.83,0.85
1	246683642	246685576	ACCACGCTCCCTAGATGG	1.32	HG01762:2.51	0.82,0.82,0.83,0.83,0.84,0.80,1.94,0.85,0.86,0.84,0.83,0.83,0.84,2.51,0.84,0.86,0.83,1.69,1.74,0.82,0.85,0.86,0.82,0.81,0.84,0.86,0.86,0.85,2.33,2.51,2.44
8	85948369	85949465	AAAGG	1.31	HG01762:3.35	1.63,0.82,1.63,0.83,0.83,0.84,1.68,1.65,0.82,1.71,1.71,0.87,0.83,2.43,1.68,1.70,3.27,0.83,0.85,0.84,3.31,0.80,0.85,0.78,0.84,0.94,0.85,0.82,3.35,1.66,0.87,2.46,0.83,6.49,2.47,0.79,1.75,0.85,0.84,1.71,1.65,1.66
4	63554522	63554898	ATATATATATATCC	1.31	HG01762:1.67	0.84,0.83,1.67,0.82,0.90,0.81,0.84,0.82
3	25217537	25218407	AAAG	1.29	HG01762:5.02	0.82,1.66,2.50,1.66,0.83,0.83,0.84,3.19,0.84,2.51,0.85,0.84,3.29,6.58,4.83,0.82,2.47,2.52,0.84,0.85,1.68,3.39,1.63,2.52,0.84,2.52,3.40,1.71,2.49,0.83,2.41,3.30,2.54,0.83,3.13,0.84,1.73,1.68,5.02,1.72,4.90,0.83,2.59,1.68,4.08,1.69,0.81,2.69,3.48,0.81,4.83,0.81,2.56,0.82,0.86,2.56,0.83,1.67,1.67,1.64,1.62,1.70,0.87,0.84,0.86,0.83,2.57,2.48,2.47,3.28,1.67,0.84,5.94,0.87,0.85,0.85,0.84,2.53,0.84,0.83,0.85,0.85
6	75407898	75409039	AAAG	1.28	HG01762:12.56	12.47,13.16,14.67,3.41,4.81,0.83,4.87,3.39,2.34,7.42,5.75,12.56,23.58,10.33,12.13,11.06,2.51,1.74,3.31
2	3250892	3251242	AGAGAGCGAGGGAGGG	1.25	HG01762:1.67	1.67,0.83,0.84,3.29,1.67,0.84,0.82,0.81
12	26928866	26929142	AT	1.25	HG01762:1.67	0.85,0.84,1.56,0.82,0.84,1.67,0.84,0.81,0.84
4	138816009	138817479	AAAGGAAGGGAAGGGAAGGG	1.24	HG01762:13.40	4.90,0.82,6.51,9.98,4.17,4.99,2.49,14.99,5.84,10.03,14.36,15.03,8.38,6.66,5.11,0.84,4.94,9.04,11.41,5.63,6.57,5.98,0.87,9.04,8.81,2.50,4.06,12.89,0.84,3.37,1.73,4.13,4.89,0.79,2.54,7.57,2.49,0.83,11.01,13.22,10.94,6.49,1.71,5.03,10.05,4.94,2.83,12.61,10.81,5.02,5.87,10.22,0.82,13.40,7.74,0.83,0.84,6.96,0.81,0.81,6.62,6.05,11.50,10.00,2.47,5.03,7.45,0.83,0.85,6.86,2.51,3.48,9.20,3.49,2.49,3.42,13.24,5.75,5.04,6.85,4.18,3.38,4.24,8.46,1.69,5.13,3.27,2.47,0.84,1.69,3.42,5.01,4.73,1.65,1.70,5.08
2	72739029	72739925	AAGG	1.24	HG01762:2.51	4.08,0.83,1.71,0.83,0.83,0.78,0.81,2.51,0.94,0.84,2.51,0.86,5.86,0.83,0.86,0.86,0.85,2.62,2.54,0.85,1.69
GL000220.1	135766	136721	ACAGAGAGAGAGAGAGAG	1.19	HG01762:2.51	0.83,1.66,0.84,0.82,0.85,0.87,0.82,0.85,0.83,0.81,0.84,0.85,0.80,0.83,1.71,0.82,0.94,0.86,0.85,0.82,2.51,1.63,0.86,0.81,0.81,0.85,0.83,0.83,0.83,0.84,1.67,0.86,0.82,0.83,0.79,0.86,0.82,0.85,0.84,1.70,1.64,0.84,0.83,2.48,0.83
21	40955031	40956686	AAAGG	1.18	HG01762:33.50	25.24,5.82,0.83,19.15,18.37,10.03,7.52,27.64,22.46,3.37,18.90,12.22,10.46,5.97,13.67,10.38,5.84,8.93,10.48,32.80,18.39,17.71,7.78,13.89,10.06,21.45,28.39,16.09,4.07,14.29,13.45,34.01,13.01,18.86,19.88,14.06,32.14,18.16,10.16,27.27,12.16,6.83,19.27,18.95,14.16,9.98,7.53,9.23,27.10,33.50,12.05,22.46,13.89,12.49,38.81,13.48,25.01,18.82,42.58,38.29,9.70,8.06,35.86,6.84,8.22,11.63,18.05,18.32,15.56,14.59,28.93,6.66,9.07,19.88,7.45,10.23,9.43,8.70,3.42,9.93,16.44,23.90,27.91,6.86,14.56,7.59,12.21,16.91,5.99,11.76,15.25,14.72,16.49,5.88,12.48,14.98,9.93,7.48
2	425756	427954	ACGCCGGGGGCTCCGCAGGC	1.16	HG01762:5.02	2.45,1.63,0.83,2.50,4.16,0.83,4.18,0.80,2.51,0.85,0.84,0.82,0.82,4.89,2.41,1.71,2.60,0.82,0.80,0.83,1.62,0.81,1.68,0.84,0.86,1.63,3.30,0.79,2.44,0.86,0.84,2.52,0.84,2.55,2.57,0.83,1.65,0.80,2.48,0.85,3.31,8.60,1.62,0.85,3.36,2.51,0.82,0.94,3.36,0.83,0.84,1.64,5.02,0.84,0.83,3.33,0.86,2.52,2.45,4.03,1.79,1.74,0.81,1.61,0.82,1.63,1.63,0.85,0.82,1.66,0.86,4.10,0.85,2.48,2.50,1.73,4.11,1.62,0.86,0.82,2.52,0.85,1.57,2.57,3.48,0.84,0.87,0.83,0.82,0.85,1.64,0.84,0.84,0.87,0.85,4.91,0.82,0.84,0.84,1.66,1.58,2.44,0.85,1.70
3	20895782	20897255	ACAGTGACTCTGGGGTG	1.16	HG01762:2.51	0.83,1.67,1.67,0.80,0.83,0.85,0.85,0.82,0.80,1.68,0.84,0.85,0.84,0.86,1.69,0.78,0.82,0.86,0.84,0.83,0.85,2.51,0.82,0.86,0.82,0.81,1.64,0.83,0.83,0.86,1.64,0.86,0.85,0.87,1.69,1.64,0.84,0.84,0.83
8	49041132	49041963	AAAG	1.16	HG01762:1.67	0.81,0.84,0.82,1.67,0.81,0.85,1.64,0.83,1.65
12	8992964	8994042	AAGG	1.15	HG01762:2.51	1.66,1.60,0.84,0.85,0.82,0.83,0.83,0.85,2.51,0.84,0.86,0.86,0.90,0.81,0.81,0.82,1.64,0.82,2.36,1.67,0.87,5.24,0.83,1.64,0.86,0.84,1.64,0.84,0.84
6	68404392	68405244	AAGTATCTATATATATATAG	1.15	HG01762:1.67	0.83,0.84,0.85,0.83,1.67,0.82,2.46,3.40,0.83
11	68783454	68784807	ATCC	1.14	HG01762:14.24	3.27,5.71,4.07,9.98,10.02,3.33,10.81,8.33,10.02,12.54,15.95,10.02,10.05,5.82,10.21,2.52,7.40,5.75,4.89,4.83,9.85,11.95,7.69,9.52,7.40,9.61,4.17,9.74,11.28,12.62,7.74,5.90,12.76,4.32,5.72,4.19,14.03,4.89,3.15,9.32,5.70,7.73,5.04,4.20,7.57,9.35,9.54,15.43,0.83,7.44,9.64,4.95,10.16,8.26,6.25,9.73,10.25,5.87,5.03,4.94,5.66,10.36,5.88,9.15,6.69,10.90,5.11,6.57,14.24,4.21,3.44,13.31,4.90,7.49,3.45,4.20,8.98,6.74,8.88,4.48,9.56,3.48,4.04,6.44,6.57,8.15,6.51,10.25,5.75,5.81,13.73,4.10,4.27,9.10,10.82,8.64,10.89,6.57,12.16,5.96,14.16,10.28,12.36,9.23,7.45,11.60,5.86,7.67,10.22,6.86,5.85,3.48,5.86,4.36,9.96,2.57,6.62,10.28,6.62,3.29,7.68,7.39,5.88,8.58,6.85,6.68,5.06,10.19,5.23,1.69,10.15,7.70,8.40,5.93,4.91,2.47,10.92,4.66,10.88,9.98,6.74,11.11,8.36,11.04,8.14,6.79,13.24,4.99,9.34,8.47
12	116236890	116237460	AGG	1.14	HG01762:6.70	11.43,4.90,7.48,9.19,1.67,4.99,4.94,4.93,8.21,0.83,3.87,1.72,1.62,2.52,8.37,6.70,2.44,0.83,0.86,0.84,0.87,0.85
X	114939534	114940994	AAAG	1.12	HG01762:19.26	12.21,6.65,6.68,4.16,3.32,7.49,16.70,10.03,5.58,7.52,5.11,6.73,7.40,6.58,9.78,8.85,9.39,3.42,12.82,8.35,16.23,4.84,21.92,14.69,8.17,5.87,13.84,5.08,11.41,13.74,6.72,12.61,12.61,13.61,14.91,6.62,1.61,8.26,18.18,4.69,12.97,6.83,9.22,4.94,10.38,9.25,6.65,11.71,10.90,18.74,12.32,19.26,7.58,5.16,19.97,4.90,4.16,11.21,10.92,17.69,22.59,17.03,6.95,4.35,4.83,5.75,6.52,5.70,2.56,0.82,12.46,4.29,1.64,14.89,9.16,11.24,5.75,4.86,11.06,11.14,8.24,15.94,0.83,1.67,8.52,1.71,7.52,10.45,12.55,12.22,5.81,6.85,18.85,9.93,5.75,2.56,8.39,12.86,1.71,9.19,0.84,15.28,4.23,6.77,10.27,7.56,11.02,10.63,3.30,2.52,11.64,4.19,3.33,3.37,11.11,11.70,9.46,3.25,21.23,4.14,9.98,2.55,11.01
8	23509852	23510302	AAAG	1.12	HG01762:1.67	0.83,0.82,1.60,0.83,1.67,0.83,0.85,1.66,0.85
20	55665328	55665726	ACACACACCTCCACCC	1.11	HG01762:3.35	4.90,1.66,1.66,4.19,0.85,0.85,2.60,1.64,0.81,0.81,1.63,2.44,0.84,0.83,0.85,4.18,3.35,1.68,0.82,0.83,1.74,0.81,2.46,3.32,1.68,0.83,0.83,0.84,1.65,0.85,2.52,0.85,1.66,1.69,1.63
6	169239483	169240022	ACAGGGTGCTGATGAGG	1.10	HG01762:2.51	4.99,0.82,0.81,0.86,0.84,2.51,0.82,1.65,1.71,0.86,0.85,0.85,5.82,12.20,5.79
20	62076493	62077644	ACAGGGCCTCCCAGCTCAG	1.08	HG01762:3.35	1.63,1.63,0.83,1.67,1.67,0.80,0.84,2.50,1.68,0.82,2.44,1.61,1.64,0.85,1.61,0.84,4.25,0.86,0.82,0.83,0.84,1.73,3.21,0.83,0.85,1.56,1.62,1.68,0.84,0.82,1.68,0.83,1.68,3.35,0.83,0.86,1.69,1.74,2.61,0.81,0.82,1.71,1.64,0.83,0.82,1.66,0.85,0.84,1.75,0.83,0.86,0.83,2.47,0.85,0.84,2.51,0.85,0.87,0.85,1.69,0.84,2.51,0.84,2.56,0.85
2	195568666	195569495	AATATACATATAG	1.07	HG01762:20.10	26.12,18.77,17.91,22.45,10.02,9.15,5.82,4.16,24.21,5.01,8.77,10.02,16.75,2.50,14.46,14.31,23.03,14.80,8.15,10.46,13.95,5.12,17.09,15.57,7.40,7.21,12.52,5.68,7.25,10.09,16.46,10.96,17.86,14.69,13.89,8.39,11.55,7.33,14.20,6.77,10.59,0.86,8.40,15.13,19.33,6.80,6.94,11.14,9.11,4.14,9.64,18.16,6.77,5.79,6.25,8.92,6.83,10.89,17.30,19.82,5.18,4.16,20.92,10.90,13.63,10.68,20.10,9.26,9.47,11.65,5.72,9.16,5.18,16.80,3.27,17.69,7.26,16.13,11.30,10.51,12.89,8.21,8.96,5.70,11.96,5.75,12.46,17.16,14.77,11.10,7.44,11.66,10.37,10.89,5.75,1.70,3.33,3.43,5.77,5.87,4.97,6.63,12.56,4.26,3.14,6.00,1.67,12.19,1.67,8.73,10.79,5.14,5.79,6.00,0.83,9.39,2.46,6.72,5.15,5.14,1.67,8.44,0.85,6.11,2.54,1.69,8.56,3.36,11.86,9.81,8.25,5.88,2.33,5.86,5.82,5.90,4.27,0.84,5.52,8.14,7.64,1.66,1.70,1.69
X	124484397	124485902	AG	1.05	HG01762:48.57	1.63,23.66,30.94,20.79,15.86,6.66,9.97,25.05,10.87,12.76,16.70,0.84,2.50,17.87,21.04,31.26,12.33,18.74,14.49,12.31,22.18,17.09,22.49,17.26,14.42,20.87,24.35,23.37,14.30,18.39,49.75,24.67,43.20,17.16,45.28,14.85,0.81,35.49,39.80,13.04,36.92,21.00,33.63,22.70,28.06,27.75,27.43,28.99,0.83,33.75,13.21,38.11,43.80,36.73,19.46,44.42,16.78,20.11,0.94,28.50,16.81,25.78,20.08,20.13,36.62,20.53,48.57,37.05,24.09,27.45,22.07,24.98,16.39,36.97,19.60,53.08,39.43,22.59,19.14,37.20,19.71,31.78,0.85,30.40,19.10,18.88,29.54,20.50,9.93,21.65,45.81,20.10,32.03,30.00,38.29,21.66,20.57,26.37,36.92,16.56,60.47,15.91,33.25,31.44,0.86,6.69,39.17,16.73,48.01,16.60,41.94,28.27,20.68,32.89,20.48,26.27,42.81,26.59,14.56,18.37,27.85,31.41,21.81,44.84,21.14,18.49,50.85,40.89,47.83,21.84,24.07,30.98,32.44,27.81,34.18,22.57,18.92,37.42,30.57,18.20,49.89,22.91,44.88
6	76980951	76982042	AAAG	1.02	HG01762:1.67	0.83,2.56,0.84,0.83,1.67,0.86,0.84,0.87,0.86,0.79,0.81
3	102856097	102857622	AAAAT	1.01	HG01762:16.75	0.82,3.26,6.51,17.53,11.17,13.40,18.30,6.81,19.36,4.11,14.80,7.39,14.51,9.40,8.93,4.03,11.77,9.68,1.69,5.10,3.46,2.45,4.13,21.17,13.41,11.01,13.85,2.52,2.55,4.34,0.86,9.91,4.69,9.73,5.98,6.71,2.51,4.94,5.18,1.66,4.18,5.75,16.75,5.89,11.19,0.83,7.76,1.68,10.49,8.07,3.22,4.93,9.40,11.10,2.48,16.65,3.35,7.71,9.07,4.15,3.31,11.14,13.71,6.68,16.58,4.14
11	117966830	117967866	AAAG	1.01	HG01762:2.51	0.83,0.84,0.80,3.35,0.84,0.82,0.85,0.87,0.82,0.81,0.85,1.65,0.79,0.84,0.83,0.83,1.65,0.85,0.86,0.84,0.84,0.84,2.51,0.84,0.86,1.66,0.86,0.84,0.81,0.81,0.82,0.86,1.71,0.83,0.84,0.86,0.86,1.71,1.65,3.41,4.20,0.85,0.85,0.85,0.82,0.83,1.66,0.85
