motif	top_case_zscore	high_case_counts	all_counts
ACACTGCCCACCTCCCACAG	8.29	HG01708:151.46	101.23,114.24,84.68,70.68,47.57,91.52,132.99,69.12,71.81,64.35,113.27,78.51,56.96,91.52,99.55,99.31,105.28,55.07,58.68,86.93,49.24,72.53,44.43,69.21,40.28,88.94,72.61,88.47,99.93,47.94,37.76,32.89,22.97,48.38,40.86,63.73,80.03,52.11,80.45,80.45,35.86,81.56,48.72,63.05,68.09,37.42,63.30,89.15,70.42,41.36,121.35,78.43,55.05,42.97,136.75,82.69,107.63,76.34,84.61,73.34,67.96,69.95,68.94,90.66,151.46,78.00,45.99,103.48,60.29,70.74,72.28,62.39,89.09,72.44,63.83,42.01,57.98,80.88,50.83,90.51,79.94,104.43,39.62,76.52,72.26,98.61,37.45,44.43,80.51,94.67,51.48,59.08,85.40,94.30,56.62,34.58,72.02,68.17,21.89,104.66,18.33,35.13,57.69,62.94,24.85,78.69,52.75,77.57,63.66,58.28,27.59,50.49,44.34,43.65,33.20,95.01,61.23,11.14,60.40,26.31,32.43,36.94,48.68,23.16,39.41,96.04,31.22,28.01,32.28,50.76,52.43,52.20,92.43,18.64,62.15,32.98,21.00,97.81,3.35,31.61,38.77,10.25,34.27,35.48,97.62,73.89,62.05,30.76,33.95,45.72
AACCTGCACTCCAGTTGGT	4.80	HG01708:5.02	0.83,1.68,3.30,3.30,5.02,0.79
ACC	4.06	HG01708:1210.83	997.60,1040.40,910.26,894.69,763.69,975.08,1013.19,841.08,996.96,1021.32,849.52,783.43,854.38,965.10,1123.97,937.51,973.03,841.68,858.13,972.38,798.58,849.00,688.60,731.02,767.77,877.33,1034.95,836.81,958.15,842.75,915.80,701.58,1054.75,885.50,835.08,847.82,831.67,891.61,1234.37,779.09,824.73,965.01,919.85,981.11,874.26,653.09,1011.12,681.52,724.04,687.36,900.04,612.58,813.82,913.21,985.38,752.33,809.77,771.83,849.49,1049.00,753.23,776.38,869.26,946.55,1210.83,660.87,810.76,987.15,749.48,666.13,765.85,812.75,867.97,696.10,720.23,750.31,903.12,784.38,997.30,708.85,709.89,650.93,852.31,907.01,807.96,969.83,871.19,654.53,969.39,905.21,832.27,935.45,668.71,804.02,854.31,594.73,845.00,654.57,839.96,878.98,743.91,829.51,815.05,815.65,814.15,1094.18,678.16,722.87,1040.57,692.49,762.42,1086.34,806.48,798.76,1234.97,769.46,796.85,1066.50,858.81,818.84,1109.53,1035.96,969.49,704.95,513.20,896.94,1231.14,779.28,613.32,881.50,767.88,768.42,942.77,722.07,1081.86,773.47,761.98,989.79,977.10,836.78,700.33,1098.79,810.72,968.96,1132.42,973.28,747.85,968.61,775.71,966.98
AACAACCCCGAACAGAGAGG	3.71	HG01708:9.20	2.45,3.26,1.66,3.34,1.66,0.83,5.01,2.39,2.51,1.68,2.50,1.70,1.68,3.29,0.81,3.22,0.82,1.71,4.27,6.06,0.82,1.60,3.25,2.42,8.41,0.97,1.69,2.55,2.45,2.52,1.65,2.44,3.15,0.85,1.63,0.86,2.52,1.68,1.68,2.60,0.86,2.49,1.65,0.80,7.62,5.79,4.86,5.13,5.03,2.51,1.65,0.94,4.32,0.83,9.20,2.55,1.64,1.67,1.68,0.86,2.50,3.27,3.33,3.27,2.53,2.42,4.48,1.74,1.62,2.42,0.82,1.63,2.56,4.11,0.83,0.86,3.28,0.85,1.65,2.50,1.64,0.81,4.25,6.66,2.57,3.30,1.68,4.14,2.48,1.67,5.11,3.14,3.43,2.51,5.22,0.87,2.49,0.86,4.14,6.85,0.83,1.64,3.41,0.82,5.04,2.57,1.71,5.01,1.70,3.49,0.85,0.86,2.52,4.09,0.82,0.84,0.78,1.66,3.37,0.85,3.25,1.70,3.31,0.83,2.54
AAGGG	3.35	HG01708:6.69	1.63,0.81,0.83,1.67,1.66,0.83,1.67,5.84,1.67,0.84,0.83,3.40,1.68,1.65,1.64,1.63,1.64,0.85,0.87,0.82,0.80,1.67,0.81,1.61,2.52,0.85,1.63,0.84,1.65,0.81,2.37,1.69,0.81,0.86,3.36,1.68,2.52,1.70,4.34,0.86,0.83,1.65,3.30,3.39,2.48,2.34,0.81,0.84,0.84,0.94,1.73,0.84,6.69,0.84,0.85,3.44,0.83,0.86,2.52,0.82,0.84,1.61,3.48,2.61,0.81,1.64,0.81,2.44,0.85,2.49,3.28,1.71,1.67,1.73,2.51,2.46,0.81,2.55,0.86,0.82,1.66,4.97,0.84,0.85,1.57,2.57,3.34,0.87,0.84,1.75,2.49,2.57,1.65,1.71,0.83,0.82,1.71,2.52,1.72,0.84,1.70,1.74,0.85,2.57,1.69,2.45,2.47,2.33,0.84,0.83,3.37,1.58,0.81,2.55,0.83,2.49,1.70,0.85
AATGAGGACTGAGGGC	2.92	HG01708:14.23	6.53,6.53,4.89,7.48,7.51,8.32,4.99,5.00,14.19,4.18,4.79,4.18,5.86,8.32,7.66,7.57,13.98,2.47,3.26,13.68,6.57,3.41,8.54,5.19,5.75,9.61,6.68,3.25,8.06,10.09,6.78,8.43,6.80,7.78,8.99,5.87,4.13,8.96,9.46,1.69,8.15,3.43,7.56,3.36,6.73,2.55,4.34,6.86,7.46,9.10,3.21,0.83,6.77,6.61,7.03,4.86,4.27,5.87,5.03,5.77,6.61,6.05,5.88,11.64,14.23,1.68,5.96,8.21,9.21,2.53,2.58,6.66,4.09,5.00,5.18,4.20,5.72,5.90,5.65,6.27,6.08,6.96,2.43,5.64,5.75,9.78,4.07,9.40,2.46,4.15,8.58,7.39,2.56,6.62,5.83,1.73,5.86,7.39,2.43,5.96,5.00,8.57,4.12,9.23,8.28,8.28,2.51,6.82,6.29,6.00,5.85,6.09,10.04,4.36,7.47,5.14,3.31,11.14,5.79,4.93,16.22,8.21,5.88,7.72,3.43,7.52,5.91,4.24,4.36,5.08,5.92,3.42,6.72,6.78,2.45,5.77,9.24,6.99,5.86,5.82,1.69,8.54,2.51,3.94,5.69,7.64,2.48,9.98,2.55,1.69
AAGGAGGTCCCACCAGG	2.51	HG01708:2.51	2.51
AAGGAGATGGAGGCTCAGAG	2.48	HG01708:3.35	0.82,0.83,1.67,0.80,0.85,0.84,0.82,0.85,0.82,0.81,0.85,0.86,0.84,0.84,0.85,0.83,0.78,3.35,0.84,0.83,0.82,0.84,0.84,0.86,1.67,0.81,0.86,0.83,0.84,0.83,0.83,0.82,0.86,0.84,1.69,0.79,0.85
AAATATACAAATATATGT	2.48	HG01708:2.51	2.50,0.81,2.51,0.82
ACCACCACCACCTCC	2.28	HG01708:5.02	1.63,1.63,1.66,0.83,0.83,0.83,0.83,4.18,0.80,2.51,1.66,0.82,2.47,1.63,1.61,0.82,0.85,1.64,2.40,1.62,0.81,0.84,3.87,0.84,0.85,2.45,0.79,0.81,2.58,1.68,2.52,0.87,0.83,1.65,2.48,0.83,0.78,1.62,1.71,3.35,2.59,1.68,0.83,5.02,0.84,2.55,0.82,0.84,0.86,0.83,2.50,4.31,1.68,0.82,1.69,0.87,0.81,0.81,0.82,0.81,0.85,0.82,1.66,0.82,0.85,0.83,0.83,0.86,0.84,0.82,0.81,2.55,2.48,0.85,2.36,0.84,0.87,0.84,1.65,1.71,0.83,1.64,0.86,1.67,0.84,0.87,0.85,1.69,2.52,0.85,0.78,0.83,2.56,1.58,0.83
ACCATCCTCAGCTCACCCC	2.18	HG01708:5.86	1.63,0.82,2.50,1.66,2.50,0.83,1.67,2.39,1.67,0.83,0.85,0.84,2.47,3.26,1.61,3.41,1.71,2.40,3.34,2.43,0.84,1.63,1.68,2.48,0.81,3.36,0.84,1.68,2.55,3.31,1.61,0.83,0.85,0.83,1.56,0.81,2.52,1.65,1.89,5.86,0.84,0.85,4.93,0.84,3.44,0.83,0.82,1.67,0.86,3.36,0.82,2.53,3.23,0.87,2.61,0.81,0.81,1.63,1.64,2.49,0.86,2.46,1.73,0.84,3.24,0.85,3.33,1.71,0.83,1.67,0.85,3.93,0.86,3.34,3.42,2.48,3.43,4.96,2.47,3.41,0.82,3.43,0.86,1.67,2.55,4.36,6.77,2.57,1.65,5.88,2.33,2.51,0.83,2.56,1.63,2.55,0.83,0.83,1.69
AAG	2.05	HG01708:162.34	73.47,42.43,115.61,6.65,59.26,92.35,111.38,48.30,154.47,67.70,89.34,35.08,103.03,90.69,238.24,5.05,7.40,116.72,14.67,67.62,68.12,97.27,66.64,118.52,51.79,99.35,114.35,80.35,50.77,128.68,112.30,22.77,77.41,4.32,50.66,59.54,70.96,102.60,47.32,110.94,3.26,65.25,52.08,82.39,184.10,120.75,9.54,2.57,51.36,73.62,45.81,71.83,108.40,90.91,89.08,101.34,0.85,38.59,124.83,85.70,113.27,45.77,61.37,122.27,162.34,78.84,81.76,81.30,24.28,113.69,59.37,74.87,53.12,144.05,4.31,117.63,73.49,48.02,82.30,111.12,7.82,0.87,145.56,49.94,61.58,55.42,87.12,64.94,42.72,4.98,85.80,120.62,85.40,116.63,58.29,107.19,173.29,128.91,79.13,54.98,91.69,120.32,93.15,94.42,73.72,92.10,69.05,48.73,119.13,5.02,55.71,106.25,125.71,63.08,68.47,66.20,155.05,93.49,13.15,104.98,6.57,47.85,77.18,77.11,49.27,65.82,96.77,116.91,76.98,61.74,38.51,127.72,119.50,60.51,65.97,87.37,74.53,56.10,103.97,41.29,69.21,86.92,67.01,24.41,39.92,51.29,111.41,100.15,105.00
AACGCGCAGCCACCAGAC	1.85	HG01708:36.82	17.14,16.32,47.22,14.14,30.05,21.63,31.58,9.16,13.36,20.89,8.77,17.54,18.43,35.78,14.46,21.04,39.48,13.15,30.97,22.54,18.88,15.36,11.96,16.44,8.22,16.83,14.19,18.67,21.76,30.28,0.97,12.65,3.40,4.32,14.71,10.90,18.15,12.21,23.66,8.47,3.26,4.29,8.41,10.93,0.85,26.02,0.86,19.05,38.57,12.38,9.32,22.31,24.22,16.23,17.62,14.24,28.84,21.71,26.77,9.25,1.66,36.82,15.93,7.66,39.42,10.05,18.53,16.35,11.65,8.17,13.32,17.25,20.17,4.08,22.75,8.88,17.92,15.64,13.05,24.26,1.61,0.82,19.56,0.81,13.67,23.82,24.08,5.15,22.16,11.10,6.62,8.33,11.24,14.24,24.64,15.40,5.96,4.17,8.57,13.19,9.11,10.77,9.21,4.26,23.58,0.86,13.38,13.06,10.04,5.24,3.32,6.85,2.48,8.57,22.34,18.91,13.13,5.04,12.86,4.28,4.18,3.38,1.70,0.87,18.61,4.23,13.69,10.08,1.69,1.64,15.67,4.20,3.11,10.88,18.30,9.27,18.80,9.19,11.04,3.25,2.55,20.68,13.30,24.61,16.09
AACTACCACCATGACCCT	1.72	HG01708:15.06	4.08,9.79,13.84,5.82,0.83,14.14,4.16,2.50,2.39,2.51,6.70,1.66,6.81,14.31,7.40,3.29,9.78,0.80,4.92,6.83,2.56,3.29,11.22,1.67,9.67,13.46,0.97,2.53,4.25,4.32,8.99,3.35,4.95,4.89,7.89,3.26,5.15,5.04,5.04,12.14,0.83,3.31,0.80,1.65,1.56,13.78,2.56,0.84,6.59,7.55,7.77,17.47,15.06,1.68,11.07,4.11,1.67,10.95,4.09,1.67,2.52,2.45,2.53,4.03,2.69,7.82,0.87,2.43,1.61,4.93,2.44,0.81,1.71,5.75,4.15,4.29,4.92,1.71,2.48,3.33,9.03,4.05,0.83,10.71,18.22,6.70,0.79,1.67,0.84,7.70,3.43,2.48,1.64,1.64,9.23,0.86,3.40,0.87,3.38,0.86,14.41,0.82,1.55,10.05,2.50,0.84,12.61,7.32,1.66,1.69
ACACCACAGCGACACCC	1.71	HG01708:13.39	8.16,8.16,7.33,0.83,15.79,9.99,0.83,0.84,0.84,2.50,0.85,2.47,0.81,8.05,9.03,3.41,1.71,11.25,4.11,6.41,6.68,4.06,0.84,4.84,5.95,6.05,0.83,4.73,8.96,1.72,0.84,7.57,1.68,2.60,5.14,0.83,3.31,4.02,0.83,2.54,11.57,25.79,7.69,1.68,8.24,10.38,4.32,11.77,0.83,13.39,3.35,0.85,9.03,5.89,11.19,9.98,3.27,4.16,0.86,0.82,2.42,0.90,0.87,0.81,9.03,4.89,0.85,10.68,0.83,0.86,0.82,1.71,2.50,1.73,0.84,1.64,0.83,7.42,3.36,6.63,14.91,1.67,3.41,3.34,5.02,0.87,5.14,5.14,2.47,1.71,9.85,12.59,2.57,4.28,0.84,11.81,8.46,6.77,5.99,5.93,10.63,1.65,6.72,9.21,8.32,5.98,17.35,0.81,5.79,5.94,5.08
ACCATGACCTCCACCTCC	1.56	HG01708:1.67	1.63,0.85,1.62,1.67,0.83
AGCCCT	1.12	HG01708:6.69	0.82,0.83,0.83,5.01,3.34,1.67,1.70,3.26,0.80,2.46,2.56,3.42,5.05,0.84,0.85,0.86,18.45,0.85,7.33,2.58,2.52,2.60,0.83,0.83,3.39,3.31,0.81,2.56,0.94,5.04,6.69,3.41,5.02,0.84,1.66,0.83,2.52,3.27,1.79,7.82,1.61,4.07,0.85,0.83,6.01,2.46,2.50,3.46,1.67,4.11,1.62,5.96,4.28,1.66,0.83,0.84,2.56,3.14,0.86,3.34,3.32,0.86,2.57,4.14,1.64,5.97,2.46,1.72,1.71,1.69,0.85,0.87,0.84,1.69,5.72,0.82,0.84,1.55,3.33,0.85,6.69,3.15,0.85,3.33,2.55,0.85
AACACATATATGG	1.05	HG01708:1.67	1.69,0.87,0.83,1.67,1.63,0.85,0.85,0.86,0.84,0.84
