#contig	start	end	unit	top_case_zscore	high_case_counts	all_counts
2	96862214	96863141	AAAATAACATAACAT	24.77	HG01619:24.77	24.77,28.52
17	40490492	40490930	AAGGAGTATTCCCTCAGGTC	8.53	HG01619:9.91	12.52,0.83,0.84,9.91,5.93,4.69,1.71,0.94,0.86,0.87,0.81,0.81,0.83,0.84,0.85,0.84,0.84,2.37,0.83,0.83,1.70
GL000220.1	126534	129526	ACAGAGAGAGAGAGAGAGAG	5.09	HG01619:20.64	7.35,5.71,7.33,9.98,4.17,11.65,10.81,6.66,10.02,16.72,13.56,5.85,10.05,6.66,10.21,3.37,2.47,8.22,4.89,5.63,9.03,7.68,13.67,4.33,12.33,4.81,6.68,8.12,8.86,6.73,5.81,14.34,12.76,4.32,2.45,20.13,9.08,13.84,5.52,7.62,1.63,6.87,15.12,8.41,5.04,10.20,1.73,9.43,9.94,10.75,3.21,20.64,5.93,6.61,2.34,7.30,8.54,9.23,8.38,9.06,7.55,9.50,6.73,6.65,13.39,6.71,9.37,7.39,15.91,3.37,7.74,9.15,7.36,9.99,3.45,5.88,8.98,0.84,12.91,4.48,3.48,7.83,11.32,8.06,9.03,6.52,8.14,16.24,5.75,7.47,5.15,9.85,5.12,9.10,5.83,9.51,10.89,4.93,16.22,8.51,15.83,6.86,5.77,7.55,3.31,12.42,9.21,11.08,4.72,12.00,9.20,6.96,5.02,6.11,11.62,6.85,5.79,17.13,7.45,12.33,11.95,9.03,5.04,10.29,3.43,17.54,10.13,10.19,9.60,9.31,11.84,5.13,9.24,12.71,11.45,4.12,7.56,10.87,5.86,8.32,11.80,15.38,6.69,3.15,6.51,2.55,7.45,12.47,6.79,6.77
2	74150401	74151043	AAAAG	4.92	HG01619:4.95	4.95,0.84,0.83,0.86
11	32524644	32525873	AAAG	4.78	HG01619:8.26	0.82,4.90,3.32,1.67,0.83,2.51,3.46,0.82,0.83,0.81,0.84,1.70,0.86,1.63,1.68,1.63,3.94,1.69,3.26,2.58,0.84,8.41,0.87,0.83,1.65,4.02,8.26,1.65,0.84,3.30,0.84,0.83,1.73,5.72,1.61,1.79,1.64,0.81,1.63,2.56,0.82,0.83,0.83,2.50,0.82,1.62,1.71,1.67,1.57,7.71,0.82,0.84,2.62,2.52,0.85,1.68,0.84,1.71,0.84,1.70
7	131872898	131874272	AAAGG	4.40	HG01619:28.90	27.76,6.65,18.32,14.14,17.02,15.99,18.92,19.73,24.62,11.95,7.69,16.44,10.42,4.17,13.80,12.96,18.14,39.93,13.74,14.29,28.90,7.62,12.50,13.78,16.78,14.68,10.06,11.07,16.75,21.90,9.98,24.26,19.10,14.59,12.81,20.82,21.77,11.93,18.08,18.81
12	78148809	78149819	AAAGG	4.02	HG01619:4.95	0.82,0.83,1.60,0.85,0.82,0.81,0.82,0.79,0.87,4.95,0.85,0.84,0.83,2.51,0.86,0.87,0.83,1.67,0.83,0.86,0.86,0.85,1.69,0.87,0.84,0.83,0.83,0.83
3	86494131	86494854	AATAGTATATATATATATAT	3.98	HG01619:4.95	2.51,2.52,0.82,0.87,4.95,1.65,0.82,3.48,0.86,1.68,1.70
11	59973231	59974444	ACATATATATAT	3.94	HG01619:18.16	4.99,1.66,9.25,7.74,18.16,14.26,21.29,9.49,5.66,3.43,19.88,5.80,0.84,4.26,16.28,10.04,9.41,4.11,11.10,0.84,6.00,10.02,3.38,1.69,11.84,8.18,5.04,4.66,6.74,4.07,5.94,11.85
10	72031374	72032085	AAAG	3.77	HG01619:4.13	1.67,2.50,1.61,4.13,0.83,0.84,0.82
4	117939979	117941558	AAAATATATATATATTG	3.55	HG01619:29.72	4.08,6.51,9.98,20.78,18.32,17.53,8.36,13.36,8.38,12.48,9.26,27.97,4.07,18.06,6.83,11.11,3.46,28.38,20.29,12.89,6.73,15.18,16.16,12.09,13.89,17.61,7.43,7.89,4.89,16.31,8.41,29.42,11.27,3.43,15.74,7.44,11.25,29.72,16.94,4.96,10.54,16.23,5.03,16.76,9.44,6.91,10.93,1.70,14.24,10.11,5.16,5.82,9.99,6.90,11.80,12.10,18.82,11.30,9.85,4.27,14.79,11.63,26.60,17.93,4.96,9.51,19.71,0.85,4.28,0.82,4.20,6.63,5.11,2.36,1.71,5.85,2.62,0.86,4.14,4.93,15.19,11.00,7.61,3.39,14.02,6.70,0.83,9.46,7.32,9.34,5.79,6.77
5	50406343	50407576	AAAG	3.55	HG01619:5.78	1.63,0.81,0.83,0.83,0.84,0.80,1.63,4.02,1.73,0.85,0.79,0.85,3.26,0.84,0.84,3.43,0.83,0.83,5.78,0.85,1.65,4.19,0.86,0.84,3.35,1.70,1.67,0.86,0.90,0.86,0.83,1.73,3.24,1.65,0.84,0.84,0.83,0.86,0.83,0.86,1.68,1.55,0.79,0.83,0.85,0.85
14	32356798	32357944	AAAGAAGGAAGGAAGG	3.48	HG01619:6.60	3.26,6.65,1.67,0.83,0.83,2.50,0.84,0.80,1.68,1.66,0.82,1.61,2.46,3.42,0.87,0.82,1.60,0.83,1.62,1.61,4.84,0.84,2.52,0.83,2.37,2.54,0.84,0.84,0.84,1.70,2.60,0.86,2.49,2.48,6.60,0.85,0.83,0.78,1.68,2.51,1.73,0.84,0.83,2.51,1.68,0.85,1.64,2.53,0.86,1.66,4.16,2.59,2.52,0.82,0.84,2.42,1.79,2.61,1.74,2.42,1.64,1.63,0.81,1.71,2.46,1.66,2.57,1.64,2.56,0.83,0.83,2.51,1.64,0.81,0.85,0.83,0.82,2.52,2.48,0.84,0.79,3.43,0.84,1.75,1.66,0.86,0.83,0.86,0.83,2.47,1.64,0.84,0.86,0.84,0.84,1.70,1.69,0.86,3.36,0.85,0.82,0.84,0.83,1.69,0.85,1.67,0.81,1.66,0.85
15	69614314	69615960	AAG	3.47	HG01619:16.51	7.35,13.06,7.33,6.65,1.67,13.31,7.48,14.16,5.01,11.70,5.58,13.36,8.38,4.99,5.11,3.37,12.34,7.40,0.81,7.24,9.03,3.41,3.42,11.25,8.22,6.41,5.01,5.68,12.89,6.73,1.69,10.21,2.59,6.54,6.71,8.25,1.63,8.68,5.93,1.63,13.74,2.52,6.73,0.84,3.40,7.80,5.14,9.11,23.99,10.45,16.51,11.86,6.61,4.69,1.62,14.52,6.71,11.73,9.89,9.44,3.45,12.61,12.48,10.88,10.06,5.11,12.32,10.89,9.26,9.47,4.99,4.90,0.83,6.90,1.68,4.08,3.37,9.68,5.38,1.74,12.18,7.28,3.22,5.75,3.26,4.89,11.96,6.57,1.66,12.87,8.21,1.71,2.48,9.16,8.64,11.72,9.86,6.49,2.55,5.83,0.86,4.12,0.84,2.48,1.67,3.93,6.00,1.67,2.51,6.11,9.96,2.57,3.31,0.86,0.82,5.12,4.10,0.84,4.29,0.86,2.51,0.84,0.85,5.23,5.92,0.85,2.57,1.68,5.08,0.82,0.82,7.56,6.21,0.84,6.84,2.51,3.15,4.07,2.55,3.31,9.15,1.70,8.47
4	18838288	18839354	AAG	3.40	HG01619:6.60	0.83,0.83,1.67,1.67,2.51,0.83,0.85,0.84,2.47,0.82,0.81,0.80,0.82,3.46,0.82,0.80,1.94,0.84,0.86,0.84,0.79,0.85,0.86,0.84,2.52,2.55,7.80,1.65,6.60,0.78,1.68,1.65,0.86,0.84,0.84,0.84,0.84,2.58,1.63,2.59,0.82,0.81,1.79,0.87,0.81,1.64,4.93,1.72,0.86,0.82,1.67,1.71,9.94,0.83,0.84,2.51,2.62,4.14,0.86,0.85,2.46,0.84,0.86,2.51,4.36,1.69,0.85,0.82,0.78,1.66,1.71,0.84,0.85
9	86640562	86641602	AAG	3.34	HG01619:6.60	0.82,1.67,0.83,1.67,0.84,1.66,1.70,5.05,0.82,1.64,0.80,3.28,0.87,3.20,2.43,1.61,2.52,0.97,1.69,0.85,4.19,1.65,1.63,1.63,0.86,0.84,1.70,6.60,7.81,3.24,3.36,1.68,0.82,2.83,0.83,3.35,0.84,1.72,0.82,0.83,0.81,0.90,0.87,0.82,0.83,0.84,2.43,0.85,3.35,0.86,3.31,1.64,1.67,0.85,1.74,0.85,0.84,0.84,3.25,2.54
7	32826228	32826296	AAAG	3.30	HG01619:3.30	3.30
1	242847250	242847707	ACATATCATATATATATAT	3.30	HG01619:3.30	0.86,3.30
5	2210859	2211669	AACTATATCCACACAGG	3.29	HG01619:3.30	0.83,0.84,3.30
Y	58971673	58975787	AATCGAATGGAATGG	3.10	HG01619:9.91	4.90,0.82,1.63,1.66,0.83,6.66,0.83,3.33,2.50,6.69,2.39,0.84,5.03,2.50,3.40,2.52,3.29,2.47,3.26,4.83,1.64,6.83,0.85,2.60,0.82,1.60,2.50,3.25,1.61,5.89,0.97,3.37,4.25,4.32,4.09,1.68,0.83,3.26,6.31,0.85,3.26,3.43,2.52,2.52,3.36,1.70,3.47,3.43,2.48,4.02,9.91,3.39,4.13,3.91,2.43,3.42,3.36,6.70,2.47,1.89,2.59,8.41,1.66,3.35,3.35,1.70,3.29,2.51,0.84,3.44,7.49,2.45,6.66,2.59,3.36,4.08,0.84,2.42,2.69,3.48,5.22,2.43,0.81,1.64,0.81,2.44,3.42,2.46,2.49,2.57,3.28,1.71,1.65,2.50,2.59,2.51,3.29,2.43,5.11,3.33,1.71,5.77,5.87,1.66,4.14,5.02,5.97,1.71,1.67,4.35,2.51,0.87,5.81,2.57,7.45,4.28,2.47,7.68,3.28,4.20,2.57,2.57,4.18,5.06,2.55,7.85,0.85,5.07,1.71,3.36,4.24,0.82,2.52,1.55,2.51,3.33,1.69,3.42,0.84,1.58,0.81,0.85,3.31,1.66,2.55,2.54
19	16848053	16849258	AAAAG	3.08	HG01619:14.03	7.35,8.36,11.73,4.21,13.98,14.03,1.56,6.57,7.50,9.43,14.83,7.53,6.70,8.49
18	70021013	70022478	AAAG	3.08	HG01619:5.78	2.45,0.81,1.66,0.83,0.83,3.35,0.85,1.68,0.82,0.85,3.25,1.61,1.70,0.82,0.79,0.84,0.84,2.55,0.86,0.83,5.78,5.93,1.65,0.78,1.71,1.68,3.35,0.82,0.86,0.84,2.52,1.67,1.72,0.83,0.86,0.84,0.87,0.81,3.26,0.86,1.67,2.46,0.83,0.84,0.86,0.84,0.84,2.57,2.46,1.71,0.85,4.23,0.86,0.85,0.78,0.83
16	83478498	83479099	AAAAGCTTTTATAAATTAT	3.00	HG01619:3.30	3.34,0.84,1.65,1.73,3.30,0.85,0.85
17	46934874	46936023	AATAG	2.94	HG01619:11.56	4.90,0.82,4.89,8.31,7.51,4.99,5.83,10.87,3.40,6.73,1.65,5.70,2.46,5.97,8.54,3.46,18.08,5.05,8.71,2.59,2.44,4.20,3.36,5.88,1.70,2.57,2.41,11.56,3.39,4.05,2.51,7.77,5.82,6.69,2.55,3.29,13.40,4.21,6.02,1.63,0.81,6.95,2.42,8.96,2.57,2.48,1.64,3.40,0.83,4.28,9.23,10.88,5.50,3.48,0.84,2.62,5.97,0.86,2.53,5.13,4.24,2.33,2.53,0.85,6.62
5	77725193	77726231	AAACAAATACTGTATTTAT	2.90	HG01619:14.03	4.08,4.99,6.68,3.19,5.03,3.37,2.47,5.75,3.22,4.81,5.84,2.42,6.78,2.53,2.55,5.18,2.45,2.52,7.43,4.73,7.62,7.33,7.73,6.73,4.25,3.47,0.86,6.63,7.44,14.03,2.54,1.56,3.24,14.52,2.52,4.93,2.53,3.27,5.00,2.59,4.20,9.27,1.61,9.86,3.48,4.04,3.22,1.64,4.89,8.96,3.42,7.39,9.44,0.82,2.56,8.33,5.19,4.19,13.78,3.40,0.86,8.37,6.00,7.53,5.99,2.48,4.28,2.47,0.84,0.84,5.13,1.68,5.08,9.81,0.82,13.97,4.73,11.89,3.31,4.16,1.70
20	56549851	56550196	ACC	2.90	HG01619:4.13	0.82,0.80,0.82,0.82,1.71,0.83,0.81,0.84,0.84,0.79,0.84,0.85,1.73,0.83,4.13,0.85,2.52,0.84,0.82,0.86,0.83,0.84,0.84,0.84,0.86,0.84,0.82,0.86,1.71,0.83,0.81,0.84,0.86,0.84,0.87,0.87,1.66,0.86,1.71,0.82,0.86,0.84,0.85,0.85,0.82,1.65,0.84,0.83,0.84
22	48796884	48797758	AAAG	2.80	HG01619:3.30	0.85,0.82,0.97,2.59,1.68,0.83,3.30,1.69,0.90
GL000220.1	126182	130320	AG	2.71	HG01619:1495.96	735.54,466.75,937.94,1427.68,429.00,1246.31,830.34,602.92,906.78,1374.02,1022.61,570.45,1107.35,634.80,988.68,419.10,527.23,1009.36,679.66,825.88,1066.96,904.46,1045.71,689.49,862.30,726.71,333.02,827.88,916.25,691.36,956.46,1295.23,853.16,465.64,903.71,1462.51,976.06,1306.07,834.48,871.39,527.27,948.70,785.44,738.15,872.58,878.43,565.40,819.53,898.84,663.37,695.12,1495.96,781.64,719.83,635.30,299.96,832.83,882.57,901.44,979.78,549.35,862.74,873.47,853.40,1156.43,503.20,961.51,703.00,1010.75,378.12,761.54,1078.95,906.38,719.42,499.42,1017.50,973.35,504.66,1103.80,595.93,640.38,965.08,1169.30,807.12,775.94,934.78,601.69,1071.51,612.85,511.57,808.25,1064.28,670.42,679.94,628.66,823.80,944.65,675.11,898.34,719.01,1311.22,640.99,793.62,882.79,570.65,1034.54,903.38,706.67,687.69,897.32,917.91,1135.09,878.42,726.30,927.06,1003.12,799.33,1443.42,799.24,929.82,867.99,704.32,626.18,792.43,656.27,1154.16,903.74,827.67,981.49,872.19,1037.66,646.91,775.55,866.14,1041.80,492.28,625.88,812.01,954.49,778.56,800.61,1081.70,707.92,478.56,990.06,497.68,894.28,1371.01,1021.84,595.26
13	49891945	49893321	AAAG	2.64	HG01619:6.60	6.53,0.81,0.83,0.83,3.34,4.18,2.39,2.51,2.50,1.65,0.82,0.81,0.85,0.85,0.87,2.47,3.34,0.84,0.97,1.69,1.70,0.86,2.52,2.48,0.85,0.81,1.70,1.71,2.49,6.60,0.85,0.83,3.13,2.43,5.03,0.82,0.86,1.66,3.35,2.52,2.55,0.82,2.53,1.72,0.82,4.31,0.81,0.87,1.74,2.43,0.85,1.64,3.43,0.86,4.19,1.62,0.83,0.82,5.03,2.56,5.22,1.71,0.83,0.84,5.23,1.69,2.54,0.86,1.69,0.84,3.33,0.84,1.67,1.63,0.85,0.83,2.49,0.85
4	111514552	111515887	AAG	2.62	HG01619:6.60	4.08,0.82,1.66,2.49,0.83,3.34,0.84,2.39,0.84,1.68,0.83,0.85,0.84,0.82,0.80,1.64,0.85,1.71,1.64,1.60,0.81,0.84,0.97,2.55,0.86,4.19,0.81,2.37,0.81,0.86,3.36,0.85,3.31,1.61,6.60,0.83,1.56,0.84,1.89,0.84,3.33,0.84,0.85,2.53,2.58,2.50,2.45,1.73,1.68,1.63,1.79,0.87,3.23,0.82,0.81,0.81,5.13,0.83,3.43,2.56,0.83,0.83,2.59,0.83,0.86,1.65,0.84,4.14,1.66,3.35,2.56,2.36,2.57,4.18,1.74,2.51,1.75,3.32,4.96,1.71,1.64,3.41,0.82,0.86,2.51,0.84,0.87,0.85,1.69,1.71,0.84,7.56,0.84,1.66,1.69,2.56,2.51,2.37,0.81,0.85,5.79
8	146303433	146303818	AACCCTAACCCTCACCCT	2.48	HG01619:2.48	2.48,2.47
4	94369469	94369812	AAGGG	2.46	HG01619:2.48	2.48,3.36,3.31
15	33241879	33242574	ACACATATATATAT	2.45	HG01619:2.48	1.65,2.48,7.77
12	97767680	97769076	AAAG	2.43	HG01619:10.73	3.33,5.01,1.66,2.50,2.51,2.51,0.84,1.71,2.56,7.79,7.40,3.20,0.81,6.78,2.53,2.55,0.82,1.68,1.69,1.72,6.72,1.68,0.84,3.40,0.87,0.83,10.73,5.08,1.62,0.84,5.86,6.61,4.20,1.67,5.86,4.99,0.83,2.52,1.63,6.09,0.82,5.13,5.75,2.57,0.85,4.14,1.73,20.10,3.29,3.24,5.96,10.71,7.45,8.28,5.86,0.79,6.09,4.36,9.13,8.56,5.79,4.11,8.21,6.72,4.28,1.67,3.49,10.15,12.84,6.72,3.27,1.68,4.66,0.83,5.90,3.42,4.96,4.16,0.85,3.39
3	85617001	85618128	AAAG	2.38	HG01619:4.95	3.34,2.50,0.84,2.51,0.83,0.80,3.46,0.84,0.82,1.65,2.44,2.49,0.83,0.80,4.95,0.85,0.83,0.84,0.84,0.82,1.64,5.02,0.84,0.86,0.83,1.73,0.81,0.82,0.81,0.83,1.65,2.51,0.79,0.83,0.83,1.64,1.64,0.84,0.87,0.86,0.84,0.82,0.84,0.84,4.99,6.84,0.84,1.70,0.83,1.70,0.85
5	144587997	144588400	AAAG	2.38	HG01619:4.13	1.66,2.50,1.67,0.84,0.84,0.84,1.64,0.81,4.10,0.85,3.29,0.81,1.61,0.82,0.86,1.71,4.13,0.85,0.84,0.82,0.94,0.83,2.51,0.84,0.84,0.83,0.81,0.83,2.46,0.86,0.79,0.81
1	203592871	203593096	AAAG	2.33	HG01619:2.48	0.84,0.83,2.48,1.71,0.81,0.84
4	65699757	65700704	ACATATATGTATATATGCAT	2.20	HG01619:5.78	3.32,2.60,6.60,3.26,6.00,3.21,5.78,2.59,3.35,1.69,1.74,4.03,5.70,4.11,1.73,5.86,0.83,1.69,0.82,0.85
1	175741617	175742301	AAG	2.19	HG01619:3.30	0.83,0.83,0.84,0.83,0.85,0.84,0.79,0.84,0.84,1.70,3.31,3.30,0.85,0.84,0.82,1.66,0.84,0.87,0.81,0.81,0.86,0.81,1.67,1.69,0.78,0.85,1.67,0.81
20	4098436	4099987	AAG	2.18	HG01619:17.34	3.27,4.90,12.21,18.29,11.68,10.82,15.79,9.99,5.01,7.52,10.37,12.53,14.24,2.50,11.06,10.94,5.76,7.40,7.33,11.27,25.44,10.24,16.23,4.33,13.97,7.21,6.68,12.17,8.06,9.25,10.65,16.86,6.80,5.18,7.35,11.74,9.90,4.89,10.25,13.55,13.85,6.01,10.92,5.89,8.41,12.76,3.47,7.72,8.28,14.89,8.04,17.34,8.47,9.92,10.16,12.97,6.83,3.36,7.54,0.82,6.61,5.18,10.09,7.49,8.37,3.35,5.96,7.39,20.10,10.95,8.61,6.66,2.45,5.00,7.76,2.52,1.63,9.27,7.26,3.58,10.44,4.04,8.06,13.14,6.52,12.21,14.53,3.29,5.81,6.01,11.49,12.81,14.89,5.83,2.59,7.54,4.93,9.73,8.51,3.33,2.57,9.07,7.55,7.45,4.19,11.93,12.57,8.57,4.18,9.58,12.55,1.75,0.83,8.56,0.83,6.85,10.76,4.93,4.27,3.28,7.55,4.29,6.00,2.51,7.59,4.24,3.49,0.85,10.15,5.13,2.52,3.39,7.36,5.77,2.52,13.20,7.54,5.82,5.90,5.98,10.87,12.61,7.32,3.40,7.45,2.49,5.94,7.62
11	128799778	128801348	AACCCCGGCCTCCCT	1.97	HG01619:4.95	1.63,1.63,1.67,0.83,0.83,3.33,3.40,3.29,0.81,0.85,0.85,2.40,1.69,1.73,1.65,0.85,0.86,0.84,6.73,0.84,2.55,0.83,4.95,0.85,1.56,0.81,1.68,0.82,1.68,3.33,0.82,0.86,1.63,2.53,0.87,0.81,2.42,0.81,2.44,0.85,1.64,3.28,4.16,0.81,0.84,0.85,1.57,1.67,0.84,0.87,0.83,3.43,0.83,1.72,1.65,2.52,0.84,1.63,0.85,0.83,2.55
5	31389060	31389878	AAAG	1.97	HG01619:2.48	0.87,1.66,2.48,0.85,0.83,0.87,1.71,0.84,0.84
16	83478385	83479187	AAAACCTTTTATAATTTAT	1.89	HG01619:2.48	0.83,2.48,1.56,2.56,0.84,1.73,0.82,0.82,0.79
5	3275822	3276937	AAGGAGGGAGAGGATG	1.86	HG01619:2.48	1.66,2.52,0.86,2.48,0.85,4.93,0.84,0.82,0.85,0.81
1	237280494	237281390	AAGAG	1.86	HG01619:2.48	0.84,0.82,0.86,2.48,0.86,0.87,1.61,1.71,1.55,0.84
10	25118383	25118653	AAAG	1.84	HG01619:2.48	0.83,0.84,0.85,0.85,0.80,0.81,0.84,0.84,2.48,0.82
12	15198874	15199542	AAAGAAGGAAGG	1.78	HG01619:3.30	2.49,0.83,1.66,0.83,0.80,0.97,0.84,0.85,0.85,0.87,1.66,0.83,3.30,0.82,0.86,0.84,0.84,0.83,0.82,0.81,0.86,0.81,0.83,2.47,0.84,0.83,1.67,1.66,0.86,0.83,0.82,1.72,0.84,1.74,3.38,1.65,0.78,0.84,0.85,0.83
4	54750624	54751142	AAG	1.76	HG01619:3.30	0.81,2.50,0.83,1.68,1.64,0.81,0.84,1.94,0.85,0.86,0.82,1.65,3.26,0.79,0.85,0.86,0.84,1.68,0.85,0.86,3.21,3.30,0.83,0.82,0.84,0.85,0.82,0.83,1.63,0.86,0.81,0.81,0.81,0.82,1.63,0.82,0.83,0.86,0.83
6	168711919	168712683	AC	1.71	HG01619:3.30	0.83,0.83,0.83,0.80,0.84,0.87,0.83,0.86,1.63,0.83,0.85,0.81,1.72,0.84,0.85,1.71,1.61,3.30,0.85,0.84,1.67,1.68,0.85,0.83,0.83,0.87,0.81,0.86,0.82,0.81,0.85,0.83,1.70,1.67,0.87,0.85,0.84,2.55,0.86,1.70,0.85,0.85
2	218614632	218615133	AAG	1.67	HG01619:2.48	0.83,0.83,0.81,0.83,0.87,2.48,0.86,0.82,0.86,1.73,0.85,0.85,0.86
1	18223280	18224688	AAAG	1.65	HG01619:12.38	0.82,0.81,0.83,12.52,0.83,0.83,9.16,5.01,5.01,0.80,1.67,0.84,2.50,5.96,11.78,8.23,4.11,2.44,6.44,6.57,9.39,0.85,5.19,8.81,5.01,5.68,9.67,8.41,5.06,5.95,5.72,0.84,1.65,4.89,0.79,2.44,6.01,4.20,1.68,1.70,7.80,4.29,1.66,11.58,12.38,9.32,8.26,4.69,5.67,5.98,2.52,0.86,2.52,6.65,0.84,5.11,2.46,0.84,3.37,4.30,0.83,5.72,1.67,6.72,3.27,5.90,4.03,3.58,0.87,2.43,3.22,12.32,4.07,4.07,2.56,3.29,6.64,0.86,4.10,3.42,3.31,1.67,1.73,10.05,0.82,1.62,9.36,10.83,8.57,0.82,3.36,1.66,4.14,0.84,2.56,0.79,6.86,6.69,1.74,7.53,8.73,3.31,13.71,0.83,0.82,3.41,0.82,6.72,0.86,2.57,0.84,2.53,2.55,5.23,5.08,3.38,6.85,1.68,4.24,4.91,4.95,0.84,5.43,3.35,1.66,3.37,8.54,5.85,14.98,5.69,5.10,7.45,6.65,5.93
GL000220.1	126688	129283	AAAGAGAGAGAGAGAGAGAG	1.65	HG01619:4.95	1.63,2.45,1.63,1.66,3.33,0.83,1.67,4.18,2.39,2.50,1.70,0.82,1.64,2.46,1.71,3.42,0.87,1.64,0.81,1.68,2.90,2.53,1.70,2.59,3.27,3.35,0.83,1.63,1.58,3.39,1.72,0.84,1.68,1.70,0.83,0.80,4.95,1.69,0.83,0.78,0.85,0.84,2.47,0.94,2.59,2.52,1.66,0.84,1.70,1.64,0.84,0.84,0.86,0.82,0.83,0.84,3.27,2.42,0.90,1.74,0.87,0.81,1.61,0.82,2.44,1.71,0.82,2.57,2.46,0.83,1.73,5.02,1.64,3.24,0.84,0.83,1.66,1.67,1.57,0.84,1.74,0.84,0.87,2.57,0.83,2.57,2.47,2.56,0.84,0.86,2.51,1.69,0.87,0.85,0.85,0.84,2.45,0.84,0.78,4.16,0.84,1.67,0.79,1.63,0.85,1.66
20	62122846	62124138	ATCC	1.65	HG01619:4.13	1.63,0.82,0.81,0.83,0.83,2.51,1.67,0.84,0.83,1.70,2.47,1.64,0.81,1.64,0.85,0.85,0.87,1.64,2.50,1.68,0.97,0.84,0.85,0.86,0.85,0.86,0.84,0.87,0.86,4.13,1.69,1.65,2.47,1.89,0.84,2.50,1.68,0.82,0.84,0.84,2.58,0.83,1.67,0.82,0.90,0.87,0.82,0.85,0.83,1.64,0.85,1.65,0.86,0.84,0.82,3.24,0.86,3.30,0.84,0.83,0.86,0.87,0.87,0.83,2.57,0.86,0.83,0.82,2.56,0.82,0.84,0.84,1.69,0.84,1.69,0.82,0.78,0.84,0.84,0.84,3.33,0.85,1.69
X	72456321	72456417	AAAG	1.65	HG01619:1.65	1.65,0.78,0.81
10	17228048	17228049	AAAT	1.65	HG01619:1.65	1.65
10	99407588	99407907	ACGGGAGAGGGAGAGGGAG	1.65	HG01619:1.65	1.65
12	1306120	1306266	AG	1.65	HG01619:1.65	1.65
20	13248916	13248927	AAGAG	1.65	HG01619:1.65	1.65
21	29454947	29454948	AGAT	1.65	HG01619:1.65	1.65
3	27048891	27048892	AAAG	1.65	HG01619:1.65	1.65
4	148075715	148075716	ACATATATATATATAT	1.65	HG01619:1.65	1.65
7	73736213	73736261	ACACTGTCCACCTCCCACAG	1.65	HG01619:1.65	1.65
8	146303701	146303803	AACCCTCACCCTCACCCT	1.65	HG01619:1.65	1.65
5	119383373	119383542	ACAGGATACATAT	1.65	HG01619:1.65	0.82,1.65,0.83
7	57504832	57505079	AT	1.64	HG01619:1.65	0.84,1.65,2.34
14	61598024	61598364	AAGG	1.64	HG01619:1.65	0.81,1.65,0.81
4	104497787	104498832	AAAG	1.63	HG01619:2.48	0.84,0.80,0.83,0.81,0.81,0.83,0.80,2.48,0.84,1.65,0.86,0.82,0.84,0.82,1.72
22	28123950	28125198	AAAGG	1.62	HG01619:18.16	10.58,4.16,13.30,6.38,4.18,8.32,10.59,7.24,10.67,11.11,7.40,7.21,15.14,20.41,7.57,4.20,18.16,3.13,3.42,7.54,6.65,6.81,10.95,7.49,17.25,7.17,14.50,26.28,16.30,12.21,24.62,9.99,7.39,10.00,6.70,13.36,6.86,6.64,6.62,12.33,4.27,17.24,5.88,9.19,5.91,11.84,7.56,13.56,16.49,13.20,20.09,14.19,9.76,9.10,7.48,13.58
10	130017764	130018100	ACTC	1.62	HG01619:2.48	0.83,0.84,0.85,0.82,0.87,0.83,0.86,0.82,0.86,0.84,0.83,1.65,2.48,0.85,0.83,0.84,0.82,0.90,0.82,0.83,1.65,0.83,0.86,0.84,0.82,0.85,0.84,0.83,0.84,0.81
20	46540313	46540565	AAAG	1.62	HG01619:1.65	1.65,1.67,0.86,0.87
20	40469350	40470254	AGGG	1.61	HG01619:3.30	0.83,0.83,1.67,0.80,1.68,0.81,0.87,1.64,0.80,1.62,1.61,1.94,0.85,1.63,0.81,0.84,1.68,0.84,0.86,0.83,3.30,0.84,1.73,0.84,0.84,0.84,0.86,2.45,0.84,0.87,0.87,0.81,0.82,0.82,1.65,0.86,1.64,0.81,1.67,0.86,0.83,0.79,0.87,2.49,0.86,0.86,1.71,0.84,0.87,1.69,0.85,0.85,0.78,1.71,0.84,0.85,0.83
1	37011710	37012936	AAG	1.60	HG01619:9.08	5.71,5.71,1.63,4.16,4.17,3.33,1.66,6.66,1.67,2.51,5.58,4.19,4.16,7.66,3.37,1.65,2.47,4.89,3.22,1.64,0.85,7.69,0.87,4.11,1.60,0.83,0.81,4.84,1.94,3.37,3.40,6.91,2.45,2.52,3.30,8.96,2.37,3.39,3.26,4.29,3.36,4.20,3.36,6.80,7.80,6.86,1.66,9.93,4.82,9.08,4.23,9.09,2.34,5.67,1.71,3.36,5.03,4.94,6.61,4.32,5.04,0.83,3.35,0.84,0.85,6.57,5.02,2.53,1.72,5.82,0.82,2.59,2.52,1.63,1.69,4.03,4.48,3.48,6.96,1.62,4.83,2.46,2.44,0.81,2.56,1.64,2.49,1.72,3.28,5.98,0.83,5.83,4.19,6.57,6.49,0.85,11.66,1.71,2.47,4.20,0.83,0.83,4.19,2.36,1.71,0.84,3.48,1.67,1.75,4.15,7.70,2.57,2.48,1.64,0.85,0.82,3.36,0.86,2.57,4.18,2.53,5.94,3.49,5.92,3.38,1.71,6.72,1.69,5.72,0.82,2.52,3.11,4.19,2.50,2.53,2.56,2.51,1.58,1.63,2.55,4.14,4.16,1.70,1.69
11	95127328	95128177	AAAG	1.57	HG01619:2.48	2.52,0.84,0.86,0.83,2.48,0.84,0.86,1.67,1.63,0.83,0.83,0.86,0.83,0.84,0.79,0.83,1.71,0.82,0.85
Y	15320059	15320897	AAG	1.56	HG01619:3.30	0.82,1.63,1.63,0.83,0.83,0.84,0.80,2.55,1.64,0.81,1.64,1.71,3.46,0.80,0.83,0.81,0.84,3.30,3.24,0.84,0.82,1.72,2.46,0.83,0.84,0.82,1.71,0.84,0.86,0.78,1.58,2.44
16	11588037	11588308	ACTGCCCCGCCCCCCCCGCC	1.56	HG01619:1.65	1.65,0.82,0.86,0.84,0.84
13	79232777	79233954	AAAG	1.52	HG01619:20.64	1.63,0.82,0.81,2.50,3.32,0.83,0.83,1.67,0.80,1.67,3.35,21.63,3.26,1.61,0.82,3.42,1.73,1.60,8.35,3.22,10.09,0.84,9.50,1.63,12.58,26.03,0.85,3.26,0.86,5.04,0.84,44.55,6.80,9.54,10.29,0.83,3.21,20.64,0.85,8.26,23.44,0.85,12.58,16.81,11.64,9.23,4.26,1.64,3.35,8.61,1.66,3.27,1.73,26.95,0.84,4.48,7.82,0.81,1.63,3.29,3.32,3.43,3.28,5.12,10.82,1.73,4.11,0.81,2.55,4.20,4.26,7.83,11.14,1.65,4.10,2.52,2.53,1.70,9.32,8.37,4.25
8	80795549	80795814	AG	1.52	HG01619:1.65	1.64,1.65,0.85,0.86,0.85
2	11219806	11220747	AAAG	1.50	HG01619:1.65	0.85,1.65,7.36,1.61,5.83,0.84
3	176079009	176079980	ACTAGCCCAGCCGGCTGGGG	1.48	HG01619:4.95	3.26,0.83,0.83,2.51,6.38,4.92,1.68,1.69,4.20,1.71,4.95,10.71,4.99,6.57,2.51
4	39350049	39350332	AAAGGG	1.44	HG01619:2.48	1.68,2.56,2.55,3.94,2.48,1.65,0.84,2.42,1.73
4	49120526	49123093	AAAGGAATGGAATGGAATGG	1.42	HG01619:4.13	0.82,3.26,0.83,1.66,2.49,0.83,2.51,1.68,0.82,0.82,0.85,1.73,0.82,0.80,0.83,2.52,2.59,0.82,1.63,0.86,0.84,0.84,2.55,0.87,0.86,1.66,0.83,4.13,3.31,0.78,0.81,2.52,1.68,0.94,2.59,1.68,0.85,2.51,2.53,1.72,0.83,1.67,1.73,1.68,0.81,0.90,0.87,4.07,0.81,0.85,0.83,1.73,0.82,2.43,1.65,0.84,1.66,0.84,0.79,0.84,1.67,1.75,2.49,0.83,0.86,0.82,0.85,0.82,1.69,1.74,1.69,0.85,1.71,0.84,0.84,3.11,0.84,0.83,1.71,3.34,0.79,1.63,0.85,1.66
1	21852937	21854023	AAAAG	1.40	HG01619:9.91	0.82,1.66,9.19,22.97,20.48,3.46,6.58,3.34,9.91,10.16,4.05,10.91,8.61
18	67877953	67878948	AAAAT	1.39	HG01619:2.48	0.85,3.30,2.37,11.58,2.48,19.82,2.50,4.21
16	83478442	83479068	AAAACCTTTTATAAATTAT	1.38	HG01619:1.65	0.83,0.83,0.82,1.73,0.83,1.65,0.84
20	6615861	6616399	AAGGAAGGGAGGGAGGGAGG	1.37	HG01619:1.65	0.83,0.85,0.85,0.84,1.65,1.67,0.84
3	83742224	83743103	AAAG	1.36	HG01619:2.48	0.81,1.66,0.84,0.81,0.82,0.83,0.81,0.84,0.85,0.82,1.68,1.66,0.83,1.61,2.48,0.81,2.52,0.84,1.66,0.82,0.83,0.84,0.87,0.83,0.84,0.84
8	128419892	128420616	AT	1.35	HG01619:2.48	0.81,0.83,2.51,0.85,0.85,0.85,0.97,0.84,0.87,2.48,0.84,2.47,0.84,0.83,0.84,0.86,0.81,0.79,0.87,1.64,0.84,0.87,3.38,1.55,1.70,0.83
7	100380988	100381947	ACATATATATAT	1.31	HG01619:2.48	0.83,0.83,0.84,2.51,0.80,0.82,1.64,0.80,0.83,1.62,0.84,1.94,0.84,0.84,0.83,2.48,0.81,3.36,0.83,0.82,0.84,1.71,0.86,0.81,0.83,0.79,1.71,0.86,0.84,0.83
10	42790457	42817199	AATGG	1.30	HG01619:44.58	29.39,16.32,30.12,36.59,26.71,22.46,20.78,28.31,26.72,26.74,21.54,23.39,41.88,32.45,34.88,21.88,16.45,29.59,41.56,16.90,14.77,27.30,39.30,34.60,25.48,25.64,26.71,17.86,20.95,32.80,33.88,39.63,37.43,16.41,23.70,41.09,17.33,21.17,15.77,20.32,34.23,25.76,37.80,28.58,18.49,28.06,31.22,26.57,20.71,35.57,16.88,44.58,28.79,18.18,17.97,21.08,12.81,34.40,40.21,16.48,26.43,31.09,38.67,28.28,29.29,22.64,30.66,26.28,29.31,24.42,46.47,44.09,25.34,43.30,37.95,21.01,31.85,22.75,23.40,26.88,25.20,27.85,17.79,12.08,16.42,22.00,28.50,31.62,13.14,15.78,26.60,32.82,5.12,37.22,10.82,25.93,29.31,33.67,28.38,29.78,39.99,26.56,29.67,36.92,16.56,29.82,33.49,22.16,20.43,22.28,16.72,28.73,30.12,26.19,26.56,24.82,20.69,45.40,8.27,25.49,39.26,27.09,22.66,30.02,23.13,34.24,39.66,26.32,27.92,20.30,48.20,25.67,23.53,44.07,8.18,12.37,25.20,13.20,15.91,21.63,21.07,41.87,26.75,17.35,13.83,18.68,32.26,47.39,35.65,22.02
5	168181819	168182654	AG	1.29	HG01619:7.43	4.08,4.89,8.35,9.14,6.70,5.75,7.21,3.27,8.40,2.49,4.82,7.43,7.44,5.75,3.27,2.61,0.85,0.86,6.62
17	78996069	78997377	ACCAGGGCGGGGGAGGGGCC	1.28	HG01619:14.03	2.45,0.82,1.63,1.66,4.17,5.82,2.49,14.19,7.52,3.19,4.18,4.19,4.99,3.40,4.11,3.29,5.70,5.63,6.57,7.68,4.27,9.52,1.64,4.01,10.02,4.06,4.84,9.25,11.81,5.95,3.46,5.03,7.89,1.68,0.84,1.68,8.50,1.73,1.71,2.48,0.80,14.03,2.54,3.13,0.81,4.27,4.19,7.54,0.82,0.94,1.73,5.04,6.65,5.86,6.71,7.66,3.29,2.51,0.84,1.72,1.66,1.63,5.00,6.90,2.52,7.35,2.53,1.79,8.69,1.74,1.61,2.46,4.07,2.44,7.69,5.75,3.32,0.86,3.28,1.71,2.48,2.59,6.70,4.11,1.62,0.85,6.66,5.14,16.48,5.03,13.25,5.86,6.82,7.71,2.51,7.83,3.35,1.75,6.64,3.42,9.10,0.83,10.69,5.12,1.64,8.39,7.72,13.71,1.67,4.22,0.85,7.85,5.08,8.46,11.12,1.68,5.93,2.47,7.56,4.66,2.51,15.80,9.27,2.56,6.69,23.65,13.83,1.70,4.14,10.81,1.70,12.70
1	228362257	228362634	ACAGCGAGCCCCGCCC	1.28	HG01619:1.65	1.65,0.81,0.81,0.79,0.84,0.85,0.85,1.69
20	61051540	61052870	AAAG	1.26	HG01619:3.30	3.32,0.83,0.82,2.56,0.82,0.97,1.73,0.83,0.84,0.85,0.87,1.71,1.66,4.82,3.30,1.65,0.86,0.85,2.53,0.86,1.68,1.63,1.63,0.83,0.83,0.86,0.82,0.83,1.67,0.87,0.86,2.48,0.86,0.83,0.85,0.82,0.87,0.84,2.54,1.64,9.90,0.83,1.63,0.85,0.83,1.66
6	26137017	26137277	AAGG	1.25	HG01619:1.65	0.82,1.65,0.78,0.84,0.87,0.79,0.87,0.82
19	4012014	4012291	ACACCCCTCACACCTCC	1.24	HG01619:1.65	0.85,2.37,1.73,1.65,0.83,1.70,1.72
7	98812388	98812720	AAGGGGAGGGGAGGTAGGG	1.24	HG01619:1.65	0.83,1.65,0.84,0.86,1.65,0.82,0.83,0.84
22	20824407	20825382	ATCC	1.23	HG01619:3.30	1.63,0.81,0.83,2.50,0.84,1.68,0.83,0.85,0.85,0.82,1.70,0.86,0.82,1.68,0.81,0.81,0.84,0.84,2.55,0.87,0.83,0.83,3.30,1.56,0.84,0.84,0.86,0.84,1.66,0.84,1.67,2.53,0.86,1.66,0.83,2.42,0.90,2.61,0.81,0.81,0.81,0.85,0.83,0.86,0.82,0.81,0.83,0.84,0.84,0.85,3.43,1.74,1.67,0.87,1.66,1.71,0.83,0.82,0.84,0.84,0.87,1.55,0.83,1.69,1.71,0.84,0.85,0.83,2.49,0.85,0.85
9	30204973	30206283	AAAG	1.22	HG01619:10.73	1.63,4.90,0.81,3.33,5.01,3.33,2.50,2.50,4.18,1.60,8.35,0.84,7.49,0.85,11.78,1.65,2.47,4.07,1.61,3.28,3.41,5.13,0.87,11.51,8.01,5.01,8.93,1.61,4.21,1.94,3.37,1.70,5.18,4.95,3.26,6.31,11.86,3.26,5.15,4.20,4.20,10.93,6.80,5.20,5.14,2.49,2.48,7.23,10.73,5.08,0.83,5.47,4.27,2.52,2.51,2.47,4.72,1.73,3.36,3.33,2.51,3.35,3.41,3.29,3.35,5.05,6.02,1.66,1.63,2.50,9.49,3.36,0.82,9.27,1.61,3.58,4.35,4.04,4.03,7.39,4.89,0.81,5.13,4.93,8.30,8.58,9.85,0.85,5.79,3.33,8.64,7.54,7.39,1.62,11.91,1.67,3.43,2.52,1.66,1.66,4.19,3.41,1.57,5.22,0.84,5.24,2.49,3.42,3.31,0.83,4.11,4.10,2.52,3.43,1.71,0.84,3.38,0.85,3.42,2.52,1.69,0.82,0.84,1.66,4.21,0.85,5.01,4.73,2.44,4.25,3.33,1.70,0.85
GL000220.1	132294	133661	ACAGAGAGAGAGAGAG	1.21	HG01619:2.48	0.83,0.83,0.83,1.67,1.68,0.83,0.82,0.87,0.81,0.97,0.86,1.68,0.83,0.81,0.85,0.86,0.83,2.48,0.86,0.83,1.61,0.81,0.85,0.83,0.81,0.85,1.70,0.79,0.84,0.86,1.70,0.85,0.78,0.83,0.84,1.70,0.83,0.83,0.85
11	66161492	66162025	ACGGGAGAGGGAGAGGGAG	1.17	HG01619:4.95	0.82,0.81,4.16,1.67,2.50,3.33,2.51,0.84,0.84,2.55,0.81,1.61,1.64,0.85,0.87,1.60,1.68,1.94,1.69,2.45,2.52,3.94,0.85,2.44,5.15,1.68,2.52,0.85,4.95,1.69,1.65,0.81,0.85,0.82,3.78,2.52,1.66,2.52,1.64,0.86,0.83,2.50,5.18,0.84,1.63,2.42,1.74,2.43,1.61,2.46,3.26,2.44,3.29,4.29,4.10,1.71,0.83,0.82,1.67,4.14,0.85,2.46,0.84,2.51,1.69,1.67,0.83,4.24
1	67358252	67358866	AAAG	1.17	HG01619:1.65	1.65,0.82,0.84,2.48,0.84,0.84,0.87,0.84
18	76306634	76307363	AGGGGGGGGGGGGGGGGGG	1.11	HG01619:1.65	0.85,1.65,0.78,0.85,0.84,0.87,1.62,0.86,0.83
1	192574469	192575042	AAAG	1.09	HG01619:1.65	0.80,0.85,0.87,1.72,1.65,0.83,0.82,0.84,1.65
14	53969197	53970115	AAGG	1.08	HG01619:3.30	1.63,1.66,1.67,0.82,2.47,0.87,0.83,1.68,1.68,1.70,3.43,3.30,2.54,0.83,1.71,1.89,0.84,0.84,2.45,2.61,2.42,0.85,1.73,0.84,2.46,0.81,0.85,0.83,0.84,0.84,3.32,0.85,1.72,0.84,0.85,5.08,1.71,0.84,0.83,0.85,0.79
X	78181720	78182445	ATATATATATATC	1.08	HG01619:1.65	0.82,0.83,1.65,0.85,0.83,0.84,0.94,0.84,0.83,1.68
12	116469078	116469739	AAAAG	1.07	HG01619:1.65	0.84,0.82,0.80,0.86,1.65,0.85,1.68,0.81,0.83,0.81
14	42519999	42521148	AATATATATAGATATATAT	1.06	HG01619:3.30	4.07,0.83,0.83,2.51,2.50,1.70,0.84,1.65,3.29,0.80,0.82,0.83,0.97,1.70,1.63,2.52,0.81,0.79,0.85,2.52,0.85,2.49,0.83,1.61,3.30,1.65,0.78,0.86,0.84,0.84,0.85,2.46,1.72,1.66,0.84,2.42,0.87,0.87,0.81,1.64,0.81,1.71,0.82,0.83,0.86,0.81,0.82,1.68,0.83,0.83,0.84,0.86,0.84,0.84,0.83,0.83,0.86,0.86,0.86,0.84,0.85,0.85,1.68,0.82,0.82,0.84,1.55,1.67,0.81,1.65,0.83,0.85
6	20756418	20757610	AAGG	1.06	HG01619:2.48	0.81,0.83,3.34,0.84,3.35,0.83,0.80,0.83,0.84,0.85,0.86,2.48,0.81,0.84,0.82,1.67,0.86,0.82,0.81,0.82,0.84,0.84,3.93,2.61,0.83,0.86,0.86,0.86,1.74,0.85,0.86,0.84,0.82,0.78,0.84,0.85,0.84,1.65,1.66,0.85,0.85
12	75111441	75112138	AAAG	1.04	HG01619:2.48	0.83,0.83,0.82,1.61,1.67,0.86,1.63,0.84,0.79,0.81,1.68,2.48,1.62,0.84,0.82,0.84,1.67,0.84,0.84,0.87,1.63,0.85,1.71,0.85,1.63,0.83
6	110236569	110237542	AAG	1.03	HG01619:4.95	3.26,0.83,2.50,0.83,5.01,0.85,4.11,1.61,2.56,4.27,0.87,3.20,1.61,0.79,1.72,1.68,4.20,2.41,4.95,0.85,2.34,0.81,2.52,1.68,1.65,7.55,1.66,2.51,0.84,3.33,1.73,0.84,6.74,0.81,3.48,3.33,3.29,6.49,1.71,0.83,2.57,0.83,1.64,1.58
13	113311133	113312508	AACAGGAAGGAGGCCCC	1.02	HG01619:4.13	4.16,0.83,0.80,3.33,4.11,0.85,1.73,3.34,4.06,2.52,0.97,0.84,0.84,2.57,0.80,4.13,2.54,0.83,0.86,0.86,0.81,1.74,3.46,2.52,0.87,4.12,9.19
17	154204	155252	ACAGGGCGGGAGGGGG	1.02	HG01619:2.48	1.63,1.63,0.83,0.82,4.27,1.62,0.84,0.83,0.86,0.84,0.84,0.85,2.48,0.85,0.83,0.82,0.84,1.67,0.82,0.87,0.82,1.70,0.83,0.83,0.82,1.71,5.85,0.84,0.85,0.82,1.68,0.78,0.81,0.85
3	184430044	184431374	AAGG	1.01	HG01619:27.24	6.53,9.79,16.28,19.12,11.68,10.82,7.48,7.49,6.69,11.17,13.36,14.98,24.67,23.56,14.81,14.80,15.48,8.85,15.36,20.50,20.76,18.91,21.63,17.04,11.28,10.09,15.49,18.55,11.23,21.24,11.40,5.08,7.33,6.87,6.72,32.78,11.91,8.57,14.08,35.57,6.43,27.24,15.70,24.22,15.40,23.92,14.26,17.59,9.89,16.05,16.41,20.18,8.37,11.74,18.74,19.71,15.91,15.16,23.23,27.45,9.99,12.94,11.76,5.72,20.22,11.30,12.55,16.51,13.92,12.13,6.44,9.03,7.33,7.33,7.69,14.95,12.01,9.85,17.08,7.44,6.66,14.70,26.80,11.91,13.33,3.30,12.59,17.39,23.44,10.23,14.15,34.28,5.86,0.87,25.68,9.93,1.71,11.58,8.22,9.39,32.01,7.55,12.85,11.69,18.56,8.49,13.09,2.54,8.46,2.57,13.44,19.49,13.90,2.47,0.78,20.09,5.90,11.96,17.55,2.44,7.45,21.62,10.16
5	77725230	77726528	AAATAAATACAGTATTTAT	1.00	HG01619:12.38	3.32,7.51,3.19,5.03,5.05,9.87,2.47,3.22,3.20,1.67,1.61,2.90,7.66,2.59,0.82,2.52,2.48,14.99,3.39,4.89,6.01,1.68,2.55,1.73,2.57,4.14,3.31,12.38,10.94,3.24,2.56,9.23,5.75,8.37,3.37,6.54,2.50,3.45,0.84,1.69,4.84,9.86,5.21,3.23,4.03,4.07,10.58,1.71,13.97,7.72,8.21,1.71,4.16,4.32,5.02,6.49,5.96,2.57,7.45,10.05,2.57,5.02,2.62,2.49,7.70,15.72,1.71,6.62,8.22,0.82,11.75,4.29,3.34,4.22,0.85,12.69,2.54,11.98,8.40,2.54,2.45,2.47,0.84,9.32,0.84,5.01,0.79,2.44,13.59,4.96,3.33,9.34,2.54
