motif	top_case_zscore	high_case_counts	all_counts
AACACCAGCGACATG	37.98	HG01682:42.85	3.27,0.82,0.83,2.50,0.83,0.83,0.83,2.51,0.80,0.84,0.84,1.65,0.82,1.63,0.80,1.64,1.71,1.60,2.50,1.62,1.68,0.84,1.70,1.68,3.30,3.26,2.37,1.69,3.26,0.86,0.84,2.52,3.36,1.70,2.60,0.83,0.83,0.80,1.65,0.85,0.78,1.71,1.68,42.85,1.89,0.86,0.84,0.83,1.67,0.84,1.64,0.84,29.47,0.86,0.86,0.84,1.63,2.42,1.79,0.87,1.62,0.81,0.81,0.85,1.64,3.43,2.46,1.71,0.83,0.86,0.84,1.64,0.86,0.84,2.48,1.66,0.84,0.85,1.57,0.84,2.61,4.18,2.49,1.71,1.71,5.79,4.93,3.28,1.68,3.43,4.28,1.67,4.22,0.85,4.23,4.23,4.28,6.72,0.85,0.82,5.77,4.66,1.66,0.84,0.85,6.69,0.79,3.25,0.85,0.83,5.09,2.54
AACACCAGGGACATG	18.93	HG01682:21.43	0.82,0.81,0.83,0.83,1.66,0.83,0.84,0.80,1.67,1.66,0.82,0.80,0.82,0.85,0.85,0.87,0.82,1.60,1.67,0.81,2.42,0.84,1.94,1.70,0.86,2.52,0.83,0.79,0.81,0.84,0.84,0.85,1.73,0.86,0.83,0.83,1.61,0.83,0.85,2.34,1.62,0.85,1.68,0.84,21.43,1.73,2.50,2.51,1.70,0.82,16.84,0.83,0.82,0.84,0.82,0.84,0.87,2.61,1.62,1.61,1.63,0.85,0.82,0.83,1.72,2.48,1.67,1.67,1.64,2.43,3.40,1.71,0.82,1.66,0.86,2.51,1.74,1.67,1.75,0.83,1.64,1.71,0.82,4.22,0.85,0.85,1.68,0.82,2.33,0.84,1.69,0.83,2.55,1.69
ACATCC	14.02	HG01682:84.05	56.33,48.14,40.71,40.74,55.09,59.07,58.18,31.64,51.77,51.82,49.46,55.96,24.29,54.08,51.90,35.35,74.03,51.78,48.08,61.98,52.53,41.81,40.15,30.28,25.48,40.86,30.88,38.96,58.83,44.58,45.50,43.01,52.74,34.56,48.21,50.32,50.33,66.77,39.44,44.88,39.12,56.66,35.28,62.21,63.05,34.01,65.04,30.00,29.82,45.49,46.61,24.77,49.12,56.20,42.20,39.72,61.50,36.91,57.81,84.05,43.42,52.68,52.12,50.74,46.02,39.42,40.03,47.63,31.82,43.79,30.98,49.08,54.76,39.13,25.01,56.29,38.38,58.98,39.54,50.18,53.87,29.59,39.62,50.75,70.61,45.64,49.67,23.07,49.29,63.12,49.76,49.23,57.22,63.69,47.46,15.56,42.71,45.17,45.40,54.46,34.99,33.42,28.84,31.89,57.98,36.44,29.30,43.47,59.73,25.71,47.65,60.93,36.81,28.81,40.67,47.93,29.79,42.83,38.89,32.06,54.62,58.28,63.79,37.73,27.42,66.81,40.50,42.44,42.75,54.99,43.98,36.79,40.33,30.51,45.79,42.05,54.61,35.71,31.82,56.56,28.65,54.68,35.94,48.09,37.42,56.90,35.57,48.22,48.38,51.65
AACAT	11.95	HG01682:12.36	2.47,3.31,12.36,10.08,1.57,4.93
ACACAGC	9.69	HG01682:18.95	2.45,4.99,4.17,4.16,4.16,5.00,0.83,2.51,0.84,0.84,4.99,2.55,7.57,9.87,0.82,4.89,0.80,4.27,0.85,3.46,1.64,8.01,0.81,2.42,0.84,6.78,1.69,9.36,1.73,2.45,13.42,5.78,2.44,5.52,5.08,2.44,3.43,5.89,10.09,5.10,6.07,3.43,4.14,3.31,6.43,0.85,0.83,7.81,2.43,2.52,10.05,18.95,3.45,0.84,1.66,1.67,0.84,5.11,0.82,1.67,0.84,4.30,0.83,1.63,4.16,2.52,4.08,4.21,4.84,5.38,0.87,0.87,3.23,8.06,3.28,0.81,0.81,2.56,4.11,2.49,2.57,4.10,10.25,4.14,10.82,2.59,5.02,4.11,8.92,7.66,1.71,7.55,1.66,4.14,0.84,0.85,1.71,8.70,2.51,7.86,2.49,6.85,0.86,4.96,4.11,2.46,4.20,1.72,3.43,3.34,5.06,5.94,1.74,1.71,5.04,4.12,8.40,0.84,1.63,0.83,0.85
ACAGGGTGG	3.09	HG01682:27.19	4.90,6.53,15.47,19.96,9.18,19.14,7.48,4.16,4.17,10.87,26.32,11.69,5.03,23.30,12.76,15.63,3.29,2.41,1.64,5.12,13.84,13.97,3.20,2.43,10.48,0.84,0.97,0.84,0.85,13.82,0.84,7.43,4.89,3.15,8.47,0.81,1.68,5.04,6.73,0.86,13.25,3.31,16.94,2.48,0.81,1.68,4.19,27.19,11.33,10.36,5.04,4.16,36.06,7.66,8.21,2.51,20.21,10.33,9.15,7.36,14.99,3.45,1.68,15.51,27.43,3.58,6.08,1.74,5.64,13.14,6.51,1.71,10.68,7.47,3.43,5.74,4.27,5.83,0.86,0.84,4.11,2.43,1.70,0.83,5.14,0.83,1.66,12.56,2.56,3.14,5.14,4.18,0.87,4.98,0.86,9.93,3.43,0.83,8.22,1.71,2.46,1.68,4.28,0.84,2.53,3.40,4.36,7.61,0.85,0.86,1.69,0.82,1.68,1.55,23.44,1.66,1.69,2.56,8.36,0.79,1.63,0.85,0.83,4.99,0.85,3.39
AACCTGCACTCCAGTTGGT	3.03	HG01682:3.30	0.83,1.68,3.30,3.30,5.02,0.79
ACCCTATCCACCCTCTCC	2.55	HG01682:5.77	0.81,5.84,2.50,1.67,1.60,0.84,3.35,0.85,2.52,0.82,3.22,4.10,4.01,4.17,1.62,1.68,0.97,1.73,0.84,0.81,0.85,0.84,0.87,0.83,4.82,0.83,0.81,2.56,5.77,2.53,1.72,1.66,0.87,5.66,1.71,0.85,1.73,1.67,0.81,0.85,2.52,0.79,2.57,0.85
AAAGAAGGAAGAGAGGG	2.44	HG01682:2.47	2.47,0.83,0.84,0.84
AATGTCCGAGGCTGCGGTGT	2.40	HG01682:31.31	16.33,20.40,18.73,12.47,7.51,20.80,14.96,8.33,11.69,16.72,15.95,13.36,10.89,30.78,9.36,16.83,14.81,18.08,18.74,9.66,25.44,21.33,5.98,13.84,5.75,20.03,21.70,25.97,8.86,18.50,9.68,10.96,9.36,17.28,10.62,16.77,5.78,18.73,11.83,6.77,16.30,16.31,9.24,21.02,9.25,8.50,12.14,9.43,22.37,9.93,12.05,4.13,12.70,12.40,14.07,19.46,12.81,10.91,18.43,31.31,11.33,12.09,12.61,23.29,14.23,11.74,9.37,9.86,12.56,10.11,12.91,13.31,14.71,9.16,2.59,10.92,17.96,16.01,14.52,8.96,6.95,14.79,8.90,16.92,12.32,9.78,16.28,13.67,27.93,12.46,6.86,8.21,9.39,17.37,14.99,20.75,34.34,11.50,15.40,18.72,9.16,12.85,12.36,18.46,25.67,35.62,10.05,8.52,7.07,7.71,17.56,12.19,4.18,10.48,11.62,25.68,7.45,12.85,12.41,18.91,10.24,13.13,10.07,10.29,9.42,11.69,20.25,10.19,17.45,13.54,13.53,18.83,10.08,22.88,31.07,9.07,18.48,6.99,5.02,6.65,12.64,15.38,16.72,25.23,15.46,11.89,15.72,14.13,7.64,8.47
AAATATATATATTCC	2.09	HG01682:4.94	2.45,1.70,3.28,0.82,1.62,0.84,0.81,4.94,3.35,0.84,1.68,2.42,2.50,1.71,1.65,0.83,0.83,2.51,2.51,3.31,1.72,3.34,0.84,2.33,2.51,0.83,2.56,6.69,3.15,2.55,3.39
AACCCCTAACCCTAACCCT	1.64	HG01682:73.34	13.06,26.87,17.47,21.39,49.24,8.54,0.82,18.55,14.46,14.03,66.77,25.41,10.59,94.08,6.73,9.35,12.86,21.54,106.88,5.93,3.31,45.32,7.69,12.58,73.34,20.13,14.78,20.65,9.98,25.34,27.76,2.69,79.25,18.89,35.86,23.93,32.04,11.63,105.54,23.80,17.93,13.43,33.93,1.55,12.56
ACAGGCCACCACCAGC	1.62	HG01682:2.47	0.82,0.83,0.80,0.82,0.83,1.94,0.82,0.81,0.86,0.84,0.87,0.83,0.84,2.47,0.94,1.67,0.81,0.83,0.82,0.84,0.82,0.87,0.79,0.85
AAACT	1.62	HG01682:1.65	0.84,1.65,2.43
AGGGGC	1.61	HG01682:2.47	1.66,0.83,0.85,0.80,0.87,0.80,0.81,0.84,0.86,0.80,0.85,0.84,2.47,0.84,0.84,0.82,0.82,1.69,1.61,0.81,0.82,0.86,0.84,0.85,0.82,0.84,0.83
ACCCTCTCC	1.54	HG01682:12.36	0.82,3.26,13.03,0.83,1.67,0.83,0.83,1.67,5.84,2.51,0.80,1.67,0.84,1.66,2.55,1.68,4.11,11.41,3.22,0.82,3.41,4.27,0.80,8.35,0.81,2.42,6.73,1.70,2.59,1.65,11.40,0.85,2.44,1.68,2.52,0.85,4.34,4.97,1.61,8.26,37.51,0.81,9.40,3.36,9.22,12.36,7.55,3.45,3.33,1.67,0.84,0.85,7.54,6.74,0.86,10.81,0.82,3.33,1.73,0.84,0.82,0.84,9.68,5.21,2.61,2.44,2.56,13.14,0.86,3.28,0.85,0.83,4.16,5.19,1.67,1.64,2.55,0.84,20.43,1.71,0.83,1.71,3.31,0.82,0.82,0.86,0.84,0.87,3.38,2.57,6.54,2.50,8.36,1.70,4.96
ACAGGGTGGATAGGGTGG	1.50	HG01682:3.30	1.63,0.83,0.84,1.60,0.83,3.29,0.80,0.85,0.82,0.83,0.81,0.97,0.82,0.81,0.85,1.66,0.83,0.83,0.81,3.30,1.73,1.70,0.84,0.86,0.83,0.86,4.03,0.81,0.85,2.56,0.82,0.85,1.71,0.83,0.87,17.58,1.67,1.63,1.66
AGCCAGGGCCC	1.31	HG01682:16.48	4.08,9.79,6.51,4.99,6.68,17.47,4.99,8.33,12.52,10.87,6.38,10.86,8.38,11.65,12.76,11.78,13.98,7.40,7.33,8.85,10.67,9.39,5.98,6.92,9.86,8.01,12.52,7.30,9.67,5.89,6.78,5.90,11.06,7.78,6.54,11.74,4.13,13.84,6.31,5.08,4.89,6.87,15.12,7.57,9.25,3.40,9.54,6.00,4.14,4.14,10.45,7.43,5.93,7.44,13.28,13.78,5.98,15.10,8.38,16.48,7.55,9.50,3.36,14.14,15.90,4.19,10.22,7.39,8.37,13.47,6.88,6.66,2.45,6.66,5.18,4.20,9.80,14.32,11.30,5.38,3.48,5.22,8.09,11.28,10.67,10.59,4.07,0.85,7.39,7.47,7.72,7.39,5.98,4.14,7.49,4.32,8.37,4.93,10.54,4.25,11.66,3.43,7.42,9.23,4.14,15.74,8.52,13.36,3.43,2.51,10.45,7.53,4.36,14.94,6.85,7.45,4.28,7.45,2.47,11.10,16.42,5.88,6.86,5.14,6.68,1.69,4.24,2.62,7.61,4.23,7.70,17.65,4.24,2.45,4.95,1.68,1.55,6.70,3.33,4.21,3.42,5.01,0.79,0.81,16.99,0.83,7.48,11.88,0.85
ACTGCCCAGCGCCTCCCC	1.04	HG01682:2.47	1.63,0.83,0.83,0.84,0.80,0.82,0.81,0.81,0.83,0.81,0.81,0.84,1.68,0.83,0.78,0.84,2.47,0.83,0.82,0.84,0.81,0.87,0.84,0.82,0.81,1.66,0.85,0.86,0.83,1.71,0.85,0.86,1.74,0.82,3.11,3.35,2.55
ACCCTCCATCCATCCCTC	1.01	HG01682:3.30	0.82,0.83,0.83,1.66,1.66,0.84,0.82,0.82,0.81,0.80,0.87,0.80,0.83,0.81,1.61,2.53,0.85,0.82,0.84,0.81,2.37,1.63,0.86,1.68,0.87,0.83,2.41,2.48,1.65,1.56,3.24,3.30,0.84,0.83,0.83,0.84,0.84,2.42,1.79,0.87,0.81,0.81,0.81,1.64,0.86,0.84,1.64,0.81,0.83,0.86,0.82,0.84,3.93,1.71,0.87,2.57,0.85,0.86,0.85,0.85,0.82,0.82,0.84,0.78,1.67,0.83,0.85,1.67,0.81,0.85,3.33,0.85
