#contig	start	end	unit	top_case_zscore	high_case_counts	all_counts
2	96862214	96863141	AAAATAACATAACAT	28.52	HG01628:28.52	24.77,28.52
10	58296384	58297253	AAGGAG	16.49	HG01628:20.13	4.16,11.52,10.85,20.13
18	66430499	66431443	AAATATTCCTCAATACAGAC	11.66	HG01628:11.75	0.80,11.75,3.43,15.80
14	106055266	106057720	AGCCC	9.52	HG01628:41.95	13.88,18.77,19.54,16.63,17.53,14.14,19.95,10.83,21.71,18.39,16.75,11.69,10.89,18.30,15.32,17.67,18.10,10.69,18.74,20.93,19.70,15.36,10.25,11.25,16.44,9.61,15.86,12.17,16.12,22.71,14.52,23.61,23.82,13.82,15.52,15.09,10.73,20.36,22.08,16.09,17.93,16.31,15.96,17.66,8.41,11.91,9.54,13.72,9.11,16.54,15.27,11.56,19.48,15.70,21.10,14.59,15.38,41.95,18.43,8.24,16.05,7.77,18.49,26.62,25.94,9.23,17.03,18.89,15.91,12.63,3.44,14.97,17.16,8.33,24.15,19.32,19.60,7.58,21.79,13.44,12.16,11.31,15.36,13.69,15.60,17.93,19.54,11.96,22.18,8.30,19.73,19.69,8.54,24.82,12.49,15.56,16.75,9.86,17.84,11.91,18.33,22.28,12.36,21.82,16.56,21.54,15.91,17.05,22.79,13.71,12.54,16.54,30.12,14.84,36.52,12.84,17.38,23.99,9.93,15.62,12.80,28.73,10.91,17.15,14.56,12.53,21.10,19.52,13.96,19.46,18.61,18.83,21.01,13.56,29.44,13.19,12.60,24.84,22.61,19.96,10.96,17.09,24.24,31.54,22.78,15.29,15.72,25.77,10.18,14.39
18	67877801	67878806	AAACT	7.54	HG01628:10.07	7.54,4.93,1.60,10.07,2.59,4.94,3.11
19	16044646	16045229	AATGAGTGAGCGGGCAGAGG	7.03	HG01628:10.91	4.08,1.66,1.67,0.84,0.85,1.65,4.93,2.56,0.87,4.11,0.81,0.84,1.72,2.54,2.48,10.91,0.82,5.66,5.04,2.50,4.19,0.82,12.05,0.87,0.81,0.85,3.29,0.83,0.82,0.84,0.82,0.81,6.86,1.67,0.83,0.83,2.56,0.83,0.83,0.85,0.85
13	85924466	85925692	AAG	6.76	HG01628:8.39	1.66,1.68,1.70,0.85,1.64,0.81,0.81,0.83,0.83,8.39,0.84,0.85,0.82,2.53,1.66,1.73,0.84,0.81,2.69,0.81,0.85,0.85,0.82,0.79,0.87,0.83,2.57,2.52,0.82,0.83,0.84,0.79
2	151989298	151990426	AAAG	6.74	HG01628:15.10	4.90,5.71,4.99,4.99,3.34,1.67,6.58,4.93,8.15,2.56,7.21,8.17,4.19,10.73,8.47,1.68,2.52,6.80,4.34,6.63,10.75,7.23,0.83,7.62,6.61,2.43,1.71,15.10,4.19,3.30,0.84,2.50,4.18,1.70,3.44,10.81,1.63,5.00,2.59,2.52,4.08,2.53,11.65,3.48,3.22,2.46,4.89,0.81,4.27,5.74,7.69,1.67,5.19,7.54,5.68,3.36,8.28,3.14,0.84,6.09,0.84,3.32,6.85,4.20,0.86,2.53,2.62,4.23,3.39,0.84,1.58,3.33,0.85
X	18498862	18499720	AAAGGAAG	6.71	HG01628:6.71	6.71,1.68
22	44757320	44758854	AACCCCTGGCTGTAACT	6.66	HG01628:36.91	22.86,6.53,16.28,9.98,15.02,19.97,15.79,8.33,9.18,16.72,8.77,23.39,12.56,4.16,27.23,11.78,13.98,9.86,10.59,3.22,26.26,15.36,9.40,4.33,15.62,9.61,5.01,6.49,15.31,15.98,29.04,6.75,22.97,17.28,13.89,15.93,24.75,10.59,10.25,18.63,17.93,18.03,10.92,29.43,27.74,19.56,22.55,9.43,14.08,12.41,7.23,22.29,10.16,19.01,15.63,9.73,8.54,36.91,8.38,6.59,14.16,8.64,12.61,9.15,13.39,10.06,13.63,12.32,10.89,16.00,6.02,9.98,3.27,13.32,25.88,14.28,9.80,7.58,26.63,14.34,8.69,7.83,29.92,13.69,5.75,8.96,13.03,10.25,8.22,29.07,6.86,8.21,23.06,9.93,8.33,6.92,5.02,13.14,17.03,16.17,5.00,2.57,6.59,21.82,10.77,20.71,23.44,11.93,24.36,13.71,12.54,15.67,19.24,17.46,10.79,6.85,3.31,8.57,14.89,7.40,16.22,19.70,8.39,14.58,6.85,11.69,3.38,17.83,16.58,9.31,15.22,17.97,5.04,23.73,15.54,16.49,20.16,27.95,8.37,20.79,4.21,5.13,10.87,35.48,20.34,15.29,21.51,8.31,19.52,11.85
5	117879778	117880451	AAATATATAGATATTTATAT	5.82	HG01628:6.71	3.33,0.80,0.84,6.71,1.68,1.67,0.86,2.36,0.87,1.64,0.82,0.79
12	102835123	102836062	AAG	5.51	HG01628:7.55	0.83,14.98,0.80,7.55,13.14,20.93
11	4552836	4553936	AAATGTTGCAGAACAGC	4.89	HG01628:7.55	12.47,1.68,1.67,0.81,7.55,0.81,1.71,3.33,1.57,4.29,5.02,3.43,5.23,3.35
1	152205984	152206977	AACTATATATAT	4.81	HG01628:5.87	1.66,0.83,0.82,0.82,0.80,0.84,1.65,5.87,0.84,0.82,0.81,0.82,1.67,2.54,1.65,1.69
X	40415922	40417090	AAAG	4.80	HG01628:12.58	0.82,1.63,0.81,0.83,11.17,4.18,9.78,0.82,4.03,0.84,2.90,4.22,1.70,2.59,0.81,0.86,0.84,0.87,2.48,8.11,12.58,19.27,1.67,1.68,2.58,1.63,1.69,2.42,2.61,1.62,2.42,0.81,0.85,0.85,7.44,4.16,1.73,2.55,0.83,2.48,3.43,0.87,6.85,1.64,0.86,3.38,1.69,0.85,2.52,4.16,5.13,1.67,0.81,2.48,4.16,3.39
10	6386903	6388288	ATCC	4.62	HG01628:15.10	10.61,4.08,2.44,10.81,8.35,0.83,9.97,12.49,2.50,4.18,6.38,5.85,5.03,11.65,3.40,2.52,4.11,2.44,12.07,2.46,8.53,4.27,9.52,3.29,3.34,4.87,8.06,3.36,1.94,2.53,3.40,0.86,3.27,0.84,0.83,1.63,0.79,0.85,2.44,1.72,3.36,0.84,0.84,1.70,3.43,1.66,2.48,3.21,1.65,1.69,1.65,0.78,15.10,6.59,6.61,2.59,2.52,6.65,8.37,4.19,2.55,1.64,2.51,9.26,5.16,1.66,5.00,1.73,0.84,0.82,0.84,6.45,0.90,3.48,4.35,3.23,4.03,0.82,2.44,4.07,2.56,4.11,3.32,7.72,2.56,0.83,2.50,2.59,3.35,1.64,1.62,0.85,3.33,0.86,5.77,0.84,0.83,2.48,5.02,11.08,2.57,2.51,0.87,5.02,1.75,2.49,1.65,9.87,11.10,3.28,2.52,4.29,3.34,0.84,2.55,0.87,2.54,2.57,1.68,1.69,7.36,4.12,0.84,0.78,20.93,9.27,4.27,5.52,2.44,1.65,4.16,2.55
5	17811319	17812109	AAATACATATAT	4.20	HG01628:9.23	1.67,0.83,4.17,0.80,3.34,0.84,1.70,0.84,8.23,0.80,2.46,0.85,0.82,4.81,0.83,3.36,5.81,6.75,5.95,4.09,0.84,1.65,2.44,2.37,5.93,1.68,3.36,2.57,0.83,1.65,1.62,9.23,1.68,0.82,0.86,1.67,2.55,0.84,3.27,0.83,4.31,0.84,0.82,1.61,0.90,0.87,3.23,0.81,3.28,4.89,0.81,0.85,3.43,2.46,1.67,0.86,3.35,2.46,2.43,0.85,1.67,2.52,4.14,0.85,10.03,2.61,1.67,0.87,4.15,1.65,1.71,0.83,0.84,1.74,3.38,0.84,0.85,0.82,0.78,3.35,1.67,4.88,3.40
X	60039	60253	AACCCGAACCCGAACCCT	4.19	HG01628:4.19	4.19
9	113517717	113518660	ACATATATATAT	4.17	HG01628:5.87	1.63,0.82,3.33,2.50,1.70,5.04,0.86,5.87,1.64,2.46,5.50,3.49,1.69,0.84,0.85
X	59999	60275	AACCCGAACCCTAACCCT	4.10	HG01628:4.19	0.82,2.55,4.19,2.56
6	169239303	169241780	ACCGCGTCCTCATCAGC	3.83	HG01628:10.91	5.71,2.45,6.51,1.66,2.50,1.66,1.66,0.83,2.51,2.39,5.85,0.84,2.55,2.47,9.04,0.81,0.80,2.46,1.71,2.56,1.73,2.47,0.80,2.43,0.81,4.21,6.75,1.70,4.32,1.63,0.84,7.43,8.68,0.85,4.89,2.58,4.20,0.84,6.73,4.34,6.00,1.66,1.65,5.63,0.83,0.85,7.44,1.56,0.81,2.56,10.91,0.84,4.12,1.89,1.68,1.66,2.51,4.26,3.29,3.44,1.66,0.82,0.83,2.59,2.45,4.84,7.17,3.48,0.87,4.85,2.42,1.64,0.81,1.63,3.42,1.64,3.32,2.57,5.74,4.27,0.86,2.51,1.64,8.11,0.83,10.28,0.82,2.52,5.80,0.83,1.67,2.36,0.86,2.51,2.51,1.65,6.85,1.65,6.58,1.71,0.84,0.86,2.53,2.62,6.54,3.30,3.36,2.33,4.19,0.85,5.85,4.73,3.25,4.99,0.85,3.39
3	134116925	134118410	AAAG	3.41	HG01628:10.07	2.45,0.81,1.66,0.83,6.65,2.50,5.01,2.51,0.80,2.51,3.40,1.68,0.80,0.85,0.85,2.60,3.20,0.83,5.64,0.97,7.59,0.85,5.72,3.35,0.79,5.93,9.78,1.72,0.84,3.36,4.20,5.10,4.34,0.86,5.80,2.48,5.63,0.85,4.13,1.62,2.56,10.07,0.84,4.94,6.61,0.86,0.84,0.83,3.35,2.55,0.84,3.27,3.33,2.59,5.88,2.53,2.42,3.58,4.34,0.87,0.81,1.64,1.63,2.44,1.71,4.11,2.49,4.29,3.28,5.12,3.31,2.50,3.46,0.84,2.46,1.62,1.70,2.50,1.71,3.30,0.84,3.31,7.45,4.19,4.26,6.00,2.51,1.74,3.35,0.87,2.49,1.65,3.43,4.14,1.64,3.41,2.46,2.52,6.86,10.28,1.67,1.69,2.55,2.62,0.85,0.85,6.85,5.04,3.27,0.82,3.36,3.35,0.83,0.84,4.27,2.51,3.15,2.44,0.85,4.14,0.83,1.70,3.39
7	143666068	143666167	ACGTATATATATAT	3.36	HG01628:3.36	3.36
4	94369469	94369812	AAGGG	3.34	HG01628:3.36	2.48,3.36,3.31
10	14867302	14868677	AAG	3.27	HG01628:5.87	0.83,0.84,0.83,0.82,0.81,0.87,2.47,0.81,1.70,1.68,5.52,0.84,1.68,0.85,1.65,0.78,5.87,1.65,1.68,0.84,1.66,0.82,0.81,0.87,0.81,0.81,0.81,0.85,2.48,0.83,3.46,2.46,0.83,0.86,0.82,2.52,0.83,4.29,0.84,0.87,0.84,0.87,3.32,1.71,0.83,0.86,2.56,3.28,0.84,0.86,0.86,0.84,1.74,0.86,1.69,0.82,1.68,0.83,1.58,2.49,0.85
X	146233423	146234428	ACATATATACATATATGTAT	3.23	HG01628:8.39	5.70,5.01,5.90,4.89,1.72,10.94,8.39,6.54,5.00,12.64,3.42,6.70,4.93,0.87,1.65,0.86,4.36,1.71,3.42,4.99
X	111728271	111729118	AATATATATATGAG	3.15	HG01628:4.19	0.81,0.83,0.82,1.71,6.41,4.19,0.82,0.83,0.84,3.37,0.83,0.84,0.81,0.86,0.86,2.55,1.65
1	70246706	70248130	AAAG	3.13	HG01628:13.42	11.43,11.40,6.68,8.31,1.67,7.51,10.87,5.01,6.73,0.82,2.46,13.84,8.35,9.25,11.62,4.25,10.37,10.25,4.23,0.81,10.30,1.68,0.84,0.84,4.29,1.66,2.48,2.48,9.38,8.11,13.42,4.12,6.61,1.73,8.61,7.36,5.00,1.73,5.88,2.45,1.79,3.48,0.87,4.85,5.64,4.89,8.14,4.11,4.15,1.71,0.83,5.19,3.35,6.81,12.59,8.28,1.70,4.18,0.84,2.55,8.72,0.84,0.83,5.08
2	146648198	146649320	AACTATATATAT	2.98	HG01628:6.71	4.08,5.70,2.49,2.39,1.68,0.84,2.47,2.47,0.81,1.61,4.10,1.71,0.85,1.61,3.36,0.85,0.86,4.09,0.86,2.52,0.86,1.65,0.80,1.65,0.85,1.62,0.85,6.71,4.12,0.86,1.68,0.83,4.11,2.51,0.84,3.44,1.63,2.50,0.86,0.84,0.82,0.81,2.46,0.82,0.86,0.84,0.83,0.84,0.83,0.83,2.57,1.71,2.52,0.84,4.12,1.69,6.31,0.85,1.66,1.70
5	148084624	148085574	AACATGTTATATATATATAT	2.91	HG01628:4.19	0.83,0.85,0.80,0.87,0.81,0.97,0.84,0.82,0.81,0.85,0.83,4.19,1.65,0.86,1.66,1.67,0.86,0.81,0.85,0.85,1.64,0.85,0.84,1.71,1.65,0.85,2.51
8	142564525	142565596	AACACCATGGACACACCTCC	2.86	HG01628:6.71	3.27,1.63,2.44,1.66,2.50,2.50,2.49,1.67,1.67,1.60,2.51,0.84,2.50,2.55,2.52,2.47,3.26,1.61,4.92,0.85,0.85,1.73,1.64,0.80,2.50,3.25,2.42,2.53,1.70,3.46,0.82,0.84,2.48,0.81,2.37,2.54,0.81,3.43,2.52,0.84,0.84,3.47,1.71,2.49,0.83,3.21,3.39,4.96,2.34,1.71,6.71,3.30,1.89,1.73,2.52,3.33,2.55,0.82,3.35,1.68,2.58,1.66,0.82,3.33,0.86,1.68,1.63,0.84,3.23,0.87,3.23,0.82,4.07,0.81,0.85,2.46,3.32,1.72,1.64,6.83,2.48,3.33,1.67,0.82,6.49,1.70,1.67,0.86,0.82,1.66,3.31,0.84,0.85,0.79,1.71,3.34,1.74,2.49,0.83,1.71,0.85,1.64,1.72,0.86,0.84,3.38,0.85,0.87,0.85,0.85,1.69,6.54,1.65,0.84,0.78,2.51,1.69,0.84,3.94,0.83,0.83,1.69
3	28906282	28907416	AAAG	2.71	HG01628:5.87	0.81,0.83,2.55,0.81,0.82,0.85,0.81,0.84,1.94,0.85,4.09,1.68,7.73,3.40,0.87,0.83,5.87,0.86,1.62,4.03,1.71,4.32,0.84,1.65,4.14,1.67,1.67,1.74,3.49,1.66,0.84,2.57,4.21,0.85,0.79,0.81,0.83,0.85
5	98323895	98324313	AG	2.54	HG01628:5.03	4.84,0.85,4.13,5.10,1.66,5.03,2.51,1.69,5.66,2.48,1.67,0.81,0.85,3.30,1.64,2.47,0.84,1.65
5	94154662	94154663	AAAT	2.52	HG01628:2.52	2.52
12	124392097	124393152	ACAGGGAGACAGGGAGGAG	2.50	HG01628:5.03	1.63,0.83,0.85,1.60,1.67,0.97,0.85,0.81,0.86,0.84,0.86,0.83,0.83,1.65,0.85,5.03,0.84,0.84,1.64,0.84,1.63,0.84,0.81,0.82,0.81,0.81,1.67,0.81,1.70,3.33,6.63,0.83,2.36,0.86,1.67,5.24,2.49,2.48,0.86,1.64,0.84,4.18,0.85,0.86,0.82,4.19,1.67,0.79,1.70,3.31,1.66,0.85
8	146303735	146303843	AACCCT	2.50	HG01628:2.52	0.84,2.52,0.82,0.84
9	24285954	24286256	AAGGGAGGGG	2.47	HG01628:2.52	0.84,2.52,0.83,0.84
16	6706191	6707661	AAAGGGGAGGAGAGGAGAGG	2.46	HG01628:8.39	1.63,2.45,6.51,4.99,5.84,1.66,2.49,2.50,0.83,1.60,3.35,2.50,0.85,3.37,4.11,2.47,1.63,2.41,3.28,0.85,0.87,4.93,0.80,1.67,4.06,0.81,1.68,1.94,1.70,1.73,6.54,0.84,1.63,3.15,5.08,2.44,1.72,1.68,2.52,0.84,2.55,2.60,2.57,1.66,2.48,3.21,0.83,1.69,4.96,4.69,0.81,8.39,2.51,1.65,0.94,1.73,3.36,3.33,4.18,0.84,2.55,4.93,4.19,2.53,5.16,3.27,2.50,1.73,0.84,0.82,4.03,2.69,3.48,0.87,0.81,7.25,1.64,2.44,1.63,3.32,1.72,3.28,4.96,3.33,1.73,4.19,1.64,3.24,6.81,0.83,2.57,5.03,0.83,1.67,1.57,0.86,3.48,2.51,1.75,1.66,5.99,6.62,4.28,0.83,3.41,4.93,2.52,4.29,2.53,3.40,1.74,0.85,1.69,1.71,2.52,0.85,3.27,2.47,3.36,6.99,3.35,2.53,3.42,3.34,3.15,4.88,3.40,4.96,0.83,1.70,1.69
6	83015729	83016804	AGATATATAGATATATAT	2.46	HG01628:2.52	3.33,3.91,4.27,2.52
GL000216.1	27655	83217	AATGG	2.45	HG01628:255.04	145.31,121.58,122.94,163.80,103.49,236.28,157.92,175.71,178.68,208.11,122.04,120.27,109.73,155.58,179.53,143.07,152.99,127.40,114.09,132.82,141.17,174.07,168.30,209.36,148.79,157.84,219.51,150.97,102.34,207.74,102.62,115.53,176.93,75.16,111.94,128.31,121.29,73.28,116.73,126.18,89.64,148.53,138.61,73.98,79.02,123.30,169.10,143.16,74.56,165.43,79.56,177.50,149.05,166.94,100.02,61.61,97.38,255.04,212.79,103.00,113.27,208.99,252.20,128.09,207.52,168.57,200.99,82.95,114.72,114.53,228.03,270.36,147.11,167.36,81.08,142.84,89.01,102.79,147.66,88.72,212.88,171.43,122.11,45.11,81.29,69.27,99.33,91.43,81.33,135.37,119.26,81.24,88.82,79.41,114.08,128.80,201.83,98.56,80.27,91.90,183.27,182.53,196.96,280.28,160.68,154.89,192.56,109.11,131.25,179.12,116.20,198.47,169.83,167.61,122.83,147.22,158.87,318.66,123.28,152.92,174.11,158.43,164.52,162.94,147.36,215.47,167.92,211.37,204.15,131.97,227.49,133.49,150.41,235.60,150.46,83.28,134.42,128.87,99.64,139.74,171.08,227.28,176.35,68.59,162.70,92.57,151.39,170.44,115.42,138.87
3	13490972	13492010	AAAGG	2.31	HG01628:18.46	15.51,31.60,10.02,20.55,18.46,10.95,17.11
7	102800039	102800456	AATGGTGAGAGGCACTGGGG	2.25	HG01628:4.19	4.08,6.66,4.81,1.61,4.21,1.61,4.19,1.68,2.55,1.68,0.87
7	100380988	100381947	ACATATATATAT	2.21	HG01628:3.36	0.83,0.83,0.84,2.51,0.80,0.82,1.64,0.80,0.83,1.62,0.84,1.94,0.84,0.84,0.83,2.48,0.81,3.36,0.83,0.82,0.84,1.71,0.86,0.81,0.83,0.79,1.71,0.86,0.84,0.83
2	184147997	184149097	AAAG	2.13	HG01628:27.69	20.05,23.01,23.61,0.81,27.69,13.18,16.05,14.23,23.45,18.72
4	65910240	65911500	AAG	2.11	HG01628:4.19	2.45,0.83,1.67,2.50,4.18,3.29,6.58,0.81,3.24,4.19,1.67,0.84,2.46,1.71,1.66
19	43901514	43902895	AAAAATATATAATATAT	2.08	HG01628:7.55	1.63,4.07,0.83,1.67,0.83,3.32,0.83,0.83,3.34,1.60,2.51,2.51,4.99,1.70,8.42,3.29,9.86,2.44,1.61,0.82,1.71,1.71,2.60,2.47,4.81,1.67,3.25,3.22,1.68,1.94,3.40,0.84,1.65,2.44,3.15,2.54,0.81,1.72,1.68,0.84,2.52,4.34,3.31,1.65,5.63,1.69,2.48,7.03,4.05,2.56,7.55,1.68,5.77,2.83,5.18,5.04,1.66,1.67,3.41,2.46,2.51,0.84,1.72,0.83,2.45,2.50,1.68,1.63,1.69,1.61,1.79,2.61,0.81,2.46,0.81,3.26,1.71,1.64,2.49,4.92,3.42,4.14,0.83,4.19,0.82,0.81,3.40,0.83,6.00,2.47,2.52,3.31,3.31,1.67,2.56,2.36,1.71,1.67,1.74,3.35,2.49,2.57,1.65,5.14,4.11,2.46,2.52,1.72,1.71,2.51,4.22,2.55,2.54,1.71,3.36,1.69,1.64,2.47,2.33,5.86,1.66,3.37,2.56,5.52,4.07,0.85,1.65,0.83,0.85
15	86438760	86440933	AG	2.06	HG01628:32.72	18.78,19.58,18.73,12.47,11.68,28.29,19.95,12.49,28.39,30.92,27.92,10.02,30.15,19.97,16.17,20.20,26.32,13.97,26.08,20.12,27.08,19.63,32.46,16.44,16.44,10.42,25.04,17.86,10.48,19.34,18.39,26.14,28.92,20.73,25.33,15.09,21.45,15.47,22.08,16.09,15.48,22.32,20.16,14.29,21.86,19.56,12.14,17.15,14.08,19.85,10.45,18.16,28.79,20.66,32.82,9.73,13.67,32.72,15.92,26.37,11.33,17.27,21.02,38.26,17.57,26.00,15.33,17.25,20.94,6.74,9.47,25.79,13.89,23.31,15.53,8.40,26.95,10.11,28.24,17.03,19.12,26.98,24.26,26.58,25.45,14.67,26.05,22.22,18.07,29.07,24.88,23.80,24.77,13.23,25.81,19.02,22.61,25.46,31.62,21.27,13.33,17.14,16.48,13.43,21.53,27.33,13.40,17.05,13.36,18.00,11.70,16.54,20.08,22.70,11.62,18.83,21.51,21.42,5.79,18.91,19.63,20.52,12.59,16.29,11.14,19.21,17.72,11.04,15.70,24.53,13.53,19.68,14.28,20.34,17.99,15.67,20.16,9.32,21.77,15.80,10.11,35.03,19.22,15.77,16.27,11.04,23.16,28.27,8.49,15.24
X	147119784	147120753	AAAG	2.06	HG01628:2.52	4.90,0.83,1.62,2.52,1.89,0.83,0.84,0.86
9	111662402	111663913	ACACACACATACACGCC	2.02	HG01628:26.01	6.53,32.64,17.91,17.46,12.52,5.82,23.27,4.16,12.52,17.55,19.14,17.54,5.86,6.66,20.42,16.83,9.05,9.86,26.08,5.63,0.82,13.65,7.69,11.25,4.93,1.60,22.54,4.06,13.70,10.93,2.90,5.06,10.21,7.78,7.35,15.09,14.03,14.66,13.41,2.54,6.52,8.59,7.56,0.84,3.36,8.50,12.14,1.66,14.89,18.16,8.47,15.70,18.75,19.46,13.67,26.01,7.54,29.67,9.44,10.36,2.52,5.82,11.71,12.58,13.63,4.11,6.70,18.53,24.95,14.97,9.99,7.76,5.88,2.45,3.37,8.88,23.30,4.34,1.74,3.23,8.06,16.42,2.44,9.77,11.11,9.86,4.15,6.86,4.27,14.16,1.73,15.07,11.50,21.08,23.83,6.66,9.43,4.94,12.59,6.63,11.60,10.88,17.90,3.14,22.28,5.02,15.67,2.62,19.09,6.85,14.07,23.13,5.79,8.22,4.27,2.46,6.72,2.57,7.71,4.18,0.84,5.94,11.34,1.69,10.99,14.55,12.60,6.54,18.14,8.40,2.33,32.65,7.49,3.37,7.69,13.37,8.67,3.25,0.85,4.14,21.62,6.77
5	50406343	50407576	AAAG	2.02	HG01628:4.19	1.63,0.81,0.83,0.83,0.84,0.80,1.63,4.02,1.73,0.85,0.79,0.85,3.26,0.84,0.84,3.43,0.83,0.83,5.78,0.85,1.65,4.19,0.86,0.84,3.35,1.70,1.67,0.86,0.90,0.86,0.83,1.73,3.24,1.65,0.84,0.84,0.83,0.86,0.83,0.86,1.68,1.55,0.79,0.83,0.85,0.85
18	40901042	40901233	AAGG	2.00	HG01628:2.52	0.87,0.82,2.52,0.81,0.86,0.86,0.87,0.84
19	349697	351312	ACACACACACACATATAT	1.99	HG01628:7.55	0.82,1.66,1.67,0.84,1.60,0.84,1.68,2.50,1.65,0.85,1.71,1.73,1.64,1.61,0.84,0.86,0.84,1.69,0.86,0.84,0.85,1.65,1.69,0.83,3.91,0.85,7.55,3.78,1.73,0.83,0.84,1.72,0.84,1.79,0.87,0.85,0.86,1.73,5.83,6.86,2.47,1.68,4.97,3.31,2.51,7.86,4.35,2.51,0.83,5.79,1.71,3.31,3.29,1.71,2.46,1.68,3.43,0.86,2.51,4.22,2.54,1.69,7.36,5.88,2.51,0.83,2.56,15.88,0.79,6.51,0.85,0.83,0.85,1.69
X	155238180	155238996	AC	1.91	HG01628:11.75	3.27,3.26,7.33,4.99,4.17,1.66,7.48,5.00,5.84,5.01,1.60,9.19,3.35,4.16,7.66,3.37,3.29,3.29,2.44,8.85,9.85,11.09,5.13,6.06,2.47,9.61,4.17,3.25,5.64,10.93,4.84,1.69,8.64,6.54,5.87,6.60,8.14,4.73,4.23,4.89,4.29,7.56,9.25,5.88,6.80,6.07,5.14,4.97,1.65,6.43,3.30,4.23,6.61,4.69,1.62,7.69,11.75,2.47,2.83,6.05,3.33,1.67,3.35,4.26,11.50,6.70,6.74,2.58,3.33,9.81,1.67,7.76,2.52,5.72,5.06,7.26,5.38,2.61,6.09,10.51,5.64,8.21,4.07,8.14,4.27,2.46,9.14,5.15,7.39,7.69,3.31,3.33,3.46,6.70,11.50,6.49,9.36,2.50,4.94,0.84,0.83,2.56,6.00,2.51,5.22,0.87,9.96,2.57,4.14,0.86,0.83,4.11,1.71,3.28,9.23,4.28,1.67,0.84,5.94,4.36,1.69,9.30,4.28,3.36,6.78,2.45,3.30,1.68,1.55,4.19,0.83,4.21,0.85,2.51,2.37,4.07,1.70,1.65,3.33,5.09,5.08
12	76515773	76516835	AAGCATATATATG	1.90	HG01628:18.46	11.43,14.69,3.26,9.98,10.85,6.66,5.82,5.00,8.35,6.69,11.17,1.67,7.54,2.50,4.25,9.26,6.58,4.11,10.59,20.12,5.75,6.83,5.98,4.33,13.97,11.22,10.85,3.25,9.67,5.89,6.78,10.12,13.61,12.09,7.35,6.71,11.55,6.51,5.52,2.54,5.70,8.59,13.44,5.04,14.29,5.95,7.80,4.29,2.49,11.58,2.41,0.83,4.23,7.44,5.47,20.27,9.40,18.46,4.19,3.30,11.33,5.18,10.93,10.81,1.67,2.52,2.55,10.68,1.67,4.21,8.61,4.99,4.90,14.99,6.90,5.88,6.53,8.43,9.68,3.58,6.95,6.09,8.09,8.06,12.32,13.04,8.14,8.54,6.57,8.30,6.86,9.03,10.25,8.27,10.82,12.97,11.72,5.75,7.30,7.66,6.66,1.71,10.71,7.55,6.63,2.48,2.51,10.23,13.36,5.14,10.87,6.09,9.20,6.11,18.26,5.14,0.83,8.57,13.24,23.84,9.39,18.06,4.20,7.72,1.71,2.51,8.44,3.40,4.36,8.46,4.23,6.85,1.68,11.02,3.27,6.60,4.20,10.09,0.84,7.49,10.11,1.71,0.84,3.15,18.71,0.85,9.10,5.82,5.94,5.93
11	59973231	59974444	ACATATATATAT	1.88	HG01628:14.26	4.99,1.66,9.25,7.74,18.16,14.26,21.29,9.49,5.66,3.43,19.88,5.80,0.84,4.26,16.28,10.04,9.41,4.11,11.10,0.84,6.00,10.02,3.38,1.69,11.84,8.18,5.04,4.66,6.74,4.07,5.94,11.85
1	208455713	208456244	AAAG	1.87	HG01628:2.52	0.83,0.84,0.87,2.52,0.84,0.83,0.87,0.84,0.84,0.84,0.83
19	56360687	56362108	AAATTACACCGCAGCCTCGG	1.86	HG01628:9.23	5.71,2.45,1.63,4.99,1.67,5.82,4.99,5.00,6.68,1.67,3.34,5.03,4.16,5.96,4.21,4.94,3.29,0.81,4.02,3.42,3.46,3.29,4.81,9.18,0.81,2.42,5.05,0.97,9.28,5.95,1.73,4.09,1.68,4.95,3.26,6.31,0.85,3.26,2.58,3.36,2.52,5.04,2.55,1.73,5.14,2.49,8.27,4.82,4.13,0.85,4.96,6.25,4.86,9.23,5.03,6.59,1.89,1.73,5.88,2.50,4.18,5.03,0.85,2.46,2.51,4.21,6.02,2.50,6.54,5.00,3.45,6.72,2.45,8.43,4.03,7.17,8.69,3.48,3.23,4.03,3.26,4.89,4.27,3.29,3.32,0.86,2.46,1.71,1.65,4.16,3.46,2.51,0.82,1.62,0.85,3.33,5.14,3.30,1.68,4.97,0.83,0.84,1.70,4.72,1.71,1.67,5.22,1.67,2.49,0.86,7.45,3.31,1.64,1.71,4.93,0.84,0.86,0.84,4.22,0.85,6.98,3.38,3.38,1.71,5.88,0.85,2.45,5.04,1.55,2.51,4.16,3.37,2.56,4.18,0.79,4.07,0.85,1.65,2.49,0.85
1	151839432	151840594	AAG	1.85	HG01628:6.71	1.63,4.07,6.65,1.66,1.67,1.67,1.67,1.68,6.66,5.11,2.47,0.82,1.63,5.98,1.73,0.82,3.22,2.52,1.70,1.73,3.27,0.84,2.54,3.43,0.84,0.84,1.70,1.73,0.86,0.83,2.48,0.80,3.30,1.69,6.25,2.43,6.71,1.65,0.94,2.52,0.84,1.68,2.46,4.16,1.63,0.83,0.84,0.84,1.61,2.61,2.43,0.82,0.85,0.82,2.49,0.86,3.28,0.85,1.67,2.46,2.43,2.50,0.86,4.14,1.71,0.84,4.15,1.71,2.48,0.86,1.72,0.84,5.91,0.84,1.69,2.45,2.52,3.88,2.51,4.16,0.84,1.67,6.79,0.83,0.83,1.69
4	182525991	182527430	AAAG	1.78	HG01628:18.46	0.82,2.50,0.83,6.69,0.84,3.33,0.85,6.58,11.41,5.19,0.82,2.50,0.81,6.78,8.43,8.51,8.64,3.30,20.51,11.01,8.96,3.43,10.92,9.25,5.88,1.70,3.31,2.48,6.43,7.43,0.85,3.24,18.46,10.38,0.86,0.83,5.86,1.68,21.51,16.64,0.82,0.86,0.84,17.96,14.52,3.58,0.87,3.48,0.81,2.46,9.78,0.81,0.82,5.81,6.86,0.82,16.23,9.10,6.66,1.73,18.42,3.29,8.92,5.11,1.68,0.83,5.02,2.51,5.79,0.83,1.64,0.84,1.71,5.92,1.68,2.45,4.16,0.84,1.71,0.84,0.83
20	52453506	52454795	AAGGAAGGAGGGAGGGAGGG	1.78	HG01628:12.58	11.43,3.26,17.10,0.83,4.17,10.82,3.32,0.83,3.34,4.79,1.67,5.86,8.51,3.37,6.58,8.96,8.85,8.21,5.98,9.52,3.29,2.40,4.17,8.93,6.45,9.25,6.78,5.90,1.70,5.18,5.72,1.68,10.73,3.26,8.68,5.93,2.44,3.43,5.88,8.41,5.88,7.65,5.20,3.43,14.46,2.48,2.54,4.13,7.81,0.81,3.42,12.58,7.54,2.47,5.66,1.73,6.65,7.53,11.92,4.11,1.67,4.21,6.02,0.83,6.54,4.16,6.04,4.20,0.82,4.21,14.34,6.08,8.70,4.85,2.42,3.28,3.26,4.11,3.32,5.74,4.27,7.44,10.82,2.59,10.05,3.29,1.70,1.67,2.52,3.31,9.94,4.19,0.85,5.50,1.67,0.87,6.64,1.65,1.71,4.93,0.84,6.86,11.69,2.55,4.23,2.57,4.20,0.85,0.82,1.65,1.68,10.09,2.51,8.32,0.79,6.51,6.79,1.65,5.82
1	21852937	21854023	AAAAG	1.78	HG01628:10.91	0.82,1.66,9.19,22.97,20.48,3.46,6.58,3.34,9.91,10.16,4.05,10.91,8.61
8	142723312	142724521	ACC	1.75	HG01628:7.55	1.63,0.82,3.26,0.83,2.50,5.82,3.32,1.67,4.17,2.51,2.39,1.67,4.19,7.49,1.70,3.37,1.65,4.93,1.63,3.22,2.46,5.97,3.42,1.73,2.47,4.81,2.50,5.68,3.22,4.21,3.87,4.22,3.40,1.73,5.72,1.68,4.13,2.44,3.15,1.69,4.89,4.29,3.36,5.89,2.52,0.85,2.60,5.14,2.49,4.96,0.80,2.48,4.23,4.96,1.56,2.43,7.55,2.51,2.47,2.83,1.73,4.20,2.50,3.35,1.68,2.55,2.46,5.86,1.68,0.86,2.50,2.45,1.67,3.45,2.52,4.08,0.84,1.61,1.74,0.87,4.85,1.61,1.64,5.70,3.26,2.56,2.46,1.72,4.10,5.12,4.96,0.83,7.78,1.67,5.75,3.24,1.70,1.67,2.57,3.30,5.03,2.48,2.48,2.51,5.11,4.72,0.86,5.02,4.18,3.49,2.49,1.71,2.48,3.43,2.48,4.11,3.41,4.10,5.88,3.43,1.67,3.38,2.55,2.62,3.38,4.23,1.71,2.52,4.24,1.64,2.47,4.20,3.88,2.51,4.16,1.69,4.27,0.84,2.37,0.81,3.40,4.14,3.33,1.70,3.39
X	151187569	151188850	AAAG	1.74	HG01628:5.03	2.49,3.34,1.66,2.51,0.83,2.52,3.29,0.81,0.87,0.82,3.34,6.49,4.21,2.53,0.86,0.81,0.86,1.68,3.31,1.65,0.85,3.31,1.56,5.03,1.68,3.45,0.84,0.84,0.84,3.44,3.33,2.59,0.81,3.58,0.87,0.81,0.81,1.63,3.42,0.82,0.82,2.59,0.81,1.70
14	23749192	23750436	AAAAT	1.73	HG01628:32.72	17.46,24.96,1.67,16.75,21.88,13.97,3.22,22.21,16.44,17.63,12.62,49.75,13.42,8.14,16.09,11.41,17.17,15.12,14.05,39.85,6.83,32.72,16.05,19.34,1.70,12.56,52.41,10.62,13.07,18.54,6.45,4.85,25.74,18.79,17.37,7.49,0.81,14.99,26.56,10.77,34.79,19.26,16.50,12.45,21.40,14.07,14.75,11.04,22.07
X	1800027	1801575	AG	1.71	HG01628:7.55	0.82,0.82,7.33,5.82,4.17,4.16,4.99,1.67,0.83,5.01,1.60,2.51,5.03,0.83,0.85,2.52,6.58,0.82,0.81,2.41,3.28,5.12,1.71,3.46,0.82,4.81,5.84,4.87,2.42,5.05,0.97,0.84,2.55,1.73,4.90,4.19,3.30,3.26,1.58,0.85,1.63,3.43,3.36,2.52,0.84,0.85,3.47,2.57,3.31,4.96,3.21,3.30,3.39,4.96,5.47,1.62,4.27,7.55,5.86,4.12,2.83,1.73,2.52,1.66,1.67,3.35,3.41,4.93,0.84,0.84,2.58,3.33,0.82,4.16,1.73,3.36,3.27,0.84,4.03,3.58,1.74,1.74,2.43,4.83,1.64,1.63,3.26,2.56,3.29,4.29,5.74,1.71,4.96,1.67,2.59,3.35,1.64,3.24,0.85,4.17,1.71,4.94,3.36,4.14,1.66,1.67,3.41,0.79,4.29,0.84,1.74,2.51,1.75,1.66,1.71,0.83,0.86,4.14,7.40,1.71,6.57,0.84,2.57,5.85,3.38,4.24,4.36,4.23,5.92,1.71,5.88,4.24,3.27,1.65,0.84,1.55,3.35,0.83,2.56,2.51,1.58,3.25,0.83,0.83
5	174169847	174170246	AAGGGAGGGAGG	1.71	HG01628:5.87	3.26,0.83,0.80,2.50,3.22,1.69,0.86,0.82,0.83,4.73,0.85,0.81,0.84,3.36,2.55,0.87,1.65,5.87,0.82,0.84,6.66,0.86,1.68,0.82,5.65,0.90,2.61,0.87,1.63,5.75,3.33,0.86,0.84,1.66,2.48,7.86,0.87,0.85,0.84,2.53,5.92,2.52,3.27,0.78,1.66,1.69,0.84,0.81,1.65,2.49,0.85
6	159554096	159555124	AAAG	1.71	HG01628:3.36	0.82,1.63,0.82,1.63,2.60,2.55,0.82,1.68,0.79,1.69,0.85,1.69,0.81,3.36,0.82,0.86,0.84,0.84,2.53,0.82,0.85,0.83,1.73,0.86,0.83,0.86,0.82,1.64,0.85,1.71,0.85,0.85
9	20649748	20649968	AAAG	1.68	HG01628:1.68	1.68,0.87
1	27935112	27935174	AC	1.68	HG01628:1.68	1.68,0.81
16	34858039	34858101	AAAG	1.68	HG01628:1.68	1.68,0.79
10	34288123	34288124	AGAT	1.68	HG01628:1.68	1.68
11	64919838	64919839	AAAG	1.68	HG01628:1.68	1.68
12	107874486	107874487	AC	1.68	HG01628:1.68	1.68
4	184762169	184762170	AAAT	1.68	HG01628:1.68	1.68
GL000216.1	11777	11778	AAATGGAATGTAATGGAATG	1.68	HG01628:1.68	1.68
X	28643547	28643548	AC	1.68	HG01628:1.68	1.68
1	214908516	214908773	AC	1.68	HG01628:1.68	1.56,1.68
4	170817057	170817432	ACGGGAGAGGGAGAGGGAG	1.68	HG01628:1.68	0.83,1.68
7	94085252	94085655	AAAG	1.68	HG01628:1.68	0.83,0.85,1.68
1	242558087	242558579	AATATATATG	1.67	HG01628:1.68	0.83,0.84,1.68
16	31024457	31024506	AAG	1.66	HG01628:1.68	0.85,1.68,0.85
3	38125853	38125933	ACCACCACCACCACT	1.66	HG01628:1.68	0.82,0.81,1.68,1.67
10	121072350	121072522	ACCACCACCATC	1.65	HG01628:1.68	0.82,0.82,1.68,0.84
1	246856032	246856336	AGGGGGGGGGGGGGGGGGGG	1.65	HG01628:1.68	0.80,1.68,0.84,0.84
1	12861398	12862160	AAAG	1.64	HG01628:1.68	0.85,1.68,0.82,0.85
9	91797040	91797640	AAAAT	1.64	HG01628:1.68	0.82,1.67,0.83,1.68
7	45650359	45650464	ACCATCCCCTCCCCACCTCC	1.64	HG01628:1.68	0.81,1.68,0.86,0.81
17	4811511	4812646	AC	1.62	HG01628:5.03	1.63,2.45,2.49,1.67,1.66,3.34,0.84,1.60,1.67,1.68,1.66,1.70,0.84,2.47,2.47,2.44,3.22,1.64,1.71,0.85,1.64,1.62,5.05,1.94,3.40,3.27,2.52,2.48,1.63,2.37,0.85,0.81,0.86,2.52,0.84,1.68,2.55,3.47,3.31,0.83,1.61,1.65,1.69,5.03,0.84,1.73,1.68,2.51,0.84,1.67,3.37,2.58,1.66,1.63,0.83,0.86,1.61,1.79,0.87,3.48,4.04,2.42,2.46,2.44,0.81,1.71,0.83,1.72,0.82,0.85,3.31,0.83,0.86,0.81,0.85,2.50,2.47,0.84,1.66,4.14,0.84,2.56,3.14,0.86,0.84,0.87,1.67,1.75,2.49,2.57,1.65,5.14,1.65,1.64,0.85,1.64,2.52,1.72,0.86,1.67,1.69,0.87,1.69,2.57,1.68,1.55,0.84,0.83,0.84,1.71,1.67,1.58,2.44,0.83,0.83,1.70
1	173657117	173657427	AG	1.62	HG01628:2.52	0.83,0.82,0.82,0.87,0.81,0.97,2.52,0.86,0.87,0.87,0.82,1.70,1.67,0.87,0.83,0.86,0.85,1.69,0.85,0.84,0.83,0.83,0.83,0.85
2	239677497	239677923	AAAG	1.62	HG01628:1.68	0.85,1.68,0.83,0.87
1	165154272	165154790	AAGG	1.61	HG01628:1.68	0.83,0.84,1.68,0.86,0.84
21	10458634	10459494	AAAG	1.60	HG01628:2.52	1.67,0.83,0.80,0.87,0.83,0.84,0.84,0.82,1.68,0.79,0.85,0.87,2.52,0.94,0.83,0.84,0.84,0.82,0.86,0.82,0.81,0.81,0.82,0.83,0.86,0.85,0.83,0.82,3.31,0.84,0.83,0.84,0.85,0.82,0.82,0.85,1.66
8	71996523	71997581	AAGG	1.53	HG01628:2.52	0.82,1.67,1.67,0.81,0.80,2.47,2.40,0.84,0.79,0.85,2.52,0.84,0.84,0.86,0.86,0.85,1.66
X	125168912	125169982	AAATATATATACATATAT	1.52	HG01628:4.19	0.82,0.82,0.83,1.68,0.83,0.85,0.84,4.11,0.85,0.85,0.82,1.60,0.81,2.53,1.63,1.69,1.68,2.52,1.70,0.83,0.83,0.80,0.83,2.54,1.65,0.78,4.19,0.84,3.45,0.84,0.84,0.85,4.19,1.68,1.73,3.37,1.61,2.69,0.87,0.81,0.81,1.63,0.85,0.82,1.64,2.59,0.84,0.82,0.85,3.43,2.51,0.86,0.84,0.83,0.83,0.86,0.85,0.86,0.85,0.85,0.82,1.67,0.83,0.85,2.54
18	6071045	6071573	AAAG	1.52	HG01628:2.52	0.83,0.84,0.84,0.84,2.47,0.81,0.80,0.85,1.71,0.80,0.81,0.86,0.85,0.86,0.81,0.85,2.52,0.94,1.68,0.84,0.84,0.85,0.82,0.84,0.87,0.83,0.84,0.86,0.85,1.68,0.86,0.84,3.40,0.86,0.85,0.84,0.84,0.85,0.85
10	50420055	50421155	AAAG	1.51	HG01628:1.68	0.79,1.68,0.83,0.82,0.87,0.85
3	165216008	165217299	AAAGG	1.46	HG01628:10.07	4.08,2.45,2.44,1.66,7.52,0.84,4.19,5.05,2.47,3.26,0.80,4.17,10.09,5.95,0.84,0.81,0.85,1.72,5.89,3.40,1.66,4.14,5.79,6.25,10.07,1.68,10.71,7.55,2.59,2.52,7.53,6.71,0.85,10.68,13.40,2.58,14.97,0.83,2.59,3.23,0.81,2.46,0.81,0.81,5.98,3.43,3.28,0.83,2.50,2.59,0.81,5.96,1.67,2.47,7.55,5.80,3.31,0.85,6.00,3.34,9.58,0.87,4.15,5.14,0.86,4.14,8.22,7.68,2.46,0.86,1.69,2.55,8.72,5.92,1.71,0.84,5.77,2.52,4.66,5.02,1.66,3.37,5.13,0.84,0.79,3.25,5.10,3.31,2.49,5.09,3.39
3	188503199	188503726	AATATATATATATGATGG	1.44	HG01628:7.55	0.82,3.26,1.66,0.83,0.83,1.67,1.67,2.51,2.51,0.84,1.65,2.47,3.22,0.85,1.71,4.11,2.43,2.42,3.37,0.83,0.85,0.84,0.85,3.30,3.39,2.34,0.85,7.55,4.19,0.82,7.55,0.83,1.67,3.35,0.85,4.11,0.84,1.68,0.86,1.67,0.86,6.95,0.87,2.43,1.63,0.82,0.82,5.14,4.12,1.66,1.67,3.93,2.57,0.84,4.15,3.42,0.82,2.56,1.64,5.04,5.14,1.67,1.70,1.68,4.09,9.90,8.40,7.76,0.84,0.83,9.19,1.65,1.66,1.70
4	183753526	183753953	AAGGAGGAGGGGAGAGGAG	1.44	HG01628:1.68	1.67,0.83,0.80,1.68,2.46,0.84
20	62719662	62720558	ACAGATCCTGGCCCCCCTGC	1.41	HG01628:2.52	0.82,0.81,0.80,1.70,0.82,0.85,0.87,1.61,0.85,0.85,0.81,0.86,0.84,0.84,0.87,0.83,0.78,2.52,0.94,0.84,0.84,1.70,0.84,0.86,0.82,0.81,1.79,0.87,0.81,0.82,0.81,0.81,0.82,0.86,1.73,1.62,0.83,0.79,0.87,0.86,0.83,0.82,0.85,0.86,0.84,0.85,0.81,0.85,0.83,0.85
13	114078718	114079188	AATGGATGAATGGATGGGTG	1.39	HG01628:3.36	0.81,6.65,2.49,1.67,0.83,2.55,0.82,0.82,0.86,1.63,0.81,1.68,0.85,0.83,3.36,2.59,1.66,0.84,3.35,0.82,0.84,0.82,0.81,0.81,1.72,2.56,0.84,0.79,0.82,1.58,0.83
3	83742224	83743103	AAAG	1.39	HG01628:2.52	0.81,1.66,0.84,0.81,0.82,0.83,0.81,0.84,0.85,0.82,1.68,1.66,0.83,1.61,2.48,0.81,2.52,0.84,1.66,0.82,0.83,0.84,0.87,0.83,0.84,0.84
6	2944379	2945575	AAGGGAATTATGTATGGG	1.36	HG01628:3.36	3.27,0.83,0.83,0.85,0.81,4.09,1.68,2.52,0.85,1.66,0.83,1.61,1.65,3.36,2.47,0.84,0.86,1.63,0.87,3.28,0.83,1.65,4.05,0.78
2	47689235	47689555	AAAAG	1.36	HG01628:1.68	0.82,0.82,0.84,1.62,1.68,0.86,0.83,0.85
5	171997434	171998324	AAGGAAGGAAGGAAGGAGGG	1.35	HG01628:2.52	1.63,1.67,0.83,1.67,0.80,0.83,4.07,0.80,0.82,0.81,0.84,0.83,0.84,0.84,3.13,2.52,0.94,0.83,0.83,0.82,0.83,0.84,0.87,0.82,0.81,0.85,0.83,1.64,0.79,0.83
16	78756848	78757704	AAAAG	1.33	HG01628:2.52	0.81,6.63,11.72,2.52,0.84,0.84,2.56,12.74
5	165181602	165182528	ACATATATATATGT	1.31	HG01628:2.52	1.67,0.84,0.83,3.15,2.52,0.86,0.83,0.82,0.84,0.83,1.67,4.11,0.86,1.71,0.85,0.82,3.11,0.84,3.40
20	56549851	56550196	ACC	1.31	HG01628:2.52	0.82,0.80,0.82,0.82,1.71,0.83,0.81,0.84,0.84,0.79,0.84,0.85,1.73,0.83,4.13,0.85,2.52,0.84,0.82,0.86,0.83,0.84,0.84,0.84,0.86,0.84,0.82,0.86,1.71,0.83,0.81,0.84,0.86,0.84,0.87,0.87,1.66,0.86,1.71,0.82,0.86,0.84,0.85,0.85,0.82,1.65,0.84,0.83,0.84
10	839015	840830	AATGTCGGTCCTACCC	1.30	HG01628:24.33	15.51,17.14,20.35,9.15,14.19,13.31,13.30,9.99,11.69,25.07,19.14,20.05,19.27,15.81,13.61,11.78,20.56,9.86,13.04,20.93,18.06,3.41,18.80,17.30,11.51,21.63,23.37,15.42,22.56,17.66,18.39,17.71,15.31,8.64,8.99,14.26,18.98,17.10,28.39,12.70,17.11,11.16,7.56,10.93,10.09,8.50,16.48,22.29,18.23,10.75,22.50,6.60,11.01,16.53,14.85,11.35,16.23,24.33,28.48,18.13,13.21,23.32,10.93,25.78,21.76,10.06,11.92,13.96,15.07,13.47,14.63,8.32,18.80,13.32,25.88,10.92,8.98,20.22,14.52,20.61,12.16,13.05,12.94,16.11,14.78,22.00,18.73,11.11,12.32,16.61,14.59,20.51,15.37,20.68,12.49,10.37,8.37,8.21,15.40,12.76,9.16,11.14,9.89,12.59,7.45,14.08,12.56,11.08,19.65,11.14,7.52,13.06,17.57,18.33,14.94,8.56,14.89,15.42,14.07,10.69,7.68,7.39,15.11,5.15,8.57,13.36,10.13,5.94,14.83,9.31,10.99,7.70,5.88,10.17,18.81,9.07,12.60,10.87,20.09,7.49,10.11,10.25,12.54,14.98,11.39,18.68,13.24,11.64,16.97,6.77
2	185395592	185396773	AACTATATATATAT	1.29	HG01628:4.19	0.84,0.82,1.70,2.44,2.52,1.70,0.83,0.85,4.19,0.82,3.37,1.73,2.45,0.84,0.87,0.81,0.82,0.81,0.82,1.64,0.86,4.14,0.84,0.85,2.36,5.22,1.64,3.28,0.86,1.69,0.85,1.71,2.52,0.82,0.84,0.78,4.99,2.56,1.67,0.79,4.07,1.70
20	61888262	61889431	ACAGTGATGGAGAGCGGAGG	1.24	HG01628:2.52	0.82,0.83,1.66,0.83,0.80,0.83,0.85,0.84,0.82,0.85,0.85,0.87,1.94,0.85,1.68,0.81,1.68,1.70,0.83,0.83,2.52,0.84,0.82,0.84,0.84,0.90,0.87,0.81,0.82,0.83,0.83,0.86,0.83,0.82,0.85,2.57,0.84,0.85,0.82,3.35,0.84,0.84,0.79,0.81,0.83
11	131658660	131659961	AAG	1.22	HG01628:5.87	0.82,1.63,0.83,0.83,0.84,2.41,9.85,0.85,1.60,0.81,0.83,1.65,5.87,0.82,1.89,0.86,0.84,2.55,0.86,2.61,0.81,2.46,0.85,3.29,6.00,0.84,22.01,0.87,0.83,0.82,2.57,0.84,6.75,5.93,3.27,4.88,7.64,0.85
GL000225.1	189101	200509	AATGG	1.21	HG01628:26.01	4.08,13.87,8.96,16.63,18.36,15.81,17.45,11.66,15.86,17.55,15.95,19.21,14.24,9.15,16.17,8.42,13.98,18.08,10.59,5.63,7.39,14.51,11.96,9.52,7.40,8.81,20.87,8.12,3.22,24.39,9.68,16.02,17.86,11.23,15.52,10.06,9.08,9.77,12.62,15.24,14.67,21.46,14.28,8.41,6.73,20.41,13.01,17.15,14.91,20.68,11.25,16.51,11.01,26.45,14.07,5.67,11.10,26.01,17.59,11.54,21.71,26.77,26.06,12.48,13.39,15.93,19.59,7.39,20.94,9.26,11.19,17.47,12.26,18.32,9.49,15.12,16.33,5.90,13.72,15.23,12.16,10.44,16.17,5.64,14.78,8.96,18.73,7.69,9.04,6.64,14.59,7.39,11.96,13.23,7.49,23.34,16.75,13.14,7.30,11.91,20.83,23.99,21.43,10.91,14.91,9.94,13.40,6.82,4.72,18.00,10.87,22.63,22.59,13.09,8.30,23.97,11.58,11.14,8.27,22.20,17.07,22.98,18.47,19.72,11.14,17.54,16.88,10.19,13.96,15.23,14.38,17.11,15.12,22.03,13.08,3.30,33.60,2.33,9.21,11.65,16.86,22.22,29.25,11.04,9.76,12.74,21.51,26.61,7.64,11.01
3	71485072	71485471	AAGGGAGGGAGGGAGGGAGG	1.21	HG01628:2.52	0.82,0.83,1.65,0.81,1.62,0.81,0.81,0.79,0.84,0.87,0.83,0.83,0.81,0.85,2.52,0.83,0.84,0.84,0.90,0.87,0.81,0.81,0.82,0.81,0.85,0.84,0.83,0.86,1.67,0.87,0.84,2.49,1.71,0.82,0.85,0.86,0.86,0.84,0.87,1.69,3.39,0.82,0.82,0.84,0.84,0.84,0.79,0.83
20	61658798	61659590	CCCCCCCCCCCCCCG	1.17	HG01628:4.19	2.45,0.81,1.66,0.83,0.83,4.16,0.83,1.67,1.67,1.66,1.63,1.61,0.82,0.85,0.80,1.67,1.62,1.61,1.68,0.85,2.45,1.68,2.48,1.63,0.81,0.86,0.84,3.36,2.52,0.87,0.86,1.66,1.65,0.85,0.83,1.56,1.62,4.19,0.84,2.83,0.84,3.33,0.84,1.70,0.82,0.84,0.84,3.44,0.83,1.63,0.83,0.86,0.84,1.63,1.79,2.61,0.87,2.43,0.81,1.63,0.85,1.64,0.82,2.56,0.83,2.50,1.73,0.84,0.81,2.55,0.83,1.71,2.47,1.66,1.66,0.84,1.74,0.84,0.83,0.86,1.65,1.71,1.65,0.82,0.85,1.64,4.20,0.86,1.71,0.84,0.85,1.74,0.86,0.84,3.39,1.64,0.82,2.52,1.55,0.84,1.66,3.37,1.71,2.51,2.37,2.55,0.85
10	105668674	105669250	AT	1.15	HG01628:1.68	0.81,0.83,0.83,0.84,0.84,1.68,0.82,0.82,1.67
14	106168779	106169832	ACCTCGTCACTCAGCCCTGG	1.14	HG01628:5.87	1.63,0.82,1.67,0.83,1.67,2.51,1.60,4.18,1.68,2.50,2.55,0.84,3.29,2.47,3.26,2.41,1.64,4.27,1.71,1.73,3.29,1.60,1.67,0.81,2.90,1.69,1.70,2.59,0.82,0.84,3.30,1.69,3.43,0.84,3.36,5.04,2.55,1.71,4.14,2.48,5.63,1.65,3.39,0.83,6.25,2.56,5.87,5.03,3.30,1.73,2.52,3.33,4.18,1.68,4.26,1.64,0.84,4.16,0.82,0.83,3.45,0.82,4.21,2.42,1.79,1.74,7.28,7.25,0.82,0.81,0.85,4.11,4.98,1.72,1.64,0.85,3.31,0.83,2.59,0.84,1.64,3.24,0.85,1.67,0.86,1.68,0.83,0.85,0.86,0.84,0.87,0.84,0.87,0.82,0.82,1.71,0.84,0.82,0.82,0.84,0.78,0.84,0.85,0.79,0.81,1.65,1.70,2.54
22	37354528	37355329	ACCCATCCATCCATCCATCC	1.14	HG01628:5.03	0.82,1.63,1.63,2.49,2.50,2.49,1.67,0.84,0.84,1.68,0.83,1.70,1.68,0.81,1.71,2.56,0.87,1.64,4.81,4.06,2.42,3.36,0.97,2.55,2.59,0.84,1.65,0.81,2.37,3.39,0.81,1.68,1.68,0.84,2.60,2.48,4.82,0.85,0.83,0.78,2.43,5.03,4.12,1.73,4.20,0.83,3.35,0.85,1.64,1.68,1.72,3.33,1.67,1.73,1.68,4.08,3.23,1.79,4.34,1.74,1.62,3.22,1.64,5.70,1.63,2.56,2.46,0.83,3.43,1.64,2.56,1.65,0.83,0.86,2.51,2.46,0.81,3.40,1.65,0.84,0.83,1.71,0.84,1.74,0.84,1.75,0.83,1.71,0.83,1.64,0.85,0.84,2.53,3.40,0.85,1.68,1.69,0.82,1.65,1.68,2.33,0.84,0.83,1.58,2.48,2.49
4	19289900	19291090	AAAG	1.13	HG01628:2.52	0.82,0.83,0.84,4.25,0.85,0.80,0.81,1.58,0.81,0.84,1.65,0.80,0.85,0.83,2.52,1.67,0.85,2.42,0.90,1.73,0.84,0.86,1.68,1.71,0.78
13	102813364	102814892	AAG	1.12	HG01628:20.97	12.52,15.82,5.01,0.80,40.21,23.56,18.92,4.27,22.49,15.62,17.53,18.67,2.48,13.03,16.94,27.35,12.97,23.06,20.97,1.68,8.52,13.14,3.35,12.05,0.82,0.82,2.47,0.83,0.85,0.85
14	54361118	54362550	AAAG	1.08	HG01628:12.58	0.82,3.26,5.82,0.83,2.50,0.83,14.99,5.01,2.51,1.60,1.68,0.83,2.52,0.82,4.93,1.63,7.24,3.28,3.42,0.87,0.82,8.35,7.30,10.93,0.84,1.70,19.87,13.89,13.42,7.43,4.89,2.37,1.69,7.33,0.86,19.32,1.68,5.10,3.47,0.86,0.83,9.10,4.82,6.60,0.83,1.56,12.58,0.84,5.77,2.59,2.52,4.99,8.37,0.84,2.55,3.35,3.37,3.44,10.81,2.45,2.50,2.59,5.04,10.11,13.72,2.69,5.21,3.48,3.23,3.22,6.57,3.26,1.63,6.84,2.46,4.15,3.43,4.10,2.56,1.65,4.16,4.32,4.19,3.29,4.05,9.36,0.83,0.86,5.03,0.83,0.83,3.35,3.41,0.79,0.86,0.84,1.74,0.83,2.57,0.82,1.71,1.68,0.86,0.86,2.53,1.70,3.49,1.69,3.39,0.82,1.65,0.84,3.33,2.53,2.56,0.84,2.37,7.32,0.83,1.66,0.85
16	27672816	27673872	AT	1.06	HG01628:2.52	1.63,0.83,0.84,1.60,0.84,1.68,1.70,0.82,3.42,1.62,0.79,0.84,0.86,2.54,0.78,0.85,2.52,0.82,0.84,0.84,0.82,0.86,0.82,0.81,0.90,0.81,0.81,0.83,0.86,0.84,1.64,0.79,0.84,0.83,0.83,0.86,0.85,1.64,0.82,0.78,0.83
12	116136179	116136404	AAGGGGAGGGGAGGGG	1.04	HG01628:1.68	0.82,1.67,1.60,0.80,1.68,1.67,0.85,0.85,0.79,0.81,0.83
1	10877507	10878660	AAAG	1.03	HG01628:5.03	2.44,4.16,6.66,4.18,1.67,0.84,0.82,0.81,0.82,5.12,1.62,0.85,0.84,3.26,0.84,1.73,4.13,1.56,5.67,5.03,0.84,0.83,2.52,7.74,0.83,0.83,2.69,6.96,0.82,4.11,0.83,2.50,0.82,0.84,1.57,0.84,0.82,0.86,2.51
8	38413432	38414910	AAG	1.02	HG01628:23.49	13.88,24.48,21.98,5.82,32.55,20.80,9.97,4.16,5.84,5.85,15.16,1.67,0.84,6.66,28.93,14.31,5.76,3.29,5.70,16.90,9.03,3.41,14.52,6.92,13.97,9.61,10.85,12.99,4.84,8.41,7.74,17.71,1.70,19.01,5.72,1.63,8.68,1.63,1.72,26.90,5.04,1.70,1.73,5.14,5.80,1.65,6.43,9.08,18.63,4.13,19.54,12.16,12.81,23.49,15.08,21.43,5.66,12.09,2.52,19.13,15.06,10.90,14.48,3.29,15.91,8.42,4.30,6.54,8.33,7.76,5.04,3.27,10.95,8.07,15.23,20.22,1.61,8.21,11.41,0.81,15.38,4.15,12.01,6.56,6.83,4.14,8.33,0.86,5.86,7.39,30.00,3.40,1.71,13.25,3.35,3.41,3.14,9.43,3.48,0.87,4.96,17.13,3.31,12.80,0.86,2.57,1.69,0.85,8.46,1.69,9.24,8.47,4.12,1.67,9.98,0.84,0.81,9.93,5.82,0.85,2.54
9	36506604	36507541	AAG	1.01	HG01628:9.23	32.43,1.66,0.83,24.21,8.36,6.73,4.94,0.81,3.41,7.69,0.87,9.04,5.61,3.22,9.23,5.86,11.33,13.14,7.54,11.43
18	50611938	50612252	AGG	1.00	HG01628:1.68	0.84,0.83,1.68,0.83,0.85,0.84,0.85,0.86,0.82,1.71,0.85
