#contig	start	end	unit	top_case_zscore	high_case_counts	all_counts
14	101262291	101263416	AAAG	14.32	HG01771:42.16	13.06,6.53,12.47,15.02,20.80,9.14,5.83,19.20,6.69,2.51,30.78,9.36,7.57,11.52,10.69,10.46,23.80,13.67,8.65,22.19,11.22,6.68,6.49,12.62,11.62,26.37,15.55,12.26,28.51,11.40,15.77,11.01,17.17,13.44,13.45,5.10,16.07,10.16,12.97,8.54,11.23,8.32,22.59,19.29,20.10,6.74,42.16,17.47,14.71,6.72,10.75,13.90,16.98,12.89,9.03,13.04,15.47,11.96,9.04,7.39,18.79,22.33,14.99,12.97,15.07,18.65,12.76,8.39,19.05,13.64,7.86,4.35,12.22,5.81,8.56,5.79,17.26,14.27,21.42,10.97,8.56,21.01,9.07,4.21,10.25,5.52,9.76,13.24,9.15,0.85,4.23
5	168181887	168182933	AAAG	12.81	HG01771:39.58	3.26,2.49,2.51,23.03,0.82,6.44,14.52,3.20,11.04,11.77,5.20,16.29,33.91,0.80,0.83,16.09,2.48,16.23,1.66,2.46,39.58,6.54,16.13,11.31,5.66,14.79,1.67,12.76,9.93,12.80
17	10661681	10662361	ACCCGCCTCCCAGCCCCT	9.17	HG01771:28.40	8.98,8.16,15.47,27.44,15.86,16.64,9.14,11.66,9.18,16.72,8.77,13.36,13.40,19.97,22.12,7.57,10.69,13.15,13.85,11.27,9.03,8.53,11.96,8.65,13.97,6.41,13.35,14.61,15.31,13.46,3.87,14.34,14.46,14.69,10.62,10.90,13.20,8.96,11.83,12.70,8.96,10.30,11.76,12.61,15.13,16.16,8.67,8.57,18.23,11.58,16.88,10.73,8.47,10.74,14.07,12.97,11.96,13.42,11.73,8.24,9.44,12.95,10.93,15.80,7.53,16.77,8.52,13.14,10.89,5.89,28.40,15.81,13.89,7.49,11.21,11.76,14.70,5.90,19.36,7.17,16.51,7.83,15.36,11.28,12.32,19.56,13.84,15.38,18.07,14.12,16.30,21.33,5.98,3.31,13.32,8.64,15.07,8.21,12.97,9.36,17.49,11.14,13.19,11.75,9.94,16.57,15.07,9.38,19.65,15.43,11.70,11.32,15.06,13.09,6.64,8.56,9.93,6.00,12.41,18.09,11.10,9.85,11.75,7.72,11.14,11.69,13.50,12.73,7.85,9.31,21.14,10.27,10.08,16.95,17.99,10.72,8.40,10.87,15.07,7.49,13.48,12.82,17.55,14.98,14.64,15.29,15.72,12.47,16.13,15.24
19	16044646	16045229	AATGAGTGAGCGGGCAGAGG	8.15	HG01771:12.05	4.08,1.66,1.67,0.84,0.85,1.65,4.93,2.56,0.87,4.11,0.81,0.84,1.72,2.54,2.48,10.91,0.82,5.66,5.04,2.50,4.19,0.82,12.05,0.87,0.81,0.85,3.29,0.83,0.82,0.84,0.82,0.81,6.86,1.67,0.83,0.83,2.56,0.83,0.83,0.85,0.85
GL000216.1	17850	23875	AATGG	7.14	HG01771:19.79	2.45,4.08,4.89,3.33,2.50,14.14,6.65,9.16,5.01,6.69,3.99,1.67,3.33,11.91,10.94,8.23,2.47,2.44,4.83,2.46,9.39,5.13,5.19,13.15,4.01,8.35,4.87,4.84,5.89,3.87,3.37,3.40,4.32,0.82,10.06,1.65,1.63,3.94,4.23,0.81,7.73,1.68,1.68,5.10,6.07,7.72,5.79,1.61,9.08,7.62,4.96,2.34,3.24,1.71,5.03,10.05,3.30,2.83,12.95,10.09,3.33,8.37,7.55,3.41,2.46,1.67,9.26,19.79,10.81,2.45,9.99,4.20,0.82,5.06,4.84,9.56,6.09,6.47,2.42,0.82,1.63,0.85,4.11,9.14,3.43,0.82,4.27,0.83,1.67,3.46,5.86,0.82,1.62,5.00,6.00,14.83,10.07,12.42,6.63,10.05,5.97,3.14,7.71,6.69,3.48,4.18,4.36,5.81,2.57,2.48,24.84,4.14,6.58,7.68,13.13,2.52,7.72,6.85,10.86,2.53,8.49,10.47,3.38,21.14,4.28,1.68,8.47,12.27,3.30,0.84,4.66,3.35,8.32,5.90,3.42,4.18,0.79,7.32,11.89,10.75,3.39,5.08
4	176546777	176547861	AG	4.33	HG01771:11.19	4.08,0.83,4.16,2.49,0.83,3.34,2.51,3.99,9.19,6.66,3.40,4.21,11.52,6.58,0.85,2.60,4.81,0.83,4.06,5.64,4.25,5.03,2.44,3.15,1.63,3.36,2.52,2.60,0.86,3.39,5.47,0.81,0.85,4.72,2.59,4.18,3.35,6.81,7.39,2.51,2.53,11.19,7.49,3.27,4.08,4.03,1.74,4.04,4.89,4.98,2.57,3.28,8.54,5.68,0.87,7.39,4.20,1.72,0.85,2.52,1.66,7.10,2.49
2	68848987	68849412	AAGG	4.30	HG01771:4.30	2.55,4.30
20	60680111	60681460	ATCC	4.20	HG01771:12.91	4.90,8.16,3.26,4.99,4.17,4.16,4.99,2.50,6.68,3.34,7.98,2.51,9.21,1.66,5.11,6.73,1.65,7.33,6.44,9.03,8.53,6.83,7.79,6.58,8.35,4.87,3.22,7.57,5.81,3.37,5.10,0.86,4.09,1.68,2.44,3.15,3.39,2.44,0.86,4.20,6.73,9.25,5.95,6.94,2.57,7.46,1.65,1.61,8.26,5.93,4.96,4.69,0.81,3.42,4.19,5.86,4.94,1.89,6.91,2.52,3.33,10.04,1.68,3.41,1.64,6.70,5.89,12.91,5.82,2.45,7.49,5.18,2.52,4.08,6.74,2.42,10.75,8.69,5.22,7.28,3.22,8.21,6.52,4.07,6.84,4.11,7.47,3.43,7.39,3.31,5.83,3.46,0.84,2.46,3.24,5.96,9.16,1.71,5.77,1.68,5.86,1.70,5.50,3.43,5.02,0.87,4.18,2.62,7.47,5.14,0.83,0.82,6.83,4.93,2.52,3.43,5.01,1.69,4.24,3.38,2.52,5.08,4.91,6.60,5.88,3.11,6.65,0.84,0.85,0.84,1.58,3.25,4.25,4.96,1.66,7.64
6	29689640	29691330	AAG	3.76	HG01771:13.77	1.63,4.08,2.49,0.83,2.50,0.83,5.01,2.51,2.39,4.18,6.70,2.50,7.66,0.84,1.64,0.81,4.02,0.82,2.56,8.54,1.73,4.11,7.21,3.34,3.25,4.03,2.52,1.94,7.59,11.06,9.50,4.09,10.06,4.95,4.89,3.94,3.39,7.33,7.73,7.57,7.57,8.50,6.07,1.71,4.97,9.93,11.25,2.48,10.16,0.83,7.03,4.05,10.25,7.54,11.54,0.83,5.02,7.55,3.41,2.46,1.67,6.74,13.77,0.83,0.82,3.33,6.90,5.04,2.45,5.90,8.88,3.58,6.08,6.09,5.66,4.83,4.11,5.70,0.81,8.54,0.83,1.72,7.39,3.31,10.82,2.59,3.29,4.17,0.86,6.59,3.36,0.83,1.67,12.57,3.43,0.84,0.84,0.87,4.15,2.57,3.43,2.48,1.64,3.41,4.10,3.43,0.86,1.67,3.38,5.09,2.62,2.54,0.86,1.69,1.68,3.11,7.54,3.33,7.58,1.67,1.63,4.25,3.31,4.16,2.55,3.39
1	10877507	10878660	AAAG	3.76	HG01771:7.74	2.44,4.16,6.66,4.18,1.67,0.84,0.82,0.81,0.82,5.12,1.62,0.85,0.84,3.26,0.84,1.73,4.13,1.56,5.67,5.03,0.84,0.83,2.52,7.74,0.83,0.83,2.69,6.96,0.82,4.11,0.83,2.50,0.82,0.84,1.57,0.84,0.82,0.86,2.51
4	4264944	4265937	AAAGAAAGG	3.62	HG01771:5.16	0.82,2.49,1.64,1.67,4.87,2.42,1.68,5.16,1.63,0.86,0.82,1.66,0.84,0.86,0.85,3.27,0.83
1	233475016	233475753	AAG	3.61	HG01771:7.74	0.82,2.45,2.44,2.49,3.34,1.66,3.34,0.84,0.80,1.67,4.16,0.82,4.11,8.15,4.02,3.28,2.56,2.56,0.87,2.47,0.80,0.83,2.42,2.90,0.84,1.70,1.73,2.45,0.84,0.83,1.63,1.63,2.58,0.84,0.84,2.52,3.40,0.87,1.71,1.66,1.65,3.21,0.83,1.69,1.56,1.62,0.84,0.84,1.65,0.86,1.68,0.83,1.70,3.29,0.84,7.74,0.83,0.82,6.66,2.59,4.08,1.69,3.23,0.90,1.74,0.87,1.62,0.81,4.93,4.07,1.63,0.85,3.29,4.98,0.86,2.46,3.42,3.33,1.73,3.35,1.64,3.40,0.83,3.43,0.82,2.52,1.66,0.83,0.84,0.85,3.14,1.71,0.87,4.18,3.49,0.83,3.31,0.86,1.65,0.82,0.85,0.84,0.86,1.67,1.69,1.70,3.49,0.85,1.69,2.52,2.45,0.82,3.36,2.50,0.84,0.85,0.79,1.65,1.66,0.85
7	155198931	155199573	ACACCCCACACTCCC	3.60	HG01771:8.61	0.82,0.82,3.26,2.49,5.82,0.83,2.50,1.67,0.84,3.19,0.82,0.82,0.81,5.63,2.46,2.56,1.73,0.82,2.40,1.67,1.62,2.52,0.97,0.85,2.48,2.54,3.36,0.84,2.55,0.83,0.85,0.83,1.56,0.81,2.56,2.52,5.03,1.89,0.86,2.52,0.83,1.67,1.68,2.51,1.68,8.61,2.50,0.86,0.84,0.82,1.69,0.81,0.87,0.87,0.81,1.63,0.82,1.66,0.86,0.85,1.67,0.84,1.70,0.83,0.82,0.84,1.66,3.31,3.35,0.85,5.50,0.86,1.67,0.87,0.84,0.87,2.49,0.86,2.48,2.57,0.82,5.97,1.64,0.84,0.86,0.84,0.84,0.85,0.87,0.85,0.85,2.57,0.84,2.54,4.91,1.65,3.36,3.11,10.88,4.16,0.84,0.85,4.18,0.79,1.63,0.83,9.98,3.39,2.54
6	169465256	169466215	AAAG	3.47	HG01771:6.02	0.84,0.83,2.90,2.44,5.04,1.73,2.49,1.65,1.73,5.04,6.02,9.15,1.69,1.74,0.82,3.31,5.02,1.70,0.83,0.86,0.86,1.70,0.85
19	8773315	8773886	AC	3.44	HG01771:3.44	3.44
GL000212.1	1296	1470	ACC	3.43	HG01771:3.44	4.17,0.84,3.44
8	101438134	101439466	ACC	3.36	HG01771:22.37	0.82,14.69,4.07,14.14,3.34,7.49,14.13,1.67,10.02,17.55,6.38,23.39,3.35,14.98,6.81,2.52,11.52,2.47,13.85,12.07,8.21,11.09,4.27,10.38,3.29,4.81,6.68,12.99,8.86,12.62,12.59,10.12,4.25,5.18,4.09,4.19,4.95,6.51,7.10,2.54,4.07,14.60,5.88,15.97,2.52,12.76,7.80,5.14,8.28,2.48,8.84,9.08,6.77,4.13,10.94,6.49,10.25,4.19,4.19,11.54,4.72,7.77,8.41,4.16,5.86,8.39,1.70,7.39,13.40,10.95,22.37,5.82,3.27,4.16,2.59,4.20,7.35,9.27,4.03,7.17,6.95,5.22,0.81,16.92,7.39,4.89,4.07,4.27,8.22,1.66,6.01,17.23,6.83,9.10,9.16,10.37,6.70,4.11,9.73,16.17,9.16,13.71,17.31,15.94,27.33,18.22,8.37,5.11,12.57,11.14,5.85,4.35,14.22,7.86,10.79,6.85,10.76,11.14,4.96,18.91,11.95,3.28,7.55,8.58,9.42,5.85,19.41,14.43,4.36,6.77,6.77,9.41,21.01,10.17,13.08,12.37,15.96,5.43,13.40,9.15,3.37,10.25,10.03,7.10,21.97,12.74,7.45,8.31,18.67,19.48
15	41323545	41324938	ACAGC	3.32	HG01771:18.93	9.80,15.50,9.77,9.98,10.85,5.82,8.31,10.83,12.52,11.70,11.97,6.68,10.05,4.99,17.02,6.73,7.40,12.33,21.19,8.85,8.21,11.09,6.83,9.52,10.69,14.42,8.35,17.86,14.51,14.30,7.74,7.59,15.31,15.55,6.54,9.22,9.90,13.03,9.46,10.16,17.93,8.59,8.40,9.25,10.93,15.31,12.14,9.43,10.77,8.27,8.84,8.26,6.77,12.40,6.25,8.11,9.40,13.42,10.89,5.77,12.27,10.36,9.25,9.15,7.53,6.71,5.11,13.14,8.37,10.11,18.93,7.49,12.26,13.32,6.04,8.40,11.43,10.95,9.68,8.07,12.16,11.31,6.47,14.50,8.21,9.78,7.33,3.42,7.39,6.64,15.44,8.21,5.98,8.27,9.99,12.10,6.70,9.03,14.59,5.96,5.00,5.14,5.77,9.23,4.14,9.94,7.54,10.23,0.79,5.14,0.84,7.83,2.51,6.11,11.62,8.56,5.79,10.28,1.65,7.40,6.83,4.93,8.39,9.43,5.14,5.01,1.69,10.19,6.77,10.99,17.11,5.04,10.17,1.64,10.72,7.56,13.20,5.02,8.32,3.37,5.98,6.69,4.73,8.95,5.94,13.24,10.81,10.18,6.77
21	30203060	30204441	AAAG	3.32	HG01771:9.47	4.08,3.26,5.82,1.67,0.83,0.83,3.33,0.83,7.52,6.38,3.34,5.86,5.96,2.47,3.29,0.81,4.02,2.46,1.71,3.42,6.06,0.82,4.81,2.50,4.06,3.22,1.68,0.97,0.84,1.70,0.86,1.63,1.65,4.07,5.52,0.84,4.20,0.85,1.73,0.86,0.83,1.65,4.82,0.83,0.85,7.44,3.91,2.43,0.85,6.71,4.19,3.30,0.94,1.68,0.84,3.35,0.85,3.29,2.51,1.68,9.47,4.16,1.63,4.16,1.73,1.63,1.61,2.69,0.87,6.09,4.85,2.42,4.11,1.63,3.32,4.29,1.64,1.71,4.96,1.67,0.82,1.62,8.51,0.86,0.82,4.20,1.66,1.67,0.79,0.84,2.57,0.83,3.43,3.31,2.47,2.56,0.84,1.71,0.84,16.58,1.69,2.57,4.24,0.82,0.82,5.02,5.06,5.13,4.18,0.79,2.44,0.85,4.14,1.70,1.69
2	69322947	69323774	AAGGGAGG	3.32	HG01771:3.44	0.83,0.84,3.44,1.66,0.84
11	25923161	25923759	ACATATATATGTATAT	3.14	HG01771:3.44	0.84,1.65,0.82,0.85,0.83,0.85,3.44
4	182525991	182527430	AAAG	3.10	HG01771:21.51	0.82,2.50,0.83,6.69,0.84,3.33,0.85,6.58,11.41,5.19,0.82,2.50,0.81,6.78,8.43,8.51,8.64,3.30,20.51,11.01,8.96,3.43,10.92,9.25,5.88,1.70,3.31,2.48,6.43,7.43,0.85,3.24,18.46,10.38,0.86,0.83,5.86,1.68,21.51,16.64,0.82,0.86,0.84,17.96,14.52,3.58,0.87,3.48,0.81,2.46,9.78,0.81,0.82,5.81,6.86,0.82,16.23,9.10,6.66,1.73,18.42,3.29,8.92,5.11,1.68,0.83,5.02,2.51,5.79,0.83,1.64,0.84,1.71,5.92,1.68,2.45,4.16,0.84,1.71,0.84,0.83
14	30388634	30388892	AAGG	3.07	HG01771:3.44	0.81,0.85,0.83,3.44,0.87,0.81,0.83,0.85
4	49632912	49660021	AATGG	3.03	HG01771:193.61	135.52,108.53,140.85,98.95,92.64,122.30,90.60,120.75,132.76,139.57,94.92,96.88,143.24,134.78,127.63,97.62,110.22,104.39,79.86,114.30,116.55,96.42,136.69,164.37,129.88,104.16,135.21,145.28,121.68,70.65,107.46,134.08,111.43,69.11,135.64,115.73,91.58,83.87,149.86,112.63,136.91,121.06,110.89,112.66,83.22,154.77,133.54,134.59,115.15,131.52,134.20,137.05,103.32,106.61,109.40,83.50,58.94,110.74,144.10,91.47,100.05,189.99,153.00,94.82,175.72,112.38,116.68,83.77,169.99,101.90,193.61,199.65,110.33,209.00,138.01,79.82,107.79,94.36,139.59,181.92,143.37,142.72,170.62,100.69,106.74,81.50,153.07,151.24,82.97,153.64,145.00,109.14,76.86,120.77,81.60,177.21,128.13,106.77,175.13,159.12,149.95,150.82,123.62,173.70,122.58,115.96,121.40,81.83,66.80,157.70,139.61,156.68,97.88,98.64,141.09,159.20,104.26,144.77,95.15,109.34,139.12,110.00,166.20,79.76,81.39,111.07,59.91,137.52,136.97,64.29,161.53,102.68,79.82,153.40,136.56,39.58,115.94,55.89,85.40,113.12,141.58,117.06,130.38,89.09,120.40,97.67,132.36,99.77,105.24,116.85
12	133832834	133833274	AACCCT	3.01	HG01771:6.88	1.63,0.83,4.16,1.68,1.62,5.64,8.47,13.28,2.56,5.87,0.84,6.88
8	40650248	40650629	AGAGGGGAGGGGAGG	2.87	HG01771:4.30	1.63,0.83,0.83,0.80,0.84,0.83,3.40,0.84,0.82,0.83,1.62,1.61,0.85,2.34,0.86,0.84,0.85,0.84,4.30,0.83,0.84,0.81,0.83,1.70,1.66,0.79,0.84,0.83,2.46,0.85,1.55,0.85
GL000209.1	98360	99349	ACTCCAGGCCCATATCTCC	2.68	HG01771:4.30	1.66,1.67,0.84,1.64,0.81,1.67,0.81,0.82,1.63,1.70,0.87,0.86,0.83,0.78,0.84,0.84,4.30,0.86,1.74,0.81,0.86,0.82,1.65,1.62,0.83,1.71,1.64,1.71,1.74,0.84,0.83
10	42790457	42817199	AATGG	2.67	HG01771:46.47	29.39,16.32,30.12,36.59,26.71,22.46,20.78,28.31,26.72,26.74,21.54,23.39,41.88,32.45,34.88,21.88,16.45,29.59,41.56,16.90,14.77,27.30,39.30,34.60,25.48,25.64,26.71,17.86,20.95,32.80,33.88,39.63,37.43,16.41,23.70,41.09,17.33,21.17,15.77,20.32,34.23,25.76,37.80,28.58,18.49,28.06,31.22,26.57,20.71,35.57,16.88,44.58,28.79,18.18,17.97,21.08,12.81,34.40,40.21,16.48,26.43,31.09,38.67,28.28,29.29,22.64,30.66,26.28,29.31,24.42,46.47,44.09,25.34,43.30,37.95,21.01,31.85,22.75,23.40,26.88,25.20,27.85,17.79,12.08,16.42,22.00,28.50,31.62,13.14,15.78,26.60,32.82,5.12,37.22,10.82,25.93,29.31,33.67,28.38,29.78,39.99,26.56,29.67,36.92,16.56,29.82,33.49,22.16,20.43,22.28,16.72,28.73,30.12,26.19,26.56,24.82,20.69,45.40,8.27,25.49,39.26,27.09,22.66,30.02,23.13,34.24,39.66,26.32,27.92,20.30,48.20,25.67,23.53,44.07,8.18,12.37,25.20,13.20,15.91,21.63,21.07,41.87,26.75,17.35,13.83,18.68,32.26,47.39,35.65,22.02
9	92908115	92908654	AAAG	2.58	HG01771:2.58	2.58,0.82
6	165352457	165353427	AAAG	2.54	HG01771:4.30	8.33,4.87,0.81,5.89,7.57,0.82,4.30,0.81,0.87,0.84
2	142909693	142911021	AAAAG	2.49	HG01771:5.16	1.67,0.83,2.47,0.82,1.71,3.29,0.81,0.97,1.73,8.96,0.85,3.31,3.36,0.86,0.84,5.16,1.66,1.61,3.58,1.62,0.81,4.14,2.50,0.83,1.67,1.74,0.84,1.66,4.14,1.71,1.71,0.86,1.68,0.83,0.81,1.70,0.83
12	104414816	104416444	AAG	2.48	HG01771:15.49	8.98,3.26,10.58,1.66,14.19,5.82,13.30,3.33,15.86,12.54,2.39,6.68,11.73,9.98,2.55,7.57,4.94,2.47,8.96,14.49,12.31,0.85,4.27,3.46,4.93,8.01,2.50,12.17,4.03,7.57,0.97,9.28,5.10,3.46,0.82,5.87,14.85,4.07,6.31,6.77,6.52,4.29,4.20,5.04,4.20,3.40,12.14,1.71,6.63,1.65,3.21,2.48,9.32,4.96,6.25,7.30,2.56,4.19,7.42,7.55,1.73,9.25,8.32,5.02,6.71,4.26,9.86,8.37,5.89,15.49,3.33,6.54,3.33,5.18,5.04,12.25,14.32,4.03,6.27,9.56,3.48,4.04,3.22,5.75,5.70,2.44,5.13,3.29,1.66,12.01,4.10,5.12,1.65,9.16,7.78,4.19,7.39,5.68,5.96,8.33,3.43,10.07,1.66,1.66,3.35,9.43,0.86,8.36,2.61,10.04,3.49,7.47,5.99,1.65,8.57,0.83,1.64,2.56,4.10,12.59,6.00,9.42,2.51,5.06,5.09,2.62,0.85,3.42,4.20,4.24,6.60,0.84,3.11,0.84,4.16,7.58,4.27,3.34,1.58,2.44,2.55,4.96,7.48,13.58,4.23
2	855899	856796	AAGGTGGGGGCTGAGGAAT	2.47	HG01771:6.88	0.81,0.83,0.83,2.50,1.60,1.67,5.86,0.83,1.70,0.84,4.11,0.82,1.63,3.22,0.82,1.71,0.85,0.87,1.64,2.50,5.68,1.68,0.84,2.59,2.44,0.86,5.04,1.68,0.85,2.60,0.83,0.80,8.60,3.24,0.82,4.32,0.83,6.81,0.82,0.84,6.88,0.84,0.82,0.81,0.90,3.23,1.64,1.63,1.71,1.64,0.86,0.82,3.42,2.48,0.83,0.84,1.64,1.65,3.31,0.83,0.84,2.51,3.49,0.83,0.86,0.86,0.84,3.49,1.69,0.82,1.68,6.31,0.85,0.83,0.85
8	97937957	97939369	AAG	2.45	HG01771:6.88	0.83,1.67,0.80,0.84,4.19,0.82,0.82,0.80,2.46,5.97,1.71,2.60,1.60,0.83,2.43,0.84,1.94,4.22,1.70,0.86,1.63,0.84,0.83,1.72,1.68,0.85,0.83,2.41,0.83,4.23,1.65,4.69,1.71,3.36,1.65,1.70,0.84,1.68,6.88,1.67,1.68,4.48,0.87,1.64,2.44,0.85,3.29,0.83,0.82,1.65,2.51,0.82,0.83,5.80,0.84,3.14,0.87,2.51,1.75,1.71,0.83,3.43,1.65,5.12,0.84,0.86,2.57,0.84,1.69,1.69,1.69,1.64,2.51,5.98,1.58,2.55,8.27,0.85
5	132961745	132962408	AATATATACATATGG	2.41	HG01771:6.88	4.16,15.62,4.27,4.33,6.88,15.81,11.43
4	127022217	127022803	ACATATATACGTATATATGT	2.28	HG01771:2.58	0.81,0.85,0.82,2.60,2.58,0.86,0.86
1	200975628	200977353	AC	1.96	HG01771:11.19	5.71,4.08,4.89,8.31,6.68,5.82,3.32,6.66,8.35,4.18,5.58,3.34,5.03,4.16,3.40,6.73,3.29,6.58,4.07,4.83,1.64,8.53,3.42,4.33,5.75,7.21,5.01,4.06,1.61,4.21,7.74,5.90,4.25,2.59,4.09,3.35,3.30,8.96,6.31,6.77,10.59,5.15,10.08,5.89,2.52,5.10,1.73,8.57,1.66,8.27,8.04,3.30,6.77,4.96,7.03,4.86,4.27,4.19,6.70,2.47,6.61,8.64,8.41,9.15,2.51,7.55,4.26,1.64,6.70,2.53,11.19,9.15,5.72,5.83,2.59,6.72,3.27,1.69,2.42,4.48,6.08,6.96,2.43,5.64,4.11,4.07,5.70,5.13,1.64,4.15,5.15,6.56,1.71,3.31,5.00,2.59,4.19,4.11,6.49,5.96,9.16,10.28,5.77,7.55,5.80,9.94,3.35,5.11,4.72,6.86,5.02,9.58,5.86,2.62,7.47,5.14,8.27,11.99,7.45,2.47,4.27,6.57,5.04,3.43,3.43,5.85,4.22,2.55,4.36,4.23,5.92,3.42,5.04,7.63,3.27,4.12,2.52,5.43,4.19,0.83,7.58,8.54,6.69,6.31,6.51,5.10,7.45,2.49,4.24,5.08
12	118535439	118536946	AGAGAGAGGGAGAGGCGG	1.91	HG01771:10.33	3.27,2.45,7.33,2.49,3.34,5.82,1.66,2.50,4.17,10.03,2.39,8.38,0.85,0.84,1.65,5.75,5.70,0.80,0.82,0.85,2.60,2.47,4.81,4.21,0.97,4.22,1.73,1.63,3.35,0.83,4.89,2.37,3.39,0.86,2.52,4.20,4.20,4.25,10.41,6.86,2.49,0.83,5.63,3.30,0.85,4.96,0.78,1.62,6.83,5.86,2.47,8.50,0.86,2.52,3.35,0.84,0.85,5.75,4.19,0.84,10.33,1.66,4.90,5.83,7.76,4.20,1.63,1.69,4.84,0.90,8.69,6.09,4.85,4.11,3.26,3.26,0.85,2.46,0.83,9.44,4.10,5.12,5.79,0.83,6.92,1.67,3.24,1.67,4.20,5.80,3.41,0.86,3.34,6.09,5.02,0.87,8.30,3.31,1.65,1.64,1.71,1.64,9.23,3.43,2.51,7.59,2.55,0.87,0.85,0.85,1.71,10.17,2.45,4.12,5.04,1.55,4.18,3.40,7.48,3.39
4	74501535	74503107	AAAG	1.90	HG01771:13.77	0.82,1.63,7.48,4.17,9.15,5.84,5.85,2.39,4.25,3.26,1.64,1.71,0.85,1.64,1.60,1.62,7.25,5.05,4.22,4.25,1.73,2.45,9.22,0.81,7.10,11.01,17.93,3.43,11.76,7.57,2.52,5.95,11.14,1.66,4.13,1.65,7.30,5.98,2.52,3.35,7.42,6.91,3.36,14.14,10.06,5.11,5.75,5.02,11.79,13.77,10.81,3.45,1.68,4.21,6.45,9.86,4.34,3.48,2.43,3.22,0.81,12.21,9.86,5.81,0.86,7.39,4.14,5.86,9.03,13.78,5.96,2.47,1.66,13.25,8.52,3.14,4.18,10.45,8.37,2.62,3.42,9.10,6.85,5.79,4.11,6.83,0.82,5.88,2.57,1.67,2.53,11.88,6.98,2.54,1.69,3.42,12.60,1.64,1.67,9.98,1.69,2.56,0.85,3.31,2.54
2	221410192	221411844	AAG	1.88	HG01771:22.37	4.08,3.26,2.44,0.83,6.68,4.16,4.99,13.32,14.19,2.51,0.80,0.84,11.06,2.52,8.23,5.75,4.07,0.80,5.75,17.07,5.13,6.92,4.93,3.20,7.51,2.43,12.09,5.05,5.81,8.43,13.61,19.01,10.62,9.22,6.60,5.70,18.14,15.24,10.59,1.72,17.64,11.77,11.77,11.05,8.67,10.29,24.02,15.72,16.88,4.13,5.08,11.57,3.91,8.92,3.42,4.19,5.03,4.94,0.94,1.68,3.33,0.84,5.03,7.66,3.29,1.67,7.58,22.37,15.81,5.72,13.32,8.63,17.64,11.43,17.69,8.07,18.82,8.69,26.98,15.36,20.14,12.32,12.22,17.91,21.36,17.25,22.42,12.87,12.31,14.52,23.16,4.16,8.64,11.72,9.03,17.84,7.66,13.33,1.71,7.42,7.55,4.14,9.94,3.35,1.70,10.22,2.57,4.18,0.84,4.15,4.28,2.48,7.71,7.45,4.93,4.27,10.67,1.68,2.57,0.86,4.18,1.69,5.09,4.36,2.54,5.92,3.42,9.24,3.27,2.47,1.68,5.43,4.19,7.49,0.84,2.56,5.85,1.58,2.44,2.48,6.65,1.70,6.77
3	69568808	69570083	AATATATATATATGATGG	1.82	HG01771:6.02	3.27,4.89,1.66,1.67,0.84,1.60,1.68,2.50,1.70,0.82,3.26,2.41,0.85,1.73,4.06,0.97,0.84,0.85,5.03,0.83,1.69,10.59,2.58,2.52,5.10,1.71,1.66,1.65,0.85,1.56,0.81,0.84,2.51,1.65,0.94,1.68,0.83,5.02,0.85,0.82,3.35,0.84,6.02,0.82,3.27,1.69,2.42,1.79,1.74,0.81,1.61,4.11,1.63,0.82,4.10,2.56,3.31,2.50,1.64,5.68,0.85,2.50,2.51,2.51,0.86,0.82,0.86,2.51,4.19,0.84,0.79,0.83
8	17320628	17321894	AAG	1.75	HG01771:7.74	2.45,0.82,3.26,3.34,3.33,6.66,3.34,5.86,1.66,6.81,3.22,4.27,0.85,3.46,2.47,1.62,2.90,3.37,4.25,0.86,2.45,4.13,0.81,3.26,2.58,2.52,1.68,0.87,0.80,1.65,3.39,3.31,9.38,2.52,4.20,6.71,0.85,1.64,5.02,1.68,7.74,4.16,0.86,5.90,0.90,2.61,0.87,3.22,2.44,3.42,12.46,0.85,2.50,6.05,1.67,4.93,2.43,2.57,0.82,7.54,1.67,2.62,0.86,0.85,0.86,0.82,3.30,1.55,1.67,3.34
18	38563351	38564191	AGG	1.73	HG01771:2.58	0.80,0.84,1.70,0.81,0.85,0.87,0.85,1.68,0.86,0.84,0.84,2.58,0.83,1.71,0.84
2	2240123	2240786	AACCCAACCCCGCACATCCC	1.72	HG01771:2.58	0.82,0.82,0.81,0.83,0.85,0.87,2.42,0.86,0.82,0.84,0.84,0.80,0.83,2.58,0.81,0.86,1.67,0.83,0.83,0.86,0.86,0.86,0.84,0.84,0.78,0.84,0.85,0.84,0.81,0.83,0.85
16	30653663	30653716	AAAT	1.72	HG01771:1.72	1.72,0.85
20	61734801	61734842	AGCGGGGAGGAGGG	1.72	HG01771:1.72	1.72,0.85
6	30436416	30436499	AT	1.72	HG01771:1.72	1.72,0.82,0.82
19	57522712	57522834	AAG	1.72	HG01771:1.72	1.72,0.81
12	79787859	79787860	AAG	1.72	HG01771:1.72	1.72
1	53249234	53249661	ACACGTGTATGTACATACGC	1.72	HG01771:1.72	1.72
3	125159140	125159141	AC	1.72	HG01771:1.72	1.72
3	133827425	133827426	AC	1.72	HG01771:1.72	1.72
4	101164022	101164023	AATGG	1.72	HG01771:1.72	1.72
7	146833881	146833882	AACCCT	1.72	HG01771:1.72	1.72
7	70456737	70456738	AAAG	1.72	HG01771:1.72	1.72
8	43036509	43036683	AGAGGG	1.72	HG01771:1.72	0.84,1.72
10	135524479	135524604	AACCCTGACCCTGACCCT	1.72	HG01771:1.72	0.83,0.83,1.72
16	25868971	25869537	AAAG	1.72	HG01771:1.72	0.82,1.72,0.83
4	171327270	171327794	ACACATATATATATAT	1.72	HG01771:1.72	0.80,1.72
8	118870275	118871605	AAGG	1.71	HG01771:4.30	0.81,0.83,1.67,0.83,1.67,2.39,0.84,1.68,0.85,0.84,2.44,2.41,1.64,1.71,1.73,0.80,1.69,1.70,2.59,0.84,0.83,0.79,0.85,0.81,0.86,0.84,0.85,0.87,5.79,0.83,2.54,0.84,0.82,0.94,4.32,0.84,1.67,1.67,4.30,2.50,0.86,0.84,2.42,2.69,1.74,3.48,0.81,0.81,0.82,0.81,0.82,0.86,0.82,3.31,0.86,1.62,0.85,0.83,0.86,1.75,0.83,2.57,1.71,0.86,0.85,0.84,1.68,0.84,0.84,0.79,0.83,0.85
16	31280936	31281313	AAAGG	1.71	HG01771:1.72	0.85,1.72
8	95618650	95619981	AAAG	1.70	HG01771:10.33	0.82,0.81,6.68,0.83,2.50,1.67,0.82,0.82,1.71,0.85,0.87,0.82,0.83,0.81,0.81,0.97,2.53,3.40,7.78,2.45,0.84,5.78,4.07,10.25,11.01,4.07,16.31,8.40,3.36,5.04,7.65,2.60,3.31,5.79,2.41,0.83,0.85,9.06,2.59,3.41,10.33,0.83,0.86,4.08,9.57,4.04,7.33,0.85,1.64,3.43,0.82,9.16,5.19,3.35,6.57,13.61,1.67,4.97,2.61,4.11,7.72,2.51,1.74,0.85,2.57,0.85,2.45,1.68,3.11,2.53,5.98,8.36
X	562275	562452	AAAG	1.70	HG01771:1.72	1.72,0.90,0.82
4	155299015	155300132	AAGG	1.69	HG01771:4.30	2.45,2.49,0.83,0.80,0.83,3.40,0.81,2.41,3.42,0.81,0.81,0.84,0.85,0.84,0.83,1.56,0.85,0.84,0.86,0.84,3.35,2.55,4.19,3.37,4.30,0.82,1.79,0.81,0.81,1.64,0.86,0.83,0.83,0.84,0.83,0.84,0.83,0.86,0.84,4.28,0.85,0.84
20	61888202	61889098	ACAGTGATGGACAGTGGAGG	1.69	HG01771:2.58	0.82,0.83,0.85,0.81,0.80,0.80,0.82,0.81,0.85,0.87,0.85,0.84,0.83,0.84,0.85,2.58,0.83,0.84,2.61,0.82,0.86,0.85,0.82,0.81,0.86,0.84,0.83,0.83,0.84,0.87,0.83,0.83,1.64,0.86,0.84,1.69,0.87,0.85,0.82,0.84,0.83,0.81
15	88810183	88811430	AAAG	1.68	HG01771:5.16	2.45,3.33,0.83,0.83,0.83,0.84,0.84,0.85,0.84,1.65,0.80,4.10,0.85,0.85,0.87,3.29,0.80,0.83,1.61,0.84,0.97,5.95,0.86,1.63,2.52,0.83,6.31,1.72,1.68,2.52,0.85,1.73,4.14,0.80,1.65,3.39,0.83,0.85,0.84,0.94,2.59,1.68,0.84,0.84,0.85,1.67,5.16,2.45,1.67,1.68,1.63,0.90,0.87,2.43,2.44,1.71,1.64,0.83,3.28,0.85,2.48,3.33,1.67,4.11,0.85,0.83,0.86,1.64,1.71,3.36,0.86,0.87,0.86,0.82,0.82,1.71,0.81
10	8164485	8165045	AGAT	1.68	HG01771:1.72	0.83,1.89,1.72,0.85
6	169239516	169240017	ACCGCGTCCTCATCGGC	1.67	HG01771:5.16	5.05,1.94,5.90,1.73,6.71,1.63,4.29,0.85,0.81,0.84,0.82,5.16,0.84,0.81,0.81,0.82,2.56,3.31,3.35,0.84,3.43,0.87,0.86,11.10,1.64,2.57,0.84,0.87,0.85,0.85,3.30,1.68,0.78,3.15,0.83,1.70
17	59582598	59583544	AAAG	1.64	HG01771:2.58	0.83,1.67,0.84,0.85,0.87,0.84,0.81,3.40,0.84,0.84,0.84,2.58,0.87,0.82,2.49,2.56
4	97569000	97569955	AAAG	1.61	HG01771:2.58	2.56,0.85,1.68,2.55,1.65,2.58,5.70,4.11,0.86
22	42717009	42717352	ACC	1.61	HG01771:1.72	2.45,0.83,1.69,2.47,1.72
4	161002878	161003215	AC	1.61	HG01771:1.72	0.85,0.82,1.72,0.83,0.86
1	90775987	90777038	AAGG	1.60	HG01771:3.44	3.34,0.83,1.67,2.39,0.84,0.83,0.80,0.84,0.94,0.84,1.67,0.85,3.35,3.44,0.83,0.81,2.61,1.64,0.81,0.82,1.67,0.86,0.82,0.81,1.70,0.86,0.84,0.85,1.72,2.57,0.84,1.69,0.84,1.63
16	57762714	57763890	ACCC	1.60	HG01771:3.44	1.63,0.82,2.49,1.60,1.67,1.68,0.85,0.82,0.80,1.64,2.56,0.85,0.80,1.61,0.84,0.97,0.84,0.84,0.79,0.81,2.52,0.87,0.83,1.65,0.85,0.83,1.56,1.68,0.94,0.84,0.83,1.67,1.64,3.44,0.82,0.83,0.84,0.81,0.81,1.63,0.84,0.81,0.85,0.86,0.84,1.66,0.87,0.83,0.86,0.83,2.57,0.85,0.82,0.86,1.71,0.84,1.65,0.84,1.67,0.83,0.85,0.84,1.58,2.44,1.65
4	24389534	24389982	AG	1.60	HG01771:2.58	0.82,0.83,0.83,0.84,2.51,1.65,2.56,0.83,0.84,0.84,0.83,2.58,0.86,0.84,1.71,1.74
3	71484040	71484341	AGGGGGGGAGGGGGGGGGGG	1.58	HG01771:1.72	0.83,0.85,0.84,1.72,0.86,0.84
2	129824509	129824835	AC	1.56	HG01771:1.72	0.84,1.72,0.83,0.84,0.86,0.85
X	40877366	40877578	AAAAT	1.51	HG01771:1.72	0.82,0.83,0.82,1.70,0.84,1.72,4.21
9	111662402	111663913	ACACACACATACACGCC	1.46	HG01771:24.95	6.53,32.64,17.91,17.46,12.52,5.82,23.27,4.16,12.52,17.55,19.14,17.54,5.86,6.66,20.42,16.83,9.05,9.86,26.08,5.63,0.82,13.65,7.69,11.25,4.93,1.60,22.54,4.06,13.70,10.93,2.90,5.06,10.21,7.78,7.35,15.09,14.03,14.66,13.41,2.54,6.52,8.59,7.56,0.84,3.36,8.50,12.14,1.66,14.89,18.16,8.47,15.70,18.75,19.46,13.67,26.01,7.54,29.67,9.44,10.36,2.52,5.82,11.71,12.58,13.63,4.11,6.70,18.53,24.95,14.97,9.99,7.76,5.88,2.45,3.37,8.88,23.30,4.34,1.74,3.23,8.06,16.42,2.44,9.77,11.11,9.86,4.15,6.86,4.27,14.16,1.73,15.07,11.50,21.08,23.83,6.66,9.43,4.94,12.59,6.63,11.60,10.88,17.90,3.14,22.28,5.02,15.67,2.62,19.09,6.85,14.07,23.13,5.79,8.22,4.27,2.46,6.72,2.57,7.71,4.18,0.84,5.94,11.34,1.69,10.99,14.55,12.60,6.54,18.14,8.40,2.33,32.65,7.49,3.37,7.69,13.37,8.67,3.25,0.85,4.14,21.62,6.77
5	37497544	37498144	AAGAGGGAAGGGAAGGG	1.44	HG01771:2.58	1.67,0.83,0.82,1.64,0.81,0.85,0.84,0.83,2.52,0.81,1.73,1.64,0.84,2.58,0.82,0.81,1.71,0.85,0.84,0.85,0.82
2	89849981	89880393	AATGG	1.43	HG01771:244.38	180.42,124.85,197.03,204.55,120.19,183.87,176.21,205.69,200.39,295.03,149.16,163.70,165.01,191.36,183.78,127.08,157.92,126.58,164.62,130.40,174.82,208.20,242.63,213.68,202.22,154.64,145.23,161.52,132.16,241.39,137.47,217.56,248.38,122.67,149.53,176.94,132.01,139.24,157.75,149.04,161.36,175.14,203.29,161.42,114.33,238.95,177.77,160.31,206.28,230.77,159.92,180.80,211.71,146.28,161.76,141.87,74.31,217.29,191.85,84.88,159.52,202.08,250.52,155.54,191.62,133.35,142.22,134.69,184.23,165.90,244.38,213.79,246.01,236.48,222.54,166.36,172.30,141.54,229.96,215.07,208.54,191.45,147.17,137.74,172.43,166.26,184.01,229.85,138.84,158.62,188.76,201.04,85.40,180.33,108.25,182.39,189.27,176.58,227.83,171.03,153.28,172.24,141.75,213.14,132.52,168.97,202.61,88.65,150.11,133.70,90.29,161.04,157.28,202.53,128.64,184.88,172.11,223.58,92.67,106.05,145.09,151.86,153.61,187.82,163.64,186.24,156.11,153.65,235.56,151.43,207.19,158.30,136.12,153.40,140.65,124.51,123.50,123.43,159.08,178.00,107.03,168.32,147.94,92.24,139.11,101.06,174.55,224.48,102.69,160.04
6	68789460	68790692	AAATATATGTATATATGC	1.42	HG01771:7.74	4.84,1.69,0.85,0.85,1.68,9.10,7.66,7.74,2.50,0.86,4.90,6.44,5.75,10.58,9.40,7.39,0.83
12	122186072	122186600	AAGGCGGGAGGCTGGGGTAG	1.42	HG01771:3.44	1.66,0.83,0.83,0.83,0.87,0.97,0.85,1.63,0.85,1.68,0.83,1.61,0.84,2.51,3.78,2.51,3.44,0.81,1.74,1.63,0.82,4.96,0.86,0.83,0.79,0.86,0.84,0.82,3.34,0.86,1.68,2.52,0.84,0.84,0.81,1.70,1.65,0.83
11	1377152	1378436	AG	1.41	HG01771:7.74	3.27,1.63,2.44,3.33,1.67,1.66,4.99,4.16,2.50,6.69,4.79,2.51,5.03,0.83,2.55,0.84,0.82,3.29,1.63,1.61,1.64,2.56,2.56,2.60,4.93,2.40,2.50,0.81,4.03,8.41,0.97,0.84,1.70,0.86,6.54,2.52,2.48,7.33,2.37,2.54,2.44,5.15,4.20,1.68,5.88,2.55,2.60,4.29,1.65,2.41,1.65,1.69,3.31,4.69,2.43,2.56,1.68,1.68,0.82,1.89,2.59,2.52,3.33,2.51,2.52,0.85,1.64,5.02,0.84,7.74,3.33,2.45,0.86,0.84,3.27,0.84,3.23,1.79,3.48,4.35,1.62,2.42,6.57,2.44,0.81,2.56,3.29,3.32,2.46,1.71,4.14,2.50,4.32,2.51,1.64,1.62,2.55,0.83,4.28,1.65,2.48,3.31,0.84,3.41,3.14,1.71,3.48,1.67,1.75,1.66,5.14,5.79,4.28,2.48,4.93,6.83,1.64,4.20,4.29,4.28,5.01,2.53,1.70,8.72,0.85,0.85,3.42,1.68,5.93,4.09,1.65,0.84,0.78,0.84,3.33,5.13,2.51,0.79,3.25,3.40,5.79,9.15,3.39,4.23
4	88535994	88537893	ACAGCAGCG	1.33	HG01771:4.30	2.45,0.82,0.81,2.49,0.83,2.49,1.67,2.50,1.67,0.80,2.51,0.83,1.65,2.47,0.80,1.64,1.71,1.71,0.87,2.47,3.20,2.50,2.90,0.84,0.85,0.86,2.45,1.68,0.81,0.85,2.44,0.84,1.68,2.55,1.71,1.66,1.61,3.30,0.85,1.65,0.78,1.62,2.52,1.89,0.86,0.83,2.51,0.84,2.55,0.82,3.35,0.84,4.30,1.66,3.27,0.83,0.82,4.48,1.74,2.61,1.62,0.81,1.64,0.81,0.81,3.42,0.82,1.66,1.64,1.71,1.65,0.83,1.73,1.67,2.46,0.81,1.67,1.71,1.66,1.66,0.85,2.57,1.67,0.87,0.84,0.87,1.66,1.71,0.83,1.71,1.65,0.82,1.72,0.86,2.51,0.84,1.70,0.85,3.42,0.85,0.84,0.78,0.83,0.84,0.85,1.67,1.58,1.63,1.65,1.69
7	3621202	3622466	ACCTACCTGAGGGAG	1.32	HG01771:2.58	0.83,1.66,0.83,0.80,0.82,0.80,0.84,2.55,1.65,0.83,0.84,1.66,2.51,0.84,2.58,1.63,0.86,0.87,0.87,4.07,0.83,0.82,0.84,0.83,0.84,0.87,0.83,0.82,0.82,0.84,0.84,0.79,0.81
Y	58971569	58972939	AATCGAATGGAATGC	1.31	HG01771:11.19	3.27,4.90,3.26,5.82,4.17,6.66,4.16,2.50,4.17,7.52,0.80,1.67,5.03,1.66,4.25,6.73,9.04,2.44,1.64,5.97,2.56,6.06,3.29,9.61,3.34,4.87,0.81,5.05,0.97,2.53,4.32,4.90,1.68,6.60,4.07,6.31,5.93,6.52,3.43,0.84,0.84,4.20,1.70,6.07,6.00,5.80,5.79,6.43,6.60,4.23,4.13,1.56,1.62,5.98,7.55,6.70,3.30,3.45,7.57,3.35,5.87,5.11,10.68,2.51,3.37,11.19,4.16,6.54,6.66,6.04,13.07,2.53,3.23,5.38,2.61,1.74,4.85,4.83,2.46,4.89,5.70,8.54,4.11,7.47,9.44,5.74,4.27,6.62,4.16,9.51,0.84,4.93,7.30,5.96,7.50,2.57,7.42,1.68,2.48,7.45,0.84,8.52,7.07,2.57,5.02,7.53,6.98,5.81,5.79,0.86,10.76,0.82,4.27,2.46,5.04,1.72,3.43,8.35,7.59,3.40,6.98,9.31,4.23,1.71,0.84,12.71,6.54,2.47,3.36,2.33,0.84,0.84,1.71,10.25,3.25,14.44,0.83,2.55,5.93
19	4012014	4012291	ACACCCCTCACACCTCC	1.30	HG01771:1.72	0.85,2.37,1.73,1.65,0.83,1.70,1.72
10	14417009	14417340	AAGGG	1.26	HG01771:1.72	0.83,0.85,1.72,0.86,0.82,0.86,1.64,0.83
14	32356636	32357959	AAGG	1.24	HG01771:3.44	1.63,0.81,1.66,0.83,2.39,3.35,0.83,2.52,0.82,1.61,0.87,0.81,0.81,0.97,1.68,1.72,1.68,0.84,0.85,0.87,2.57,0.83,0.85,0.78,0.85,0.84,2.51,0.83,2.51,1.64,0.84,3.44,0.82,3.33,0.86,0.84,1.69,0.87,1.74,2.42,0.82,0.81,0.85,0.83,0.86,0.82,0.83,1.73,0.82,1.62,0.86,0.83,1.70,1.57,1.71,0.84,1.66,0.86,0.83,1.64,0.82,0.84,0.85,0.87,0.85,0.84,1.69,0.84,0.84,1.71,0.84,0.79,0.85,0.83,0.85
1	3500323	3501038	AACGCGCAGCCACCAGAC	1.23	HG01771:31.84	20.41,27.74,25.24,23.28,17.53,22.46,22.44,21.65,15.03,15.04,31.11,25.06,25.13,16.64,25.53,19.36,27.97,19.73,20.37,23.34,19.70,22.18,20.50,25.09,23.84,22.43,37.56,17.04,14.51,22.71,22.27,29.51,16.16,19.87,26.15,10.90,18.15,15.47,23.66,25.41,8.96,23.18,31.92,20.18,26.06,21.26,26.02,19.72,28.17,22.33,26.52,14.86,29.64,32.23,25.79,25.13,17.08,26.01,24.30,23.07,17.93,19.00,17.65,22.46,20.92,33.55,22.99,26.28,22.61,21.05,31.84,17.47,13.08,28.31,21.56,21.01,27.76,20.22,28.24,22.40,25.20,18.27,19.41,26.58,17.24,18.74,26.05,24.78,18.89,21.59,18.88,29.54,30.75,23.16,23.31,26.80,20.10,16.43,22.70,21.27,14.99,23.14,23.08,13.43,22.36,30.65,10.88,17.90,29.87,23.14,15.05,25.24,19.24,18.33,12.45,12.84,16.55,16.28,15.72,14.80,15.36,24.63,13.43,24.87,15.42,18.37,18.56,18.68,12.21,21.15,18.61,23.10,21.85,18.64,26.17,26.39,18.48,16.30,32.65,19.13,17.70,24.78,16.72,18.92,13.83,20.38,23.99,9.15,20.37,18.63
2	40426775	40427787	AAATATATATATAT	1.21	HG01771:3.44	4.08,1.66,0.83,1.67,0.84,1.60,0.84,0.85,3.29,0.82,2.41,1.64,0.85,0.87,0.82,0.83,0.81,4.21,1.63,1.65,2.54,1.56,0.81,0.85,0.84,0.84,6.59,0.94,4.99,0.84,1.70,1.64,3.44,0.84,0.87,1.61,0.85
5	17883281	17884632	AAAG	1.20	HG01771:8.61	5.71,1.63,0.83,2.50,0.83,1.66,2.50,3.34,3.34,3.19,0.84,3.35,2.55,5.05,6.58,8.22,6.52,5.98,4.33,6.58,1.60,2.50,3.22,2.52,0.97,1.73,3.27,6.71,4.13,8.96,4.73,0.85,0.86,3.36,3.36,0.87,7.72,2.48,1.61,4.13,1.69,0.83,5.47,6.49,9.40,6.70,5.66,4.20,4.16,5.02,2.52,5.96,5.75,3.35,3.37,8.61,3.33,2.52,8.98,3.37,2.42,2.69,0.87,1.61,7.39,4.07,6.84,1.64,1.66,1.64,1.71,3.31,5.83,6.92,3.29,3.35,2.56,0.87,0.85,9.10
21	45630529	45631325	AGGG	1.20	HG01771:1.72	0.79,1.72,0.83,0.84,0.86,0.84,0.87,0.79,0.83
8	87103013	87103958	AAAG	1.18	HG01771:2.58	0.83,0.80,0.85,2.50,0.81,0.84,0.86,0.78,2.43,1.68,1.65,0.84,2.58,0.82,0.87,0.82,1.63,0.81,0.83,0.86,0.82,0.81,0.84,0.83,1.67,2.56,0.82,0.85,0.85,0.86,0.82,1.67
12	92821862	92822379	AAGGAAGGAAGGGAGGGAGG	1.17	HG01771:3.44	2.45,1.66,2.51,0.84,0.82,0.82,0.80,2.56,0.83,1.61,2.52,4.22,1.73,0.82,0.85,0.85,0.87,2.57,2.41,1.69,0.83,0.81,2.52,0.82,1.66,2.51,0.82,0.84,3.44,0.83,2.42,1.73,1.67,0.82,0.81,0.86,1.67
19	15784071	15785761	AATGAGTGAGTGAGGAGAGG	1.16	HG01771:12.05	8.16,1.63,1.63,9.15,6.68,4.16,9.14,1.67,0.83,4.18,11.17,9.19,0.84,3.33,3.40,5.89,1.65,3.29,10.59,8.05,0.82,5.97,3.42,5.19,4.93,0.80,5.84,4.87,4.84,1.68,6.78,7.59,5.95,2.59,1.63,2.52,3.30,2.44,0.79,1.69,10.59,1.72,1.68,4.20,9.54,4.29,9.11,4.96,6.43,9.91,5.93,2.48,6.25,11.35,9.40,4.19,3.30,5.66,5.18,3.36,2.50,5.86,4.19,9.37,7.39,1.67,1.68,12.05,16.64,1.63,1.67,1.73,4.20,3.27,11.80,2.42,3.58,2.61,3.48,4.04,3.22,7.39,7.33,6.51,5.98,13.14,4.15,5.15,6.56,8.54,4.14,3.33,3.46,1.67,1.64,11.35,3.40,0.83,1.71,4.20,4.14,2.48,3.35,6.82,1.57,2.51,3.35,2.62,6.64,3.42,12.41,0.86,3.31,5.75,3.41,6.57,0.84,4.29,2.57,0.84,4.22,3.40,1.74,3.38,1.69,2.57,0.85,1.64,14.84,9.24,1.55,5.02,4.16,0.84,3.42,0.84,1.58,1.63,5.10,4.14,4.99,0.85,2.54
16	58865124	58866211	AAGGAGGG	1.16	HG01771:2.58	2.50,0.82,0.80,4.27,3.46,1.66,0.83,0.83,0.94,1.66,2.53,2.58,1.69,0.83
7	138305721	138307451	AGAT	1.13	HG01771:10.33	3.27,5.71,7.33,6.65,2.50,6.66,8.31,4.16,4.17,6.69,3.99,6.68,4.19,3.33,4.25,5.05,0.82,1.64,8.96,6.44,6.57,3.41,6.83,8.65,6.58,7.21,9.18,6.49,3.22,5.89,4.84,4.22,5.95,3.46,6.54,5.87,1.65,6.51,8.68,1.69,4.07,6.01,5.04,6.73,2.52,4.25,4.34,9.43,7.46,9.93,4.02,7.43,4.23,4.96,4.69,2.43,3.42,9.23,3.35,2.47,6.61,6.05,8.41,3.33,8.37,1.68,4.26,2.51,5.05,10.33,5.82,8.99,1.67,6.04,3.36,6.53,7.58,4.03,8.96,6.08,8.70,5.66,5.64,4.11,8.96,8.96,5.98,4.11,2.49,3.43,7.39,5.98,3.31,4.16,4.32,5.86,5.75,2.43,4.25,4.17,8.57,3.30,9.23,7.45,4.14,4.19,4.26,6.29,4.29,8.36,6.96,9.20,6.11,6.64,11.13,5.79,9.42,3.31,8.22,4.27,9.03,6.72,5.15,5.14,1.67,8.44,1.70,3.49,5.08,8.46,9.41,4.20,5.93,6.54,4.12,5.88,5.43,4.19,4.16,3.37,3.42,2.51,5.52,4.07,8.49,3.31,2.49,4.24,3.39
6	32209442	32210944	AAGG	1.10	HG01771:12.91	3.27,4.99,6.66,2.49,1.67,0.83,4.18,11.17,5.01,1.68,9.85,0.85,1.73,0.82,8.12,0.84,2.90,5.90,11.06,10.37,0.82,3.35,12.38,6.51,5.52,1.69,8.15,8.40,9.25,17.65,0.85,6.94,0.86,9.10,4.82,0.83,4.23,5.47,3.36,6.70,19.78,9.50,11.71,0.84,0.82,1.67,0.84,12.91,11.65,8.33,12.08,4.20,1.63,9.27,8.07,0.90,13.90,8.90,9.78,5.70,13.67,2.46,2.49,6.56,2.56,0.83,3.33,7.78,6.70,9.03,14.47,7.42,1.68,9.11,2.51,8.65,9.43,7.52,3.35,6.98,2.49,7.70,3.31,0.86,0.83,4.10,0.84,1.72,0.84,0.85,1.69,1.69,1.71,2.54,0.82,2.52,7.49,4.27,0.84,8.95,2.55,0.83,4.23
4	90017413	90018883	AATATATATATATGATGG	1.09	HG01771:21.51	3.27,17.14,0.83,3.34,1.66,4.16,4.19,11.78,3.29,1.63,4.92,1.71,6.92,24.66,7.25,6.73,0.84,19.87,11.44,1.68,1.58,0.84,0.86,0.83,6.77,0.83,33.60,1.62,12.81,1.68,1.68,0.82,22.65,0.86,15.13,0.84,16.75,0.84,21.51,0.84,1.63,12.87,1.65,17.03,13.61,18.33,13.71,17.31,12.42,23.87,3.14,3.43,20.89,6.64,9.42,9.03,15.87,9.60,12.84,12.60,14.41,0.82,18.48,11.64,31.82,7.64,4.99,16.13
22	47774355	47775628	AGG	1.09	HG01771:10.33	2.45,1.63,4.89,4.99,5.84,2.50,0.83,9.16,1.67,4.18,3.99,10.02,3.35,1.66,5.11,0.84,2.47,3.29,3.26,8.85,5.75,1.71,2.56,2.60,3.29,0.80,6.68,6.49,8.86,1.68,2.90,6.75,5.10,0.86,4.09,5.87,1.65,7.33,1.58,6.77,1.63,8.59,4.20,2.52,5.04,8.50,6.07,4.29,5.80,3.31,4.82,2.48,3.39,2.48,6.25,5.67,2.56,5.03,6.70,1.65,4.72,5.18,6.73,4.16,4.18,3.35,2.55,4.11,0.84,5.89,10.33,4.16,7.36,2.50,2.59,5.88,4.90,3.37,1.61,0.90,4.34,1.74,3.23,4.83,5.75,4.07,0.81,3.42,2.46,4.15,1.72,4.92,1.71,3.31,3.33,2.59,7.54,7.39,4.86,5.11,10.00,5.14,9.89,5.03,8.28,8.28,7.54,9.38,7.07,3.43,3.34,13.06,3.35,4.36,5.81,7.70,2.48,6.00,2.48,5.75,9.39,4.10,3.36,6.86,1.71,8.35,8.44,5.09,6.11,5.92,7.61,0.86,5.88,4.24,12.27,2.47,1.68,6.70,4.99,5.90,7.69,5.01,5.52,4.88,5.94,6.62,7.48,6.79,3.39
4	674711	675993	AGCGCCGCCCCGCCCCCTCC	1.09	HG01771:5.16	0.82,1.66,0.83,0.83,0.83,4.18,2.51,2.50,0.85,0.84,1.63,0.80,0.82,0.85,0.85,0.87,2.50,0.81,1.63,2.52,2.37,0.81,1.72,1.70,0.86,4.14,2.41,1.65,1.65,3.13,0.84,2.51,0.82,5.82,3.35,0.84,1.64,0.84,0.84,5.16,0.83,0.82,1.67,1.73,0.84,0.81,0.90,3.48,1.62,1.64,0.81,0.86,0.85,0.83,5.68,0.83,3.43,2.47,1.66,0.84,1.70,0.86,1.67,2.51,0.83,1.71,3.28,1.68,0.86,1.71,1.69,1.70,4.36,1.69,1.69,5.72,0.84,5.86,1.71,0.79,2.44,3.31,4.16,4.23
19	3322182	3323033	ATCC	1.04	HG01771:2.58	0.83,0.83,0.80,0.84,1.68,0.82,0.85,0.85,0.82,1.67,2.43,0.97,0.81,0.86,1.71,0.83,0.83,0.80,0.83,0.85,0.83,0.85,0.82,0.84,0.85,2.58,0.82,2.50,0.87,0.85,0.86,0.86,0.82,1.67,0.85,0.84,0.84,1.75,0.86,0.85,0.86,3.34,0.84,1.70,0.85,0.82,0.85,0.81,0.85,0.85
20	56884096	56884827	ACAGGGGCGGGGCCCGGCAG	1.03	HG01771:1.72	0.83,0.84,1.66,0.81,0.79,0.83,0.84,0.84,1.72,0.84,0.90,0.83
11	1882393	1883527	ATCC	1.02	HG01771:8.61	5.71,2.45,0.81,3.33,5.84,4.16,4.16,5.83,6.68,6.69,1.60,3.34,4.19,4.16,5.96,4.21,1.65,1.64,2.44,2.41,4.10,4.27,1.71,3.46,3.29,3.20,2.50,4.87,0.81,8.41,0.97,4.22,8.51,1.73,3.27,4.19,3.30,4.73,0.85,3.26,5.04,2.52,1.68,0.85,2.60,6.86,0.83,4.14,3.21,4.95,3.39,4.13,0.81,1.71,5.03,2.51,4.72,3.45,5.88,1.66,8.37,4.19,5.11,2.46,0.84,0.84,8.61,9.15,6.54,6.66,1.73,5.04,4.08,1.69,4.03,2.69,3.48,6.09,3.23,2.42,4.11,3.26,2.44,3.29,2.49,5.15,4.10,2.56,3.31,2.50,3.46,2.51,7.39,0.81,5.11,5.00,4.28,4.94,3.36,2.48,3.31,3.35,5.97,2.36,4.29,4.18,6.09,4.18,7.86,5.81,3.42,3.31,10.28,4.96,4.93,5.97,3.28,3.36,5.15,4.28,2.51,3.38,5.09,1.74,0.85,8.46,2.57,4.20,1.69,2.45,1.65,2.52,2.33,2.50,5.13,1.67,2.37,4.07,0.85,1.65,3.33,5.94,0.85
10	48320879	48321500	ACAGACCACCCATCCACC	1.02	HG01771:3.44	2.45,0.82,0.81,0.83,1.66,1.67,3.34,1.67,1.68,1.70,1.68,0.81,0.82,1.71,1.73,0.83,0.81,0.81,2.90,0.84,1.70,0.85,0.86,0.84,2.55,1.71,0.83,1.61,0.83,1.65,0.84,0.84,0.82,0.86,4.11,0.84,3.44,0.83,1.63,1.67,0.82,1.79,1.74,0.87,2.44,1.63,0.82,0.83,1.67,0.86,0.84,0.82,0.85,0.83,1.70,0.84,0.84,1.75,1.66,2.57,0.85,0.86,0.84,2.55,0.87,0.85,0.85,0.84,0.85,1.64,2.52,0.85,0.84,0.79,0.83,2.54
20	62719568	62720801	ACAGATCCTGGCCTCTCTGC	1.02	HG01771:2.58	0.81,0.83,0.80,0.83,0.82,2.41,1.64,1.62,0.97,0.85,0.82,0.79,0.84,0.84,1.65,0.80,0.83,0.84,1.65,0.94,0.84,1.68,1.64,0.84,2.58,0.83,0.83,0.84,0.87,0.82,0.81,0.85,0.86,0.81,0.85,0.83,0.82,0.83,0.86,1.67,1.71,0.84,0.87,0.85,1.68,1.64,0.78,0.84,0.83,0.84,0.81,0.85,0.83,0.85
1	21852937	21854023	AAAAG	1.01	HG01771:8.61	0.82,1.66,9.19,22.97,20.48,3.46,6.58,3.34,9.91,10.16,4.05,10.91,8.61
9	86543308	86544228	AAAG	1.00	HG01771:1.72	0.81,0.84,0.84,0.84,1.72,0.82,1.71,0.85,0.82,1.67,2.51
