motif	top_case_zscore	high_case_counts	all_counts
AAGAAGAAGGAG	52.40	HG01707:52.40	78.13,52.40
AATGAGTGAGCGGGCAGAGG	4.52	HG01707:12.48	8.16,1.66,5.82,1.67,4.18,3.19,0.84,0.85,4.11,8.22,1.63,5.97,7.40,0.83,1.62,2.42,1.68,1.70,1.73,5.87,1.58,0.86,5.88,1.70,0.87,10.16,4.13,6.49,17.62,0.82,11.33,6.73,12.48,3.29,0.84,4.30,1.66,0.87,2.46,6.52,0.82,6.64,2.57,0.82,9.21,0.82,4.86,3.43,0.82,0.85,0.87,0.85,0.85,0.83,0.85,4.23
AACTACCACCATGACCCT	3.87	HG01707:17.47	4.08,9.79,13.84,5.82,0.83,14.14,4.16,2.50,2.39,2.51,6.70,1.66,6.81,14.31,7.40,3.29,9.78,0.80,4.92,6.83,2.56,3.29,11.22,1.67,9.67,13.46,0.97,2.53,4.25,4.32,8.99,3.35,4.95,4.89,7.89,3.26,5.15,5.04,5.04,12.14,0.83,3.31,0.80,1.65,1.56,13.78,2.56,0.84,6.59,7.55,7.77,17.47,15.06,1.68,11.07,4.11,1.67,10.95,4.09,1.67,2.52,2.45,2.53,4.03,2.69,7.82,0.87,2.43,1.61,4.93,2.44,0.81,1.71,5.75,4.15,4.29,4.92,1.71,2.48,3.33,9.03,4.05,0.83,10.71,18.22,6.70,0.79,1.67,0.84,7.70,3.43,2.48,1.64,1.64,9.23,0.86,3.40,0.87,3.38,0.86,14.41,0.82,1.55,10.05,2.50,0.84,12.61,7.32,1.66,1.69
ACCCGCACTGCCATCGCC	3.12	HG01707:5.82	1.63,0.82,0.83,0.83,0.84,0.80,1.68,0.83,0.85,4.11,2.47,1.63,0.82,0.85,1.62,1.94,1.70,0.86,2.45,0.84,0.83,1.58,0.81,0.86,0.84,1.68,1.73,1.61,1.65,3.39,6.49,0.85,0.82,2.83,5.82,2.52,0.82,2.50,0.84,1.61,1.74,0.87,0.81,0.81,0.81,0.82,0.83,1.72,0.85,0.83,2.51,1.64,0.84,1.70,1.57,0.84,1.67,0.87,0.86,0.83,1.71,1.64,0.84,0.86,0.84,0.86,4.91,0.84,0.78,2.51,0.85,3.94,0.83
ACACAGCTCACGACAGCACC	1.81	HG01707:3.33	1.63,1.67,1.70,0.82,3.22,1.63,1.65,0.84,0.84,0.82,1.68,3.33,0.84,0.84,1.74,0.85,0.83,0.85,0.84,1.70,1.69,0.83
ACGCCGGGGGCTCCGCAGGC	1.61	HG01707:2.50	0.83,1.67,0.81,0.82,0.82,0.81,0.97,0.86,0.83,0.81,0.84,0.84,0.85,0.81,0.84,0.84,2.50,0.84,0.86,0.84,0.81,0.81,0.82,0.85,0.82,2.36,0.86,0.85,0.82,0.84,1.63,0.85,0.83
AATGCGGGGAGGACGAGG	1.54	HG01707:5.82	0.82,0.81,1.66,2.50,5.82,1.67,0.83,0.80,0.84,1.68,0.83,1.70,1.68,2.47,0.82,2.44,0.82,0.85,1.67,4.06,3.22,1.68,2.90,2.55,0.86,2.45,1.68,1.65,0.81,0.79,1.69,4.07,0.86,2.52,1.68,3.36,0.85,0.87,0.86,1.66,1.65,3.21,2.54,2.48,2.43,2.56,1.68,0.84,2.47,0.94,5.82,1.67,1.68,1.70,0.84,0.86,0.83,0.82,2.52,3.27,0.84,4.03,1.79,0.87,0.87,1.62,0.81,1.64,1.63,3.26,1.71,0.82,0.83,0.82,0.83,3.33,1.73,0.84,0.82,2.43,3.40,0.83,0.86,0.82,0.83,0.83,1.67,1.70,7.07,1.71,0.84,1.74,2.51,4.36,1.66,1.71,1.65,0.83,0.82,0.85,3.28,0.86,0.86,5.01,2.53,0.85,0.85,3.36,0.82,2.52,1.55,13.40,2.50,0.84,0.85,2.51,2.44,5.94,4.14,1.66,0.85
ACAGGAGGAGCCCCTATCCC	1.38	HG01707:13.31	8.98,6.53,9.77,6.65,9.18,7.49,3.32,2.50,5.84,1.67,1.60,2.51,7.54,2.55,7.57,10.69,5.75,2.44,6.44,1.64,8.53,2.56,3.46,8.22,4.81,5.01,5.68,5.64,3.36,1.94,4.22,6.80,6.91,4.09,6.71,4.13,4.89,14.99,6.77,4.07,7.73,8.40,7.57,10.09,10.20,3.47,6.86,3.31,5.79,10.45,5.78,5.93,3.31,12.50,7.30,3.42,7.55,4.19,4.12,7.55,1.73,3.36,13.31,4.18,4.19,3.41,6.57,10.05,5.89,8.61,4.99,2.45,5.83,7.76,8.40,6.53,6.74,14.52,2.69,6.95,1.74,9.70,8.86,4.11,13.85,8.96,6.84,9.86,1.66,5.15,11.49,6.83,5.79,5.00,4.32,5.86,5.75,10.54,6.81,3.33,3.43,3.30,3.36,4.14,8.28,9.21,3.41,7.07,4.29,3.34,4.35,2.51,3.49,4.98,3.42,10.76,0.86,0.83,7.40,4.27,4.10,5.88,12.01,10.28,2.51,12.66,0.85,4.36,10.15,3.38,1.71,3.36,2.54,16.35,8.25,6.72,8.54,10.88,5.82,7.58,5.13,5.85,10.25,13.02,6.79,5.79,4.16,5.09,5.08
ACACGGGACTACACGGGGCT	1.38	HG01707:4.16	1.63,2.45,0.81,1.66,1.66,0.83,0.83,0.80,4.11,4.07,1.61,0.82,0.87,0.80,2.43,0.81,0.84,1.69,0.84,2.37,0.86,0.83,1.65,0.78,3.24,0.85,0.84,0.84,1.65,4.16,0.84,0.84,0.85,1.64,0.86,0.84,0.81,0.90,0.81,0.82,1.63,0.85,2.46,3.40,3.33,0.82,0.83,0.84,1.57,0.83,0.86,0.83,1.65,4.10,1.69,1.70,0.87,0.85,0.85,1.64,0.84,5.69,0.83,0.85,0.85
AAGAGGTGGTAGTATT	1.30	HG01707:18.30	4.90,3.26,1.66,24.20,0.83,7.51,3.34,9.36,0.84,0.80,3.28,1.71,1.71,19.90,13.97,23.24,5.95,4.90,1.69,5.70,2.58,1.68,18.50,1.70,0.87,14.57,0.83,0.83,7.81,3.42,2.51,0.82,0.94,11.23,18.30,1.67,2.51,7.58,9.15,11.44,1.67,12.94,10.92,7.35,1.69,0.81,0.87,0.81,0.81,15.60,0.81,0.81,3.42,7.47,1.64,4.96,4.16,1.73,2.51,21.89,1.70,6.63,6.62,1.70,2.54,1.65,0.85
