motif	top_case_zscore	high_case_counts	all_counts
ACGCCAGTCTCTGCCCC	5.05	HG01625:17.02	4.90,7.34,13.84,9.15,4.17,1.66,11.64,0.83,5.84,6.69,13.56,4.18,2.51,2.50,11.78,9.05,7.40,4.89,4.02,4.92,2.56,7.69,7.79,8.81,2.50,4.87,6.45,5.05,7.74,4.22,9.36,5.18,4.90,8.39,7.43,7.33,7.10,5.08,1.63,4.29,5.04,3.36,4.20,4.25,6.07,2.57,4.14,5.79,4.02,1.65,7.62,5.79,12.50,17.02,5.98,4.19,9.22,9.06,6.61,5.18,0.84,12.48,6.69,5.87,8.52,9.03,10.89,6.74,4.30,5.82,4.09,2.50,6.04,4.20,11.43,1.69,5.65,4.48,0.87,5.22,8.09,5.64,5.75,4.07,4.89,6.84,4.11,9.97,7.72,4.92,9.39,4.14,6.66,5.19,8.37,2.46,4.05,3.40,5.00,5.14,3.30,8.39,7.45,9.11,0.84,9.38,3.93,6.00,1.67,6.09,5.02,1.75,3.32,4.28,4.14,10.28,14.89,4.11,5.12,9.85,6.72,5.15,4.28,1.67,9.28,5.94,3.49,2.54,5.07,5.99,5.88,1.69,4.09,9.90,5.04,9.32,14.23,6.65,1.69,7.69,5.85,7.88,12.20,5.10,8.27,6.65,6.79,5.93
ACTCCCACTGCCTCCCT	4.26	HG01625:6.49	1.63,0.82,0.83,1.67,1.67,4.18,0.80,0.87,2.50,2.53,0.78,6.49,0.84,2.47,0.94,0.83,0.84,2.53,0.90,0.83,0.86,2.48,1.70,0.79,2.61,0.83,1.71,1.67,0.85,8.25,0.83,1.67,0.79,0.85
AACCCAGGACCCCTCTACAG	4.16	HG01625:12.16	2.45,3.26,0.81,8.31,7.51,2.50,6.65,5.83,5.01,10.87,2.39,1.67,5.86,2.50,5.11,1.68,5.76,1.64,1.63,8.05,2.46,4.27,3.42,5.19,3.29,3.20,0.83,4.06,1.61,0.84,3.87,3.37,8.51,0.86,6.54,4.19,3.30,1.63,3.94,1.69,1.63,2.58,3.36,4.20,3.36,5.10,5.20,6.00,2.49,5.79,7.23,0.83,2.54,2.48,4.69,12.16,5.13,10.91,3.35,2.47,1.73,4.20,3.33,5.86,8.21,5.86,3.37,7.74,1.66,4.09,3.33,3.45,1.68,0.82,6.45,4.48,7.82,3.48,3.23,1.61,5.75,2.44,0.81,3.42,0.82,4.98,3.43,7.39,3.42,6.62,5.00,5.19,2.51,6.57,4.05,5.96,5.00,3.43,8.24,3.36,1.66,0.83,7.54,6.82,3.93,5.14,3.34,3.48,2.51,6.11,4.98,2.57,4.14,6.00,4.96,5.75,5.97,0.82,7.55,1.72,6.00,5.85,5.06,3.40,3.49,5.92,5.92,1.71,5.88,3.39,2.45,2.47,8.40,3.88,3.35,4.16,5.90,5.98,2.51,1.58,3.25,6.79,4.96,2.49,3.39,5.08
ACCCGCACTGCCATCGCC	3.78	HG01625:6.49	1.63,0.82,0.83,0.83,0.84,0.80,1.68,0.83,0.85,4.11,2.47,1.63,0.82,0.85,1.62,1.94,1.70,0.86,2.45,0.84,0.83,1.58,0.81,0.86,0.84,1.68,1.73,1.61,1.65,3.39,6.49,0.85,0.82,2.83,5.82,2.52,0.82,2.50,0.84,1.61,1.74,0.87,0.81,0.81,0.81,0.82,0.83,1.72,0.85,0.83,2.51,1.64,0.84,1.70,1.57,0.84,1.67,0.87,0.86,0.83,1.71,1.64,0.84,0.86,0.84,0.86,4.91,0.84,0.78,2.51,0.85,3.94,0.83
AAGTGATGTAGCATCCC	3.65	HG01625:11.35	5.82,1.66,1.67,8.35,11.65,2.52,9.78,1.71,2.42,10.93,5.87,0.81,2.52,11.35,1.68,0.84,2.83,4.19,2.55,1.72,2.55,2.62,1.55,0.83
AAGGAAGGAGGG	2.78	HG01625:3.24	3.19,0.84,4.10,0.81,0.83,0.78,3.24,0.86
ACACATATATATGTATACAT	2.43	HG01625:2.43	2.43,0.86,4.99
ACCGTGGGGACGGCTGAG	1.68	HG01625:4.86	2.45,0.81,1.66,0.83,1.60,4.21,0.82,1.64,3.26,0.80,0.85,1.73,1.64,0.80,5.01,0.81,0.84,2.55,2.45,3.30,0.79,0.85,1.72,1.68,5.04,0.85,1.66,4.14,1.65,0.78,4.86,0.85,0.84,0.86,0.82,0.86,2.50,2.45,0.82,1.69,0.90,1.62,0.81,0.82,2.44,4.07,0.85,1.64,0.83,0.83,1.67,1.66,0.83,2.51,0.85,0.79,1.67,2.49,1.65,2.47,0.85,0.82,0.86,1.67,1.69,0.85,3.49,0.85,0.85,0.86,2.52,0.82,0.84,0.83,0.81,1.70,0.83
ACCATGACCTCCACCTCC	1.51	HG01625:1.62	1.63,0.85,1.62,1.67,0.83
ACCCTATCC	1.28	HG01625:230.24	57.15,41.62,105.03,66.52,50.91,73.21,26.60,78.28,33.40,47.64,58.23,63.48,36.02,79.04,19.57,69.85,60.87,34.52,13.85,53.93,45.96,60.58,52.11,24.22,98.64,48.87,70.94,95.77,33.85,52.15,50.34,32.04,27.22,63.07,58.83,43.61,39.60,29.31,173.52,119.40,60.31,30.91,24.36,8.41,61.37,20.41,11.27,27.43,13.25,77.75,126.17,20.64,12.70,57.85,82.83,230.24,81.15,25.17,9.22,182.94,60.41,12.09,36.99,58.22,14.23,3.35,5.96,44.35,16.75,39.58,39.58,26.62,28.61,14.16,102.64,51.25,11.43,86.78,20.17,50.18,49.53,86.15,97.04,31.42,81.29,62.75,47.22,66.65,80.51,16.61,57.49,21.33,94.80,112.50,17.49,45.81,202.66,110.88,30.00,33.19,5.83,89.12,28.02,135.94,79.51,241.86,31.81,45.18,61.30,12.86,95.30,24.37,154.77,15.71,193.38,42.80,143.15,11.14,86.87,40.28,132.29,160.89,85.62,86.62,12.85,151.16,56.54,103.56,326.29,49.91,66.81,65.03,4.20,99.16,181.54,154.20,68.05,357.10,519.95,21.63,49.72,55.54,54.33,50.46,410.02,33.97,43.85,81.48,111.18,70.28
AAGGTATGGGTGCGG	1.13	HG01625:3.24	2.45,3.26,1.66,1.67,0.83,0.84,0.80,2.50,1.70,0.82,1.64,0.83,2.42,0.84,0.83,3.13,3.24,1.67,0.84,2.45,1.69,0.81,3.24,0.82,1.68,0.83,1.68,0.85,1.68,1.65,0.83,1.71
AATATACATATAG	1.10	HG01625:1.62	0.81,0.85,1.65,0.81,0.84,1.62,0.84,0.87,0.82
