motif	top_case_zscore	high_case_counts	all_counts
AACACCAGCGACATG	15.59	HG01770:29.47	3.27,0.82,0.83,2.50,0.83,0.83,0.83,2.51,0.80,0.84,0.84,1.65,0.82,1.63,0.80,1.64,1.71,1.60,2.50,1.62,1.68,0.84,1.70,1.68,3.30,3.26,2.37,1.69,3.26,0.86,0.84,2.52,3.36,1.70,2.60,0.83,0.83,0.80,1.65,0.85,0.78,1.71,1.68,42.85,1.89,0.86,0.84,0.83,1.67,0.84,1.64,0.84,29.47,0.86,0.86,0.84,1.63,2.42,1.79,0.87,1.62,0.81,0.81,0.85,1.64,3.43,2.46,1.71,0.83,0.86,0.84,1.64,0.86,0.84,2.48,1.66,0.84,0.85,1.57,0.84,2.61,4.18,2.49,1.71,1.71,5.79,4.93,3.28,1.68,3.43,4.28,1.67,4.22,0.85,4.23,4.23,4.28,6.72,0.85,0.82,5.77,4.66,1.66,0.84,0.85,6.69,0.79,3.25,0.85,0.83,5.09,2.54
AACACCAGGGACATG	14.33	HG01770:16.84	0.82,0.81,0.83,0.83,1.66,0.83,0.84,0.80,1.67,1.66,0.82,0.80,0.82,0.85,0.85,0.87,0.82,1.60,1.67,0.81,2.42,0.84,1.94,1.70,0.86,2.52,0.83,0.79,0.81,0.84,0.84,0.85,1.73,0.86,0.83,0.83,1.61,0.83,0.85,2.34,1.62,0.85,1.68,0.84,21.43,1.73,2.50,2.51,1.70,0.82,16.84,0.83,0.82,0.84,0.82,0.84,0.87,2.61,1.62,1.61,1.63,0.85,0.82,0.83,1.72,2.48,1.67,1.67,1.64,2.43,3.40,1.71,0.82,1.66,0.86,2.51,1.74,1.67,1.75,0.83,1.64,1.71,0.82,4.22,0.85,0.85,1.68,0.82,2.33,0.84,1.69,0.83,2.55,1.69
ACATAT	8.75	HG01770:10.11	1.65,10.11,0.82,0.86,7.26,1.61,0.85,0.84,1.66,2.56,0.84,2.52,1.68,0.84,3.33
ACCACCACCTCCATC	2.25	HG01770:3.37	1.66,3.32,0.83,1.67,0.81,0.84,0.84,0.84,2.56,3.37,1.71,0.84,0.83,0.84,7.45
ACTCCATCCATCC	2.20	HG01770:7.58	1.63,4.08,3.26,4.99,5.01,0.83,3.34,0.84,3.99,4.18,2.51,3.40,0.84,5.76,1.64,1.63,0.80,1.64,1.71,4.33,3.29,1.60,6.68,0.81,2.52,1.94,1.69,2.55,2.45,1.68,1.65,0.81,6.31,2.54,1.63,1.72,2.52,1.68,4.20,2.57,1.66,1.65,2.41,3.30,0.85,1.65,3.91,2.56,2.52,1.68,4.94,4.72,1.73,1.67,8.39,0.82,0.84,7.58,6.02,3.27,1.73,1.68,0.82,0.84,4.03,1.79,0.87,0.87,2.43,1.61,1.64,4.89,2.56,3.29,2.49,1.72,0.82,3.42,0.83,3.33,2.59,1.67,0.82,1.62,4.25,5.00,4.12,0.83,2.51,2.56,4.72,0.86,1.67,0.84,1.75,5.81,0.86,4.96,2.47,3.41,2.46,5.04,0.86,0.86,0.84,2.53,0.85,1.69,0.86,2.52,1.69,4.09,2.47,2.52,2.51,3.33,3.42,0.84,1.58,2.55,1.65,4.16,4.24,1.69
AGATAT	1.68	HG01770:1.68	1.68,0.85
AATACATATATAG	1.63	HG01770:2.53	0.83,0.84,0.80,0.84,0.82,0.87,0.81,0.85,1.72,0.85,0.83,0.83,0.81,0.86,0.85,2.53,3.37,0.90,0.86,0.81,1.70,0.83
ACTGCAGGG	1.48	HG01770:4.21	0.83,1.68,0.82,0.80,6.41,2.42,5.79,2.48,3.42,12.57,4.21,8.57,0.84,0.87,0.84,0.87,0.86,0.86,4.28,0.84,0.85,0.84,0.81
ACAGGCGTCCCATGAGGGC	1.19	HG01770:2.53	1.63,0.82,0.83,0.83,0.83,1.60,0.83,0.82,3.22,0.82,1.73,0.83,0.81,0.82,0.79,1.73,0.83,0.85,1.56,0.82,1.70,0.82,2.53,0.83,1.63,0.81,0.87,0.81,0.81,0.81,0.86,0.82,0.85,0.83,0.86,0.82,0.85,0.79,0.81,0.85
