#contig	start	end	unit	top_case_zscore	high_case_counts	all_counts
9	134295340	134295751	AAGG	10.05	HG01630:10.05	10.05
X	40415922	40417090	AAAG	9.20	HG01630:19.27	0.82,1.63,0.81,0.83,11.17,4.18,9.78,0.82,4.03,0.84,2.90,4.22,1.70,2.59,0.81,0.86,0.84,0.87,2.48,8.11,12.58,19.27,1.67,1.68,2.58,1.63,1.69,2.42,2.61,1.62,2.42,0.81,0.85,0.85,7.44,4.16,1.73,2.55,0.83,2.48,3.43,0.87,6.85,1.64,0.86,3.38,1.69,0.85,2.52,4.16,5.13,1.67,0.81,2.48,4.16,3.39
17	93456	94048	AAGGTAATCAATAGAGG	7.46	HG01630:7.54	1.64,7.54,1.63,0.85,0.79
1	199819413	199820739	AAAG	6.14	HG01630:10.89	0.81,1.67,0.83,5.01,5.01,3.34,2.51,3.37,2.47,1.64,4.83,1.64,0.87,1.64,3.34,1.61,0.84,1.94,1.73,0.82,2.48,1.58,4.34,1.71,4.14,4.95,0.85,1.65,0.78,6.49,1.71,1.68,10.89,1.65,2.52,1.66,1.68,4.16,12.26,1.74,2.44,3.42,3.29,0.82,5.98,1.67,1.64,3.24,5.11,2.52,1.66,0.83,3.35,4.29,0.87,2.51,0.83,1.65,0.86,3.41,0.84,4.23,1.69,0.84,0.82,0.84,0.85,4.18,0.85
10	839015	840830	AATGTCGGTCCTACCC	4.89	HG01630:28.48	15.51,17.14,20.35,9.15,14.19,13.31,13.30,9.99,11.69,25.07,19.14,20.05,19.27,15.81,13.61,11.78,20.56,9.86,13.04,20.93,18.06,3.41,18.80,17.30,11.51,21.63,23.37,15.42,22.56,17.66,18.39,17.71,15.31,8.64,8.99,14.26,18.98,17.10,28.39,12.70,17.11,11.16,7.56,10.93,10.09,8.50,16.48,22.29,18.23,10.75,22.50,6.60,11.01,16.53,14.85,11.35,16.23,24.33,28.48,18.13,13.21,23.32,10.93,25.78,21.76,10.06,11.92,13.96,15.07,13.47,14.63,8.32,18.80,13.32,25.88,10.92,8.98,20.22,14.52,20.61,12.16,13.05,12.94,16.11,14.78,22.00,18.73,11.11,12.32,16.61,14.59,20.51,15.37,20.68,12.49,10.37,8.37,8.21,15.40,12.76,9.16,11.14,9.89,12.59,7.45,14.08,12.56,11.08,19.65,11.14,7.52,13.06,17.57,18.33,14.94,8.56,14.89,15.42,14.07,10.69,7.68,7.39,15.11,5.15,8.57,13.36,10.13,5.94,14.83,9.31,10.99,7.70,5.88,10.17,18.81,9.07,12.60,10.87,20.09,7.49,10.11,10.25,12.54,14.98,11.39,18.68,13.24,11.64,16.97,6.77
3	74708238	74709825	AATATACACAGTATAT	4.80	HG01630:22.62	8.98,13.06,6.51,19.96,10.02,13.31,9.14,9.16,10.85,8.36,14.36,13.36,6.70,9.98,6.81,9.26,7.40,13.15,11.41,15.29,10.67,5.12,6.83,5.19,8.22,5.61,17.53,6.49,20.15,8.41,18.39,10.12,9.36,6.05,7.35,13.42,7.43,5.70,9.46,7.62,11.41,3.43,5.04,5.04,10.93,18.71,14.74,6.00,2.49,9.93,8.04,14.03,17.78,14.05,10.94,9.73,12.81,13.42,22.62,9.89,18.88,2.59,7.57,13.31,6.69,9.23,11.07,13.14,10.89,5.05,9.47,8.32,4.90,6.66,13.80,4.20,6.53,10.95,8.07,3.58,5.21,6.96,14.56,18.53,5.75,10.59,5.70,14.53,13.97,19.10,17.16,13.95,17.93,6.62,9.99,12.97,9.21,7.39,5.68,4.25,8.33,6.86,10.71,10.91,10.77,16.57,7.54,7.67,12.57,6.86,5.02,6.09,4.18,6.98,9.13,5.99,3.31,13.71,9.10,12.33,4.27,9.85,12.59,2.57,6.00,15.03,7.59,2.55,2.62,8.46,7.61,5.13,5.88,11.02,13.90,9.07,6.72,7.76,15.07,6.65,3.37,12.82,9.19,16.56,8.95,11.89,13.24,6.65,5.94,7.62
16	52784343	52785499	AGGGG	4.22	HG01630:8.38	0.82,1.63,3.26,3.34,1.66,0.83,0.83,2.50,5.01,1.60,2.51,0.84,1.66,0.85,3.37,2.47,4.11,4.07,1.61,2.46,2.56,1.71,0.87,2.47,2.40,3.34,1.62,4.03,1.68,3.87,0.85,2.59,5.72,4.19,1.65,1.63,1.58,0.81,1.72,1.68,1.68,2.55,3.47,1.71,0.83,0.83,2.41,2.48,1.69,2.48,1.56,2.43,0.85,2.52,8.38,1.89,2.59,4.20,1.66,2.51,1.70,0.82,2.53,3.44,4.16,2.45,0.83,0.86,3.36,1.63,2.53,3.23,2.61,0.87,1.62,0.81,2.46,1.63,1.63,3.42,3.32,0.86,0.82,0.85,1.73,1.67,3.24,2.55,3.33,1.71,1.65,1.68,1.66,1.66,2.51,2.56,2.36,1.71,1.67,3.48,0.84,1.75,3.32,2.57,1.65,4.28,4.14,3.29,2.56,1.64,0.84,3.43,1.67,0.84,0.85,3.49,1.69,5.07,1.71,0.84,2.54,0.82,0.82,1.68,0.83,1.69,2.56,1.58,2.44,3.40,2.48,1.66,2.55,4.23
5	11448	12079	AACCCT	4.11	HG01630:5.86	0.81,0.83,0.83,0.83,0.85,0.82,1.63,0.82,0.80,1.62,0.81,0.97,0.86,1.63,1.63,0.79,0.86,0.84,0.87,1.66,1.61,2.54,0.81,0.85,5.86,0.82,1.66,0.84,0.85,0.86,0.84,3.23,0.90,0.87,0.81,0.82,0.81,1.66,0.86,0.83,0.83,0.84,1.62,0.85,1.66,0.84,0.85,0.79,0.86,0.87,0.87,0.83,1.65,2.46,0.86,0.84,0.85,0.84,2.51,0.83,1.71,1.58,0.81,1.70,0.85
6	29762776	29763977	AAAG	3.56	HG01630:6.70	4.17,1.66,3.99,0.84,2.44,3.28,14.52,2.43,0.83,0.85,2.52,6.70,5.82,4.93,2.45,1.70,1.68,5.92,2.54,1.69
8	23797540	23798372	AAAAT	3.53	HG01630:4.19	1.63,0.83,8.35,15.04,3.29,0.85,4.19,0.84,0.82
13	27133313	27134404	AAAG	3.46	HG01630:24.30	13.67,11.25,7.40,9.74,17.65,18.71,24.30,13.21,16.43,5.65
11	375131	375990	AAGGGAGGGAGGAGG	3.42	HG01630:16.76	1.63,6.53,5.70,9.98,0.83,1.66,5.82,6.66,3.34,5.85,0.80,5.85,1.68,4.16,0.85,5.05,5.76,1.63,0.80,4.92,5.12,0.85,2.60,5.75,2.40,4.17,1.62,4.03,4.21,3.87,7.59,5.95,3.46,4.09,4.19,3.30,0.81,3.94,1.69,0.81,6.01,5.04,7.57,16.81,2.55,1.73,2.57,8.28,13.66,9.08,1.69,7.81,8.92,7.69,4.19,16.76,5.77,2.83,3.45,6.73,8.32,3.35,5.87,3.41,4.11,5.02,4.21,10.33,5.82,3.27,5.00,4.31,3.36,4.08,3.23,3.58,0.87,11.32,2.42,9.03,10.59,2.44,5.98,9.04,0.82,5.12,0.83,9.16,1.73,0.84,1.64,3.24,5.11,0.83,1.71,7.42,7.55,4.14,15.74,0.84,4.26,13.36,1.71,7.52,1.74,1.67,8.30,6.85,14.07,2.57,3.31,2.47,4.27,2.46,5.04,2.57,3.34,5.94,5.23,0.85,9.24,3.39,2.45,12.37,4.66,15.07,2.50,2.53,0.85,1.67,11.04,8.14,3.40,5.79,2.49,11.88,1.69
17	77867111	77868448	ATC	3.40	HG01630:10.05	2.45,0.82,3.26,4.16,3.34,4.99,5.82,2.50,5.01,6.69,3.99,2.51,1.68,2.50,3.40,6.73,0.82,3.29,6.52,1.61,2.46,3.41,0.85,3.46,3.29,4.17,2.43,4.03,3.36,1.94,1.69,1.70,3.46,5.72,0.84,4.95,1.63,4.73,5.08,4.89,5.15,4.20,3.36,8.41,1.70,4.34,2.57,3.31,4.96,1.65,2.54,3.31,1.68,10.05,3.30,4.72,2.59,5.88,4.16,4.18,2.52,7.66,3.29,0.84,4.21,1.72,6.66,7.36,1.67,2.59,0.84,0.82,3.37,3.23,1.79,2.61,5.22,3.23,2.42,4.93,3.26,5.70,1.71,3.29,0.83,4.29,3.28,0.85,2.48,2.50,3.46,5.86,2.46,1.62,7.66,3.33,4.28,2.47,0.84,4.14,2.48,3.35,0.85,1.57,1.71,3.34,10.45,1.67,2.62,1.66,0.86,0.83,5.14,1.65,5.75,5.12,1.64,2.52,1.72,0.86,4.18,1.69,1.70,1.74,4.23,3.38,2.57,0.84,1.69,1.64,2.47,1.68,2.33,0.84,0.83,2.53,2.56,0.84,1.58,4.07,1.70,1.65,0.83,3.39,2.54
5	127875896	127876005	ATATATATC	3.35	HG01630:3.35	3.35,0.82,0.86
4	123637895	123638268	ACACATATGTATATAT	3.34	HG01630:3.35	3.35,1.70,0.82
18	51660582	51662076	AAAG	3.30	HG01630:19.27	0.82,15.50,2.44,4.99,11.68,9.98,10.81,4.16,5.01,15.04,15.16,0.84,0.84,1.66,3.40,8.42,4.11,11.41,5.63,9.03,3.41,5.98,5.19,6.58,10.42,17.53,0.81,7.25,0.84,1.94,4.22,3.40,6.91,8.99,5.03,16.50,5.70,22.87,1.69,4.89,1.72,8.40,7.57,2.52,1.70,4.34,1.71,8.28,9.10,4.82,4.13,2.54,1.56,1.62,5.13,13.42,19.27,0.94,1.73,2.52,5.82,5.86,4.19,2.46,13.40,4.30,5.82,6.54,3.33,2.59,2.52,4.08,4.21,2.42,8.07,7.82,3.48,7.28,14.50,9.85,5.70,2.44,5.13,1.64,3.32,5.15,3.28,5.12,2.48,6.66,8.64,15.07,6.57,6.49,3.40,1.67,0.82,4.14,0.84,3.14,6.11,2.57,2.48,17.92,1.64,4.20,1.71,0.85,0.87,0.86,2.52,0.85,2.52,5.43,2.50,1.69,1.71,0.84,1.58,4.88,4.25,3.31,1.66,5.09,0.85
11	64320298	64321022	ACC	3.28	HG01630:7.54	2.45,1.63,1.63,0.83,4.16,1.66,1.67,0.83,2.51,1.60,0.84,1.66,0.85,4.21,1.65,1.63,2.41,3.28,2.56,1.73,1.64,1.60,3.34,0.81,2.42,1.68,0.97,1.69,4.25,0.86,3.27,2.52,0.83,0.81,0.79,0.81,1.72,1.68,1.68,2.52,1.73,1.71,2.49,2.48,1.61,2.48,2.54,1.65,2.34,0.81,0.85,0.84,7.54,1.65,0.94,0.84,3.33,3.35,0.84,0.85,0.82,2.51,0.84,2.58,3.33,0.82,1.67,0.86,1.68,3.27,2.42,1.79,2.61,2.61,0.81,1.61,1.64,4.07,0.81,4.27,0.82,1.66,1.72,0.82,0.85,2.48,0.83,1.73,0.84,4.93,0.81,0.85,3.33,2.47,5.03,2.48,4.97,0.84,4.26,1.57,1.71,0.84,1.67,2.62,2.49,0.86,0.83,1.71,0.83,3.29,0.85,4.93,1.68,0.86,1.71,1.67,2.53,1.70,0.87,3.38,4.23,0.86,2.52,2.54,1.64,2.47,0.84,2.33,0.84,1.66,5.06,1.71,0.84,0.79,1.63,2.55,0.85,1.69
14	32923440	32924168	AAGGAGGG	3.16	HG01630:3.35	0.83,0.84,0.81,4.05,3.35,0.84
Y	13855158	13870137	AATGG	2.95	HG01630:28.48	15.51,17.95,13.84,12.47,12.52,17.47,11.64,14.99,20.87,25.07,9.57,10.86,20.10,15.81,11.06,9.26,11.52,15.62,11.41,13.68,26.26,10.24,24.78,31.14,21.37,16.83,16.69,19.48,8.06,23.55,12.59,7.59,9.36,2.59,8.99,3.35,12.38,14.20,2.54,13.04,6.01,22.68,4.20,11.77,3.40,26.02,3.43,21.54,31.43,10.45,15.69,6.77,3.31,12.50,10.54,4.27,8.39,28.48,12.36,5.66,10.36,21.86,4.16,18.41,12.58,5.96,13.14,5.86,8.42,17.21,6.66,9.81,4.16,26.74,6.72,16.33,2.53,17.75,7.17,19.98,16.53,16.17,13.69,12.32,11.41,15.47,22.22,17.25,11.63,11.15,22.98,6.83,9.10,11.66,6.05,18.42,4.11,17.84,5.96,18.33,8.57,10.71,10.07,13.25,9.94,17.58,4.26,13.36,7.71,10.03,1.74,18.41,4.36,19.92,3.42,18.20,17.13,9.10,2.47,22.19,9.03,8.39,6.86,16.28,10.02,7.59,5.94,16.58,4.23,20.30,11.98,2.52,9.32,9.00,3.30,10.92,15.53,13.40,3.33,18.54,7.69,4.18,12.61,12.20,1.70,20.68,10.81,14.43,7.62
5	1539033	1540914	ACACAGGGCC	2.87	HG01630:22.62	19.59,12.24,17.10,11.64,11.68,12.48,12.47,7.49,10.02,10.03,11.97,17.54,6.70,9.15,7.66,10.94,13.16,15.62,13.85,12.07,9.85,10.24,13.67,19.03,15.62,12.02,9.18,17.04,9.67,14.30,10.65,17.71,16.16,11.23,17.16,12.58,14.85,13.03,20.51,9.32,9.78,9.44,10.92,16.81,20.18,16.16,16.48,10.29,18.23,10.75,20.09,12.38,18.63,16.53,19.54,10.54,16.23,15.10,22.62,16.48,11.33,12.09,15.97,9.98,17.57,10.90,11.92,16.43,9.21,16.84,18.07,9.15,12.26,15.82,12.08,10.08,11.43,11.80,21.79,12.55,13.03,16.53,8.09,12.89,8.21,19.56,16.28,12.82,15.61,5.81,16.30,17.23,15.37,7.44,17.49,12.97,15.91,9.86,17.03,14.47,15.83,11.14,10.71,12.59,11.60,15.74,12.56,15.34,14.15,13.71,10.03,18.28,16.73,9.60,14.11,7.70,15.72,16.28,10.76,15.62,11.10,15.60,11.75,8.58,15.42,16.70,11.81,19.52,16.58,13.54,10.99,10.27,15.12,32.20,16.35,17.32,19.32,12.42,16.75,15.80,13.48,15.38,10.87,22.08,19.52,12.74,19.03,12.47,11.03,6.77
GL000224.1	15510	15999	AAGG	2.87	HG01630:5.03	1.63,3.26,0.81,0.83,0.83,3.33,0.83,0.84,0.80,0.84,2.51,0.85,2.60,0.81,0.86,0.83,0.81,2.52,1.61,1.65,0.85,0.83,0.84,5.03,0.82,1.89,0.86,1.64,1.68,1.72,2.59,0.82,1.64,0.82,0.84,0.84,0.87,2.48,0.84,0.85,0.84,0.85,0.83,0.85
7	157270626	157271959	AAAG	2.85	HG01630:12.57	2.45,10.58,0.83,5.82,12.47,0.83,8.35,9.15,0.84,0.82,0.81,3.22,4.92,0.85,9.86,0.80,3.34,1.68,0.84,0.85,1.65,1.63,1.69,0.81,0.85,1.71,1.66,2.48,8.26,6.25,12.57,0.86,0.84,0.84,9.23,1.70,0.82,2.58,0.83,1.68,1.69,0.87,0.81,0.81,2.56,0.82,2.48,1.73,2.43,2.55,0.84,0.85,0.79,0.84,0.87,0.87,0.83,0.82,1.68,1.72,1.71,1.69,0.87,0.86,1.69,0.83,1.71,0.84,0.81,0.85
10	132769118	132770423	AAGG	2.76	HG01630:25.13	8.16,17.14,4.99,4.16,4.16,2.51,2.51,9.21,29.78,3.28,4.27,0.85,5.75,0.84,3.46,3.27,4.19,1.69,6.72,19.34,0.84,1.73,2.57,3.31,4.96,4.02,0.83,21.17,3.31,10.16,7.69,25.13,3.78,1.68,1.70,0.82,1.66,4.16,2.45,1.69,3.58,2.61,3.23,2.42,1.64,1.63,19.10,8.21,0.83,4.05,8.51,12.50,0.84,5.80,16.57,7.67,11.00,0.84,6.69,11.98,24.82,9.10,17.07,3.36,3.43,6.85,13.36,4.24,2.52,27.12,3.27,1.68,1.55,9.21,7.49,9.27,19.22,7.32
14	37232612	37233884	AAAG	2.67	HG01630:5.86	2.45,2.44,2.49,0.83,1.66,0.83,1.67,3.34,1.60,0.84,2.50,1.70,0.84,0.82,1.63,0.80,0.82,2.56,0.85,0.87,2.50,1.62,0.81,0.84,1.94,0.84,2.55,0.86,1.63,0.83,1.63,0.79,0.85,3.26,0.86,2.52,0.84,1.70,0.87,1.66,0.83,0.80,1.65,2.54,1.65,2.34,3.24,5.13,0.84,5.86,1.65,0.94,4.32,0.84,0.83,1.70,1.64,1.67,0.84,1.66,0.83,0.86,0.84,4.08,0.90,0.87,0.87,1.62,1.61,0.82,1.63,2.44,5.13,0.82,1.71,0.83,1.67,1.73,1.67,1.64,1.62,1.70,2.50,0.86,0.83,0.83,1.57,0.86,0.84,0.87,2.49,0.86,2.57,0.82,1.68,1.72,0.84,2.53,0.85,0.87,0.85,0.85,0.85,0.82,0.78,0.84,0.83,0.84,0.85,2.51,0.79,4.07,0.85,1.65
1	3784740	3785697	ACACCACACCACGCC	2.54	HG01630:7.54	0.82,1.63,4.89,5.82,1.67,0.83,1.66,4.16,5.01,2.51,3.99,1.66,2.55,0.84,1.64,1.61,0.82,2.56,3.42,3.46,1.64,4.81,0.83,3.25,1.61,2.90,3.37,5.95,1.63,4.19,2.44,5.52,0.85,0.81,3.43,2.52,2.52,2.55,0.87,1.71,1.66,1.65,4.82,0.83,2.54,4.13,3.91,4.05,0.85,1.68,7.54,2.47,7.55,4.32,4.18,1.70,1.64,5.86,2.53,1.72,4.99,3.33,2.59,4.20,0.84,3.23,2.61,1.74,3.23,4.03,2.44,0.85,1.64,1.66,2.57,4.10,2.56,1.65,0.83,1.73,1.64,0.81,0.85,2.57,2.47,5.03,2.48,3.31,3.35,0.85,2.36,0.84,0.87,0.84,1.75,2.49,1.71,2.48,2.57,1.65,4.11,3.41,2.46,1.68,0.86,3.43,1.67,3.38,1.70,3.49,0.85,4.23,1.71,0.84,3.39,4.09,1.65,1.68,2.33,1.67,5.13,2.51,2.37,1.63,2.55,2.48,3.33,1.70,1.69
22	43890724	43893560	ACCACCACCACCTCC	2.51	HG01630:16.76	7.35,2.45,8.14,4.16,2.50,4.16,14.13,5.00,10.85,10.87,6.38,9.19,1.68,6.66,2.55,7.57,12.34,14.80,8.15,6.44,9.03,11.95,6.83,0.87,9.04,14.42,12.52,9.74,2.42,7.57,14.52,8.43,5.95,6.05,11.44,10.90,4.95,3.26,7.10,12.70,12.22,6.01,3.36,7.57,11.77,5.95,3.47,6.86,15.74,14.06,9.64,9.08,5.93,9.09,4.69,5.67,4.27,5.87,16.76,12.36,5.66,4.32,10.09,7.49,14.23,10.06,14.48,4.93,8.37,7.58,2.58,6.66,6.54,13.32,8.63,8.40,7.35,11.80,4.84,6.27,6.08,3.48,4.85,4.83,6.57,13.04,7.33,8.54,7.39,4.98,3.43,9.85,5.12,8.27,16.65,7.78,5.02,1.64,14.59,5.96,3.33,8.57,4.12,2.52,5.80,8.28,5.02,5.11,15.72,3.43,5.85,3.48,7.53,4.36,0.83,5.99,7.45,7.71,0.83,6.58,4.27,9.03,5.04,5.15,8.57,3.34,8.44,7.64,11.34,7.61,1.69,5.99,5.04,3.39,9.00,7.42,2.52,9.32,4.19,3.33,5.06,2.56,8.36,11.83,3.25,5.94,4.14,5.82,7.64,1.69
4	83923116	83923604	AAGGG	2.51	HG01630:2.51	2.51,2.69
4	167587111	167587196	AATATATATGGATATATATG	2.51	HG01630:2.51	2.51
X	127133980	127133981	AAAT	2.51	HG01630:2.51	2.51
X	18499511	18499798	AAGG	2.51	HG01630:2.51	2.51
8	111176164	111176277	AAAT	2.51	HG01630:2.51	0.82,2.51
3	157702245	157702327	AGAT	2.51	HG01630:2.51	0.81,2.51
10	107002523	107002623	AAATATATAT	2.49	HG01630:2.51	0.82,0.86,2.51,0.84
19	2801660	2802837	ACACCCCCACCTCCCG	2.46	HG01630:5.86	3.27,0.82,0.81,0.83,0.83,2.50,0.83,2.50,2.51,1.60,0.84,3.35,4.16,2.55,0.82,0.82,0.80,1.64,1.71,1.71,0.80,0.83,3.25,0.81,0.84,2.90,1.69,3.40,1.73,2.45,0.84,2.48,0.81,0.79,2.58,2.52,1.68,2.57,2.49,1.65,1.61,0.83,2.54,1.56,1.62,5.86,1.65,0.94,0.86,3.36,1.66,1.67,0.84,3.41,1.67,2.53,3.27,0.83,1.63,3.37,0.81,2.69,4.35,2.43,0.81,1.64,2.44,0.81,0.85,0.83,1.64,0.85,1.65,1.67,1.73,1.64,1.70,1.67,2.57,0.82,2.52,1.66,1.66,0.84,2.36,0.86,3.34,2.61,1.67,0.83,2.57,0.83,2.57,0.83,1.64,0.85,1.64,1.68,1.72,0.86,1.67,0.84,1.69,1.69,3.36,1.69,3.27,0.82,0.84,0.78,5.02,0.83,1.71,0.79,1.63,1.70,1.65,0.83,0.85,2.54
6	65004595	65005816	AAG	2.44	HG01630:21.78	8.16,9.79,26.05,2.50,9.98,14.13,5.83,10.85,7.52,7.18,10.02,19.27,5.82,7.66,0.82,10.69,4.02,9.03,12.80,10.25,14.71,5.75,7.21,19.20,19.48,3.22,10.09,8.71,0.84,7.66,1.73,4.09,6.71,9.08,17.91,11.04,11.86,0.81,6.01,2.52,5.04,9.25,9.35,4.34,1.71,11.60,8.27,11.25,7.43,10.16,9.09,24.22,12.16,0.85,10.07,21.78,12.36,10.38,6.05,5.04,19.96,18.41,9.23,10.22,13.14,7.54,10.95,8.61,9.98,3.27,12.49,4.31,11.76,4.08,9.27,12.10,16.13,0.87,12.94,4.03,5.75,13.03,8.54,2.46,9.44,19.69,5.12,15.72,5.00,8.64,0.84,9.03,10.54,2.55,3.33,14.57,14.01,15.10,1.66,14.08,11.72,6.82,7.07,12.86,5.22,10.04,8.73,4.15,9.41,6.62,9.42,7.45,7.40,10.24,8.39,10.29,6.85,6.68,10.13,13.58,11.34,6.77,6.77,2.57,8.40,13.56,13.90,11.54,15.12,9.32,6.70,6.65,5.90,6.84,7.52,12.61,9.76,8.49,6.62,14.97,13.58,8.47
6	14151239	14151493	AAGG	2.44	HG01630:2.51	2.50,2.51,0.82,2.51,0.85
13	84433822	84435088	AAAG	2.31	HG01630:4.19	0.81,1.67,0.80,1.68,2.50,0.85,0.84,0.82,0.85,0.84,0.97,2.55,4.09,0.84,0.84,1.70,1.69,0.78,4.19,1.65,5.66,0.82,2.51,1.73,0.84,0.81,0.90,0.81,0.81,0.85,0.84,0.81,0.85,0.79,0.86,0.84,1.67,0.83,0.85,0.82,0.84,1.69,1.74,0.86,0.84,0.84,0.79,0.81
7	38163528	38164772	ACATATATACATATATAT	2.15	HG01630:5.03	1.67,0.83,2.51,1.64,0.85,1.63,0.83,1.72,3.36,1.73,0.83,4.69,4.05,2.52,5.03,2.55,1.64,1.67,2.50,1.73,0.84,0.87,4.93,0.83,0.86,1.67,7.47,3.43,0.85,1.68,0.84,0.83,2.53,1.71
15	90206071	90207732	AACTGACTCTGTGGCCCTGG	2.04	HG01630:15.08	2.45,0.82,4.07,7.48,4.17,9.15,1.66,3.33,10.02,8.36,2.39,12.53,10.05,6.66,11.06,15.99,3.29,5.75,3.26,3.22,6.57,0.85,1.71,6.06,11.51,3.20,2.50,4.87,0.84,7.74,5.06,3.40,4.32,4.90,10.06,8.25,4.89,0.79,1.69,3.26,3.43,9.24,4.20,7.57,7.65,4.34,6.00,0.83,11.58,6.43,3.30,5.93,3.31,2.34,2.43,6.83,5.03,15.08,11.54,2.83,3.45,5.04,2.50,2.51,0.84,8.52,4.93,5.86,2.53,12.05,8.32,6.54,5.00,8.63,5.04,3.27,16.85,6.45,0.90,13.03,0.87,9.70,1.61,4.93,9.78,4.89,9.40,10.68,6.01,4.10,8.54,4.14,4.16,3.46,5.86,9.86,3.24,5.96,8.33,8.57,13.19,6.71,10.77,3.31,7.54,7.67,6.29,1.71,7.52,6.09,3.35,1.75,2.49,7.70,0.83,4.28,7.45,9.87,6.83,10.67,12.59,4.29,5.14,7.52,3.38,7.64,5.23,1.69,21.99,3.42,8.40,7.63,5.72,5.77,12.60,12.42,5.02,10.81,5.90,9.40,4.18,7.10,17.90,5.94,10.75,10.81,9.34,14.39
16	88226151	88227395	ACC	2.00	HG01630:15.92	5.71,7.34,1.63,4.99,4.17,9.98,5.82,7.49,10.02,5.01,7.98,4.18,10.05,5.82,5.11,10.10,5.76,11.51,0.81,8.85,8.21,5.97,13.67,7.79,3.29,13.62,17.53,7.30,16.12,5.05,10.65,7.59,3.40,6.05,3.27,7.55,0.83,4.89,7.10,3.39,5.70,6.01,9.24,1.68,5.04,3.40,3.47,8.57,9.11,5.79,14.46,10.73,14.40,4.96,7.81,4.86,5.13,6.71,15.92,4.12,5.66,8.64,9.25,4.99,2.51,10.06,6.81,7.39,10.89,8.42,6.88,3.33,3.27,5.00,5.18,4.20,4.90,3.37,7.26,4.48,4.34,6.96,4.85,5.64,7.39,6.52,4.89,2.56,8.22,9.97,4.29,7.39,5.98,8.27,5.00,4.32,5.02,6.57,2.43,0.85,5.83,5.14,3.30,4.20,2.48,9.11,5.02,2.56,6.29,3.43,0.84,6.96,8.37,4.36,5.81,5.14,4.14,4.28,5.79,11.51,6.83,11.49,10.91,3.43,8.57,3.34,7.59,6.79,5.23,4.23,4.23,3.42,5.88,2.54,22.08,14.84,9.24,13.20,9.21,13.31,10.11,11.11,5.01,1.58,7.32,0.85,6.62,8.31,7.64,2.54
2	11093185	11094830	ACATCC	1.95	HG01630:43.56	33.47,32.64,28.50,43.24,19.20,27.46,30.75,26.65,20.87,28.42,25.53,25.06,18.43,40.77,48.50,23.56,29.61,18.90,31.78,24.15,22.16,17.07,25.63,25.95,17.26,26.44,31.72,34.09,23.37,37.01,16.46,21.08,22.97,12.09,16.34,27.67,16.50,28.50,24.45,17.78,21.19,27.47,21.00,24.38,31.94,25.51,20.81,27.43,22.37,33.09,33.75,18.99,29.64,33.06,34.38,33.24,29.04,15.10,43.56,36.26,27.37,20.73,29.42,24.12,23.43,27.68,36.62,37.78,20.94,25.26,30.12,33.28,25.34,33.31,25.01,26.89,21.23,28.65,29.05,24.20,21.72,13.92,28.30,27.39,28.74,30.15,30.94,23.07,36.97,24.08,16.30,36.93,19.64,15.72,16.65,18.15,27.64,9.03,24.32,24.68,29.16,23.99,31.32,24.34,39.75,28.16,25.95,22.16,21.22,27.43,22.57,17.41,18.41,25.32,15.77,33.38,24.82,32.55,23.99,28.77,30.73,25.45,31.90,13.72,12.85,38.42,48.10,22.07,19.19,27.92,26.22,22.25,21.01,22.88,31.07,48.65,21.84,22.51,23.44,32.44,15.17,33.32,26.75,26.81,16.27,27.18,27.30,40.74,26.31,28.79
1	234275101	234276329	AAAAT	1.91	HG01630:22.62	15.50,8.96,29.98,23.39,21.78,16.30,28.38,12.50,22.62,13.42,9.26,0.82,12.00,16.57,28.44,15.77,8.35,11.54,15.96
6	51854268	51855090	AAAGAAGGAAGGAAGGAAGG	1.91	HG01630:3.35	0.81,1.70,0.80,0.80,2.37,1.69,0.81,0.78,3.35,1.68,0.83,1.63,1.62,0.85,1.68,0.79,0.82,0.86,0.84,0.82,0.84,1.67,0.84,0.79,1.63
13	29160688	29162105	AAG	1.90	HG01630:17.59	16.33,9.79,8.96,0.83,4.17,12.48,5.82,20.82,7.51,3.34,3.19,2.51,5.86,8.32,13.61,1.68,7.40,5.75,2.44,6.44,14.77,6.83,2.56,1.64,0.80,3.34,2.43,13.70,4.21,3.87,3.37,4.25,2.59,0.82,1.68,4.95,6.51,7.10,7.62,11.41,6.01,10.08,10.09,6.73,4.25,7.80,1.71,4.14,3.31,3.21,9.08,4.23,6.61,8.60,1.62,11.96,14.26,17.59,8.24,8.50,12.09,2.52,14.97,3.35,5.87,13.63,10.68,15.91,12.63,12.05,2.50,14.71,2.50,6.04,0.84,9.80,2.53,5.65,5.38,4.34,8.70,8.09,7.39,13.04,4.07,6.84,12.32,4.15,7.72,7.39,4.27,6.62,11.66,6.92,7.54,3.29,3.24,7.66,10.00,13.19,5.87,1.66,4.14,4.19,16.20,2.36,10.28,0.87,4.18,2.62,9.13,0.86,6.62,10.28,1.64,9.39,4.10,10.07,18.01,7.71,11.69,10.97,9.34,13.09,5.08,2.57,1.68,12.71,10.63,7.42,17.64,8.54,15.07,4.16,14.33,10.25,6.69,10.25,4.07,8.27,3.33,8.49,17.78
2	95702163	95705085	ACTCACTCACTCACTCAGTC	1.85	HG01630:7.54	2.45,0.82,1.63,2.49,2.50,0.83,4.16,0.83,5.84,4.18,0.80,1.67,2.51,3.33,3.40,1.68,3.29,2.44,2.41,3.28,0.85,1.71,1.73,1.64,4.81,2.50,2.43,5.64,1.68,2.90,5.06,1.70,0.86,3.27,3.35,0.83,1.63,4.73,2.44,1.72,2.52,2.52,1.68,0.85,2.60,0.86,2.49,1.65,4.02,4.95,1.69,2.48,1.56,1.62,1.71,4.19,7.54,1.65,2.83,8.64,4.20,2.50,4.18,4.19,0.85,3.29,2.51,2.58,2.50,6.54,0.83,1.73,1.68,0.82,4.21,3.23,0.90,1.74,6.09,4.04,2.42,1.64,2.44,0.81,1.71,0.82,0.83,3.43,0.82,5.12,4.96,1.67,2.59,6.70,3.29,1.62,1.70,1.67,5.14,4.12,5.87,1.66,1.66,0.84,3.41,3.14,1.71,1.74,1.67,2.62,1.66,0.86,2.48,0.86,2.48,4.93,0.85,3.28,2.52,2.57,3.43,1.67,3.38,2.55,4.36,1.69,4.28,5.04,5.93,0.82,2.47,0.84,1.55,1.67,1.66,1.69,5.98,2.51,1.58,3.40,3.31,2.49,1.70,5.08
16	25914645	25915982	ATCC	1.85	HG01630:3.35	1.67,0.84,0.84,0.85,1.65,0.79,1.69,2.55,0.87,1.66,0.85,3.35,1.73,2.52,1.67,1.66,0.83,0.82,1.79,0.81,0.82,0.83,0.86,0.82,0.86,0.86,0.82,0.84,0.85
7	80866577	80867452	AAGG	1.82	HG01630:2.51	1.70,0.84,0.84,2.51,1.74,0.84,1.67,0.87,0.87,0.83,0.78
4	21758199	21759299	AAAG	1.81	HG01630:5.03	2.49,2.50,3.99,0.84,4.27,0.87,0.81,0.85,0.86,0.84,3.15,0.86,0.84,2.55,4.97,4.96,0.80,0.85,2.34,5.03,2.51,1.70,0.83,6.72,6.45,0.90,2.61,1.62,1.61,0.81,0.81,0.85,1.64,0.83,0.81,0.87
1	4691998	4694042	ACACAGC	1.79	HG01630:15.92	6.53,9.79,7.33,10.81,7.51,8.32,14.13,1.67,7.51,1.67,3.19,5.85,2.51,4.99,8.51,5.05,6.58,7.40,7.33,3.22,2.46,2.56,5.13,3.46,6.58,1.60,5.84,8.93,4.84,9.25,3.87,5.90,8.51,11.23,7.35,0.84,3.30,5.70,8.68,3.39,1.63,12.02,3.36,8.41,1.68,2.55,13.01,5.14,9.94,5.79,6.43,8.26,5.93,7.44,28.91,8.92,3.42,12.58,15.92,1.65,5.66,8.64,8.41,7.49,6.69,4.19,5.11,2.46,16.75,3.37,3.44,14.14,1.63,5.00,6.04,2.52,16.33,6.74,15.33,2.69,8.69,11.31,4.04,4.83,1.64,9.78,10.58,3.42,10.68,6.64,7.72,9.85,6.83,7.44,8.33,7.78,2.51,9.03,1.62,11.06,6.66,4.28,1.65,3.36,4.14,3.31,6.70,4.26,3.14,17.14,1.67,0.87,7.53,6.98,4.98,8.56,4.14,9.42,9.93,0.82,5.12,5.75,6.72,4.29,10.28,10.02,3.40,0.87,5.92,6.77,2.57,1.68,4.24,3.27,13.19,8.40,6.99,6.70,5.82,2.53,0.85,5.85,5.52,7.32,4.25,1.65,4.99,1.70,1.69
20	30477280	30478403	AAAG	1.77	HG01630:2.51	0.84,0.83,0.84,0.86,0.83,2.51,0.81,0.84,1.68,0.83,0.84,0.85,0.86
7	18022282	18023376	AAG	1.76	HG01630:8.38	8.16,0.83,10.37,5.13,5.15,1.70,4.29,0.80,16.94,9.92,0.78,0.85,1.68,8.38,0.83,0.86,1.65,0.84,0.85,9.46
2	129098664	129099173	ACCACCACCACCACCATC	1.74	HG01630:6.70	2.45,2.44,1.66,2.50,1.66,0.83,1.67,1.67,0.80,2.51,0.84,1.66,4.25,2.52,4.94,3.29,2.44,1.61,2.46,1.71,2.56,1.73,1.64,0.80,1.67,2.43,1.61,3.36,4.84,7.66,1.73,8.17,1.65,3.26,3.15,2.54,0.81,1.72,0.84,0.84,5.04,1.71,0.83,1.65,2.48,1.65,3.91,3.24,4.27,1.68,6.70,1.89,1.68,2.50,1.68,1.70,4.93,0.84,1.68,1.72,2.45,1.67,1.68,3.27,1.69,1.61,1.79,3.48,2.61,5.64,0.82,3.26,3.26,4.27,0.82,1.66,4.29,3.28,4.27,1.65,2.50,1.73,2.51,4.11,1.62,0.85,0.83,1.71,1.65,2.48,0.83,0.85,0.79,1.71,1.67,1.74,1.67,1.75,1.66,1.71,1.65,0.86,1.65,0.82,5.97,0.86,1.71,4.18,4.22,1.70,4.36,0.85,0.84,3.39,2.45,2.47,1.68,1.55,6.70,2.50,1.69,0.85,0.84,0.79,4.07,0.85,2.48,0.83,1.70,0.85
1	168997557	168998722	AAAG	1.74	HG01630:4.19	3.26,0.81,1.60,0.84,0.85,0.82,0.81,1.68,0.84,4.29,0.83,0.85,0.84,4.19,0.84,0.83,1.72,3.58,0.82,0.82,1.73,0.82,0.86,1.65,2.48,5.97,2.57,1.69,4.20,0.84,2.37
2	243152476	243152555	ACCCTG	1.73	HG01630:3.35	0.82,0.81,0.83,0.83,0.83,0.84,0.85,0.84,0.81,1.61,0.80,0.83,0.81,0.84,0.86,0.79,1.63,2.52,0.83,0.83,0.85,0.84,3.35,0.94,0.86,0.83,1.67,0.82,0.84,1.68,0.84,1.69,0.81,0.87,0.87,0.81,0.85,0.82,0.83,0.86,0.83,1.67,0.83,0.86,0.82,0.84,0.83,2.48,0.84,0.86,0.84,0.83,0.86,1.65,0.85,0.84,0.84,0.85,0.85,1.68,1.68,0.83,0.84,0.85,0.84,0.79,1.70
19	3331757	3333371	AAGG	1.69	HG01630:4.19	1.63,3.33,1.67,1.67,2.51,0.84,0.84,1.65,2.44,1.61,2.43,0.84,0.97,0.85,1.65,0.85,0.81,0.84,3.30,2.48,4.69,4.19,0.86,0.83,1.64,0.84,2.58,0.82,0.84,0.82,0.90,0.81,0.81,0.81,2.56,0.86,0.85,1.64,1.62,0.84,0.83,0.83,6.09,0.84,0.83,0.86,0.82,2.56,0.84,0.84,0.84,0.87,0.85,1.69,0.82,0.82,1.68,0.84,0.83,0.84,2.51,2.48,0.85
16	87015021	87016021	AAAG	1.69	HG01630:2.51	0.84,0.80,2.44,0.79,0.83,0.83,0.85,0.85,2.51,0.86,0.84,0.83,0.82,0.84,0.81,0.83
6	141290099	141290445	AG	1.68	HG01630:2.51	0.84,0.82,1.71,0.97,0.85,0.84,0.83,0.83,2.51,0.84,0.85,0.82,0.86,0.81,0.84,0.87,0.85,0.79
X	18498862	18499720	AAAGGAAG	1.68	HG01630:1.68	6.71,1.68
6	42508253	42508402	AAAG	1.68	HG01630:1.68	1.71,1.68
6	113730650	113730691	AAAG	1.68	HG01630:1.68	1.68,0.86
12	127650372	127650411	ACCGAGGCCATCCGAGGCCG	1.68	HG01630:1.68	1.68,0.84
10	23823119	23823120	AAAT	1.68	HG01630:1.68	1.68
11	123617978	123617979	AAAT	1.68	HG01630:1.68	1.68
11	23862363	23862364	AAAT	1.68	HG01630:1.68	1.68
1	151228865	151228866	AAAT	1.68	HG01630:1.68	1.68
12	42414090	42414091	AAAT	1.68	HG01630:1.68	1.68
12	91083234	91083235	AACCCT	1.68	HG01630:1.68	1.68
4	123637319	123637320	ACACATATGTATATAT	1.68	HG01630:1.68	1.68
4	5809555	5809618	AGGG	1.68	HG01630:1.68	1.68
6	164891601	164891746	AAGG	1.68	HG01630:1.68	1.68
7	114473395	114473396	AAAG	1.68	HG01630:1.68	1.68
X	106704930	106704931	ACATAT	1.68	HG01630:1.68	1.68
15	88042353	88042736	ACACACATATATATAT	1.68	HG01630:1.68	0.83,1.68
12	131521412	131521608	ACCGGGCCTCACTCACGGC	1.68	HG01630:1.68	0.82,1.68
20	49282774	49282968	AAAAAAAAAGAAAAG	1.67	HG01630:1.68	0.86,1.68,0.81
21	33402653	33402958	ACTCCATCCAGATCC	1.67	HG01630:1.68	0.84,1.68,0.84
1	27399550	27399610	AGGCATGGGGGC	1.67	HG01630:1.68	0.84,0.81,1.68,0.85
16	26567949	26569126	AAAG	1.66	HG01630:5.86	0.81,0.83,1.66,3.34,1.67,0.84,3.40,1.65,0.81,0.82,1.67,1.62,2.52,0.84,0.83,0.86,0.84,0.85,0.83,0.83,0.81,0.84,5.86,0.82,0.85,0.83,0.82,0.83,1.73,1.79,0.87,0.82,0.81,2.46,0.83,0.84,2.46,0.81,0.85,8.57,2.47,4.97,1.67,1.70,0.79,4.29,0.87,0.87,1.71,1.71,4.93,0.85,2.46,2.57,1.67,13.09,0.85,3.36,5.08,1.64,0.82,2.52,3.11,3.42,0.84,7.10,3.40,4.96,0.83,4.23
16	52787732	52789006	AC	1.66	HG01630:2.51	0.81,0.84,0.85,0.84,0.79,0.83,2.51,0.84,0.90,0.81,0.83,0.81,0.86,0.85,0.86,0.87,1.67,0.86,0.82,0.85,0.84,0.85
4	191043929	191044199	AACCCGAACCCT	1.63	HG01630:2.51	0.82,0.83,0.80,0.83,0.83,0.83,0.85,2.51,0.85,0.82,0.84,0.86,1.61,0.81,0.81,1.67,0.86,0.82,1.57,0.83,0.86,0.78
6	13768866	13769189	AG	1.61	HG01630:1.68	8.15,0.83,1.68,2.57,0.78
5	173237460	173238502	ACC	1.60	HG01630:5.03	0.82,1.63,3.33,1.67,2.50,1.66,0.83,2.50,2.51,0.80,1.67,0.84,5.82,0.85,1.68,3.29,3.26,2.46,3.41,0.82,2.50,1.61,2.52,2.55,0.86,0.82,0.84,4.07,0.86,1.68,1.73,1.71,0.83,2.48,2.54,3.31,1.56,0.81,1.68,5.03,0.94,0.86,2.52,0.84,2.52,0.85,1.67,2.53,3.44,0.83,1.63,1.67,1.73,0.84,0.82,0.84,2.69,1.74,2.61,1.62,0.81,2.46,1.63,1.63,1.71,1.64,1.66,1.64,3.42,1.67,1.73,0.82,2.43,2.55,3.33,3.43,0.82,3.31,0.83,1.67,1.57,0.86,1.67,1.74,2.51,0.87,4.15,0.86,1.65,0.86,1.65,0.82,2.56,1.64,0.84,1.72,0.84,1.70,0.85,2.54,0.86,1.68,3.27,0.84,1.55,1.67,1.66,0.84,1.71,0.79,0.81,2.55,2.48,2.49,2.55,0.85
12	20063725	20065008	AAAG	1.59	HG01630:1.68	3.26,0.83,0.85,1.68,0.85
16	60917722	60918088	ATATATATC	1.59	HG01630:1.68	2.50,1.68,0.84,0.86,5.82
13	76515122	76515906	AAAG	1.58	HG01630:1.68	0.83,3.40,1.68,2.46,0.87
10	112293140	112294316	AAAG	1.52	HG01630:3.35	1.66,0.83,0.80,0.85,1.73,0.81,2.52,1.70,1.61,2.48,3.35,0.86,5.11,0.82,1.67,3.37,0.81,0.83,1.65,0.84,0.83,0.87,1.65,0.83,1.68,0.84,0.79,0.81,4.96,1.66
1	32010669	32012237	ATCC	1.50	HG01630:12.57	7.35,7.34,6.51,4.16,4.17,1.66,6.65,3.33,8.35,7.52,3.99,3.34,3.35,9.98,5.96,5.89,5.76,4.11,5.70,6.44,4.92,5.12,5.98,8.65,9.04,10.42,7.51,5.68,8.06,13.46,5.81,6.75,12.76,4.32,8.17,6.71,3.30,8.14,1.58,8.47,3.26,2.58,0.84,5.04,2.52,6.80,7.80,6.00,6.63,10.75,4.82,8.26,11.01,8.26,5.47,4.05,3.42,7.55,12.57,5.77,5.66,6.05,7.57,7.49,6.69,5.03,4.26,5.75,8.37,5.05,3.44,4.99,4.90,7.49,7.76,9.24,5.72,4.21,5.65,5.38,6.95,6.96,4.85,4.03,4.11,6.52,9.77,5.13,5.75,6.64,4.29,9.03,4.27,11.58,5.83,6.92,8.37,4.93,7.30,7.66,5.00,6.86,4.12,2.52,10.77,9.11,4.19,4.26,4.72,5.14,6.69,4.35,6.69,10.48,8.30,13.69,10.76,6.85,5.79,5.75,11.95,4.93,3.36,0.86,8.57,4.18,5.06,5.94,4.36,12.69,5.92,7.70,6.72,8.47,4.91,9.07,5.04,7.76,3.35,2.50,4.21,7.69,2.51,6.31,8.14,8.49,8.27,10.81,5.94,8.47
9	14010168	14011316	AAAG	1.49	HG01630:8.38	2.49,0.83,4.18,1.60,6.68,0.84,0.83,6.58,4.02,4.92,11.25,12.33,9.18,2.42,8.15,5.78,16.53,0.78,0.81,1.71,1.68,8.38,0.82,0.94,4.18,2.52,6.81,0.82,0.82,0.83,1.70
10	7670549	7671127	AACATGGACACACGCGAC	1.47	HG01630:1.68	0.81,0.80,1.68,0.86,0.85,0.83
1	233474422	233475535	AAGGAGGAGGAG	1.46	HG01630:2.51	0.81,0.80,0.84,0.84,0.85,0.83,0.86,1.58,0.85,1.72,0.83,2.51,0.84,0.86,1.63,0.84,0.81,0.87,1.61,0.82,2.44,0.85,1.73,0.85
7	51429719	51430760	ACC	1.45	HG01630:5.86	1.63,1.63,0.81,2.49,2.50,1.66,4.18,1.67,2.51,1.66,2.52,0.82,0.82,2.44,0.80,3.41,1.71,2.47,4.01,4.17,3.25,2.42,2.52,2.53,3.40,0.86,2.45,1.68,4.13,2.44,2.37,5.08,2.44,0.86,3.36,4.20,4.20,4.25,2.60,3.43,3.31,1.65,1.61,0.83,1.69,3.31,2.34,0.84,5.86,0.94,2.59,3.36,0.83,4.18,0.84,0.85,0.82,0.84,2.53,0.86,3.33,1.63,5.00,6.90,4.20,1.63,0.84,4.03,2.69,3.48,2.61,2.43,1.61,3.28,2.44,1.63,5.98,0.82,0.83,2.57,2.46,1.71,3.31,1.67,2.59,2.51,3.29,0.85,1.67,3.43,1.65,3.36,2.48,1.66,0.85,1.57,0.86,1.67,0.87,2.51,1.75,4.15,4.28,4.14,1.71,1.65,2.47,1.71,0.82,1.68,2.57,1.71,1.70,3.49,1.69,5.07,2.57,2.52,1.69,0.82,3.30,2.33,1.67,0.83,2.53,3.42,3.34,2.44,3.39,0.85
7	1319507	1321119	AAGAAGGAGGAAGGAGG	1.42	HG01630:4.19	1.63,0.82,0.81,0.83,0.83,0.83,0.83,0.83,1.67,1.60,0.84,1.70,0.84,0.82,1.64,0.85,0.87,1.60,3.25,1.61,0.84,2.90,3.37,0.85,1.73,2.45,0.81,2.37,2.44,6.01,0.86,1.61,0.83,0.85,0.83,0.81,0.85,0.84,4.19,0.82,0.94,3.36,0.84,0.84,3.35,1.72,0.84,7.26,0.87,1.74,1.61,0.82,1.71,4.93,1.64,1.71,0.86,0.82,0.85,0.79,2.62,0.83,0.85,0.86,0.84,1.70,1.69,1.55,1.66,0.85,0.85
10	7670383	7672077	AACATGGACACACGCTAC	1.41	HG01630:5.86	2.45,0.82,1.63,2.49,1.67,0.83,0.83,1.67,0.84,2.51,0.84,3.33,2.55,1.65,4.07,4.02,4.10,0.87,3.29,0.80,1.62,1.61,2.52,4.84,0.84,3.40,2.59,3.27,0.84,3.30,1.63,1.58,4.23,2.44,0.84,0.84,2.52,4.25,2.60,0.86,0.83,0.83,1.65,0.85,2.48,0.78,1.62,0.85,1.68,5.86,0.82,0.94,3.36,3.33,2.51,0.84,0.85,1.64,0.84,1.68,3.44,1.66,4.09,0.83,1.73,2.45,0.84,1.61,3.58,2.61,5.66,1.61,0.82,1.63,1.63,2.49,0.86,3.28,4.27,1.65,1.67,1.73,0.84,1.64,4.05,2.55,1.67,4.28,2.47,1.68,4.14,1.66,5.86,5.11,3.14,2.57,1.67,1.74,0.87,2.49,2.57,2.48,2.57,1.65,2.47,0.85,2.46,1.68,3.43,2.57,2.51,1.69,3.40,2.62,4.23,1.69,1.68,2.54,1.64,2.47,2.52,3.88,1.67,3.33,5.06,1.71,1.67,2.37,1.63,2.55,4.96,3.33,4.24,3.39
19	16041654	16043219	AATGAGTGAGCGAGGAGAGG	1.39	HG01630:19.27	7.35,4.90,4.07,9.98,11.68,13.31,4.99,9.16,8.35,5.01,16.75,10.02,13.40,7.66,15.63,5.75,14.67,9.66,9.85,7.68,3.42,4.33,4.11,4.01,2.50,9.74,0.81,10.93,7.74,0.84,2.55,18.14,0.82,5.03,2.48,4.07,3.15,4.23,13.04,6.01,5.88,0.84,21.02,10.20,13.01,8.57,3.31,3.31,1.61,5.78,1.69,4.13,3.13,0.81,15.38,6.71,19.27,14.83,3.78,3.45,4.20,1.66,23.43,6.71,17.88,3.29,9.21,2.53,8.61,19.97,7.36,11.66,10.35,1.68,1.63,2.53,6.45,8.96,16.51,3.48,16.98,3.22,17.11,10.58,16.24,2.46,2.49,9.44,4.92,14.52,3.31,6.66,2.59,7.54,7.39,3.24,13.61,3.33,9.43,4.94,3.36,1.66,2.48,2.51,4.26,22.79,5.14,1.67,5.22,2.51,5.24,6.64,0.86,4.14,8.27,9.04,0.85,4.10,2.52,3.43,5.85,5.06,2.55,0.87,0.85,0.85,0.86,13.56,6.54,4.95,5.88,4.66,1.67,1.66,11.80,7.69,8.36,1.58,4.88,1.70,5.79,7.48,2.55,5.08
4	48660999	48661333	AAG	1.39	HG01630:1.68	0.85,0.82,0.86,1.68,0.94,2.51,0.87
16	26568250	26568905	AAAGAAAGAAAGAAAGGAAG	1.39	HG01630:1.68	0.84,1.68,0.86,0.84,1.71,0.83,0.85
1	17517682	17518971	AAG	1.34	HG01630:6.70	4.08,2.45,2.44,0.83,8.35,3.33,3.34,4.18,3.19,3.34,3.35,1.66,0.84,0.82,1.61,0.82,1.71,4.33,0.82,3.20,0.83,4.03,0.97,2.53,0.85,0.84,0.81,0.79,0.81,1.72,0.84,0.84,0.87,2.57,2.49,1.65,1.61,4.95,1.56,4.05,0.85,2.52,6.70,5.66,2.59,4.99,2.51,4.19,0.85,0.82,1.67,1.68,0.83,0.82,0.82,2.42,0.90,0.87,0.82,0.82,1.64,1.71,0.83,1.67,0.82,2.43,1.70,2.50,7.42,1.68,1.66,0.83,3.35,1.57,2.57,2.61,2.62,8.27,2.48,2.47,5.12,5.75,4.20,1.72,1.71,5.23,7.61,0.85,2.57,4.91,4.12,0.78,3.35,0.83,1.71,1.67,1.58,3.25,1.65,0.85
1	116303474	116304726	AAG	1.31	HG01630:11.73	4.08,2.44,12.52,4.99,3.32,4.16,0.83,2.51,0.80,7.54,4.99,8.51,5.05,7.40,1.63,8.05,0.85,2.56,8.65,11.51,1.60,5.01,3.25,3.22,9.68,5.90,7.66,0.86,9.81,0.84,2.48,2.44,3.15,11.01,4.89,2.58,5.88,4.20,4.20,4.34,7.72,7.46,6.62,10.73,2.54,1.65,8.60,0.81,5.98,9.23,11.73,1.65,6.61,7.77,5.82,8.39,1.70,4.93,2.51,4.21,6.88,4.16,4.90,1.67,6.04,3.36,5.72,9.27,7.26,6.27,0.87,2.61,1.61,3.28,2.44,7.33,5.13,9.86,6.64,3.43,2.46,4.27,5.79,16.65,2.59,14.24,0.82,7.30,1.70,0.83,7.71,0.82,3.36,2.48,1.66,0.84,2.56,4.72,4.29,4.18,6.09,7.53,5.24,5.79,4.93,8.53,0.82,5.88,2.57,0.86,5.01,13.50,3.38,9.30,0.86,2.52,4.24,4.91,0.78,5.86,3.33,2.53,0.85,1.67,1.63,9.34,5.79,3.33,0.85,10.16
6	128924847	128926086	AGAGCGGG	1.29	HG01630:4.19	0.82,0.83,0.83,0.83,1.67,1.60,0.84,1.68,2.50,0.84,0.82,2.47,3.26,0.80,1.71,0.87,0.82,4.17,2.42,2.53,0.81,0.86,1.68,0.84,0.86,3.30,1.69,0.83,0.85,4.19,0.82,1.89,0.86,1.67,3.35,0.85,0.82,1.63,0.83,2.59,0.84,2.45,0.81,0.90,2.61,0.87,0.81,0.82,0.85,0.86,0.84,1.64,0.85,1.67,2.57,0.82,0.84,1.66,0.84,0.86,3.32,2.47,0.84,1.69,0.87,3.38,2.57,0.84,2.54,2.45,4.16,2.53,1.67,1.69
9	77753616	77754146	AAAGAAAGAAAGCAAG	1.29	HG01630:1.68	0.84,0.84,0.85,1.65,1.68,0.94,0.82,0.82
X	85165977	85166605	AATATATATATATG	1.26	HG01630:2.51	2.51,0.84,1.68,1.73,0.85,1.56,2.51,1.66,1.67,1.79,2.49
4	161507470	161508602	AAATATATACATATATATGT	1.25	HG01630:5.86	4.90,1.66,3.32,3.19,1.67,0.82,4.11,7.69,5.75,0.80,1.61,3.46,0.84,7.62,4.29,3.21,2.48,0.83,6.83,5.86,3.30,2.59,0.84,0.84,5.75,4.19,2.53,3.42,2.46,1.66,2.50,2.47,3.36,2.48,1.66,2.36,0.86,0.87,0.87,0.83,6.62,1.64,1.68,1.70,2.62,0.85,0.85,0.85,1.64,3.30,2.52,0.78,0.83,1.71,1.67,0.83,2.49,2.54
8	143304128	143304422	AATGAGTGAGTGAGTG	1.24	HG01630:1.68	1.66,1.61,0.83,1.68,0.83,0.87,0.85,0.83
13	93883150	93883924	AT	1.24	HG01630:1.68	0.83,1.68,0.82,0.86,1.65,1.68,0.78,0.85
19	16044602	16044990	AAGAATGAGTGAGTGAGGAG	1.23	HG01630:2.51	0.83,1.66,0.82,0.83,0.78,2.51,0.86,0.84,0.84,1.70,3.14,0.86,0.84,1.75,0.83,0.83,2.47,0.86,0.84,1.69,0.85,1.71,0.82,0.84,0.84,0.83,1.70
2	72739029	72739925	AAGG	1.20	HG01630:2.51	4.08,0.83,1.71,0.83,0.83,0.78,0.81,2.51,0.94,0.84,2.51,0.86,5.86,0.83,0.86,0.86,0.85,2.62,2.54,0.85,1.69
3	128163995	128165222	ACC	1.18	HG01630:5.86	0.82,0.82,1.63,4.99,3.34,2.50,2.49,3.33,1.67,1.67,0.80,1.67,0.84,1.70,1.68,1.65,1.64,2.44,4.02,2.46,1.71,1.71,1.73,3.29,5.01,5.05,1.94,2.53,1.70,1.73,1.63,2.52,5.78,0.81,0.79,2.54,1.63,2.58,2.52,3.40,2.60,3.43,2.49,3.31,1.61,1.65,0.85,0.83,0.85,3.36,5.86,0.82,1.89,4.32,0.84,1.66,2.51,2.52,0.85,2.51,3.44,0.83,5.00,1.73,4.20,2.45,0.84,1.61,0.90,2.61,0.87,2.43,3.22,0.82,0.81,3.26,2.56,2.46,2.49,0.82,1.71,1.67,0.86,5.02,0.82,1.62,2.55,1.67,4.28,0.82,2.52,0.83,1.67,4.26,3.14,1.71,1.67,2.61,1.67,1.75,3.32,5.14,0.83,2.57,4.11,1.71,0.86,1.71,1.67,2.53,0.85,2.62,3.38,4.23,3.42,2.52,1.69,2.47,0.84,0.78,1.67,2.53,3.42,0.84,1.58,3.25,1.65,2.49,1.70,5.08
14	88321648	88322216	AAAG	1.14	HG01630:1.68	1.66,0.83,0.82,0.80,0.83,1.68,0.82,0.86,0.87
10	134303680	134305191	ACACATAGCCTGCGTGG	1.12	HG01630:4.19	0.83,0.83,0.83,5.01,0.84,1.65,0.80,0.85,0.87,0.80,0.84,0.83,2.44,0.79,0.85,1.68,0.83,0.85,3.13,0.81,0.85,4.19,0.83,0.84,1.63,0.83,0.86,4.84,0.87,0.81,0.82,0.81,4.11,0.85,0.83,0.84,1.65,0.84,0.83,2.48,4.19,0.85,1.71,0.84,0.87,0.83,0.86,0.83,0.86,0.85,0.86,1.70,0.87,2.54,4.09,0.82,6.72,0.78,0.85,0.81,0.83,2.54
5	1950542	1951857	ACAGCAGACGGCGCACGC	1.12	HG01630:2.51	0.82,1.66,0.83,1.67,0.84,0.85,1.73,0.84,0.85,0.86,0.84,0.85,1.71,0.85,0.84,2.51,0.84,0.84,0.87,0.82,1.63,0.82,2.52,1.66,0.86,1.65,0.85,0.82,0.84,0.78,0.83,0.84,0.81
10	134303606	134305287	ACACAGAGCCTGCGTGG	1.11	HG01630:5.86	4.90,0.82,1.63,2.49,0.83,2.50,1.66,0.83,2.50,3.34,0.84,0.83,0.85,0.84,4.11,0.82,0.81,1.61,0.82,2.56,5.19,3.29,2.40,3.34,3.25,0.81,0.84,3.87,2.53,0.85,2.59,2.44,2.37,3.39,0.81,4.20,0.84,1.68,4.25,1.71,3.31,2.41,4.13,0.85,0.83,5.47,1.62,4.27,1.68,5.86,1.65,1.89,1.68,0.83,2.51,1.68,1.70,0.82,0.84,3.44,2.50,0.82,3.45,2.52,0.84,8.07,0.90,0.87,0.87,2.43,4.83,3.26,0.85,3.29,0.83,0.86,1.64,1.65,2.50,0.86,3.35,3.29,1.62,4.25,3.33,1.71,4.12,3.36,3.31,4.97,4.19,4.26,3.93,1.71,3.34,1.74,4.18,0.87,5.81,2.57,1.65,0.86,1.65,2.47,1.71,2.46,0.84,1.72,0.86,3.34,2.53,2.55,4.23,2.54,3.36,2.54,6.54,3.30,2.52,1.55,1.67,2.50,4.21,2.56,0.84,1.58,1.63,1.70,2.48,3.39,3.39
1	230471341	230471846	AC	1.11	HG01630:3.35	2.45,0.83,0.83,1.67,0.84,1.60,0.84,2.51,1.70,0.84,1.65,0.81,0.80,0.82,0.80,0.83,3.25,1.94,1.69,0.85,0.86,0.82,0.81,0.86,1.68,1.68,0.84,1.70,1.71,0.80,1.69,3.35,0.82,0.94,1.73,2.52,0.84,0.84,0.86,0.82,3.33,0.82,0.84,2.61,1.74,0.81,1.66,0.85,1.67,0.86,1.70,0.83,2.57,1.65,0.84,0.79,1.74,0.84,1.66,0.82,0.85,2.51,0.87,1.69,0.84,1.71,1.67,1.65,0.83
18	33537707	33537967	AAAG	1.08	HG01630:1.68	1.67,0.84,0.82,0.83,1.68,0.86,0.83,0.87,0.85,0.85
14	104669493	104671544	ATCC	1.07	HG01630:10.89	7.35,7.34,5.70,5.82,3.34,2.50,7.48,8.33,5.01,11.70,4.79,4.18,7.54,4.99,9.36,6.73,4.11,4.93,4.07,8.85,4.92,5.12,4.27,6.92,4.93,7.21,6.68,4.87,2.42,6.73,3.87,8.43,7.66,6.91,7.35,5.03,4.13,2.37,5.08,7.33,5.15,3.36,4.20,5.04,1.70,5.20,7.72,4.97,8.27,3.21,8.26,9.32,1.65,7.03,4.86,4.27,10.07,10.89,6.59,1.89,4.32,2.52,4.16,8.37,2.52,9.37,9.03,7.54,3.37,5.16,7.49,3.27,4.16,6.04,3.36,5.72,6.74,6.45,7.17,1.74,1.74,4.85,6.44,3.28,7.33,8.14,6.84,10.68,4.98,4.29,4.92,5.12,7.44,4.16,6.05,8.37,6.57,13.78,5.96,1.67,5.14,7.42,6.71,4.97,5.80,1.67,5.97,2.36,4.29,1.67,1.74,11.71,2.62,7.47,2.57,5.79,8.57,2.48,4.11,6.83,8.21,5.04,6.86,4.28,3.34,2.53,7.64,6.11,5.08,3.38,10.27,2.52,5.93,4.09,2.47,10.08,2.33,2.51,3.33,5.06,4.27,7.52,7.10,9.76,0.85,7.45,8.31,4.24,5.08
19	57683569	57684344	CCCCCCCGCGCGCCCCG	1.05	HG01630:2.51	0.82,0.81,2.50,0.83,0.84,0.82,1.60,0.83,1.63,0.84,1.58,0.81,0.84,1.70,0.83,0.85,2.51,0.94,0.84,0.84,0.83,0.84,0.84,0.82,0.81,0.85,0.82,1.71,2.43,0.83,0.86,0.82,0.84,0.86,0.83,0.86,1.68,2.57,1.67,0.85,0.84,0.79
19	16044523	16045293	AATGAGTGAGTGAGGAGAGG	1.01	HG01630:9.22	2.45,3.33,3.32,2.50,2.51,3.34,0.84,4.25,3.29,7.24,4.92,4.27,1.64,1.60,0.83,0.84,0.80,5.79,10.94,10.25,9.22,2.59,6.73,2.51,1.68,0.82,0.82,0.81,0.81,0.82,0.86,10.00,7.42,5.87,11.60,8.28,5.97,6.29,1.71,5.85,1.74,3.35,2.62,6.64,3.42,0.83,4.11,0.85,0.82,4.20,6.00,3.43,1.67,11.81,3.38,1.69,2.57,2.47,1.68,5.02,3.33,5.90,9.46,1.63,5.94,5.93
13	49891945	49893321	AAAG	1.01	HG01630:5.03	6.53,0.81,0.83,0.83,3.34,4.18,2.39,2.51,2.50,1.65,0.82,0.81,0.85,0.85,0.87,2.47,3.34,0.84,0.97,1.69,1.70,0.86,2.52,2.48,0.85,0.81,1.70,1.71,2.49,6.60,0.85,0.83,3.13,2.43,5.03,0.82,0.86,1.66,3.35,2.52,2.55,0.82,2.53,1.72,0.82,4.31,0.81,0.87,1.74,2.43,0.85,1.64,3.43,0.86,4.19,1.62,0.83,0.82,5.03,2.56,5.22,1.71,0.83,0.84,5.23,1.69,2.54,0.86,1.69,0.84,3.33,0.84,1.67,1.63,0.85,0.83,2.49,0.85
6	15853039	15854444	AAG	1.01	HG01630:5.03	1.63,3.26,1.63,2.49,1.67,1.67,2.51,0.80,4.19,2.50,9.26,2.47,3.22,2.46,1.71,2.56,1.73,3.25,0.84,0.85,0.79,0.84,0.87,1.71,0.83,4.13,5.08,3.31,0.84,5.03,3.30,1.73,2.52,0.84,0.85,0.82,1.67,0.84,2.50,0.81,1.79,2.61,0.81,4.29,5.74,0.85,4.16,0.83,1.71,0.84,1.67,0.79,3.43,1.67,0.84,3.49,3.32,0.86,2.48,0.86,0.83,1.64,3.41,0.82,0.86,0.86,0.84,0.85,5.08,2.54,1.68,0.85,0.82,1.68,0.84,3.33,2.53,0.79,0.81,3.39,3.39
