motif	top_case_zscore	high_case_counts	all_counts
AAGGAGGAG	18.24	HG01761:18.89	2.45,3.33,4.79,10.36,0.83,18.89,1.63
AAGGGAGAGAGAGGGAGG	8.31	HG01761:9.86	4.08,0.83,3.34,1.65,0.82,0.97,0.86,0.82,5.86,0.94,0.85,9.86,0.84,4.30,0.90,0.85,0.82,0.86,0.83,1.62,0.85,0.86,7.07,0.85,0.85
ACTGCAGCCTC	4.44	HG01761:4.93	1.66,4.20,3.42,0.84,4.93,2.42,0.85,0.84
AACCCGCAGCCACCAGAC	4.41	HG01761:10.68	4.90,4.90,12.21,7.48,11.68,4.16,3.32,3.33,1.67,6.38,5.85,2.51,1.66,2.55,5.89,8.23,3.29,3.26,5.63,5.75,4.27,1.71,0.87,1.64,0.80,4.87,4.03,5.05,0.86,1.63,1.68,2.48,1.63,0.81,5.04,1.68,2.60,4.14,0.80,4.95,2.54,7.44,3.91,2.56,5.03,0.84,4.12,1.89,2.59,1.68,4.18,5.87,10.68,3.35,3.37,1.72,1.66,3.33,5.18,2.52,5.06,1.61,0.90,0.87,0.87,4.04,6.52,4.98,1.64,3.42,2.51,1.64,1.62,0.83,0.84,2.56,3.93,0.87,2.62,4.28,0.83,1.71,3.31,4.10,3.36,5.01,5.06,3.38,1.71,0.84,0.85,1.65,1.55,4.19,3.33,5.13,0.84,0.79,0.83,2.55,1.69
AAGGAGGGAGAGGATG	3.10	HG01761:3.29	1.66,3.30,1.71,3.29,0.84,0.84
AACGCGCAGCCACCAGAC	2.55	HG01761:39.42	17.14,16.32,47.22,14.14,30.05,21.63,31.58,9.16,13.36,20.89,8.77,17.54,18.43,35.78,14.46,21.04,39.48,13.15,30.97,22.54,18.88,15.36,11.96,16.44,8.22,16.83,14.19,18.67,21.76,30.28,0.97,12.65,3.40,4.32,14.71,10.90,18.15,12.21,23.66,8.47,3.26,4.29,8.41,10.93,0.85,26.02,0.86,19.05,38.57,12.38,9.32,22.31,24.22,16.23,17.62,14.24,28.84,21.71,26.77,9.25,1.66,36.82,15.93,7.66,39.42,10.05,18.53,16.35,11.65,8.17,13.32,17.25,20.17,4.08,22.75,8.88,17.92,15.64,13.05,24.26,1.61,0.82,19.56,0.81,13.67,23.82,24.08,5.15,22.16,11.10,6.62,8.33,11.24,14.24,24.64,15.40,5.96,4.17,8.57,13.19,9.11,10.77,9.21,4.26,23.58,0.86,13.38,13.06,10.04,5.24,3.32,6.85,2.48,8.57,22.34,18.91,13.13,5.04,12.86,4.28,4.18,3.38,1.70,0.87,18.61,4.23,13.69,10.08,1.69,1.64,15.67,4.20,3.11,10.88,18.30,9.27,18.80,9.19,11.04,3.25,2.55,20.68,13.30,24.61,16.09
ACCCGCTCTATCCCAGC	2.44	HG01761:10.68	3.27,0.82,3.26,4.16,3.34,4.99,5.82,3.33,6.68,0.84,1.60,2.51,0.84,1.66,0.85,0.84,4.11,4.11,1.63,4.83,1.64,4.27,2.56,5.19,1.64,1.60,3.34,3.25,0.84,3.87,0.84,1.70,0.86,1.63,1.68,3.30,4.89,5.52,2.54,0.81,3.43,3.36,2.52,1.68,3.40,3.47,0.86,2.49,0.83,0.80,2.48,0.85,4.13,1.56,1.71,2.52,0.84,3.78,0.86,0.84,4.99,3.35,0.85,10.68,2.51,2.53,1.72,0.83,3.27,1.67,2.59,2.45,3.37,3.23,1.79,2.61,5.66,4.03,2.46,0.81,3.42,2.46,1.66,6.01,1.64,2.56,3.31,2.50,1.73,3.35,0.81,0.85,6.66,1.71,4.12,1.66,7.45,3.35,4.26,2.36,1.71,7.52,7.83,1.67,1.75,4.98,1.71,8.27,12.85,2.48,3.29,9.39,5.75,4.29,6.85,6.68,2.53,1.70,7.85,0.85,2.54,5.13,3.36,1.69,4.09,4.12,9.32,2.51,4.99,1.69,9.40,5.01,3.15,5.69,14.44,4.14,0.83,3.39,9.31
ACACGGGGCT	1.79	HG01761:3.29	0.82,0.82,1.66,2.49,0.83,0.80,0.84,0.84,1.65,1.63,0.80,0.85,1.67,0.81,0.86,0.84,0.79,0.84,1.70,0.83,0.83,0.83,0.78,0.85,0.84,0.83,0.84,3.29,0.84,0.84,0.81,1.79,0.87,0.81,0.81,0.85,1.64,0.85,0.85,0.83,0.84,0.84,0.83,0.82,0.84,0.85,0.87,4.23,0.82,0.84,0.78,1.69,0.83
ACCATC	1.51	HG01761:7.39	3.27,1.63,0.81,0.83,1.67,1.66,1.66,0.83,12.54,1.60,4.18,3.35,4.25,5.89,4.11,6.58,3.26,3.22,2.46,1.71,3.42,1.73,1.64,2.40,5.84,2.43,4.03,0.84,3.87,4.22,0.85,4.32,0.82,2.52,3.30,4.07,8.68,0.85,2.44,1.72,2.52,1.68,0.85,6.94,0.86,0.83,3.31,4.02,0.83,4.23,1.65,5.47,3.24,3.42,1.68,1.68,0.82,0.86,2.52,1.67,0.84,2.55,7.39,2.51,0.84,0.86,1.66,0.82,0.83,3.45,3.36,0.82,0.84,0.81,0.90,1.74,5.22,0.81,5.64,4.11,0.81,0.81,0.85,5.75,5.81,1.72,0.82,0.85,0.83,5.83,0.86,1.67,4.93,1.62,3.40,4.17,1.65,0.83,0.83,0.79,0.84,4.35,2.51,0.87,1.66,3.31,1.71,0.83,5.97,1.64,0.86,4.22,0.85,0.85,0.85,1.71,2.52,2.54,2.45,3.30,1.68,0.83,0.84,1.58,1.63,0.85,0.83,2.49,0.85
AAGGTAGTCAATAGAGG	1.32	HG01761:15.60	8.16,8.16,9.77,14.14,2.50,7.49,3.32,5.83,7.52,7.98,5.01,7.54,2.50,3.40,3.37,8.23,4.93,4.83,0.82,23.04,0.85,6.92,13.15,0.80,5.01,8.12,14.51,3.36,0.84,3.40,13.82,4.09,5.03,9.08,5.70,3.94,7.33,4.29,8.40,4.20,7.57,2.55,11.27,8.57,8.28,8.27,5.63,4.13,3.39,3.31,8.60,14.59,12.58,1.68,5.77,15.10,5.18,1.68,13.31,8.37,3.35,3.41,15.60,1.67,0.84,0.83,4.09,1.67,2.59,3.36,1.63,1.69,11.30,4.48,1.74,7.83,5.66,7.25,8.21,0.81,13.84,5.98,4.93,4.98,16.30,0.82,1.71,14.06,0.83,6.92,7.54,9.03,8.11,3.40,1.67,5.77,4.14,8.28,3.35,2.56,2.36,3.43,2.51,12.19,2.51,7.86,1.71,2.48,4.28,1.65,4.11,6.83,2.46,8.39,0.86,1.67,0.84,2.55,6.98,8.46,0.85,2.57,3.36,1.69,2.45,20.61,15.12,3.11,2.51,5.82,5.13,1.67,3.15,4.07,9.34,2.48,0.83,1.70,5.08
ACCATCCTCAGCTCACCCC	1.23	HG01761:4.93	1.63,0.82,2.50,1.66,2.50,0.83,1.67,2.39,1.67,0.83,0.85,0.84,2.47,3.26,1.61,3.41,1.71,2.40,3.34,2.43,0.84,1.63,1.68,2.48,0.81,3.36,0.84,1.68,2.55,3.31,1.61,0.83,0.85,0.83,1.56,0.81,2.52,1.65,1.89,5.86,0.84,0.85,4.93,0.84,3.44,0.83,0.82,1.67,0.86,3.36,0.82,2.53,3.23,0.87,2.61,0.81,0.81,1.63,1.64,2.49,0.86,2.46,1.73,0.84,3.24,0.85,3.33,1.71,0.83,1.67,0.85,3.93,0.86,3.34,3.42,2.48,3.43,4.96,2.47,3.41,0.82,3.43,0.86,1.67,2.55,4.36,6.77,2.57,1.65,5.88,2.33,2.51,0.83,2.56,1.63,2.55,0.83,0.83,1.69
AAATAAATACAGTATTTAT	1.14	HG01761:9.03	1.63,1.66,10.02,4.79,4.19,5.89,3.29,5.63,6.41,4.17,7.25,5.81,5.06,7.66,4.32,1.63,2.52,4.95,9.46,1.69,2.44,6.87,0.84,1.70,8.67,4.29,0.83,4.14,6.60,4.23,1.71,9.03,1.67,2.53,5.72,1.67,0.86,3.36,1.69,4.48,1.74,1.62,4.83,3.26,0.85,9.04,4.29,2.46,4.27,4.16,1.73,8.92,2.55,4.19,1.67,2.62,4.98,0.86,3.31,4.28,3.31,3.29,4.93,2.52,2.57,9.19,9.41,5.43,0.84,0.79,0.85,1.65,2.49
AAAGGTGTGTGTGGGTGG	1.07	HG01761:14.78	5.71,6.53,8.96,3.33,8.35,7.49,6.65,3.33,9.18,8.36,4.79,12.53,4.19,2.50,4.25,7.57,6.58,4.93,9.78,2.41,15.59,10.25,9.52,6.58,6.41,6.68,1.62,17.73,5.05,9.68,15.18,11.91,9.50,13.07,5.87,4.95,12.21,15.77,8.47,8.15,7.73,10.08,5.04,7.57,9.35,6.94,6.00,7.46,4.96,12.05,2.48,3.39,0.83,12.50,8.92,4.27,9.23,11.73,13.18,9.44,2.59,2.52,9.98,6.69,2.52,3.41,14.78,7.54,8.42,10.33,5.82,8.99,4.16,1.73,10.92,6.53,5.90,13.72,8.07,9.56,9.57,12.13,9.67,9.03,10.59,11.40,5.98,11.50,4.15,6.86,9.85,11.96,8.27,14.16,8.64,5.86,6.57,12.97,10.21,9.16,1.71,2.47,4.14,10.77,3.35,8.57,9.20,10.45,5.02,10.48,1.66,4.14,2.57,6.62,2.47,8.53,6.57,3.36,0.86,3.43,2.51,10.13,4.24,7.85,6.77,5.07,6.85,6.72,9.00,9.90,13.20,5.02,5.82,0.84,10.25,4.18,22.08,12.20,6.79,0.83,8.31,8.49,5.08
