#contig	start	end	unit	top_case_zscore	high_case_counts	all_counts
17	37654657	37655981	AAAGAAGG	15.30	HG02373:15.30	15.30,19.54
16	71865605	71866663	AAG	10.31	HG02373:22.55	3.27,4.16,3.34,6.81,8.85,6.83,1.62,8.43,4.89,9.43,0.83,6.62,4.13,0.78,7.69,0.84,1.73,10.81,4.18,7.54,6.66,4.09,22.55,4.11,11.50,10.54,6.75,3.40,1.69,10.87,1.63
16	55358619	55360375	AAAG	8.66	HG02373:24.97	0.82,1.63,0.83,0.84,1.68,1.64,0.85,2.47,2.43,0.84,8.17,0.81,5.52,8.15,24.04,4.20,15.31,4.14,0.83,2.41,0.94,0.84,1.73,0.84,1.74,0.81,24.97,7.33,0.82,0.83,0.86,1.65,0.83,9.51,1.64,12.76,0.85,0.86,0.84,0.86,0.86,1.67,0.84,6.69,1.70
2	163608973	163609750	AAAGG	6.44	HG02373:6.44	3.33,6.44,13.84
1	53601735	53602607	AAACATATATAATATAT	6.40	HG02373:7.25	1.73,4.13,0.94,0.86,3.23,7.25,2.44,0.84,0.84
1	35267134	35268619	AAACC	6.37	HG02373:17.72	0.82,9.79,14.66,4.99,3.34,11.65,4.99,3.33,9.18,6.69,3.99,6.68,6.70,8.32,5.11,12.62,3.29,1.64,10.59,2.41,4.10,4.27,7.69,5.19,5.75,12.82,5.01,2.43,3.22,0.84,0.84,3.40,9.50,2.52,4.13,0.81,3.94,0.85,5.70,1.72,5.88,0.84,5.88,5.95,0.86,3.31,7.44,5.63,4.95,8.47,9.92,4.69,1.62,2.56,7.55,4.19,1.65,4.72,6.91,2.52,2.50,11.71,6.71,1.70,0.82,10.05,4.21,6.02,2.50,7.36,5.00,7.76,7.56,4.90,10.11,9.68,6.95,8.90,17.72,5.75,9.78,11.40,9.40,9.04,1.66,8.58,6.56,2.56,4.96,6.66,5.19,14.24,0.82,2.43,1.70,0.83,4.28,1.66,5.80,8.37,6.29,1.71,1.67,0.87,3.35,11.13,3.31,6.85,1.65,9.87,4.27,11.49,4.20,2.57,1.69,1.70,3.49,0.85,5.92,5.99,3.36,4.24,4.09,6.60,6.72,6.99,5.86,1.66,5.90,2.56,2.37,4.88,6.79,8.27,5.82,1.70,4.23
17	72478340	72479074	AAAGGAAG	5.64	HG02373:5.64	5.64,10.58
6	119062118	119063492	AAAAT	5.42	HG02373:45.91	13.88,1.63,0.83,4.16,51.77,17.55,2.39,2.51,4.19,0.83,4.25,1.68,1.61,21.34,0.85,20.29,1.61,34.85,5.06,0.86,5.03,6.60,2.44,5.08,15.48,0.86,12.61,27.74,17.86,3.47,32.58,9.11,0.83,23.30,24.22,1.62,24.33,1.68,1.89,0.84,0.85,31.21,0.84,21.05,9.15,0.83,3.45,21.01,23.68,7.58,1.61,0.90,9.56,4.35,22.64,45.91,1.64,40.75,23.61,0.85,1.64,4.98,43.76,16.41,5.12,3.31,13.32,4.32,2.51,23.00,18.65,26.38,12.59,14.91,25.15,10.87,22.63,0.87,2.48,0.85,3.43,16.03,2.54,20.17,4.99,26.49,0.83
20	36822565	36823454	AACCATCCATCCATCCATCC	5.16	HG02373:8.86	0.82,0.82,1.67,0.84,1.60,3.35,0.84,2.47,0.82,0.81,2.41,2.46,0.85,1.73,0.80,1.69,2.59,0.82,0.84,0.85,0.87,2.49,1.65,0.78,2.43,0.84,1.65,2.59,1.68,3.33,0.84,0.85,0.82,0.84,1.66,2.45,1.79,0.87,3.23,8.86,4.07,0.86,4.92,2.56,0.83,0.86,0.83,2.47,4.20,0.83,2.48,6.29,2.57,3.49,0.83,0.83,1.71,1.65,0.85,2.46,2.57,0.86,0.84,0.84,1.74,0.85,1.71,0.84,0.85,3.36,0.78,2.51,3.33,5.90,1.67,3.94,4.07,0.83,2.55
3	187859542	187861099	AAAG	4.93	HG02373:8.06	0.82,0.83,0.80,0.82,1.64,0.80,1.70,1.63,0.84,1.63,2.37,2.54,3.43,0.84,5.95,1.73,1.71,1.66,1.61,0.83,0.84,0.84,0.84,5.82,1.63,3.33,1.79,1.74,4.35,8.06,1.63,1.66,0.86,1.67,2.46,0.84,0.84,3.35,0.87,0.86,1.64,2.52,2.51,0.83,6.69
12	132064224	132067810	ACACAGTGCAGAGACAG	4.91	HG02373:13.69	5.71,2.45,4.89,4.16,2.50,7.49,4.16,1.67,2.50,3.34,0.80,2.51,2.51,5.82,2.52,4.11,5.75,4.89,1.61,3.28,5.12,5.13,1.73,3.20,5.84,4.06,5.64,1.68,7.74,2.53,5.10,2.59,4.90,5.87,4.13,3.26,3.94,3.39,3.26,2.58,3.36,2.52,3.36,2.55,5.20,2.57,3.31,2.48,3.21,0.83,6.77,6.61,11.72,1.62,5.98,5.03,2.51,9.06,4.72,5.18,6.73,2.50,10.88,1.68,5.96,0.82,4.19,5.89,2.58,8.32,5.72,3.33,5.88,4.08,2.53,4.84,0.90,6.95,0.87,4.04,13.69,4.11,6.52,10.58,9.04,2.49,3.43,4.10,6.83,0.83,7.49,2.59,3.35,5.75,3.24,7.66,2.50,3.43,2.47,3.36,4.14,6.63,3.35,2.56,6.29,3.43,10.03,2.61,2.51,5.24,9.13,1.71,1.65,1.71,5.79,4.93,1.71,3.28,5.88,6.86,2.57,3.34,3.38,6.79,3.49,4.23,3.38,3.42,0.84,6.78,3.27,4.12,4.20,3.88,4.19,4.99,8.43,5.98,2.51,2.37,3.25,6.79,3.31,2.49,4.24,1.69
19	16042079	16042258	ACTCACTCCTCTGCCCGCTC	4.83	HG02373:4.83	1.70,4.83
5	147216604	147217716	AAAG	3.98	HG02373:9.67	11.04,5.65,9.67,1.63,2.50,12.50,4.18,2.54,5.04
22	33424247	33425136	ACC	3.79	HG02373:9.67	0.97,3.26,1.70,5.63,2.55,0.86,10.82,8.17,1.69,11.30,9.67,3.29,0.81
2	192531921	192532976	AAAG	3.69	HG02373:5.64	0.83,0.82,0.85,1.71,0.85,0.78,1.68,0.84,1.63,9.86,5.21,2.61,5.64,4.07,1.64,0.83,3.39,5.77
10	72526625	72527946	AAAG	3.65	HG02373:23.36	9.80,1.63,15.47,16.63,4.99,9.97,5.00,25.88,0.84,8.42,6.58,30.97,15.59,15.36,5.98,0.87,1.64,1.60,13.35,8.12,8.06,16.82,9.68,1.69,4.25,3.46,3.27,24.32,6.60,16.29,5.08,4.07,21.84,2.52,0.84,10.20,7.72,10.77,11.25,15.69,11.57,7.81,10.54,4.27,11.75,4.32,0.84,1.68,1.70,3.29,5.02,0.84,4.30,3.33,15.53,14.16,9.49,1.68,12.25,9.27,17.38,0.81,23.36,8.21,5.70,4.27,13.14,8.30,5.15,4.96,9.51,11.72,9.03,4.05,1.70,13.33,5.14,0.84,10.23,6.69,3.35,1.66,2.56,9.43,11.04,4.36,0.86,1.68,5.93,9.24,8.36,5.94,5.79,0.83
4	190300546	190302041	AAGCACACACAGCTGC	3.56	HG02373:4.83	0.83,0.84,0.85,0.87,0.81,1.70,0.82,1.65,0.85,0.83,0.83,0.81,1.71,0.83,0.84,0.85,0.82,0.84,0.83,0.83,0.84,0.82,0.84,0.81,0.87,4.83,0.81,0.82,0.85,0.83,0.84,0.82,0.83,0.82,0.84,0.87,1.67,0.83,1.71,0.82,0.85,0.82,0.84,0.85,0.87,0.82,0.78,1.67,0.81,1.70,0.85
16	50044649	50045204	AAAG	3.22	HG02373:3.22	1.66,3.22
1	77305170	77305686	AAAGATATATATATATAT	3.20	HG02373:3.22	3.22,4.07
12	98862183	98862998	AAAG	3.17	HG02373:4.83	0.84,1.67,3.27,0.84,2.58,1.68,1.70,0.83,0.82,2.50,2.43,4.83,1.63,5.15,1.62
1	235130982	235132290	ACATATATCTCTATATAT	3.15	HG02373:11.28	6.53,0.82,1.63,2.49,2.50,1.66,2.50,2.50,3.34,1.60,0.84,2.51,6.66,1.70,0.84,2.47,7.33,2.41,1.64,0.85,5.13,4.33,3.20,5.01,1.62,1.61,2.52,5.90,4.25,8.64,0.82,1.68,10.73,8.14,3.15,10.16,1.63,7.73,5.88,5.89,11.77,6.80,3.47,2.57,5.80,4.96,6.43,2.48,2.54,2.48,2.34,1.62,1.71,6.70,5.77,4.72,4.32,1.68,2.50,5.02,2.52,2.55,7.39,4.19,0.84,3.44,3.33,8.17,0.83,4.31,4.90,2.53,4.84,2.69,6.08,9.57,2.43,11.28,4.93,7.33,7.33,1.71,4.11,8.30,5.15,6.56,2.56,4.14,0.83,6.92,4.19,4.11,5.68,1.70,0.82,1.68,1.66,2.51,2.36,1.67,0.87,0.84,3.49,4.98,0.86,0.83,0.86,3.41,0.82,2.52,0.86,0.84,3.38,0.87,0.85,3.42,0.84,0.85,1.64,0.84,0.78,0.84,1.71,0.79,0.81,0.83,0.85
3	79598870	79599698	AAAGG	3.15	HG02373:4.03	1.66,3.87,0.87,4.14,2.48,0.86,4.03,3.26
19	16041840	16042212	ACTCACTCCTCTCCCCGCTC	3.15	HG02373:3.22	0.82,0.81,0.85,1.64,3.22
1	92305101	92306737	AAAATCATGCATGATATTAC	3.08	HG02373:53.16	4.08,6.53,9.77,8.31,6.68,23.30,10.81,8.33,15.86,12.54,7.18,12.53,12.56,9.15,11.06,16.83,3.29,6.58,9.78,26.56,24.62,5.97,5.98,29.41,13.15,23.24,10.85,14.61,26.59,19.34,23.23,22.77,22.12,13.82,32.68,43.61,25.58,4.89,11.83,25.41,22.00,7.73,20.16,8.41,58.00,23.81,6.07,36.86,13.25,28.12,31.34,10.73,20.32,12.40,13.28,12.97,6.83,15.10,6.70,42.85,5.66,11.23,15.13,8.32,8.37,13.42,17.88,15.60,6.70,10.11,9.47,9.98,37.60,9.16,11.21,20.17,40.01,16.85,6.45,15.23,30.41,3.48,10.51,53.16,10.67,26.89,54.55,18.80,24.65,47.34,22.31,31.18,11.10,11.58,17.49,24.20,36.01,18.89,37.30,29.78,5.83,5.14,22.25,23.50,4.14,11.60,8.37,5.11,6.29,30.85,19.23,5.22,9.20,13.09,34.86,14.55,30.62,33.41,23.17,4.93,21.34,17.24,15.95,18.87,7.71,8.35,27.00,22.07,20.94,18.61,11.84,27.38,36.97,5.08,8.18,25.56,19.32,13.20,51.91,4.99,22.75,9.40,10.03,22.08,34.98,8.49,8.27,2.49,19.52,25.40
6	89701328	89702298	AAAG	2.69	HG02373:5.64	4.08,8.14,2.49,0.84,2.60,0.80,0.83,0.85,0.79,2.44,1.70,0.86,5.63,4.69,0.84,0.84,0.85,3.29,1.67,0.86,1.68,2.42,0.87,5.64,0.82,7.33,0.85,0.84,2.52,1.67,0.83
21	34694285	34694448	AATATATATACGG	2.65	HG02373:3.22	0.82,1.69,0.85,0.84,4.03,1.79,3.22,0.83,0.83
8	68519044	68519759	AAG	2.60	HG02373:3.22	0.82,1.71,0.84,3.22,0.82,0.81,0.82,3.24,0.86,0.84
17	32834335	32835781	AAAGG	2.57	HG02373:4.03	0.83,0.82,0.87,0.82,4.01,0.83,0.84,0.85,1.65,1.56,2.56,1.67,0.86,1.63,4.03,2.44,3.28
14	106168779	106169832	ACCTCGTCACTCAGCCCTGG	2.50	HG02373:7.25	1.63,0.82,1.67,0.83,1.67,2.51,1.60,4.18,1.68,2.50,2.55,0.84,3.29,2.47,3.26,2.41,1.64,4.27,1.71,1.73,3.29,1.60,1.67,0.81,2.90,1.69,1.70,2.59,0.82,0.84,3.30,1.69,3.43,0.84,3.36,5.04,2.55,1.71,4.14,2.48,5.63,1.65,3.39,0.83,6.25,2.56,5.87,5.03,3.30,1.73,2.52,3.33,4.18,1.68,4.26,1.64,0.84,4.16,0.82,0.83,3.45,0.82,4.21,2.42,1.79,1.74,7.28,7.25,0.82,0.81,0.85,4.11,4.98,1.72,1.64,0.85,3.31,0.83,2.59,0.84,1.64,3.24,0.85,1.67,0.86,1.68,0.83,0.85,0.86,0.84,0.87,0.84,0.87,0.82,0.82,1.71,0.84,0.82,0.82,0.84,0.78,0.84,0.85,0.79,0.81,1.65,1.70,2.54
12	23032091	23033280	AAATATAGAATATTCTATAG	2.48	HG02373:5.64	9.11,1.61,2.50,1.67,0.86,2.42,5.64,5.70,1.64,2.48,2.59,5.11,4.26,3.42,1.70,5.13,4.21,2.49
10	130017027	130018092	ACCCACCCACCCACTCACTC	2.39	HG02373:4.03	0.82,0.82,1.67,0.84,0.85,0.84,0.81,0.80,0.82,1.71,0.85,0.87,0.80,0.84,0.83,0.81,0.84,0.84,0.84,0.85,1.71,0.83,0.81,0.86,0.84,1.64,0.84,0.83,0.86,0.81,0.90,0.81,4.03,0.82,0.81,2.46,1.66,1.65,1.67,0.81,0.85,0.86,0.84,0.84,0.86,0.83,0.82,1.68,0.86,1.74,0.85,0.85,1.68,0.84,2.51,0.83
6	9285473	9286538	ACACATATATATATATAT	2.33	HG02373:6.44	4.94,0.81,3.37,1.70,7.33,3.94,0.81,0.84,3.36,0.85,3.31,3.21,1.65,4.31,0.81,4.48,4.35,6.44,3.42,6.56,3.42,1.64,4.36,6.70
22	46962229	46963866	AACCCACTCCCATGATAACG	2.26	HG02373:5.64	3.27,0.82,1.63,3.33,3.34,1.66,0.83,1.67,3.34,2.39,1.67,0.84,1.66,0.84,1.65,1.64,0.81,2.41,3.41,1.71,0.87,2.40,3.34,4.03,0.85,1.73,3.35,2.48,4.07,2.37,1.69,0.81,2.58,0.84,2.52,1.71,0.83,2.48,2.41,0.83,1.69,1.65,2.34,2.43,0.85,3.36,2.51,2.47,0.94,0.86,1.68,1.66,3.35,0.82,1.72,0.83,4.09,0.83,2.59,1.68,0.82,0.84,4.03,1.79,1.74,1.74,2.43,5.64,2.46,1.63,2.44,0.85,1.64,2.49,0.82,2.48,1.73,2.51,1.62,0.85,2.50,1.68,0.83,2.51,3.48,0.87,0.86,1.65,2.48,2.47,0.85,1.64,2.52,1.70,0.85,2.57,0.84,1.64,1.55,0.84,1.66,0.84,2.51,2.37,0.83,3.33,0.85
8	82935256	82936511	AAAG	2.25	HG02373:16.11	5.71,8.16,11.68,0.84,11.73,5.89,3.26,9.86,5.01,12.59,6.75,9.36,3.46,2.45,11.74,6.60,4.07,3.94,6.01,10.93,5.10,10.75,9.40,12.58,1.68,4.94,4.99,5.02,5.75,9.21,3.33,14.99,15.53,10.08,5.06,16.14,19.14,10.51,16.11,9.78,4.89,7.69,5.75,8.30,8.21,1.71,4.14,15.56,5.02,13.14,4.86,7.66,9.16,5.87,7.45,6.70,5.22,5.14,4.36,8.56,3.39,9.32,2.50,7.69,10.19,7.45
19	1692081	1693278	AAAG	2.24	HG02373:19.33	7.74,17.16,11.55,13.74,13.45,11.25,6.61,7.26,8.07,19.33,12.21,18.05,18.32,7.54,21.38,18.83,15.67,11.11,0.84,7.32
6	120119193	120119991	AAAG	2.22	HG02373:2.42	0.81,0.84,2.42,0.83,0.86,0.82
9	35256701	35257941	AAATATTTATAT	2.15	HG02373:5.64	1.63,2.44,1.66,0.84,2.39,3.40,1.65,4.27,1.63,1.72,2.52,1.69,1.71,0.84,3.45,4.16,0.84,1.68,4.11,1.67,1.63,5.64,0.81,1.64,1.66,6.83,1.65,1.62,1.66,2.56,0.87,3.43,0.83,0.84,5.85,3.38,4.20
2	3632525	3633663	ACAGGCATGAGATCCGGAGC	2.08	HG02373:3.22	0.83,0.80,0.86,0.83,0.85,0.81,0.86,0.84,0.84,0.85,0.86,0.83,0.84,1.67,0.86,1.69,3.22,2.44,2.44,1.71,2.50,0.86,0.84,0.81,0.87,0.83,0.82,0.79
7	1342635	1343957	AAAG	1.97	HG02373:3.22	0.85,0.82,0.85,1.68,3.40,0.86,0.83,0.78,0.82,7.35,4.85,3.22,4.86,0.84,1.75
12	82498327	82499132	AATATATATATATGATGG	1.93	HG02373:3.22	0.83,1.67,1.73,0.86,1.58,0.84,0.86,0.81,0.85,0.84,2.50,0.82,1.67,3.22,0.82,0.81,1.63,0.85,0.86,0.82,0.84,2.51,2.47
14	106048858	106049484	ACCAGGGCTCAGTGATCAGG	1.91	HG02373:9.67	4.90,3.26,1.63,4.99,5.01,5.82,5.82,3.33,5.84,1.67,3.99,3.34,4.19,3.33,1.70,3.37,9.87,5.75,1.63,7.24,3.28,5.97,4.27,5.19,4.93,4.81,7.51,3.25,6.45,5.05,2.90,5.90,4.25,2.59,3.27,3.30,7.33,4.73,1.69,4.07,4.29,5.04,3.36,1.68,2.55,3.47,4.29,2.49,6.62,4.82,4.13,5.93,2.48,5.47,7.30,4.27,6.71,4.19,5.77,9.44,2.59,5.88,4.99,10.04,5.87,4.26,3.29,4.19,2.53,4.30,4.99,5.72,6.66,3.45,5.04,4.90,6.74,5.65,1.79,3.48,1.74,8.09,9.67,4.11,1.63,3.26,2.56,9.86,4.15,3.43,4.92,3.42,4.96,2.50,4.32,5.02,2.46,3.24,5.96,3.33,3.43,6.59,2.52,2.48,5.80,3.35,4.26,3.93,5.14,2.51,5.22,4.18,6.11,3.32,2.57,5.79,6.85,1.65,5.75,5.97,7.39,5.04,4.29,2.57,5.85,7.59,5.09,4.36,6.77,2.54,5.99,5.04,3.39,4.91,3.30,4.20,7.76,5.86,1.66,1.69,2.56,3.34,5.52,7.32,6.79,6.62,4.99,7.64,3.39
7	157387590	157388824	AACCTCCTGGCTTCCT	1.87	HG02373:12.89	0.82,0.83,1.67,4.99,5.11,8.23,1.64,13.68,9.03,5.19,5.84,4.21,11.81,7.33,6.01,0.84,10.09,13.61,12.14,0.86,13.25,5.79,0.80,0.82,5.00,10.62,10.49,1.74,12.89,8.21,0.81,8.14,0.86,10.25,4.16,2.59,9.21,0.85,10.28,4.12,3.31,0.84,11.93,1.71,2.51,3.31,0.85,6.75,10.19,2.62,3.39,0.82,1.68,5.94,13.58,0.85
16	66004839	66005783	ACATATATATG	1.84	HG02373:4.03	1.61,3.46,0.84,1.65,8.68,1.68,1.70,1.71,1.67,0.83,1.68,4.48,0.81,4.03,1.64,4.89,0.81,3.28,0.86,0.86,2.45
2	125470396	125471329	AAAG	1.78	HG02373:2.42	0.84,0.85,0.82,0.80,0.85,2.42,1.71,1.62,1.70,0.85
8	97262279	97263368	AAGAAGGAG	1.77	HG02373:18.53	0.83,22.86,18.53,34.05,18.42,32.03,36.59
11	59973531	59974225	ACATATATAT	1.76	HG02373:3.22	0.82,3.37,1.71,4.11,0.84,0.79,1.69,1.68,2.52,1.65,3.22,0.82,1.66,1.64,0.85
9	139016552	139017761	AACC	1.69	HG02373:8.86	4.08,2.45,1.63,4.16,3.34,7.49,4.16,4.16,3.34,3.34,2.39,3.34,7.54,1.66,11.91,2.52,1.65,2.47,1.63,3.22,0.82,4.27,1.71,2.60,1.64,4.01,5.01,5.68,4.03,3.36,1.94,5.90,5.95,2.59,6.54,2.52,1.65,0.81,2.37,3.39,4.89,4.29,2.52,4.20,5.04,5.10,4.34,2.57,1.66,6.62,4.82,3.30,3.39,1.65,3.91,4.05,1.71,5.03,5.03,4.12,0.94,3.45,5.88,3.33,7.53,1.68,0.85,3.29,2.51,4.21,4.30,4.99,6.54,3.33,4.31,2.52,4.08,6.74,7.26,4.48,3.48,2.61,6.47,8.86,4.93,1.63,3.26,5.13,3.29,4.15,3.43,3.28,5.12,3.31,2.50,0.86,5.86,6.57,1.62,2.55,1.67,3.43,2.47,10.07,5.80,3.31,1.67,3.41,3.93,3.43,2.51,6.09,5.86,2.62,1.66,5.14,4.96,0.86,2.48,5.75,9.39,5.75,5.04,6.00,6.85,4.18,4.22,3.40,6.98,4.23,4.23,4.28,6.72,3.39,5.72,3.30,3.88,2.51,5.82,2.53,3.42,1.67,3.94,4.88,1.70,3.31,4.16,4.24,4.23
17	9533911	9534834	AAAG	1.67	HG02373:10.47	0.82,1.62,17.66,13.07,14.26,6.73,4.31,10.47,10.58,11.60,1.72
6	156512017	156512831	AAAGG	1.66	HG02373:3.22	0.87,0.84,0.84,0.81,1.66,0.84,6.08,3.22,4.07,0.86,1.67,2.53,7.85,5.04,0.79
20	40336163	40336939	AAGG	1.64	HG02373:2.42	0.84,3.31,0.86,0.84,0.81,0.87,2.42,0.81,2.49,0.86,0.81,0.85
19	56360616	56362105	AAATTACACCGCAGCCACGG	1.62	HG02373:14.50	4.08,6.53,12.21,5.82,10.02,9.15,8.31,12.49,8.35,10.87,10.37,8.35,9.21,6.66,10.21,4.21,9.87,0.82,8.15,8.85,4.10,8.53,3.42,8.65,6.58,8.81,8.35,9.74,6.45,14.30,9.68,6.75,4.25,6.91,6.54,11.74,5.78,8.14,7.10,3.39,4.89,6.87,10.92,13.45,8.41,7.65,5.20,6.86,2.49,5.79,7.23,6.60,0.85,11.57,8.60,10.54,9.40,9.23,5.86,7.42,4.72,14.68,7.57,4.99,9.20,10.06,9.37,6.57,11.72,7.58,6.88,7.49,8.17,8.33,4.31,6.72,8.17,10.95,14.52,2.69,7.82,9.57,9.70,14.50,8.21,3.26,13.03,4.27,6.57,9.14,5.15,6.56,6.83,5.79,10.82,2.59,2.51,9.03,4.05,5.11,1.67,9.43,7.42,5.03,7.45,11.60,5.86,5.97,9.43,8.57,2.51,4.18,1.75,4.15,15.72,6.62,5.75,9.85,6.00,3.43,0.84,6.75,0.85,4.36,7.61,8.46,7.70,5.04,1.69,6.54,0.82,7.56,9.32,10.05,9.98,4.21,0.85,3.34,14.98,8.14,5.94,11.58,4.16,7.64,11.01
17	70999905	70999947	AAAG	1.61	HG02373:1.61	1.61,0.86
X	100749213	100749274	AGCCCCAGCCTC	1.61	HG02373:1.61	1.61,0.84
5	29268837	29269026	ATATATATATGCC	1.61	HG02373:1.61	1.61,0.82,2.51
6	99114317	99115081	AT	1.61	HG02373:1.61	1.61,0.82
12	57414447	57414448	AATGG	1.61	HG02373:1.61	1.61
16	29981364	29981365	ACC	1.61	HG02373:1.61	1.61
18	828061	828062	AT	1.61	HG02373:1.61	1.61
20	58999035	58999036	AACCCT	1.61	HG02373:1.61	1.61
22	26587714	26587715	ATCC	1.61	HG02373:1.61	1.61
2	54242975	54242976	AC	1.61	HG02373:1.61	1.61
4	167673875	167673876	AC	1.61	HG02373:1.61	1.61
4	182388004	182388005	AC	1.61	HG02373:1.61	1.61
4	82137869	82137870	AC	1.61	HG02373:1.61	1.61
6	167248251	167248252	AAAT	1.61	HG02373:1.61	1.61
6	7677535	7677536	AGAT	1.61	HG02373:1.61	1.61
18	55399531	55399661	ACATATATATATATATAT	1.61	HG02373:1.61	0.87,1.61
3	58249912	58250247	AC	1.61	HG02373:1.61	0.84,1.61
16	82934702	82934761	AC	1.61	HG02373:1.61	0.83,1.61,0.82
X	39906034	39906106	AT	1.61	HG02373:1.61	0.79,1.61
13	114515407	114515660	ACCCACCCGGGACCCGTG	1.59	HG02373:1.61	0.84,1.61,0.87
2	30446000	30446232	AAGG	1.59	HG02373:1.61	0.84,1.61,0.81
19	28955543	28955844	AT	1.58	HG02373:1.61	1.61,0.86,0.83,0.83
13	90556181	90557215	AAAAT	1.57	HG02373:1.61	1.61,1.75,17.17,2.51
16	66508522	66508806	AGAGAGGGAGGG	1.56	HG02373:1.61	0.81,0.85,0.81,1.61,0.81
2	145738693	145739655	AATAG	1.55	HG02373:3.22	2.41,1.63,1.68,0.84,2.49,1.61,0.84,0.82,0.82,3.22,0.82,2.56,0.83,0.86,1.64,3.33,0.86,1.64,3.40
1	2055238	2056100	AACCACCGCCGCGACCCT	1.55	HG02373:2.42	0.81,4.73,0.86,0.84,3.43,2.42,1.63,2.56,1.67,0.82,0.86
16	87250744	87251133	AACACGGACCTGACCCCC	1.54	HG02373:2.42	0.82,0.81,0.82,0.85,0.83,0.84,0.84,1.72,0.83,0.85,0.84,0.84,1.73,0.81,2.42,0.81,0.85,0.82,0.84,0.84,0.86,0.85,0.82,1.69,0.85,0.85,0.84
7	138305840	138307598	ACATAGATAGATAGAT	1.52	HG02373:34.64	22.86,13.06,13.03,21.62,13.35,7.49,18.29,9.99,22.54,5.01,2.39,22.55,27.64,11.65,9.36,9.26,32.08,15.62,4.07,12.88,33.65,7.68,3.42,15.57,18.08,4.81,16.69,18.67,27.40,13.46,2.90,13.49,13.61,6.05,14.71,0.84,15.68,2.44,8.68,19.48,22.82,28.33,15.96,1.68,26.90,7.65,5.14,17.40,33.91,29.73,29.72,16.09,21.49,17.19,4.05,24.77,23.49,12.57,28.84,10.38,19.00,11.77,17.47,11.71,5.87,15.33,2.46,14.24,18.53,12.05,14.14,5.72,4.16,31.91,26.05,4.90,20.22,21.79,2.69,6.08,5.22,42.86,34.64,14.78,2.44,28.50,2.56,44.36,4.98,22.31,6.56,8.54,12.41,14.99,16.42,0.84,9.86,36.48,11.06,10.00,23.14,12.36,3.36,8.28,14.91,6.70,10.23,17.29,8.57,12.54,5.22,5.86,9.60,16.60,9.41,3.31,4.28,20.68,4.11,5.12,0.82,10.91,7.72,10.28,12.53,2.53,8.49,1.74,5.92,7.61,4.28,1.68,9.32,5.72,7.42,3.36,4.66,4.19,7.49,4.21,7.69,5.85,7.88,8.14,0.85,8.27,14.97,5.09,3.39
20	47078666	47078942	ACCCC	1.49	HG02373:2.42	0.83,0.80,0.84,0.83,0.85,0.87,0.80,0.84,0.85,0.86,0.84,0.85,0.83,1.65,0.81,0.85,0.86,0.83,1.67,0.86,0.84,0.82,1.61,0.81,2.42,0.82,0.82,0.82,0.85,0.83,0.86,0.82,0.86,0.86,0.85,0.78,0.84,0.79,0.83,0.83,2.55,0.85
11	124455680	124456472	AT	1.49	HG02373:2.42	0.82,0.83,0.83,0.85,0.85,0.87,0.83,0.80,1.56,1.71,1.68,0.86,1.68,2.42,0.86,0.87,0.82,0.84,0.78
4	165331269	165332246	AAGG	1.48	HG02373:2.42	0.82,0.83,0.83,1.73,2.52,0.84,0.94,0.82,0.84,0.87,2.42,0.81,0.84,0.87,0.82,1.58,2.44
Y	24387506	24388393	AGGATATATATAT	1.48	HG02373:2.42	0.82,0.83,0.83,1.67,1.68,0.83,0.85,0.82,0.82,1.61,0.82,0.85,0.80,0.84,0.84,0.80,0.84,0.82,0.81,2.42,0.81,0.85,0.86,0.85,0.84,0.84,0.82,0.86,1.69,0.84,0.79,0.81,0.83,0.85
6	34650574	34651754	AT	1.48	HG02373:2.42	0.81,0.81,0.84,1.68,1.58,1.70,0.80,0.83,0.82,2.42,2.42,0.86,1.73,0.85,0.82
10	129595395	129596163	ACACCCTCCCTCCATCCC	1.47	HG02373:3.22	0.82,0.81,0.83,0.83,0.83,1.60,0.84,3.29,1.61,0.85,0.85,0.87,0.82,1.61,0.84,0.83,1.63,1.58,0.81,0.84,0.83,1.69,1.65,3.13,0.84,0.82,0.86,1.68,1.66,0.82,1.63,0.83,0.81,0.90,0.87,0.81,3.22,0.82,0.81,1.71,2.46,0.83,1.73,1.64,0.81,0.85,0.84,0.86,1.67,2.62,0.86,0.86,0.85,1.64,0.84,0.85,0.85,0.84,0.78,0.84,0.83,0.84,1.71,1.67,1.66
4	20039317	20039812	ACACATATATATATAT	1.47	HG02373:1.61	0.94,1.74,1.61,0.81,0.83
2	112811737	112813210	ACACGGCCCCGCCTCC	1.44	HG02373:4.03	2.45,2.45,0.81,1.66,0.83,0.83,0.83,2.39,1.67,0.82,1.63,2.46,0.85,1.71,0.87,1.64,0.80,1.62,0.84,1.94,0.84,0.86,2.37,0.81,0.84,0.87,1.71,3.31,0.83,2.34,0.81,1.65,0.82,2.51,0.82,1.73,0.84,1.63,0.90,4.03,0.82,3.26,1.64,0.83,1.64,0.85,0.83,0.83,0.86,0.84,0.82,0.85,0.86,0.82,0.83,0.83,0.84,0.85,0.79,1.71,0.84,0.87,0.83,2.57,0.83,1.71,0.82,0.86,0.84,0.87,1.69,0.86,0.84,4.91,2.47,3.88,3.42,1.58,0.81,0.85,1.65,0.83,1.69
14	95043384	95044403	ATCC	1.40	HG02373:4.03	1.63,1.63,0.84,2.51,4.16,0.82,2.47,0.80,0.85,1.71,0.87,1.62,0.81,2.52,0.97,0.84,1.70,0.84,0.81,1.58,0.85,0.84,0.84,0.86,1.71,1.65,0.86,0.84,0.84,1.67,3.33,0.86,1.63,0.84,0.81,2.61,1.62,4.03,0.82,0.81,0.85,0.82,0.83,1.72,0.82,0.85,2.48,0.84,0.81,0.86,0.82,1.66,1.71,1.67,1.74,1.67,3.49,1.66,2.57,0.86,0.83,0.82,1.64,3.43,0.84,2.54,2.56,0.83,0.85
11	129545082	129546385	AAAG	1.39	HG02373:11.28	1.63,2.50,0.83,1.67,5.01,2.51,5.85,1.63,7.68,5.75,5.84,2.90,6.75,4.09,5.03,4.89,5.08,6.52,0.86,6.72,7.65,1.71,1.66,9.10,10.45,7.62,9.92,7.30,5.13,5.03,7.54,3.30,4.32,3.33,5.86,2.52,5.11,4.93,5.86,4.30,10.81,13.89,0.86,5.04,3.27,0.81,0.90,6.95,8.70,11.28,9.03,7.33,2.44,9.14,7.72,6.56,3.31,5.83,5.19,4.25,5.00,3.30,8.28,0.83,10.88,4.26,3.14,5.14,3.34,2.51,2.57,9.10,9.42,9.10,4.93,18.78,2.46,0.84,0.86,14.56,5.01,9.34,4.23,1.64,2.47,6.72,3.11,4.18,8.95,4.25,4.96,0.83,3.39
20	62719411	62720660	ACAGATCCTGGCCACCCTGC	1.39	HG02373:6.44	3.27,1.63,1.63,1.66,1.67,0.83,3.32,2.50,2.50,0.84,0.80,2.51,4.19,2.50,1.70,1.68,4.94,2.44,4.02,2.46,7.68,3.42,4.33,2.47,1.60,3.34,4.87,2.52,1.94,5.06,2.55,2.59,2.45,0.84,2.48,4.07,2.37,2.44,1.72,0.84,0.84,2.52,0.85,0.87,1.71,2.49,4.14,3.21,2.48,0.85,0.83,3.13,1.62,4.27,2.52,0.84,2.47,1.89,1.73,2.52,1.66,1.67,4.19,5.11,2.51,0.84,0.86,2.50,2.45,3.33,0.86,3.36,1.63,3.37,1.61,0.90,1.74,0.87,4.04,6.44,2.46,6.52,4.07,3.42,2.46,0.83,0.86,2.46,1.71,5.79,3.33,1.73,3.35,2.46,2.43,1.70,3.33,3.43,2.47,0.84,2.48,2.48,2.51,2.56,1.57,1.71,1.67,0.87,1.67,1.75,1.71,0.83,3.29,2.56,0.82,0.84,1.72,0.84,1.69,1.70,1.74,0.85,1.69,1.71,1.68,0.82,4.12,1.68,6.99,0.84,1.66,3.37,0.85,5.52,3.40,1.65,0.83,3.39,4.23
5	52467733	52467996	AAGGG	1.39	HG02373:1.61	6.52,1.61,1.71,0.85,7.32,1.69
16	6706191	6707661	AAAGGGGAGGAGAGGAGAGG	1.37	HG02373:7.25	1.63,2.45,6.51,4.99,5.84,1.66,2.49,2.50,0.83,1.60,3.35,2.50,0.85,3.37,4.11,2.47,1.63,2.41,3.28,0.85,0.87,4.93,0.80,1.67,4.06,0.81,1.68,1.94,1.70,1.73,6.54,0.84,1.63,3.15,5.08,2.44,1.72,1.68,2.52,0.84,2.55,2.60,2.57,1.66,2.48,3.21,0.83,1.69,4.96,4.69,0.81,8.39,2.51,1.65,0.94,1.73,3.36,3.33,4.18,0.84,2.55,4.93,4.19,2.53,5.16,3.27,2.50,1.73,0.84,0.82,4.03,2.69,3.48,0.87,0.81,7.25,1.64,2.44,1.63,3.32,1.72,3.28,4.96,3.33,1.73,4.19,1.64,3.24,6.81,0.83,2.57,5.03,0.83,1.67,1.57,0.86,3.48,2.51,1.75,1.66,5.99,6.62,4.28,0.83,3.41,4.93,2.52,4.29,2.53,3.40,1.74,0.85,1.69,1.71,2.52,0.85,3.27,2.47,3.36,6.99,3.35,2.53,3.42,3.34,3.15,4.88,3.40,4.96,0.83,1.70,1.69
4	176546717	176547753	AAAG	1.35	HG02373:3.22	0.83,0.85,1.64,0.83,0.84,2.45,1.68,1.65,0.84,3.36,1.68,1.70,1.65,1.61,0.78,1.68,0.83,1.73,0.84,0.90,0.87,0.87,3.22,0.82,0.81,2.44,1.64,0.82,2.43,0.83,2.51
16	57893223	57894353	AAAAT	1.33	HG02373:13.69	1.66,3.19,7.57,9.39,13.82,8.41,12.14,7.72,12.43,9.64,14.85,11.10,10.09,2.50,4.16,22.48,14.32,18.82,3.48,13.69,7.33,8.14,12.82,10.05,7.39,9.73
10	53374117	53375321	AAAGATGAATATATTC	1.33	HG02373:4.03	1.63,2.44,1.66,1.67,1.66,0.83,0.83,0.83,0.80,0.84,1.68,0.83,0.85,2.52,0.82,0.82,2.44,2.41,0.82,1.71,0.82,0.83,4.06,2.42,1.68,0.97,0.84,1.70,2.59,0.83,0.81,0.79,0.86,0.84,0.84,1.70,0.87,0.83,0.83,1.61,0.85,2.48,0.81,0.84,0.94,1.73,1.68,0.84,2.53,0.83,2.50,0.86,4.20,0.81,1.79,0.87,4.03,2.44,1.63,0.85,1.64,0.83,1.72,0.82,1.71,0.86,0.84,2.46,1.62,0.85,0.83,0.82,1.66,0.83,0.84,2.56,0.79,3.34,2.61,0.87,1.66,0.86,0.83,3.43,0.82,1.68,0.86,2.51,1.69,0.85,1.71,2.52,1.69,0.82,1.65,0.84,1.67,1.66,1.69,0.84,1.58,2.55,3.31,1.66,1.69
1	235130870	235131883	ACATATATACATATATAT	1.32	HG02373:2.42	0.82,0.81,1.66,0.83,0.84,2.51,0.82,0.85,0.84,0.81,0.79,0.81,1.61,0.83,0.86,0.83,0.90,2.42,0.85,1.64,0.81,0.83,3.48,0.83,0.82,0.82,0.81,0.83
20	60681040	60681210	ACCCATCCATCC	1.32	HG02373:1.61	0.81,0.84,0.84,0.94,0.81,1.61,0.82
2	89564541	89564893	AAACATTATATATAT	1.29	HG02373:3.22	0.82,1.66,0.83,1.67,0.80,0.84,0.84,0.82,0.87,0.80,0.83,0.81,1.68,0.97,0.84,3.46,0.81,0.85,3.47,0.83,0.83,0.78,0.85,1.68,0.84,1.68,0.82,0.83,0.84,1.63,0.81,0.90,3.22,1.64,0.81,0.82,3.28,0.85,0.83,0.82,1.70,0.82,0.84,1.66,0.84,0.85,2.57,1.74,0.83,2.57,0.86,0.86,0.84,1.69,1.70,0.84,0.84,0.85,1.65,1.66,0.85
2	123991539	123992876	AGCATATATAT	1.27	HG02373:3.22	0.82,0.83,0.83,0.84,0.83,0.84,0.83,2.52,0.85,0.86,0.84,0.81,1.58,0.85,0.81,0.86,0.84,0.87,0.86,0.83,0.83,0.83,3.13,0.85,0.84,0.82,0.84,0.83,2.46,0.84,1.68,5.06,1.61,0.87,0.81,3.22,0.82,0.81,0.82,0.86,0.82,0.83,2.59,0.84,0.81,0.85,0.84,1.67,1.67,0.87,0.83,0.82,0.86,0.85,0.85,0.85,0.82,1.68,0.85,0.85,3.39
4	146242143	146242831	AAATATATATATAT	1.27	HG02373:1.61	1.60,0.86,0.81,1.62,1.61,0.82,1.62
1	2052581	2053028	AACCACCGCCGCGACCCT	1.26	HG02373:4.83	9.46,4.23,3.43,5.14,4.83,5.70,4.27,6.70
10	24078586	24079491	ACACATATGCATAT	1.24	HG02373:3.22	0.82,0.81,1.66,2.49,3.35,1.64,0.85,1.73,1.73,4.89,0.85,0.84,0.84,0.80,0.83,0.78,0.85,1.68,1.64,1.66,0.82,1.67,3.22,0.81,0.82,0.83,0.83,1.67,0.85,0.87,0.84,0.86,1.71,3.38,3.25
4	27417728	27418669	AAAG	1.21	HG02373:3.22	0.83,3.26,3.43,0.84,7.83,3.22,4.89,3.42,0.86,1.71,14.70,0.81,0.81
15	26851380	26852293	AGATAGATATATCGAT	1.21	HG02373:1.61	0.82,1.69,2.47,1.61,1.66,0.82,4.24
14	104764794	104766161	ATCC	1.18	HG02373:7.25	1.63,2.45,2.44,6.65,1.67,2.50,0.83,4.16,6.68,0.84,2.39,1.67,0.84,4.99,2.55,1.68,0.82,4.11,0.81,2.41,0.82,0.85,1.71,0.87,1.60,2.50,1.62,2.42,4.84,1.69,5.10,1.73,3.27,3.35,4.95,0.81,3.15,2.54,5.15,3.36,2.52,0.84,5.95,1.71,3.31,1.61,0.83,2.54,3.31,0.78,1.62,1.71,1.68,4.19,0.82,3.78,0.86,1.68,4.16,1.67,0.84,1.70,2.46,0.84,0.84,1.72,4.16,8.17,2.50,1.73,2.52,3.27,0.84,0.81,2.69,5.21,2.61,3.23,7.25,2.46,4.89,1.63,2.56,7.39,0.83,3.43,4.27,2.48,4.16,2.59,3.35,3.29,2.43,5.96,4.28,5.77,2.52,6.63,0.84,5.11,4.72,3.43,2.51,0.87,1.67,0.87,3.32,5.99,2.48,1.71,0.83,4.11,4.27,0.82,1.68,6.00,0.86,2.51,4.22,0.85,3.49,2.54,2.54,5.13,5.04,2.54,2.45,2.47,0.84,0.83,0.84,3.42,1.67,1.58,5.69,0.85,3.31,5.82,4.24,6.77
18	626145	627569	AAAG	1.17	HG02373:16.11	23.66,6.65,6.68,5.82,9.97,2.50,3.34,6.38,20.05,8.38,2.50,0.85,5.05,6.58,1.61,6.83,3.42,2.60,9.04,10.42,1.67,15.42,5.64,2.52,1.94,4.22,5.95,4.90,4.13,4.89,4.73,1.69,8.15,7.73,10.92,5.04,4.20,4.25,0.87,11.14,5.80,4.14,8.84,1.65,6.61,5.47,11.35,0.85,10.91,3.30,0.86,4.20,1.66,3.35,7.39,5.86,2.53,6.88,9.98,4.90,0.86,1.68,5.72,0.84,4.84,17.03,14.77,3.48,4.85,16.11,7.39,7.33,16.28,12.82,19.10,5.15,3.28,10.25,5.79,5.83,12.97,7.54,5.75,4.05,6.81,7.71,1.65,1.68,8.28,7.45,2.51,1.70,0.86,1.67,0.83,3.43,2.47,4.93,8.58,7.52,6.11,0.85,2.52,4.91,1.65,0.78,2.50,2.56,6.69,6.51,5.10,1.65,2.49,12.73
6	26753007	26753865	AAG	1.17	HG02373:4.03	1.63,1.67,1.66,0.84,0.83,0.84,4.11,3.28,0.85,0.82,0.81,6.73,2.59,1.65,1.69,1.56,2.43,2.56,0.82,0.84,1.68,0.84,1.68,1.66,2.59,0.90,3.48,4.03,1.64,0.84,0.84,0.83,2.51,0.86,11.10,0.84,4.29,1.71,1.74,0.86,0.82,0.85,0.83,1.70
11	17573310	17574677	ACACAGGACAGGTGGGGG	1.14	HG02373:27.39	16.33,1.63,9.98,12.48,8.36,20.74,8.35,5.89,18.10,12.22,14.49,5.75,19.63,17.94,9.86,4.81,15.02,10.48,20.33,10.96,6.80,12.21,26.03,10.16,6.73,25.22,9.54,7.72,14.08,14.46,9.08,11.01,9.09,8.54,10.07,8.38,6.91,22.46,6.69,22.64,26.40,21.35,15.49,8.17,7.49,10.62,24.20,7.82,17.40,27.39,13.96,21.19,25.24,15.38,10.80,11.15,14.77,9.10,9.03,18.33,12.00,23.08,17.62,19.88,23.19,10.05,8.52,8.65,25.71,16.72,14.80,20.08,19.21,9.96,17.12,10.76,18.85,16.55,25.49,16.22,34.48,22.66,19.72,5.14,35.08,7.59,5.94,13.96,9.31,23.68,4.28,21.01,3.39,17.99,14.84,14.28,27.95,30.98,13.31,26.97,9.40,15.04,32.32,24.41,16.99,10.75,19.12,22.91,14.39
7	90278000	90279145	AAAG	1.13	HG02373:4.83	0.83,2.50,9.97,3.34,0.84,2.51,0.84,0.83,2.55,1.65,3.29,0.82,2.60,0.80,0.83,1.61,1.68,0.97,2.45,4.89,0.85,0.84,3.40,0.87,1.71,0.83,4.02,2.48,2.54,1.68,0.94,1.68,1.66,0.84,0.85,3.33,0.82,4.16,1.73,4.20,0.84,1.74,4.04,4.83,5.75,1.63,1.71,0.82,1.64,0.85,0.86,1.62,1.67,1.65,3.31,0.79,2.57,0.84,3.32,0.83,1.71,0.85,1.71,2.53,0.85,1.71,0.83,3.39
9	14718997	14719986	AAGG	1.13	HG02373:4.03	4.99,1.64,2.53,2.45,4.25,1.65,2.50,0.84,1.67,5.38,0.81,4.03,1.63,3.42,1.64,6.66,4.19,2.48,1.68
2	97074947	97075906	AG	1.10	HG02373:1.61	0.82,0.84,0.85,1.61,0.85,0.83,0.83,0.83,0.84
2	1520522	1522061	AAGGTGAGAGGCAGCAGC	1.09	HG02373:14.50	8.16,7.34,7.33,8.35,4.16,9.14,5.83,3.34,9.19,2.39,8.35,12.56,6.66,6.73,1.65,13.97,13.04,4.02,8.21,9.39,7.69,3.46,5.75,3.20,10.02,8.93,8.41,4.25,7.78,10.62,1.65,9.46,9.32,8.15,0.84,0.87,2.57,6.63,9.10,5.63,4.95,5.79,16.41,7.30,13.67,1.68,1.68,5.66,6.91,8.41,4.99,15.06,6.71,5.75,2.51,6.74,5.16,4.99,7.76,6.53,9.27,0.90,10.44,2.43,14.50,1.64,0.81,6.51,6.84,14.95,6.86,3.28,4.27,4.96,2.59,5.02,1.64,3.24,3.43,9.89,5.03,7.45,4.97,2.51,0.86,3.34,0.87,12.22,1.66,1.71,0.83,2.57,2.47,7.55,3.43,15.42,4.24,3.49,5.13,0.84,1.69,0.82,14.84,5.43,3.35,13.31,0.84,2.37,5.10,1.65,1.66,7.64,8.47
16	10952458	10953720	ACC	1.06	HG02373:7.25	4.08,3.26,3.26,4.16,3.34,3.33,1.66,1.67,5.01,3.34,3.99,1.67,2.51,1.70,2.52,1.65,0.82,2.44,4.83,4.92,2.56,4.27,1.73,3.29,5.61,5.84,1.62,3.22,0.84,0.97,0.84,2.55,0.86,1.63,1.68,2.44,3.15,6.77,1.63,2.58,3.36,0.84,3.36,2.55,3.47,1.71,4.14,2.48,4.02,1.65,3.39,2.48,3.91,1.62,2.56,1.68,3.35,6.61,2.59,2.52,0.83,3.35,3.35,3.41,2.46,2.51,3.37,6.88,0.83,2.45,5.00,3.45,6.72,0.82,3.37,1.61,3.58,2.61,4.35,3.23,7.25,1.64,4.07,1.63,1.71,2.46,5.81,4.29,3.28,3.42,2.50,1.73,2.51,1.64,3.24,2.55,3.33,6.00,2.47,5.03,4.14,1.66,2.51,0.85,3.93,3.43,2.51,6.09,3.35,0.87,2.49,1.71,0.83,4.28,2.48,4.11,6.83,1.64,2.52,1.71,1.67,0.84,2.55,2.62,1.69,10.15,5.13,2.52,2.54,0.82,1.65,1.68,3.11,5.02,5.82,1.71,2.51,3.15,2.44,1.70,3.31,1.66,3.39,4.23
21	46972984	46973479	ACGCCCCCTCCCAGTCCCCC	1.06	HG02373:3.22	0.83,1.66,1.67,0.84,1.65,4.07,0.82,3.25,0.82,1.66,3.21,1.65,2.48,3.13,1.62,2.52,0.82,0.94,0.86,1.70,0.90,0.87,0.81,3.22,1.71,0.86,1.73,1.67,0.82,0.86,4.14,1.71,0.82,0.81,1.70
3	25217537	25218407	AAAG	1.05	HG02373:4.83	0.82,1.66,2.50,1.66,0.83,0.83,0.84,3.19,0.84,2.51,0.85,0.84,3.29,6.58,4.83,0.82,2.47,2.52,0.84,0.85,1.68,3.39,1.63,2.52,0.84,2.52,3.40,1.71,2.49,0.83,2.41,3.30,2.54,0.83,3.13,0.84,1.73,1.68,5.02,1.72,4.90,0.83,2.59,1.68,4.08,1.69,0.81,2.69,3.48,0.81,4.83,0.81,2.56,0.82,0.86,2.56,0.83,1.67,1.67,1.64,1.62,1.70,0.87,0.84,0.86,0.83,2.57,2.48,2.47,3.28,1.67,0.84,5.94,0.87,0.85,0.85,0.84,2.53,0.84,0.83,0.85,0.85
6	23622742	23623837	AAGGAAGGAAGGAAGGGAGG	1.05	HG02373:3.22	1.63,1.63,2.49,1.66,0.82,1.63,1.64,0.82,1.67,1.62,1.68,1.94,0.84,1.70,0.86,0.82,0.83,0.81,0.85,1.63,0.86,3.36,0.87,0.86,1.61,0.85,1.56,0.85,0.84,2.59,0.84,0.83,0.82,0.84,1.66,0.82,1.68,0.82,0.84,1.61,2.61,3.22,1.63,3.26,0.85,0.82,0.86,1.64,0.83,0.83,3.35,3.24,0.82,0.84,0.86,0.87,0.85,0.85,0.83,1.66,0.85
14	32979011	32979755	AT	1.01	HG02373:1.61	0.84,0.80,0.81,0.83,0.80,0.87,1.61,0.87,0.86,0.85
15	100598077	100598984	AACACCCCTATCCCGGCTCT	1.00	HG02373:2.42	0.82,2.45,0.83,0.84,0.83,1.69,2.55,1.58,0.85,0.83,1.68,0.82,0.94,1.66,1.68,1.63,2.42,0.85,1.64,0.83,0.86,0.82,0.83,0.87,0.84,0.86,0.85,0.85
