motif	top_case_zscore	high_case_counts	all_counts
AGAT	6.34	HG02721:34.79	18.78,15.50,10.58,27.44,12.52,14.98,20.78,12.49,23.38,14.21,15.95,11.69,19.27,16.64,22.97,25.25,11.52,27.95,23.63,13.68,15.59,17.07,18.80,26.82,8.22,18.43,11.68,9.74,12.89,19.34,18.39,16.86,22.97,12.96,15.52,18.45,18.15,22.80,14.99,7.62,18.74,13.74,10.08,10.93,14.29,12.76,17.34,13.72,19.88,27.30,8.84,14.03,11.86,16.53,10.94,13.78,19.65,17.62,16.76,7.42,20.77,17.27,18.49,14.97,12.55,8.39,11.92,15.60,10.89,26.95,17.21,14.97,5.72,22.48,18.98,20.17,15.51,9.27,12.91,17.03,17.38,26.11,14.56,8.06,9.03,13.85,18.73,16.24,22.18,11.63,16.30,12.31,12.81,8.27,14.16,10.37,17.59,15.60,8.92,25.53,10.83,47.13,9.89,16.78,34.79,18.22,10.05,21.31,6.29,11.14,6.69,30.47,21.75,18.33,31.54,25.68,11.58,18.85,9.10,9.87,16.22,19.70,10.91,18.01,11.14,9.19,9.28,12.73,18.32,17.77,22.83,11.98,21.01,11.86,10.63,10.72,15.12,10.09,11.72,9.15,7.58,16.23,15.88,10.25,20.34,5.94,16.55,10.81,11.03,10.16
AACTACCACCATGACCCT	4.17	HG02721:18.22	4.08,9.79,13.84,5.82,0.83,14.14,4.16,2.50,2.39,2.51,6.70,1.66,6.81,14.31,7.40,3.29,9.78,0.80,4.92,6.83,2.56,3.29,11.22,1.67,9.67,13.46,0.97,2.53,4.25,4.32,8.99,3.35,4.95,4.89,7.89,3.26,5.15,5.04,5.04,12.14,0.83,3.31,0.80,1.65,1.56,13.78,2.56,0.84,6.59,7.55,7.77,17.47,15.06,1.68,11.07,4.11,1.67,10.95,4.09,1.67,2.52,2.45,2.53,4.03,2.69,7.82,0.87,2.43,1.61,4.93,2.44,0.81,1.71,5.75,4.15,4.29,4.92,1.71,2.48,3.33,9.03,4.05,0.83,10.71,18.22,6.70,0.79,1.67,0.84,7.70,3.43,2.48,1.64,1.64,9.23,0.86,3.40,0.87,3.38,0.86,14.41,0.82,1.55,10.05,2.50,0.84,12.61,7.32,1.66,1.69
AAAAGATCTATTCTG	3.24	HG02721:4.97	0.85,0.80,0.83,0.90,0.82,3.26,2.56,0.83,4.97,1.66,2.51,0.87,0.86,1.69,10.19,2.62,0.85,5.43,0.84,1.65
AATAGATCTATTCAG	2.60	HG02721:4.14	0.81,0.83,1.65,0.86,1.74,0.82,0.85,4.14,0.83,0.84,0.79,1.71,2.61,4.20,0.86,6.79,0.78,3.37,2.48
AAGGGCACTGGGGAATGGTG	2.23	HG02721:5.80	3.33,1.60,1.61,2.52,0.80,3.36,1.65,1.70,3.37,2.61,5.80,0.84,6.86,0.84,0.83,5.79,0.86,4.14,0.82,0.85,1.71,7.52,0.84,2.54,0.85,5.08,0.82,4.20,0.85,4.07,0.85,1.66
AAAGAAGAAG	1.66	HG02721:1.66	1.66,1.69
ACTCCATCCCTCCCC	1.66	HG02721:1.66	1.66
ACCACTCCATCCCTC	1.66	HG02721:1.66	0.81,1.66
ACATACATGCAT	1.63	HG02721:1.66	0.81,0.81,1.66,0.84
ACACCCACACCTCAGCG	1.37	HG02721:2.48	0.80,0.80,0.82,0.87,0.83,0.79,0.83,2.48,2.34,0.85,0.82,0.84,0.84,0.87,0.86,0.82,0.86,2.48,0.83,0.84,1.70,0.86,0.82,0.86,1.69,0.82,0.82,0.78,0.84,1.58,1.65
