motif	top_case_zscore	high_case_counts	all_counts
AATGCCAGCGGAATTCCCT	7.71	HG02772:7.71	1.61,0.85,7.71
AAATGGTGAAGGGCACTGGG	6.20	HG02772:61.71	8.98,17.47,12.82,18.53,10.93,24.91,6.71,11.74,15.33,13.47,13.05,13.33,13.71,27.33,18.42,0.85,61.71,10.88,4.98,30.62,17.13,40.54,6.58,0.86,28.27,76.00,25.31,17.83,2.54,15.22,33.05,33.60,5.90,0.85,51.25,3.40,11.58,19.12,14.39
AAATGGTGAGGGGCACTGGG	4.39	HG02772:119.13	3.27,8.16,6.51,1.66,2.50,14.98,1.66,3.33,2.50,4.18,8.77,5.85,4.19,7.49,4.25,4.21,9.87,3.29,1.63,8.05,9.03,5.97,10.38,2.47,13.62,4.17,6.49,10.48,10.09,4.84,4.22,2.55,10.37,7.35,4.19,2.48,7.33,6.31,6.77,3.26,4.29,4.20,5.04,6.73,0.85,5.20,3.43,3.31,3.31,11.25,1.65,1.69,7.44,7.03,6.49,7.69,15.94,3.35,5.77,3.78,5.18,5.04,4.16,7.55,12.77,1.64,5.02,9.26,3.44,3.33,3.27,3.33,3.45,4.20,3.27,4.21,4.03,1.79,5.21,11.31,4.04,2.42,3.28,5.70,2.44,2.56,4.11,4.98,5.15,2.46,1.71,10.75,4.16,3.46,5.02,4.05,4.25,11.66,21.42,2.47,19.30,48.04,28.16,13.40,5.97,7.86,119.13,5.85,3.48,3.35,4.36,14.94,10.27,63.71,12.85,65.36,17.26,4.27,16.42,5.04,4.29,8.57,93.54,3.38,15.28,4.36,20.30,7.61,0.86,4.20,77.97,23.71,7.42,78.13,7.76,16.75,6.65,18.54,23.92,3.34,18.92,92.74,13.59,45.50,4.99,7.64,15.24
ACAGGAGGGGAGCGG	3.52	HG02772:13.71	4.90,2.45,5.70,3.34,4.99,6.65,2.50,1.67,2.39,0.84,1.68,2.55,1.68,4.11,0.82,4.07,2.41,0.82,1.71,0.87,0.82,1.67,1.62,2.42,0.84,1.69,0.85,3.46,2.45,2.52,0.83,1.63,8.68,2.54,0.81,1.72,3.36,0.84,4.20,3.47,0.86,0.83,2.41,1.69,0.83,5.47,6.49,1.71,0.84,1.68,1.65,0.86,2.52,3.33,3.35,5.11,1.64,4.19,0.86,1.66,3.27,1.67,5.18,0.84,4.90,2.53,2.42,0.87,0.87,5.66,0.81,3.28,6.52,2.44,2.56,4.93,1.66,1.72,1.64,5.98,3.31,1.67,4.19,7.30,1.70,2.50,3.43,1.68,4.14,7.45,3.35,0.85,10.22,13.71,10.03,6.09,9.20,1.75,8.30,1.71,3.31,4.28,10.76,4.11,0.85,4.93,6.72,2.57,7.71,1.67,5.06,5.09,6.98,3.38,1.69,5.99,7.56,16.95,43.34,4.95,6.72,10.09,2.51,7.49,5.90,5.98,0.84,11.04,11.39,2.55,2.48,3.33,4.24,1.69
AAGGGCACTGGGGAATGGTG	3.32	HG02772:6.86	3.33,1.60,1.61,2.52,0.80,3.36,1.65,1.70,3.37,2.61,5.80,0.84,6.86,0.84,0.83,5.79,0.86,4.14,0.82,0.85,1.71,7.52,0.84,2.54,0.85,5.08,0.82,4.20,0.85,4.07,0.85,1.66
AACCATTCCTAGCCATTCCT	2.47	HG02772:2.57	0.84,2.57,1.65,0.84,0.84
ACCCATCCCTCC	1.70	HG02772:1.71	0.84,1.71,0.84
AAGAATGAGTGAGTGAGGAG	1.22	HG02772:4.29	2.50,0.83,4.18,0.84,4.11,0.82,3.42,0.83,0.83,3.13,6.83,2.59,1.68,1.67,0.84,0.84,0.83,0.83,3.30,0.84,1.66,0.83,1.70,2.36,4.29,3.34,2.62,4.15,2.48,0.82,1.68,0.86,0.84,2.53,1.69,2.54,1.71,0.84,0.82,0.84,2.51,0.83,0.83,1.70,1.69
AAGGAAGGAAGGAGAG	1.21	HG02772:10.28	1.63,0.83,1.67,5.01,1.60,1.67,1.66,12.76,0.84,1.65,0.82,1.61,0.82,0.85,1.71,2.60,2.47,0.81,3.22,1.94,3.46,5.72,2.52,4.13,2.44,3.94,0.85,5.15,0.84,4.20,1.73,2.49,0.83,1.65,1.66,1.67,1.66,1.63,4.08,0.90,0.87,0.87,16.17,3.22,2.44,1.71,2.46,2.49,0.86,2.46,2.56,0.83,0.83,0.86,4.19,1.64,0.81,11.06,0.83,0.82,7.45,0.83,0.84,0.85,10.28,4.18,0.87,4.15,3.31,0.83,0.82,0.84,3.43,6.00,8.72,1.69,3.38,0.86,8.40,6.54,1.65,10.87,3.33,0.84,1.71,3.34,15.77,1.63,0.85,0.83,0.85,5.08
AAGGAAGGAGGGAAGGAGGG	1.13	HG02772:4.29	1.63,1.63,1.63,3.33,0.83,4.16,2.50,1.67,3.19,0.84,2.50,1.70,1.65,4.02,3.28,0.87,0.82,1.67,2.43,0.84,2.44,0.79,1.68,0.87,0.83,2.48,0.83,0.78,1.62,1.68,1.68,2.47,0.94,0.86,1.68,2.50,0.85,0.84,1.68,0.83,0.84,0.81,0.81,0.83,0.86,0.83,0.84,2.56,3.14,4.29,3.35,2.48,0.83,1.71,1.64,1.72,0.87,1.68,0.85,2.45,3.11,2.56,0.84,5.52,3.25,2.49
AAGGTGGATGGGGAGG	1.02	HG02772:1.71	0.83,0.82,0.83,1.67,1.71,1.66,0.83,0.84,0.86,1.67,0.85
