#contig	start	end	unit	top_case_zscore	high_case_counts	all_counts
4	73415745	73416120	AAGAAGAGG	13.66	HG02391:13.66	18.88,13.66
9	132937940	132938761	AAAG	10.29	HG02391:17.93	6.77,5.04,2.41,18.80,10.80,17.93
9	121429614	121430880	AAAG	7.89	HG02391:14.52	6.91,7.35,6.60,6.52,0.86,5.88,3.36,5.04,3.31,6.62,4.20,3.33,1.68,10.75,2.61,5.22,7.28,13.14,5.70,5.81,14.52,5.83,8.64,3.29,2.43,4.35,4.28,2.48,6.00,0.85,2.51,2.50,4.21,1.70,1.69
18	6908536	6909838	AAAAG	7.39	HG02391:24.77	6.44,6.49,18.15,18.73,0.85,5.95,2.57,6.62,0.83,1.68,0.83,2.50,12.08,3.27,14.78,4.89,0.81,9.44,24.77,5.11,0.86,2.54,0.83,0.79
1	9037283	9038167	AAAG	5.64	HG02391:6.83	8.64,5.15,2.41,4.35,2.56,6.83,1.65,0.87
17	8010449	8011851	AAAG	5.18	HG02391:12.81	9.79,0.83,0.83,0.85,0.82,2.41,0.80,12.09,6.78,1.69,0.85,0.86,0.82,0.84,0.81,2.37,1.69,5.70,2.58,0.84,0.84,0.84,4.25,4.34,1.71,1.66,3.31,1.61,3.91,9.06,1.68,1.66,3.41,1.67,1.66,3.27,7.49,0.84,6.53,1.61,2.69,2.61,5.66,2.42,3.28,2.44,1.63,8.22,3.32,10.30,5.74,12.81,7.44,1.67,0.86,1.67,5.75,5.68,1.70,0.84,1.66,0.83,1.65,2.52,1.71,0.85,0.85,0.82
4	177957118	177958042	AT	5.10	HG02391:8.54	2.50,0.83,2.51,5.63,3.41,0.87,0.82,4.17,2.90,0.84,2.59,3.30,3.26,0.85,0.81,1.72,3.36,4.29,4.14,1.65,1.65,1.69,0.83,2.34,2.43,0.84,0.84,1.89,2.59,0.83,0.84,3.44,0.83,0.84,0.81,3.23,1.63,1.64,0.83,8.54,5.00,3.35,1.70,0.84
21	44755314	44758024	ACC	5.05	HG02391:56.37	22.86,23.66,27.68,16.63,22.54,37.44,30.75,10.83,19.20,22.57,34.30,28.40,26.80,14.14,22.97,21.04,33.72,21.37,22.00,32.20,12.31,23.04,14.52,17.30,11.51,36.05,19.20,14.61,37.07,21.03,14.52,13.49,30.62,27.64,25.33,26.00,36.30,27.68,46.54,16.09,27.71,16.31,31.08,31.11,21.02,23.81,24.28,15.43,28.17,23.16,38.57,13.21,25.41,33.88,31.26,38.10,24.77,20.13,31.00,28.02,21.71,20.73,24.38,37.43,20.92,13.42,18.74,23.00,20.94,28.63,13.77,27.45,22.07,13.32,15.53,21.85,22.05,18.54,49.22,18.82,13.90,24.37,46.90,37.05,18.06,39.93,14.66,10.25,41.90,25.74,29.17,43.49,56.37,24.82,22.48,22.48,17.59,27.10,25.94,24.68,14.99,19.71,11.54,20.14,24.02,45.56,19.26,17.05,35.37,20.57,23.41,16.54,17.57,11.35,26.56,23.97,21.51,22.27,21.51,23.02,17.07,42.69,36.09,15.44,21.42,20.88,24.47,17.83,19.19,38.07,16.07,25.67,22.69,27.12,26.99,32.98,16.80,33.38,47.72,25.79,16.86,20.51,34.27,46.52,39.05,21.23,22.34,25.77,31.40,27.94
1	181229886	181230696	AAAAT	4.49	HG02391:11.10	0.81,14.40,0.84,17.24,21.45,11.10
21	32115248	32116197	AATATATATACG	3.97	HG02391:5.98	1.66,2.51,0.86,4.09,0.81,3.39,1.72,1.68,0.85,1.66,3.33,3.36,0.84,1.74,0.81,0.81,0.85,0.82,0.86,5.98,0.83,2.57,1.66,0.84,0.79,0.83,0.82,0.86,1.71,0.84,0.82,1.65,0.78,0.84,0.85,0.85
7	158780411	158781755	ATCC	3.67	HG02391:9.39	0.82,0.82,3.26,4.99,4.17,3.33,3.32,2.50,1.67,3.34,2.39,3.34,1.68,1.66,5.96,1.68,4.11,0.82,1.61,1.64,2.56,1.71,6.92,4.11,2.40,4.17,6.49,1.61,1.68,0.97,1.69,4.25,6.54,2.52,3.30,2.54,4.89,1.72,4.20,2.52,5.04,3.40,2.57,3.31,3.31,4.02,2.48,4.23,2.48,3.13,1.62,5.98,2.52,2.51,4.94,5.66,2.59,6.73,2.50,1.67,2.52,2.55,1.64,3.35,0.84,2.58,4.16,2.45,4.16,2.59,1.68,1.63,3.37,1.61,2.69,1.74,3.48,1.62,3.22,2.46,5.70,4.07,0.85,2.46,4.15,2.57,4.10,9.39,3.31,3.33,2.59,5.02,3.29,4.05,5.11,3.33,0.82,1.68,2.48,4.14,2.51,4.26,2.36,4.29,0.84,3.48,2.51,3.49,2.49,3.42,3.31,2.57,2.48,3.29,2.56,3.28,3.36,2.57,1.71,5.85,4.22,2.55,1.74,1.69,5.07,2.57,3.36,3.39,0.82,0.82,5.88,3.11,2.51,2.50,0.84,4.27,4.18,1.58,0.81,1.70,4.14,3.33,0.85,1.69
7	1793797	1794936	AAAG	3.63	HG02391:12.81	4.08,2.50,8.42,8.23,4.89,4.27,4.81,8.35,4.84,8.99,1.65,3.15,3.43,4.20,4.25,4.14,8.60,4.72,2.45,14.28,9.80,6.09,0.81,5.13,7.47,12.81,3.31,11.66,5.19,11.72,3.29,8.92,4.25,9.89,6.71,2.56,0.82,0.85,0.86,1.70
20	61887957	61889559	ACAGCGGAGGACAGTGATGG	3.52	HG02391:22.21	13.06,15.50,20.35,17.46,15.86,19.14,17.45,8.33,15.86,15.88,10.37,13.36,15.08,10.82,13.61,12.62,10.69,11.51,10.59,14.49,13.13,15.36,9.40,7.79,15.62,18.43,20.87,11.36,23.37,15.14,10.65,13.49,15.31,14.69,17.16,10.90,12.38,12.21,14.20,11.01,15.48,10.30,11.76,15.13,13.45,17.01,14.74,9.43,8.28,14.89,9.64,3.30,17.78,14.05,16.41,12.16,10.25,11.75,13.40,8.24,12.27,10.36,15.97,7.49,15.06,7.55,15.33,15.60,12.56,15.16,17.21,16.64,8.99,14.99,9.49,11.76,9.80,7.58,14.52,14.34,10.43,8.70,9.70,14.50,9.85,10.59,13.03,13.67,15.61,12.46,13.73,16.41,22.21,9.10,14.16,10.37,11.72,9.86,15.40,11.06,17.49,14.57,17.31,14.27,17.39,13.25,10.05,15.34,10.22,12.00,15.05,13.06,13.39,17.46,12.45,15.41,20.69,16.28,6.62,16.44,9.39,14.78,14.27,8.58,14.56,17.54,10.97,16.13,7.85,15.23,16.07,11.12,7.56,16.95,17.17,11.54,10.92,17.86,10.88,12.48,17.70,18.80,5.85,20.50,9.76,11.04,10.75,11.64,8.49,16.09
12	65477188	65477378	AAAAG	3.42	HG02391:3.42	3.42,0.82
9	35256701	35257941	AAATATTTATAT	3.34	HG02391:6.83	1.63,2.44,1.66,0.84,2.39,3.40,1.65,4.27,1.63,1.72,2.52,1.69,1.71,0.84,3.45,4.16,0.84,1.68,4.11,1.67,1.63,5.64,0.81,1.64,1.66,6.83,1.65,1.62,1.66,2.56,0.87,3.43,0.83,0.84,5.85,3.38,4.20
4	184771311	184774641	AAAGGATGAGGG	3.02	HG02391:49.53	33.47,29.38,36.64,29.10,28.38,27.46,35.74,19.99,27.55,35.94,22.33,24.22,35.18,19.14,33.18,31.14,37.84,25.48,32.60,38.64,33.65,33.28,33.32,35.47,24.66,28.84,25.87,23.54,27.40,26.07,22.27,26.14,29.77,38.88,22.06,33.54,34.65,52.11,59.16,40.65,31.78,39.49,26.04,26.90,43.71,37.42,27.75,24.00,31.48,26.47,31.34,21.47,28.79,39.67,48.45,40.53,22.21,25.17,18.43,28.84,28.32,25.04,31.95,40.76,31.80,26.00,29.81,32.03,25.96,24.42,33.56,32.44,40.86,33.31,27.60,41.17,24.50,34.54,45.18,17.03,30.41,43.51,46.90,29.00,40.23,45.64,39.08,31.62,45.18,34.88,28.31,36.93,49.53,24.82,15.82,38.03,32.66,30.39,43.78,37.44,39.15,26.56,21.43,26.85,25.67,53.01,20.93,23.02,40.08,25.71,24.24,21.76,26.77,25.32,24.90,25.68,23.17,27.41,34.75,36.17,27.31,35.30,24.34,20.58,22.28,28.39,30.38,19.52,14.83,29.61,27.06,23.96,26.05,39.83,40.07,25.56,26.04,29.50,41.86,33.27,30.34,29.90,39.28,43.36,44.74,36.52,24.82,22.45,33.95,24.56
8	142564525	142565596	AACACCATGGACACACCTCC	3.01	HG02391:6.83	3.27,1.63,2.44,1.66,2.50,2.50,2.49,1.67,1.67,1.60,2.51,0.84,2.50,2.55,2.52,2.47,3.26,1.61,4.92,0.85,0.85,1.73,1.64,0.80,2.50,3.25,2.42,2.53,1.70,3.46,0.82,0.84,2.48,0.81,2.37,2.54,0.81,3.43,2.52,0.84,0.84,3.47,1.71,2.49,0.83,3.21,3.39,4.96,2.34,1.71,6.71,3.30,1.89,1.73,2.52,3.33,2.55,0.82,3.35,1.68,2.58,1.66,0.82,3.33,0.86,1.68,1.63,0.84,3.23,0.87,3.23,0.82,4.07,0.81,0.85,2.46,3.32,1.72,1.64,6.83,2.48,3.33,1.67,0.82,6.49,1.70,1.67,0.86,0.82,1.66,3.31,0.84,0.85,0.79,1.71,3.34,1.74,2.49,0.83,1.71,0.85,1.64,1.72,0.86,0.84,3.38,0.85,0.87,0.85,0.85,1.69,6.54,1.65,0.84,0.78,2.51,1.69,0.84,3.94,0.83,0.83,1.69
4	21715675	21717258	AAAAT	2.98	HG02391:41.85	8.98,18.77,39.91,10.85,15.86,26.74,15.03,46.07,20.42,7.57,21.37,28.17,9.85,17.09,15.62,21.70,4.87,19.34,17.86,17.28,20.13,17.33,19.08,11.14,10.75,13.66,16.09,17.36,23.44,15.40,13.40,30.49,4.32,12.61,15.80,2.55,15.60,7.54,20.21,22.37,13.89,18.32,25.01,13.88,17.92,17.38,10.44,17.24,13.04,8.30,41.85,14.89,44.09,35.17,12.32,34.05,8.51,16.28,18.22,21.54,7.86,6.00,12.19,19.24,13.97,9.96,13.24,17.13,28.77,15.11,14.58,12.85,11.69,21.15,9.41,11.76,16.10,9.00,5.77,32.76,13.20,27.63,10.25,4.18,12.41,12.47,14.39
5	95573519	95574528	AAG	2.91	HG02391:4.27	1.66,0.83,0.84,0.81,1.64,0.85,0.82,0.84,0.85,0.84,1.65,0.81,0.83,0.84,1.66,0.84,0.83,0.82,1.67,2.52,0.84,0.81,0.82,4.27,0.83,0.81,0.82,0.84,0.84,0.83,1.65,0.82,0.85,1.65,0.83,0.85
2	133034105	133034169	AAAG	2.56	HG02391:2.56	0.85,2.56
12	13076096	13077585	AAAG	2.49	HG02391:8.54	2.39,2.55,0.84,1.73,1.60,0.84,4.25,3.46,0.82,2.52,3.30,1.63,6.31,7.62,2.44,2.58,0.84,6.73,2.52,2.55,5.20,4.29,3.31,0.83,4.02,5.47,1.66,2.53,0.86,2.45,2.50,0.86,5.88,1.63,7.58,8.07,2.69,0.87,3.23,4.83,8.21,0.81,0.85,1.64,2.49,0.82,8.54,4.96,6.66,0.86,2.51,2.46,4.86,3.40,5.87,2.57,0.83,0.87,0.82,0.84,0.83
9	135507152	135508185	AC	2.45	HG02391:5.12	0.83,1.67,2.51,1.68,0.84,4.94,4.10,3.87,1.63,0.86,0.86,2.49,2.48,0.84,0.82,1.66,0.83,0.86,0.84,3.26,2.44,3.42,0.82,0.82,5.12,5.00,0.82,0.84,0.85
9	136716405	136717287	ATCC	2.45	HG02391:3.42	0.82,0.83,4.18,0.80,0.82,1.64,1.68,0.83,0.83,0.90,0.81,3.42,0.86,0.84,0.82,0.82,0.87,0.87,0.83,1.71,0.86,0.86,0.78,0.83,0.85
6	27389417	27390406	AAAG	2.43	HG02391:22.21	15.09,12.02,21.43,12.05,15.70,0.84,14.53,18.27,22.21,9.10,0.84
19	37674745	37675796	AAAG	2.43	HG02391:3.42	0.83,0.83,0.83,0.84,0.85,0.82,0.85,1.73,0.84,2.50,0.83,0.81,0.81,0.85,1.64,3.42,0.82,0.86,1.67,0.83,0.85
11	97601654	97602197	AAATATATATATAT	2.41	HG02391:2.56	0.83,0.86,0.85,0.82,2.56,1.70
1	18828754	18829930	AAAG	2.33	HG02391:6.83	0.82,0.85,3.37,2.55,2.44,5.70,4.29,5.04,5.95,2.57,2.48,1.61,0.85,1.56,2.52,0.84,2.51,0.86,0.83,0.82,1.67,0.84,4.08,0.84,4.84,0.90,0.87,5.22,2.43,0.81,1.64,1.63,3.26,1.66,1.72,4.10,6.83,4.96,0.83,1.73,4.05,0.85,0.86,2.52,1.74,0.83,0.83,0.82,3.40,2.62,1.69,0.82,0.84,5.69,2.55
12	96494375	96495471	AAATATATATATATAT	2.25	HG02391:4.27	0.83,6.66,0.84,0.84,2.47,1.63,1.64,1.67,0.81,0.85,0.82,0.84,3.30,1.58,0.85,0.84,0.84,1.70,2.60,1.66,1.65,1.61,0.83,0.94,0.86,0.83,0.83,2.53,0.81,0.90,0.81,1.64,2.44,4.27,1.67,3.35,1.64,0.81,1.70,0.84,1.74,1.58
11	133224092	133224517	ACC	2.20	HG02391:7.69	0.82,2.45,6.51,5.82,0.83,7.49,4.99,3.33,1.67,1.67,0.84,2.50,4.25,0.84,2.47,2.44,1.61,1.64,2.47,2.50,4.06,0.84,0.84,2.45,2.48,1.63,7.10,2.44,3.36,0.84,2.55,3.47,4.29,1.66,4.96,4.02,3.30,0.85,3.13,0.81,1.68,0.84,0.94,0.86,0.84,4.16,0.82,5.86,3.33,4.90,0.86,5.04,2.45,0.84,2.42,8.07,4.85,6.57,0.81,0.81,1.64,4.15,2.46,7.69,0.83,3.46,2.43,3.40,1.67,2.57,2.47,0.84,4.14,0.84,0.85,0.79,0.86,1.67,0.87,2.51,0.87,2.49,3.42,4.14,3.31,0.82,3.41,1.72,0.86,0.84,4.22,3.40,0.87,1.69,3.38,1.71,2.52,0.85,1.64,0.84,1.55,3.35,0.83,2.53,1.71,1.58,4.07,2.55,4.14,2.49,0.85,2.54
12	133840675	133841595	AACCCT	2.19	HG02391:8.54	0.81,0.83,0.80,6.66,13.85,1.61,2.56,0.83,0.84,0.84,0.85,0.82,0.81,1.68,6.73,6.07,0.86,13.66,1.62,9.89,0.94,0.86,5.04,3.33,9.37,1.64,0.83,6.54,3.45,5.90,1.61,2.44,1.63,1.71,8.54,1.71,0.82,1.68,2.48,0.83,1.74,1.66,0.83,0.82,4.93,0.84,0.87,1.69,0.84,1.69,0.85,0.79
13	30233354	30234652	AAAG	2.15	HG02391:5.12	1.63,0.81,1.67,1.70,0.84,0.82,1.63,1.61,1.64,1.71,0.85,0.80,2.43,1.70,2.45,3.26,2.54,0.84,0.84,1.70,0.87,1.71,1.65,0.80,0.83,0.85,2.48,3.35,0.82,0.84,0.84,2.52,3.35,1.66,2.59,2.53,0.81,4.48,2.61,1.62,0.81,3.26,5.70,0.82,8.21,5.12,0.83,0.86,2.43,0.85,1.66,0.87,1.64,0.84,0.86,1.67,0.85,0.85,0.82,0.85,1.66
7	42773012	42774405	AAG	2.09	HG02391:31.60	18.78,12.24,4.89,9.15,8.31,0.83,5.01,0.84,11.97,5.01,0.83,3.37,3.29,6.58,13.04,7.24,7.39,20.76,18.91,24.20,6.49,3.22,15.49,21.92,10.21,17.28,3.27,0.84,18.98,23.61,15.77,12.70,39.93,6.87,9.24,23.54,30.26,16.16,10.29,39.76,26.47,12.86,0.83,7.62,19.54,27.33,6.71,20.94,1.89,19.00,12.61,18.41,6.71,5.75,10.95,23.23,15.81,5.72,8.33,11.43,11.80,5.38,10.43,24.37,24.26,23.36,39.41,30.94,5.98,18.07,10.80,1.72,31.60,3.31,8.64,11.72,4.11,20.27,25.53,5.00,9.43,15.74,12.42,5.02,0.85,3.93,0.86,1.67,7.47,12.84,9.42,11.58,3.29,12.80,18.06,5.04,6.00,6.85,6.68,9.28,5.09,4.36,3.38,2.54,2.57,12.60,8.47,10.72,5.02,5.82,4.21,5.85,18.13,2.44,7.64,7.45,12.73,8.47
2	119329540	119330917	AAG	1.87	HG02391:15.37	1.63,4.16,9.15,9.14,0.83,15.86,6.69,0.80,5.85,2.51,1.66,12.76,0.84,0.82,1.64,0.81,1.61,1.64,0.85,2.60,0.82,0.80,6.68,5.68,7.25,2.52,9.68,1.69,3.40,3.46,4.09,3.35,14.03,0.81,7.10,8.47,10.30,4.20,5.04,7.57,11.05,1.73,3.43,14.91,2.48,14.46,11.56,2.54,4.13,2.34,1.62,11.10,1.68,0.84,0.82,2.59,6.73,12.48,2.51,4.19,5.96,2.46,4.19,0.84,1.72,1.66,22.88,4.16,9.49,0.82,1.69,4.84,17.03,6.95,13.92,4.04,12.08,0.82,4.89,2.56,13.14,3.32,9.44,0.82,15.37,2.48,1.67,0.86,1.67,3.29,0.81,2.55,5.83,1.71,2.47,5.03,1.66,3.31,2.51,5.97,3.93,0.86,2.51,2.62,2.49,5.99,3.31,2.57,1.65,2.47,5.12,1.64,8.39,6.85,1.67,1.69,1.70,1.74,5.08,4.23,2.57,2.52,0.85,2.45,5.77,6.21,3.33,0.84,4.18,3.15,4.88,0.83,3.33,1.70,0.85
19	13366002	13366358	AGGG	1.80	HG02391:2.56	0.85,0.81,0.94,0.84,0.83,0.84,0.81,2.56,0.84,1.64,1.68,0.84,0.81
11	27927280	27928288	AAAG	1.80	HG02391:2.56	0.81,0.82,0.84,0.84,0.85,0.81,2.56,1.67,0.84,0.86,0.85,0.85
4	176546777	176547861	AG	1.79	HG02391:8.54	4.08,0.83,4.16,2.49,0.83,3.34,2.51,3.99,9.19,6.66,3.40,4.21,11.52,6.58,0.85,2.60,4.81,0.83,4.06,5.64,4.25,5.03,2.44,3.15,1.63,3.36,2.52,2.60,0.86,3.39,5.47,0.81,0.85,4.72,2.59,4.18,3.35,6.81,7.39,2.51,2.53,11.19,7.49,3.27,4.08,4.03,1.74,4.04,4.89,4.98,2.57,3.28,8.54,5.68,0.87,7.39,4.20,1.72,0.85,2.52,1.66,7.10,2.49
19	4247071	4248099	AC	1.79	HG02391:4.27	0.82,0.83,2.51,0.83,0.85,0.81,4.92,1.60,2.90,0.82,0.84,0.83,1.65,0.85,0.84,0.84,0.86,0.85,1.64,1.66,4.09,2.59,0.90,1.71,2.57,4.27,0.84,4.86,0.84,3.43,0.82,2.56,0.84,0.85,0.81,0.85,1.66
3	84999027	85000028	AAAG	1.76	HG02391:3.42	0.82,1.66,0.80,0.87,1.67,0.84,1.94,0.84,1.63,4.20,2.57,1.68,0.83,1.69,0.81,1.79,2.61,0.81,0.81,3.42,0.86,1.64,0.84,1.67
9	35256758	35257840	AAAAATATTTAT	1.75	HG02391:5.98	0.82,4.16,0.83,4.16,2.39,3.40,3.29,0.85,1.71,1.63,1.72,1.68,1.65,0.85,0.84,0.86,0.83,1.67,2.52,3.29,1.63,4.11,4.98,5.98,4.96,2.43,1.70,2.48,5.97,0.87,5.14,1.65,5.85,7.59,2.52,2.55
14	104674070	104676131	ACACCACCAGAGCTGGG	1.75	HG02391:3.42	0.82,1.66,0.83,0.83,1.60,0.84,0.84,1.65,1.64,0.81,0.84,0.84,1.63,0.86,1.68,0.86,0.83,1.56,0.85,1.65,1.73,1.66,1.64,0.84,0.86,1.66,1.67,0.86,0.84,0.90,0.81,0.82,1.63,0.83,0.82,3.42,0.83,0.86,0.81,1.70,2.47,0.83,1.67,1.57,0.84,0.82,0.85,0.82,2.52,0.86,0.84,0.85,0.86,0.84,0.85,0.84,1.55,0.83,0.85,0.84,0.79,1.70,0.83,0.85
7	89837737	89838276	AAGG	1.74	HG02391:3.42	1.63,1.67,0.84,1.66,0.84,0.86,2.37,0.84,0.85,1.65,3.21,1.68,1.70,3.33,1.63,0.84,0.81,0.85,0.82,0.83,0.82,3.42,1.65,0.84,1.62,1.70,0.84,0.84,0.84,0.82,0.83,0.84,0.85
19	54582926	54583161	AAAG	1.74	HG02391:2.56	0.81,0.83,1.65,0.78,1.68,1.68,0.85,0.82,2.56,0.84,0.79,0.86,0.82
8	98134687	98135846	AAAATAAAATAAAATAAAT	1.72	HG02391:5.98	4.08,1.70,1.71,5.61,0.81,1.70,4.09,1.65,0.79,0.81,1.68,1.68,0.85,6.94,2.57,0.83,1.65,1.61,0.83,0.78,0.84,0.82,1.89,0.84,1.64,1.67,0.83,5.88,1.63,1.69,0.81,2.69,2.43,3.22,2.46,0.81,1.63,1.71,4.11,3.32,1.72,0.82,5.98,6.62,1.67,0.86,1.67,1.62,5.96,1.68,0.87,1.65,1.68,0.84,2.55,3.38,1.71,0.82,4.21,0.84,0.85,0.85,0.85
2	1783129	1784974	ACCAGCAGAGACTC	1.71	HG02391:8.54	4.90,0.83,0.83,0.84,3.35,2.44,0.80,1.64,1.71,0.85,0.82,1.60,3.87,11.81,0.85,2.59,0.84,1.65,5.70,7.10,0.85,5.15,1.68,5.04,5.04,5.95,5.20,5.14,2.49,0.80,0.85,3.31,0.78,3.24,0.85,2.51,4.12,0.86,0.84,3.33,2.52,2.55,1.64,0.84,0.84,4.90,4.16,0.86,5.04,8.17,7.26,6.27,4.34,1.74,2.43,4.83,3.28,8.15,4.89,9.86,0.83,8.54,0.83,6.66,3.35,1.64,4.05,8.51,4.12,2.52,6.63,3.41,0.86,3.48,1.75,0.83,0.86,0.83,1.71,0.82,5.88,0.84,2.54,0.85,0.85,3.30,0.84,1.55,5.02,3.33,3.37,2.56,5.01,1.58,0.81,0.83
6	833704	834285	AAGGAAGGTAGG	1.71	HG02391:3.42	1.63,0.82,6.06,0.84,2.44,2.41,0.85,5.13,0.84,1.68,2.55,1.69,0.81,0.82,3.42,6.57,0.84
2	139742017	139742908	AAGG	1.71	HG02391:2.56	0.82,0.83,0.82,0.83,0.86,0.83,0.86,0.83,0.84,0.82,0.84,0.87,0.81,0.81,0.82,0.81,0.86,0.82,2.56,0.83,0.85,0.83,1.67,0.83,0.85,0.86,0.84,0.81,0.85,0.83
16	69900126	69900570	AAAT	1.71	HG02391:1.71	1.71,0.85
11	110315165	110315618	ACGTATATATATATATAT	1.71	HG02391:1.71	1.71
1	248092921	248092922	AC	1.71	HG02391:1.71	1.71
14	25395151	25395152	AACCCT	1.71	HG02391:1.71	1.71
15	53242186	53242187	AGAT	1.71	HG02391:1.71	1.71
2	212066384	212066385	AAAG	1.71	HG02391:1.71	1.71
4	11833555	11833556	AC	1.71	HG02391:1.71	1.71
4	160194639	160194640	AAAG	1.71	HG02391:1.71	1.71
6	162173114	162173115	AATGG	1.71	HG02391:1.71	1.71
6	22120966	22120967	AC	1.71	HG02391:1.71	1.71
7	25983106	25983107	AT	1.71	HG02391:1.71	1.71
1	2055238	2056100	AACCACCGCCGCGACCCT	1.70	HG02391:2.56	0.81,4.73,0.86,0.84,3.43,2.42,1.63,2.56,1.67,0.82,0.86
12	133183988	133184631	AG	1.70	HG02391:2.56	0.81,0.83,0.84,0.84,0.81,0.85,0.84,0.87,0.81,0.85,0.82,0.83,0.83,0.87,0.87,0.82,2.56,0.83,1.62,0.85,1.71,0.86
X	114939721	114939852	AAGG	1.70	HG02391:1.71	0.82,1.67,1.71
11	101428558	101429273	ACACATATACATGTAT	1.68	HG02391:2.56	0.83,0.83,0.83,0.83,0.84,0.84,0.81,0.97,0.82,1.63,0.79,0.85,0.81,1.68,0.86,0.83,0.83,0.94,0.83,0.82,0.86,0.83,0.82,0.84,0.87,0.87,0.81,1.64,0.81,2.56,0.85,0.83,0.86,0.82,0.84,0.86,0.82,0.81,0.85
3	63749274	63750443	AAG	1.66	HG02391:3.42	2.50,0.83,0.84,1.70,0.81,1.64,0.85,0.87,1.62,0.81,0.84,0.97,1.70,0.79,0.81,0.87,3.43,1.65,0.85,0.85,0.84,0.86,0.84,1.66,0.84,0.82,0.83,0.83,2.61,2.46,0.83,0.82,3.42,1.67,0.84,0.81,0.82,1.66,1.67,0.83,0.86,0.82,0.85,0.86,0.86,0.84,0.85,0.85,0.86,0.85,0.84,0.83,0.81,0.83,0.85
5	76393079	76394016	AT	1.65	HG02391:4.27	0.82,2.45,1.66,0.83,2.50,0.80,0.84,0.83,1.70,0.82,0.82,0.85,2.40,0.81,2.42,0.84,2.55,0.82,4.73,0.85,0.84,0.85,1.73,2.48,0.85,3.91,1.62,1.68,1.73,1.68,1.68,0.84,2.53,0.82,2.42,4.04,2.42,1.63,0.81,0.82,0.82,4.27,2.48,1.67,1.73,1.67,0.81,1.70,0.85,1.57,1.71,0.83,1.71,4.14,0.85,2.54,0.85,0.85,1.65,1.68,0.79
4	25452831	25453380	AAGGAAGGAAGGAAGGAGGG	1.65	HG02391:1.71	0.79,6.66,0.84,0.90,1.71
10	18998468	18999241	ACACACTGTATATATATAT	1.64	HG02391:2.56	0.80,0.85,0.85,2.56,0.81,0.86,0.80,0.78,1.67,2.59,1.74,0.81,2.56,0.82
1	102511044	102511331	AT	1.64	HG02391:1.71	0.84,0.82,1.71,0.86,1.69
6	170766847	170767809	ACAGGAGGAGCCCCTACCCC	1.63	HG02391:1.71	0.87,0.80,0.85,1.71,0.84
3	189128670	189128877	AAGG	1.63	HG02391:1.71	0.81,0.86,0.85,1.71,0.83
X	46686356	46686876	AAAG	1.62	HG02391:2.56	0.83,0.84,0.82,0.82,0.81,0.86,0.85,0.83,0.78,1.68,0.84,0.84,0.84,0.86,0.82,0.84,1.72,2.56,2.55,0.83,0.87,0.86,0.83,0.86,0.82,0.85,0.84,0.85,0.85,0.82,0.84,0.85,0.85,2.49
2	135874979	135875407	AAGAAGAAGCAG	1.61	HG02391:1.71	0.83,0.81,0.83,1.71,0.84
12	117279265	117279958	AAATATATATATAT	1.59	HG02391:1.71	1.68,1.71,1.57,0.86,0.86
11	22412803	22412989	AT	1.57	HG02391:1.71	0.84,0.79,0.82,1.71,1.71,0.78
10	3260466	3261900	ATCC	1.56	HG02391:9.39	3.27,4.08,4.07,2.49,4.17,9.15,4.16,2.50,8.35,4.18,7.52,5.86,2.50,6.81,2.52,1.65,5.75,6.52,6.44,0.82,2.56,4.27,2.60,3.29,2.40,4.17,4.06,5.64,5.89,1.94,0.84,0.85,2.59,4.90,7.55,2.48,3.26,3.15,3.39,6.52,1.72,5.04,4.20,4.20,3.40,7.80,0.86,5.80,6.62,3.21,4.13,2.54,4.96,3.91,1.62,4.27,6.71,3.35,2.83,5.18,6.73,4.99,5.86,0.84,0.85,1.64,5.02,2.53,3.44,9.15,3.27,6.66,2.59,0.84,5.72,2.53,3.23,4.48,7.82,4.35,1.62,4.03,1.64,3.26,5.70,3.42,4.11,3.32,0.86,9.85,9.39,4.14,5.00,7.78,3.35,1.64,7.30,5.11,7.50,0.86,2.47,7.55,0.83,6.63,1.67,0.85,3.14,3.43,5.85,4.35,5.02,3.49,4.98,5.99,4.96,1.71,4.14,4.11,8.53,3.28,5.88,4.29,1.71,4.18,5.91,5.94,6.98,7.61,1.69,3.42,2.52,5.08,2.45,1.65,4.20,3.88,2.51,5.90,2.56,6.69,5.52,6.51,5.10,4.14,0.83,4.24,5.93
1	69230171	69230943	AT	1.51	HG02391:1.71	0.85,0.86,1.71,0.86,0.83,0.85
X	2690738	2692486	AAGGAAGGAAGGAGAG	1.49	HG02391:48.68	31.02,33.46,12.21,12.47,23.37,24.13,21.61,23.32,32.56,7.52,23.13,32.57,16.75,23.30,37.44,31.14,19.74,28.77,18.74,22.54,32.01,23.89,18.80,28.55,30.41,26.44,16.69,28.41,27.40,13.46,25.17,26.14,13.61,40.60,34.32,38.58,39.60,39.90,56.79,24.56,36.67,27.47,36.12,23.54,57.16,11.05,16.48,33.43,39.76,37.22,17.68,11.56,18.63,25.62,23.44,22.70,22.21,20.97,18.43,29.67,15.10,12.95,8.41,20.79,13.39,13.42,25.55,21.35,28.47,18.53,25.82,13.31,31.06,25.81,32.78,26.89,39.20,22.75,33.89,37.64,19.98,21.76,101.89,23.36,40.23,46.45,22.80,34.18,27.93,28.24,30.03,42.67,48.68,20.68,23.31,33.71,40.20,31.21,23.51,30.63,21.66,20.57,17.31,25.17,28.16,24.02,17.58,25.57,33.01,34.28,42.64,27.85,8.37,7.86,25.73,12.84,23.17,12.85,29.79,26.31,30.73,15.60,18.47,25.73,25.70,24.22,22.78,13.58,27.05,31.30,25.37,23.96,33.61,10.17,55.61,18.14,18.48,34.16,25.12,29.11,27.81,13.67,37.61,37.84,37.42,17.83,28.13,4.99,27.16,23.71
13	88277104	88277555	AT	1.49	HG02391:2.56	0.84,0.84,0.82,0.81,0.84,1.70,1.65,1.67,0.84,0.82,0.86,2.56,0.85,0.83,0.86,0.83,0.86,3.43,0.85,0.84,0.85,1.67,0.81,0.85,0.85
10	110489052	110489933	AAGAGAGGGAAGGAGGGAGG	1.48	HG02391:2.56	0.83,2.56,0.84,0.85,0.85,1.73,0.83,0.83,0.83,2.46,1.63,1.64,2.56,0.84,0.82,0.86,0.82,1.69
19	17459432	17459777	AG	1.48	HG02391:1.71	0.85,1.63,2.50,3.27,1.71,0.85
5	52467733	52467996	AAGGG	1.47	HG02391:1.71	6.52,1.61,1.71,0.85,7.32,1.69
4	188524701	188524977	AGAGGAGAGGGGAGGGGAGG	1.44	HG02391:1.71	2.34,0.87,0.82,0.83,1.71,0.86,0.84
9	136599020	136600024	AATGAATGAATGAGTG	1.44	HG02391:1.71	1.68,1.71,0.84,0.87,0.82,0.84,0.84
12	59966067	59967475	AATATATATATG	1.43	HG02391:22.21	8.16,20.40,11.40,5.82,1.67,3.33,10.83,9.18,9.19,8.77,9.21,3.33,5.89,15.63,9.04,5.70,4.92,2.56,7.79,4.11,9.61,8.12,8.06,4.21,7.74,5.06,15.31,12.09,5.72,15.93,4.95,16.29,29.18,16.94,8.96,6.01,11.76,12.61,15.13,9.35,8.67,8.57,5.80,0.83,18.48,3.39,5.79,20.32,12.81,4.19,8.38,5.77,1.89,6.05,4.20,7.49,5.02,5.87,0.85,4.11,10.11,14.97,13.08,8.33,14.66,8.40,6.53,8.43,25.82,8.96,3.48,9.57,10.51,8.06,7.39,18.74,5.70,11.11,28.75,4.98,7.72,9.85,22.21,14.06,13.32,10.37,4.19,15.60,12.16,13.61,5.00,4.28,5.87,9.21,5.11,14.93,15.43,8.36,1.74,5.02,0.87,9.96,8.56,20.69,17.99,5.79,4.11,5.97,3.28,3.43,14.56,5.01,5.06,11.04,3.49,3.38,4.28,6.72,10.17,11.45,14.84,5.88,10.09,3.33,10.96,6.84,25.07,6.31,8.95,11.89,9.93,6.79,2.54
5	77755984	77757046	AAAG	1.43	HG02391:7.69	0.82,0.83,0.80,1.68,2.40,0.81,2.55,0.83,0.79,0.85,1.63,0.83,8.60,1.68,1.64,7.69,3.33,5.14,0.84,14.55,11.58,2.57,1.67,8.44,2.54,2.52,0.85,2.45,0.78,9.46,5.94
11	99689426	99689988	AGAGGGGAGGGGAGG	1.43	HG02391:4.27	0.82,1.63,0.81,0.83,0.83,0.83,3.34,0.84,0.84,0.83,4.25,1.65,1.64,1.71,0.80,0.83,0.81,1.61,0.97,2.53,0.83,1.68,0.84,1.69,1.56,1.62,0.84,1.66,1.67,1.68,2.55,1.67,1.72,3.27,0.83,2.53,2.42,1.79,1.74,1.62,1.64,4.27,0.86,0.84,1.62,0.86,0.84,0.85,1.57,0.84,0.83,1.64,0.85,0.84,0.86,4.28,0.85,0.85,5.04,1.69,3.36,0.78,0.84,0.79,4.07,1.70,1.66,0.85,0.85
1	9113558	9113792	AAATATATAATATATAT	1.42	HG02391:1.71	0.82,1.71,0.83,0.86,0.84,0.85,0.79
16	82293210	82294262	AAGG	1.41	HG02391:5.98	2.45,0.81,4.16,3.33,0.83,2.50,0.84,0.80,0.84,1.70,2.52,0.82,0.81,2.46,2.56,1.71,1.64,0.80,2.50,0.81,0.81,0.84,1.69,0.85,1.73,0.84,2.48,1.58,2.54,4.07,2.58,5.04,6.73,0.84,3.40,2.57,3.31,0.83,0.80,0.83,0.85,0.83,0.81,2.56,2.51,0.82,1.89,0.86,1.68,0.84,0.85,1.64,2.51,1.72,1.66,2.50,1.73,2.52,0.82,0.84,4.84,1.79,0.87,0.87,1.62,0.82,4.89,0.81,6.84,0.82,3.32,3.43,1.64,5.98,1.65,0.83,3.35,0.82,4.05,0.85,0.83,0.86,3.30,1.68,5.02,0.85,3.14,2.57,1.74,0.84,2.62,2.49,1.71,4.96,3.43,2.48,0.82,4.10,2.52,0.86,2.57,0.84,0.84,0.85,1.69,1.69,1.71,0.84,2.54,5.72,1.55,2.51,2.50,2.56,3.15,0.81,2.49,1.69
16	78756848	78757704	AAAAG	1.37	HG02391:2.56	0.81,6.63,11.72,2.52,0.84,0.84,2.56,12.74
17	30603109	30604404	ACCGTACTCCGGCCCTAGC	1.33	HG02391:7.69	0.82,0.82,0.81,0.83,4.99,2.49,3.33,3.34,2.39,0.84,1.68,2.50,1.68,0.82,1.63,4.83,2.46,3.41,0.85,1.73,7.40,1.60,2.50,1.68,1.94,1.69,1.73,3.35,2.48,0.81,3.94,3.39,2.58,2.52,2.52,1.68,2.60,2.57,1.65,1.61,5.78,0.85,0.78,2.43,6.83,4.19,1.68,2.47,0.94,0.86,2.52,0.84,3.35,11.50,2.51,1.68,3.44,1.66,2.45,4.31,0.84,6.53,1.69,4.03,2.69,2.61,0.87,3.23,1.61,1.64,2.44,3.42,2.46,1.66,1.72,7.69,0.83,1.67,1.73,0.81,3.40,5.83,3.43,0.84,1.66,1.66,1.67,4.26,3.93,2.57,3.35,6.11,1.66,4.14,8.57,2.48,2.56,4.10,0.86,0.84,0.85,2.62,4.23,1.68,3.30,0.84,1.55,4.19,4.99,0.84,9.40,0.84,0.79,0.81,14.97,4.24,2.54
3	169095597	169096829	AAAG	1.29	HG02391:2.56	0.85,0.80,0.83,2.55,0.83,0.83,0.84,0.84,0.83,1.68,1.69,0.81,0.82,2.49,2.56,0.84,0.85,0.82,1.71,2.54,3.33,0.85
2	217092439	217092763	ACGGGAGAGGGAGAGGGAG	1.25	HG02391:4.27	0.81,0.83,2.50,0.84,1.64,2.53,1.70,0.86,0.82,0.83,2.44,1.58,1.63,0.84,0.84,1.68,2.57,3.31,4.14,4.82,1.65,0.83,0.78,0.84,2.50,1.63,0.84,1.61,0.90,2.61,0.81,5.70,3.26,1.71,1.64,0.83,2.46,4.27,0.83,4.16,2.46,1.70,1.70,0.87,1.71,1.64,0.84,1.67,0.85,5.04,2.51,0.85
X	1854214	1855523	AAAGAGGAGGAGGGAG	1.23	HG02391:6.83	0.82,4.89,0.83,2.50,7.49,0.83,1.67,2.50,6.66,7.40,3.26,6.57,2.56,0.85,0.87,2.47,0.80,4.87,3.36,4.84,1.65,4.07,2.37,4.07,0.84,4.20,0.84,0.85,5.80,4.02,0.85,4.96,1.56,0.81,0.85,0.84,2.51,0.84,5.02,3.35,0.84,4.30,0.82,2.50,4.20,0.82,1.79,2.46,0.81,0.81,0.82,6.83,0.84,1.64,0.81,0.83,0.86,0.82,0.84,0.83,3.35,2.56,8.65,1.67,2.61,0.86,1.65,3.43,1.71,2.51,0.84,0.87,1.69,1.69,1.71,0.84,0.82,1.68,6.21,1.67,5.06,3.42,4.18,0.79,0.81,0.85,1.65,0.83,0.85,0.85
7	1313767	1314185	ACACCTGCACCCCGTCCCC	1.23	HG02391:3.42	1.63,0.82,1.67,0.82,0.81,0.80,1.71,1.67,0.81,0.84,0.86,0.82,1.68,0.83,0.85,0.86,0.84,2.52,0.83,0.80,0.83,0.85,0.84,1.66,0.84,0.84,0.83,0.82,1.67,0.86,1.68,0.82,0.84,0.81,0.90,1.74,0.87,1.62,2.44,0.81,0.85,2.46,2.49,0.82,3.42,1.67,2.51,0.82,0.83,3.35,0.84,0.83,0.86,0.84,1.69,1.74,0.85,0.85,2.45,2.47,1.55,1.67,0.83,1.67,0.85
1	199819413	199820739	AAAG	1.22	HG02391:5.98	0.81,1.67,0.83,5.01,5.01,3.34,2.51,3.37,2.47,1.64,4.83,1.64,0.87,1.64,3.34,1.61,0.84,1.94,1.73,0.82,2.48,1.58,4.34,1.71,4.14,4.95,0.85,1.65,0.78,6.49,1.71,1.68,10.89,1.65,2.52,1.66,1.68,4.16,12.26,1.74,2.44,3.42,3.29,0.82,5.98,1.67,1.64,3.24,5.11,2.52,1.66,0.83,3.35,4.29,0.87,2.51,0.83,1.65,0.86,3.41,0.84,4.23,1.69,0.84,0.82,0.84,0.85,4.18,0.85
3	193080239	193081020	AAAG	1.22	HG02391:3.42	2.50,1.67,0.84,0.85,0.82,2.50,0.81,0.81,0.85,0.86,3.27,2.48,2.37,1.69,0.84,1.73,2.48,0.83,1.69,0.86,0.84,0.84,0.86,1.66,0.82,0.83,0.84,0.82,2.53,0.87,1.74,0.81,0.81,1.71,0.82,3.42,3.24,0.85,0.83,1.71,1.68,0.87
11	119518568	119519534	ACCACCACCACCACCATC	1.21	HG02391:3.42	0.81,0.83,0.83,2.49,0.84,2.39,0.85,1.68,0.82,1.64,2.44,0.80,0.84,3.46,2.52,0.83,0.81,0.85,0.81,0.86,0.83,0.80,0.83,0.84,0.82,0.86,0.83,0.85,1.68,0.86,0.86,1.79,3.23,1.61,0.82,1.63,2.44,0.83,1.72,3.42,1.65,1.64,1.62,0.83,0.83,0.84,0.83,0.86,0.83,1.71,0.84,1.69,1.70,0.87,0.86,0.85,0.84,0.78,2.51,0.85,0.84,0.79,1.63
5	31389060	31389878	AAAG	1.20	HG02391:1.71	0.87,1.66,2.48,0.85,0.83,0.87,1.71,0.84,0.84
1	213536304	213537601	AAAG	1.19	HG02391:4.27	1.63,0.83,0.83,0.83,0.83,0.84,3.34,0.84,0.83,0.85,0.82,1.63,0.80,0.82,1.71,0.87,0.80,0.81,0.97,0.84,5.95,1.63,0.84,3.30,3.94,1.72,2.52,0.84,1.70,0.83,1.65,0.80,1.69,0.78,0.81,1.73,0.83,1.68,0.85,0.82,1.72,1.67,1.73,1.68,0.81,0.87,0.87,6.47,1.61,0.82,3.26,2.44,3.42,0.82,0.86,4.27,2.50,0.82,1.62,0.83,0.83,0.83,0.83,5.14,2.62,1.69,1.64,0.82,1.69,0.84,0.83,2.54
5	173884939	173885378	AAGGAGGGGGGG	1.19	HG02391:1.71	0.85,0.87,0.94,1.71,0.85,0.84,0.84,0.86,0.83
12	119144911	119146377	ACCACCACCACCACCATC	1.18	HG02391:4.27	1.63,0.82,0.81,0.83,0.83,0.83,0.83,0.84,4.18,0.84,2.50,1.70,1.63,3.22,1.64,0.82,0.80,0.83,1.62,0.81,0.84,2.90,0.85,0.86,2.45,0.83,2.44,0.79,1.69,1.63,0.86,0.84,3.36,0.85,0.87,2.49,1.65,0.80,1.69,2.34,2.43,2.56,2.52,0.84,0.82,1.89,2.59,0.84,1.66,0.84,1.70,2.46,1.67,1.68,0.86,3.33,2.45,0.83,0.86,0.84,1.63,2.53,0.81,1.79,0.87,1.74,2.43,1.61,2.46,2.44,0.81,1.71,3.29,3.32,0.86,0.82,4.27,0.83,0.83,0.84,2.46,0.81,5.11,2.50,0.83,1.66,1.67,3.93,0.86,0.84,0.87,0.84,0.87,1.66,0.83,2.47,1.71,0.82,1.68,0.84,0.84,1.69,0.85,2.57,1.68,0.85,1.64,0.82,0.84,1.67,0.83,0.84,0.84,2.37,2.44,0.85,2.48,2.49,0.85
9	123854246	123855593	AATATATATCTATATATAT	1.16	HG02391:10.25	2.45,0.82,0.81,3.33,0.83,12.47,2.50,2.50,7.52,1.60,1.67,2.51,4.99,3.40,2.52,6.58,7.33,2.41,5.75,11.95,3.42,1.73,0.82,0.80,0.83,7.30,5.64,1.68,7.74,11.81,5.10,7.78,4.90,3.35,9.90,3.26,3.15,3.26,7.73,6.72,3.36,7.57,6.80,1.73,3.43,2.49,9.93,2.41,1.65,0.85,1.65,0.78,3.24,5.13,2.52,1.68,5.77,1.68,2.50,5.03,0.82,3.44,5.82,4.90,4.16,0.86,0.82,5.06,6.45,2.69,8.69,3.48,8.06,3.28,6.52,5.70,3.42,6.57,2.49,6.86,5.74,10.25,3.31,4.16,0.86,3.35,2.43,0.85,8.33,2.57,10.71,3.36,8.28,4.14,4.19,6.29,6.86,4.18,6.09,2.51,1.75,1.66,4.28,1.65,0.86,7.45,0.82,2.56,2.46,1.68,1.71,4.24,2.62,1.69,3.38,5.99,6.72,3.39,5.72,1.65,2.52,2.33,1.67,3.33,1.69,1.67,3.25,4.25,3.33,10.18,5.08
9	119051059	119052131	ATATATATGCC	1.14	HG02391:4.27	1.66,2.47,1.64,3.37,0.84,5.89,0.84,2.49,3.21,4.96,4.09,2.52,1.63,2.53,2.43,5.70,4.27,3.31,1.73,1.64,0.83,3.43,0.87,0.82,3.38,2.52,1.68,0.85,2.54
15	75034970	75035451	AAAG	1.14	HG02391:2.56	0.82,0.81,0.83,2.51,0.80,0.82,0.81,1.61,1.69,0.85,4.07,0.84,0.86,0.83,0.84,1.67,0.82,0.82,0.90,0.87,1.64,2.56,0.85,0.84,0.86,0.87,0.86,0.86,1.72,2.57,1.69,0.79,0.85
Y	13448413	13449201	AATGGAGTGG	1.13	HG02391:1.71	0.85,0.90,1.71,0.82,0.87,0.82,0.86,1.71,0.84
4	186977213	186977680	ATCCCCCCCCCGCC	1.11	HG02391:2.56	0.82,1.67,0.80,0.85,0.85,0.85,1.68,0.85,0.79,1.69,0.85,0.86,0.83,0.80,0.82,0.86,0.83,0.84,0.86,0.83,0.82,0.86,0.82,0.81,0.90,1.74,0.81,0.82,2.56,0.86,0.84,0.84,0.85,0.86,0.84,1.75,1.71,0.83,0.83,0.85,0.84,0.86,1.70,0.87,1.69,0.86,0.84,0.85,0.82,0.82,0.84,0.79,1.70,0.83,1.66,0.85,0.85
1	2052581	2053028	AACCACCGCCGCGACCCT	1.10	HG02391:4.27	9.46,4.23,3.43,5.14,4.83,5.70,4.27,6.70
7	52334760	52335897	AAATATATAAATATATAT	1.08	HG02391:2.56	1.66,0.84,0.82,0.82,1.68,0.84,1.68,0.85,0.86,0.83,0.80,3.24,3.30,0.84,2.61,0.81,1.71,1.64,1.72,2.56,0.86,0.83,0.82
2	125470396	125471329	AAAG	1.08	HG02391:1.71	0.84,0.85,0.82,0.80,0.85,2.42,1.71,1.62,1.70,0.85
2	234371629	234372556	ACATGCGTGGAGTGAGG	1.03	HG02391:1.71	1.63,0.85,0.84,1.61,2.43,0.87,0.81,0.82,1.71,0.85,0.83
1	179321724	179322634	AT	1.03	HG02391:1.71	0.80,0.82,0.80,0.85,0.83,0.83,0.84,1.71,0.83,0.82
21	32115225	32116307	ACGTATATATAT	1.01	HG02391:2.56	2.47,0.86,0.82,0.86,0.85,0.83,0.81,0.85,0.83,2.56,0.83,2.48,3.93,3.42,0.83,0.82,1.67,4.09,0.78,0.85,2.49
