#contig	start	end	unit	top_case_zscore	high_case_counts	all_counts
13	70713019	70713919	AGC	19.09	HG02512:19.15	34.20,19.15,1.71,10.87
2	14266084	14267443	AAAATAATTTAATT	16.93	HG02512:28.31	0.85,0.82,5.52,8.50,4.14,0.80,7.49,8.17,3.48,3.48,7.39,28.31,5.02,0.86,7.42,13.25,10.77,1.67,1.71,6.96,0.84,6.11,6.85,1.71,6.57,6.68,8.46,13.44,11.02,7.76,5.86,6.74,11.11,0.84,7.10,8.14,8.47
4	141920783	141921568	AAGAAGAGG	15.82	HG02512:15.82	15.82
8	97262366	97262960	AAGAAGAGGAGG	15.82	HG02512:15.82	15.82
11	84212536	84213941	AAAG	11.64	HG02512:24.15	4.08,1.63,8.96,6.65,4.17,2.50,3.32,10.83,5.01,3.34,4.79,5.85,3.35,11.91,0.84,9.87,3.29,3.26,2.41,7.39,6.83,0.85,8.65,3.29,12.02,6.49,7.25,2.52,12.59,11.81,7.66,14.69,1.63,0.84,13.20,9.77,9.46,11.86,9.78,8.59,14.28,9.25,8.41,5.10,4.34,6.00,3.31,8.27,0.80,4.13,2.54,2.48,7.81,8.11,9.40,5.87,1.68,0.82,4.72,1.73,0.84,7.49,6.69,6.81,3.29,6.70,1.68,4.30,13.31,5.72,3.33,6.04,12.60,8.17,8.43,5.65,0.90,6.95,10.44,12.94,7.25,11.50,7.33,4.89,5.98,4.93,3.32,9.44,9.85,4.27,14.06,24.15,5.19,5.86,8.21,2.43,9.36,3.33,4.28,2.52,1.66,10.77,4.19,3.41,3.93,4.29,2.51,3.48,1.67,6.64,5.99,6.85,4.14,1.71,3.36,0.86,10.28,5.85,4.22,2.55,6.11,2.54,1.69,1.71,0.84,4.24,0.82,9.07,4.20,0.84,4.16,5.90,5.98,10.03,7.10,5.69,10.19,5.79,1.66,2.55,3.39
6	131802734	131803975	AAAG	7.41	HG02512:16.65	4.90,10.61,4.16,5.84,3.33,6.69,10.69,4.83,8.06,4.84,23.82,2.59,7.43,3.39,7.33,4.20,5.95,3.47,0.83,0.78,9.23,1.65,0.84,0.85,19.13,9.49,7.58,8.96,0.81,10.59,5.75,7.47,2.57,9.85,4.27,16.65,8.64,9.21
7	158440849	158441870	AAATGGACTACAGCCACGCC	7.30	HG02512:11.66	6.07,2.57,3.37,12.55,3.29,2.57,11.66,3.40
6	67683829	67684923	AATATATATGATATAT	6.98	HG02512:12.49	1.63,0.81,2.49,7.18,1.68,4.16,1.70,1.68,3.29,4.11,3.26,2.46,9.39,1.64,2.43,4.84,4.84,1.69,2.59,0.83,0.81,5.52,2.58,1.68,0.85,4.13,3.31,13.28,1.62,0.85,5.03,3.30,1.89,0.84,0.83,1.68,1.64,0.84,1.63,4.31,0.84,4.21,1.61,3.58,0.87,0.85,4.11,6.56,12.49,5.19,1.64,5.96,0.83,0.83,5.80,0.86,0.86,4.28,0.86,0.85
13	44715495	44716965	AGCCG	6.46	HG02512:15.82	2.45,1.63,6.51,5.01,3.33,0.83,0.83,4.18,5.58,3.34,0.83,8.51,3.37,3.29,2.44,2.46,3.41,5.19,2.47,3.25,2.42,0.84,5.81,5.90,6.80,1.73,4.09,2.52,0.83,8.14,3.94,2.54,4.89,3.43,5.04,5.04,3.36,3.40,1.73,9.43,9.94,1.65,4.02,3.30,1.65,8.11,2.56,0.84,0.94,1.68,7.49,0.84,0.85,4.30,2.50,0.83,3.45,10.08,3.27,16.14,4.48,11.30,13.05,4.85,5.64,4.93,0.81,4.89,6.84,4.98,3.28,2.48,15.82,4.32,5.86,6.57,6.81,5.83,3.43,7.45,3.31,0.84,3.41,5.50,2.57,5.02,0.87,6.69,3.49,1.66,2.57,9.93,1.71,1.65,1.64,6.83,0.82,3.36,5.15,0.86,4.18,1.69,7.64,2.54,0.85,4.28,10.92,5.93,4.09,3.30,1.68,8.37,2.50,1.69,2.56,5.01,0.79,7.32,2.55,1.65,7.48,0.85,2.54
1	116303474	116304726	AAG	6.28	HG02512:16.65	4.08,2.44,12.52,4.99,3.32,4.16,0.83,2.51,0.80,7.54,4.99,8.51,5.05,7.40,1.63,8.05,0.85,2.56,8.65,11.51,1.60,5.01,3.25,3.22,9.68,5.90,7.66,0.86,9.81,0.84,2.48,2.44,3.15,11.01,4.89,2.58,5.88,4.20,4.20,4.34,7.72,7.46,6.62,10.73,2.54,1.65,8.60,0.81,5.98,9.23,11.73,1.65,6.61,7.77,5.82,8.39,1.70,4.93,2.51,4.21,6.88,4.16,4.90,1.67,6.04,3.36,5.72,9.27,7.26,6.27,0.87,2.61,1.61,3.28,2.44,7.33,5.13,9.86,6.64,3.43,2.46,4.27,5.79,16.65,2.59,14.24,0.82,7.30,1.70,0.83,7.71,0.82,3.36,2.48,1.66,0.84,2.56,4.72,4.29,4.18,6.09,7.53,5.24,5.79,4.93,8.53,0.82,5.88,2.57,0.86,5.01,13.50,3.38,9.30,0.86,2.52,4.24,4.91,0.78,5.86,3.33,2.53,0.85,1.67,1.63,9.34,5.79,3.33,0.85,10.16
2	11219806	11220747	AAAG	5.58	HG02512:5.83	0.85,1.65,7.36,1.61,5.83,0.84
7	158440654	158442040	AAATGGACTACAGCCACGGC	4.50	HG02512:24.98	18.21,7.72,15.17,9.86,12.32,12.87,24.98,11.91
20	13914330	13915651	AATATATATATATATGG	3.93	HG02512:17.49	1.63,1.63,14.66,13.30,0.83,8.32,9.14,2.50,6.68,5.85,1.60,15.03,0.84,13.61,3.37,9.05,1.63,7.24,11.49,7.69,2.47,2.40,2.50,3.87,6.75,5.10,12.09,8.17,1.68,17.33,11.83,12.70,8.96,7.57,8.41,4.25,2.60,4.29,0.83,1.65,6.43,11.86,14.07,0.81,17.08,1.68,5.86,4.72,1.73,0.84,5.87,4.26,8.21,1.67,0.86,0.83,1.63,0.83,2.59,8.40,12.64,13.72,3.58,1.74,5.22,3.23,7.25,7.33,5.13,7.39,1.66,0.86,4.92,1.65,17.49,1.73,12.56,1.64,1.62,5.96,0.83,4.12,3.36,0.83,14.08,1.67,3.93,1.67,0.84,9.13,1.71,4.28,0.82,2.56,0.82,0.84,1.72,1.67,0.84,1.74,3.38,4.91,7.42,4.20,0.78,3.35,1.66,2.51,1.58,3.40,4.14,5.09
9	14718997	14719986	AAGG	3.70	HG02512:6.66	4.99,1.64,2.53,2.45,4.25,1.65,2.50,0.84,1.67,5.38,0.81,4.03,1.63,3.42,1.64,6.66,4.19,2.48,1.68
2	129097360	129099229	ACC	3.49	HG02512:22.48	15.51,17.95,12.21,13.30,14.19,8.32,6.65,9.99,15.03,16.72,11.17,15.03,12.56,11.65,17.87,7.57,11.52,13.97,13.85,14.49,9.85,5.97,9.40,11.25,9.04,12.02,10.85,19.48,8.06,14.30,4.84,10.96,15.31,15.55,20.43,11.74,9.08,11.40,26.03,6.77,13.85,17.17,13.44,15.97,14.29,9.35,10.41,12.86,9.11,12.41,20.09,4.13,9.32,14.88,18.75,12.97,14.52,14.26,6.70,11.54,16.99,8.64,7.57,10.81,19.25,11.74,11.07,9.03,8.37,5.89,5.16,14.97,11.44,12.49,12.94,16.80,14.70,10.11,8.07,11.65,9.56,17.40,9.70,13.69,13.14,17.93,17.10,15.38,18.07,11.63,9.44,12.31,12.81,11.58,22.48,12.97,8.37,12.32,17.03,10.21,13.33,12.00,14.83,14.27,14.08,14.91,8.37,17.05,9.43,6.00,10.03,16.54,4.18,13.09,9.96,16.26,16.55,14.56,9.10,13.98,17.92,27.09,17.63,13.72,10.28,14.20,16.88,8.49,9.60,12.69,12.69,9.41,6.72,10.17,22.90,7.42,10.08,13.97,19.26,6.65,17.70,6.84,16.72,13.40,13.02,9.34,8.27,14.13,8.49,13.55
19	16041707	16042312	AACGAGTGAGTGAGGAGAGG	3.43	HG02512:7.49	0.81,1.68,3.37,0.86,6.54,2.48,1.69,3.36,5.63,0.82,9.86,6.56,2.48,7.49,3.46,1.71
4	53701397	53702534	AAAAT	3.41	HG02512:34.97	0.83,3.35,0.80,2.46,0.83,14.52,6.80,16.41,44.12,14.26,10.25,15.24,20.61,13.44,21.86,36.42,19.85,12.86,0.83,9.15,5.72,8.98,1.79,8.70,16.17,16.42,2.44,12.21,7.69,37.79,4.15,19.73,34.97,10.89,18.72,15.72,14.94
13	51734669	51735133	ACGGGAGAGGGAGAGGGAG	3.36	HG02512:4.16	0.83,0.80,0.85,0.86,0.81,0.85,0.87,1.66,0.85,0.86,0.81,1.72,0.82,4.16,0.84,0.81
19	16042014	16042244	AACGAGTGAGCGAGGAGAGG	3.33	HG02512:3.33	3.33
3	5829879	5831264	AAATGCACAGGAAT	3.31	HG02512:36.64	2.45,9.79,7.33,6.65,4.17,4.99,7.48,3.33,1.67,4.18,11.17,7.52,5.03,3.33,4.25,5.05,13.15,7.33,4.02,5.75,12.80,1.73,2.47,7.21,14.19,8.93,0.81,6.73,0.97,2.53,1.70,0.86,4.90,2.52,3.30,1.63,3.15,3.39,1.72,14.28,1.68,0.84,5.95,1.73,3.43,0.83,8.04,2.48,3.31,10.16,5.98,5.03,7.54,2.47,10.38,4.32,5.04,6.65,8.37,12.58,11.92,0.82,6.74,1.72,4.16,1.63,5.83,2.59,5.88,4.08,5.06,9.68,5.38,8.69,3.23,1.64,1.63,1.71,3.29,7.47,6.86,6.56,5.98,1.65,36.64,5.19,8.37,9.03,1.62,4.25,2.50,8.57,28.84,9.94,4.14,11.72,5.97,3.14,9.43,4.18,1.67,1.75,2.48,6.00,9.04,4.27,5.75,23.99,25.47,33.15,14.38,2.54,11.12,0.84,27.12,2.45,1.65,41.03,23.29,23.40,0.81,16.14,0.83,16.63,2.54
4	78739655	78740397	AC	3.25	HG02512:3.33	0.85,1.61,3.33,3.41,0.84
8	98447831	98448851	AAAAT	3.08	HG02512:5.00	17.10,10.09,2.53,5.00,3.24,7.66,1.70
6	169264589	169265524	AG	3.04	HG02512:5.00	0.83,3.33,0.80,0.81,0.81,1.94,1.69,1.70,1.63,0.84,0.85,0.81,0.86,0.84,1.68,3.43,1.66,0.83,0.80,1.65,0.83,0.84,0.86,0.84,0.85,0.84,0.86,0.83,0.82,1.67,2.59,2.45,0.84,2.42,1.79,1.74,0.81,1.61,0.81,2.44,0.82,0.86,1.64,0.83,5.00,0.82,0.87,0.83,0.82,0.86,1.71,0.84,1.70,0.85,1.69,1.69
12	125916386	125917419	ACACATACATATATAT	2.75	HG02512:9.99	0.85,14.34,2.59,8.17,7.55,5.89,2.52,7.72,4.96,11.25,1.69,7.55,2.50,6.66,7.76,3.36,7.35,1.69,6.45,3.48,4.27,9.99,4.19,4.93,3.33,4.12,0.83,1.57,5.85,1.74,3.38,6.85,1.55,4.25,2.48,1.69
11	110800987	110802158	ATCGC	2.68	HG02512:9.16	1.66,0.81,9.16,13.28,0.86,9.10,4.93,3.34,0.84,12.37,18.30
7	1793797	1794936	AAAG	2.57	HG02512:11.66	4.08,2.50,8.42,8.23,4.89,4.27,4.81,8.35,4.84,8.99,1.65,3.15,3.43,4.20,4.25,4.14,8.60,4.72,2.45,14.28,9.80,6.09,0.81,5.13,7.47,12.81,3.31,11.66,5.19,11.72,3.29,8.92,4.25,9.89,6.71,2.56,0.82,0.85,0.86,1.70
20	13828266	13829877	AAG	2.54	HG02512:18.32	2.45,15.50,15.47,3.33,9.18,1.66,4.99,9.16,3.34,6.69,1.60,14.20,12.56,16.64,5.96,18.51,5.76,4.93,14.67,7.24,4.92,17.07,4.27,5.19,4.11,5.61,9.18,3.25,21.76,14.30,6.78,11.81,3.40,1.73,4.90,3.35,9.90,2.44,3.15,3.39,6.52,14.60,5.04,3.36,9.25,3.40,3.47,3.43,4.97,16.54,4.02,7.43,15.70,1.56,14.59,2.56,0.84,1.68,9.89,7.55,6.05,5.88,6.65,12.55,5.03,11.92,13.14,14.24,5.05,7.74,6.66,9.81,2.50,3.45,6.72,1.63,2.53,6.45,0.90,3.48,2.61,4.04,12.08,0.82,4.07,21.98,7.69,4.11,1.66,2.57,4.92,1.65,18.32,3.46,3.35,0.82,0.81,2.55,10.83,3.43,3.30,7.55,9.11,6.63,3.35,7.67,4.72,4.29,2.51,6.09,1.67,6.98,4.15,7.70,6.62,16.28,1.65,8.22,4.27,8.21,4.20,3.43,4.28,4.18,2.53,5.94,12.21,0.85,3.38,7.70,2.52,5.93,4.09,9.90,2.52,3.88,6.70,11.65,0.84,4.27,8.36,5.52,4.88,5.10,9.93,4.99,3.39,3.39
8	1786699	1788034	ACACCAGACAGTCCCC	2.47	HG02512:4.16	0.82,0.81,0.83,0.83,0.84,0.84,0.83,0.84,0.82,0.82,0.80,2.46,0.82,0.80,0.83,0.81,0.81,1.69,1.70,0.84,0.83,0.81,1.63,0.86,0.84,0.86,0.80,0.83,0.85,0.81,0.82,1.89,1.68,1.66,1.64,0.86,0.83,0.82,0.82,1.61,1.62,0.83,0.86,0.82,0.83,4.16,0.84,0.82,0.81,1.67,0.86,0.82,0.84,1.67,0.86,2.57,1.65,0.82,0.84,1.72,0.84,0.86,0.84,0.78,0.84,0.84,0.85,0.84,0.85,1.70
6	145053385	145053680	AT	2.44	HG02512:2.50	1.63,0.87,1.64,2.50
22	43890724	43893560	ACCACCACCACCTCC	2.39	HG02512:16.65	7.35,2.45,8.14,4.16,2.50,4.16,14.13,5.00,10.85,10.87,6.38,9.19,1.68,6.66,2.55,7.57,12.34,14.80,8.15,6.44,9.03,11.95,6.83,0.87,9.04,14.42,12.52,9.74,2.42,7.57,14.52,8.43,5.95,6.05,11.44,10.90,4.95,3.26,7.10,12.70,12.22,6.01,3.36,7.57,11.77,5.95,3.47,6.86,15.74,14.06,9.64,9.08,5.93,9.09,4.69,5.67,4.27,5.87,16.76,12.36,5.66,4.32,10.09,7.49,14.23,10.06,14.48,4.93,8.37,7.58,2.58,6.66,6.54,13.32,8.63,8.40,7.35,11.80,4.84,6.27,6.08,3.48,4.85,4.83,6.57,13.04,7.33,8.54,7.39,4.98,3.43,9.85,5.12,8.27,16.65,7.78,5.02,1.64,14.59,5.96,3.33,8.57,4.12,2.52,5.80,8.28,5.02,5.11,15.72,3.43,5.85,3.48,7.53,4.36,0.83,5.99,7.45,7.71,0.83,6.58,4.27,9.03,5.04,5.15,8.57,3.34,8.44,7.64,11.34,7.61,1.69,5.99,5.04,3.39,9.00,7.42,2.52,9.32,4.19,3.33,5.06,2.56,8.36,11.83,3.25,5.94,4.14,5.82,7.64,1.69
9	135507152	135508185	AC	2.34	HG02512:5.00	0.83,1.67,2.51,1.68,0.84,4.94,4.10,3.87,1.63,0.86,0.86,2.49,2.48,0.84,0.82,1.66,0.83,0.86,0.84,3.26,2.44,3.42,0.82,0.82,5.12,5.00,0.82,0.84,0.85
9	107254974	107255714	AGAGAGATATATATCTATAT	2.25	HG02512:3.33	1.70,0.83,5.38,3.33,0.86,1.65,1.65,2.57,3.38,1.68,0.85
X	387677	389056	ACAGCACGGACGCCCCAGAG	2.21	HG02512:9.99	4.08,4.08,3.26,7.48,4.17,4.99,4.99,2.50,0.84,3.19,4.18,1.68,5.82,2.52,0.80,4.27,4.27,0.87,4.11,5.61,5.01,7.25,5.89,2.90,5.06,1.70,5.18,0.82,5.03,2.48,5.93,2.44,6.01,5.04,0.84,5.88,2.60,1.71,1.65,3.21,4.13,1.69,4.13,6.25,5.67,2.56,1.68,7.54,6.59,6.61,4.32,0.84,2.50,2.52,0.85,3.29,5.02,6.74,6.02,1.66,3.27,5.00,5.18,11.76,3.27,8.43,8.07,1.79,4.34,5.22,17.79,4.83,4.11,5.70,5.70,4.27,2.46,8.30,3.43,1.64,7.69,2.48,9.99,2.59,5.02,7.39,4.05,2.55,1.67,2.57,4.12,1.68,0.83,4.14,0.84,2.56,3.93,0.84,2.61,0.84,4.36,5.81,6.62,0.86,0.83,2.46,6.72,1.72,1.71,1.67,3.38,0.85,4.36,2.54,7.56,1.69,0.82,2.47,8.40,0.78,5.06,5.13,1.58,4.88,4.25,1.65,3.33
15	101250382	101251284	ACCATGACCTCCACCTCC	2.20	HG02512:3.33	0.83,0.83,0.85,0.80,5.84,1.61,0.80,7.30,0.84,0.84,2.50,0.81,1.66,3.33,0.81,1.66,0.84,0.84,0.83
2	6263404	6264602	AAAG	2.16	HG02512:6.66	1.66,0.97,0.84,0.85,5.72,4.07,3.94,2.52,3.43,0.83,3.21,1.62,4.16,2.45,2.50,2.53,0.81,0.90,0.87,4.04,3.22,7.33,2.56,0.82,0.83,1.72,5.74,1.65,6.66,5.86,3.29,4.86,0.85,1.67,7.07,3.43,0.83,1.71,2.48,1.69,2.57,5.08,1.68,3.88,0.83
22	37101671	37102667	AAG	2.06	HG02512:3.33	1.66,0.82,0.85,1.73,0.85,0.86,1.68,0.83,0.82,1.74,0.81,5.13,1.64,1.71,3.33,0.84
8	988862	991012	ACACCGAGCCGACCACGC	1.90	HG02512:8.33	4.08,4.08,4.07,3.33,1.67,0.83,4.16,1.67,3.34,1.67,2.39,1.67,5.03,1.66,1.70,4.21,2.47,2.47,4.07,4.02,3.41,1.73,0.82,4.01,1.67,5.68,1.61,5.05,3.87,2.53,5.10,2.59,3.27,2.52,2.48,3.26,7.89,3.39,4.07,0.86,2.52,1.68,1.68,4.25,6.07,3.43,1.66,1.65,4.02,2.48,2.54,8.26,4.69,1.62,2.56,4.19,2.51,5.66,5.18,3.36,2.50,3.35,0.84,1.70,5.75,5.02,1.68,2.58,2.50,6.54,3.33,4.31,2.52,6.53,2.53,4.03,3.58,2.61,2.43,1.61,2.46,4.89,1.63,0.85,4.11,1.66,3.43,7.39,5.98,3.31,8.33,0.86,3.35,2.46,4.86,1.70,2.50,0.86,4.94,3.36,0.83,2.48,1.67,3.41,2.36,6.00,3.48,2.62,2.49,5.14,9.93,3.43,4.14,3.29,3.41,1.64,4.20,5.15,1.67,5.91,0.85,2.62,0.85,1.69,2.57,4.20,5.08,5.72,1.65,2.52,3.11,3.35,3.33,4.21,3.42,4.18,3.15,7.32,3.40,4.14,1.66,1.70,5.08
9	112324007	112325209	AAG	1.89	HG02512:5.00	0.82,3.33,2.49,0.83,1.60,1.67,1.70,1.65,0.81,4.83,1.71,2.40,2.53,1.70,1.65,1.63,2.37,0.85,3.36,0.84,0.84,3.40,3.47,0.83,0.83,0.82,1.73,2.52,0.83,2.45,4.16,4.20,3.27,0.81,0.87,0.81,2.56,3.29,1.72,2.56,1.65,5.00,2.59,0.82,2.48,0.84,0.79,0.84,2.57,0.83,1.68,0.86,0.84,0.85,0.86,2.54,0.82,0.84,2.50,1.67,0.85
14	28416437	28417584	AAAG	1.89	HG02512:4.16	0.82,0.83,0.84,0.84,0.81,2.46,1.71,0.97,3.40,0.83,0.79,1.63,0.86,6.73,0.85,0.84,0.84,0.85,0.84,0.83,2.59,0.90,0.87,0.81,0.81,0.85,3.32,0.86,0.83,4.16,0.86,1.62,1.71,1.68,1.57,3.34,0.87,1.66,3.40,0.85,0.85,1.68,0.85,0.84,0.81,0.85
19	15726293	15727488	AATGAGTGAGTGAGGAGAGG	1.88	HG02512:4.16	0.83,1.67,1.66,0.83,1.66,1.70,1.64,2.60,0.82,1.68,0.85,3.46,0.82,6.71,0.83,1.63,0.79,2.49,1.65,0.85,0.84,0.86,0.83,0.84,0.85,2.45,0.83,5.38,0.81,0.85,1.64,0.86,0.82,4.16,1.73,0.82,0.85,0.82,0.83,0.84,2.61,0.87,2.57,1.71,1.64,1.70,0.85,0.84,0.84,0.78,1.69,0.85,0.84,0.85,1.69
1	90857917	90858202	AG	1.88	HG02512:2.50	0.80,1.61,0.87,1.63,1.68,0.84,0.87,0.85,2.50,0.85
4	140235582	140236657	AACCT	1.85	HG02512:5.83	8.98,0.83,5.18,5.83,6.66,1.65,9.41,6.78
19	1692081	1693278	AAAG	1.75	HG02512:18.32	7.74,17.16,11.55,13.74,13.45,11.25,6.61,7.26,8.07,19.33,12.21,18.05,18.32,7.54,21.38,18.83,15.67,11.11,0.84,7.32
11	93644625	93645821	AAAG	1.71	HG02512:16.65	1.67,3.33,11.17,11.09,2.47,31.47,12.26,6.71,4.23,9.78,13.45,0.84,5.95,7.80,1.71,14.91,8.84,6.25,3.36,2.59,2.52,0.83,1.68,2.46,6.66,3.33,23.68,8.07,3.58,13.03,15.66,8.06,3.28,3.26,8.14,4.11,8.54,8.27,16.65,8.64,12.56,17.25,20.27,10.21,4.12,5.80,2.51,0.84,8.57,2.54,6.99,1.69,2.55
3	72123041	72124516	AGGATATATATATAT	1.71	HG02512:10.82	5.71,4.08,7.33,5.82,2.50,1.66,4.16,3.34,2.39,0.84,3.35,4.99,7.57,2.47,4.07,1.71,2.60,0.82,1.60,5.84,10.55,6.45,1.68,0.97,5.06,0.86,2.45,2.52,0.83,3.26,5.08,1.63,4.29,4.20,2.52,5.04,3.40,5.20,2.57,4.97,2.48,9.64,4.95,7.62,6.61,11.72,1.65,2.83,1.73,0.83,0.84,2.55,10.05,6.88,1.66,2.45,4.16,2.59,2.52,0.82,1.61,0.87,0.81,1.61,10.67,0.81,2.44,2.56,5.75,0.83,6.86,13.95,6.83,1.65,10.82,4.32,0.84,4.11,3.24,1.70,0.87,0.83,0.84,0.85,5.99,1.55,0.83,1.67,1.58,0.81,2.55
11	127611247	127612645	AACTATATATAT	1.70	HG02512:11.66	1.63,1.63,8.96,3.33,2.50,4.16,4.17,3.34,0.80,2.51,9.15,4.25,1.68,3.29,1.64,7.33,0.80,9.85,0.85,2.56,6.06,3.29,0.81,0.84,10.65,5.06,6.80,1.73,1.63,11.74,2.48,14.66,11.04,5.93,1.63,8.59,4.20,1.68,4.25,4.34,5.14,4.14,8.27,10.45,4.95,0.85,1.65,14.07,0.81,2.52,5.03,0.82,6.61,0.86,4.20,0.84,2.52,5.11,0.82,2.51,3.37,6.88,5.82,4.09,2.50,4.31,0.84,7.35,10.11,8.07,2.69,0.87,4.35,8.09,5.64,4.11,2.44,6.51,0.85,0.82,3.32,8.58,7.39,2.56,3.31,11.66,1.73,5.02,5.75,0.81,2.55,2.50,2.57,0.82,1.68,3.31,9.11,0.84,4.26,10.22,0.86,0.84,3.48,3.35,4.36,6.64,0.86,6.62,0.86,8.27,2.56,7.39,6.72,1.72,0.86,0.84,0.84,0.87,1.69,5.13,5.04,0.85,2.45,0.82,4.20,5.43,4.19,3.33,1.69,5.13,4.18,7.10,7.32,5.94,4.14,4.16,6.79,3.39
6	170354033	170355589	ACACGGTGGGACAGCAGGG	1.67	HG02512:5.00	0.82,0.81,0.83,0.83,1.67,1.67,1.67,2.51,0.83,2.47,1.63,1.61,2.60,0.82,1.68,0.97,3.37,1.70,1.63,1.68,0.83,3.26,0.79,4.23,4.07,0.84,0.84,1.73,1.71,0.83,1.65,0.83,1.65,1.56,0.82,0.84,0.84,5.96,1.67,2.53,0.86,1.67,0.86,0.84,0.84,3.23,0.87,1.62,0.81,2.46,2.44,0.82,0.83,4.92,1.71,4.96,5.00,1.73,2.51,0.85,0.86,2.47,1.68,2.48,2.48,0.85,0.79,0.86,0.84,0.87,0.84,1.75,0.83,0.86,0.83,0.84,1.72,1.71,0.85,0.85,3.42,1.69,0.82,0.78,0.84,2.53,1.71,1.67,1.63,1.65,3.39,0.85
10	2644394	2644395	AAAG	1.67	HG02512:1.67	1.67
1	96599972	96599973	AACCCT	1.67	HG02512:1.67	1.67
20	41663178	41663179	AATGG	1.67	HG02512:1.67	1.67
2	139923060	139923061	AGAT	1.67	HG02512:1.67	1.67
3	146607760	146607761	ACCACCACCACCATC	1.67	HG02512:1.67	1.67
4	29160110	29160111	AAAT	1.67	HG02512:1.67	1.67
6	103702108	103702109	AACCCT	1.67	HG02512:1.67	1.67
6	152171183	152171184	AT	1.67	HG02512:1.67	1.67
6	168779164	168779165	ACC	1.67	HG02512:1.67	1.67
7	115508140	115508141	AC	1.67	HG02512:1.67	1.67
7	151355135	151355136	AAAT	1.67	HG02512:1.67	1.67
8	97262922	97263140	AAGAGGAGGAGG	1.67	HG02512:1.67	1.67
9	73750002	73750003	AAAG	1.67	HG02512:1.67	1.67
9	84275913	84275914	AC	1.67	HG02512:1.67	1.67
19	57682939	57683123	CCCCCCCCCCCCCCCCCCCG	1.67	HG02512:1.67	0.85,0.85,1.67
4	174666295	174666337	AC	1.67	HG02512:1.67	0.83,1.67
4	32887314	32888461	AAATATATAATTATATAT	1.66	HG02512:9.16	3.27,3.34,9.14,5.58,1.68,4.07,9.04,2.43,5.10,2.59,4.13,1.63,3.43,1.68,10.09,4.20,4.14,4.82,2.51,8.64,4.99,1.64,3.35,5.82,3.33,4.31,5.88,4.08,3.23,4.34,3.28,3.26,4.07,5.13,11.50,5.81,3.28,5.98,9.16,4.32,8.21,4.86,3.43,4.97,0.83,0.86,3.35,0.87,0.83,0.83,0.82,0.82,1.72,0.84,1.69,2.55,2.54,4.20,3.33,2.51,6.31,2.44,1.69
10	36031108	36032222	AAAG	1.66	HG02512:5.83	2.90,4.32,10.62,3.35,10.30,8.41,6.80,0.84,0.81,4.27,4.98,5.83,2.62,2.51,0.86,1.64,4.12
4	20473399	20474343	AT	1.66	HG02512:2.50	0.84,0.81,0.80,0.83,0.83,2.34,0.84,0.84,1.61,0.81,0.82,2.50,0.81,0.84,0.84,0.84,0.81,0.83,0.85
4	102045694	102046129	AAAG	1.66	HG02512:1.67	1.67,0.84,0.84
11	59471205	59471305	AAAT	1.66	HG02512:1.67	0.84,1.67,0.81
12	132879423	132881354	ACACCCTCGCCCGGGC	1.65	HG02512:5.00	1.63,1.63,1.63,1.66,1.67,1.67,0.80,0.84,0.84,1.66,1.70,0.82,0.82,0.81,1.61,1.64,1.60,0.83,3.22,1.68,0.97,1.69,0.85,1.73,2.45,1.68,1.65,7.10,1.63,0.86,1.68,1.68,2.55,0.83,0.80,0.83,0.85,0.83,2.43,1.68,2.47,1.89,0.86,1.66,1.68,1.70,2.46,3.35,0.84,1.63,0.83,0.86,3.36,1.63,2.53,1.61,0.90,0.87,4.07,2.56,0.82,3.32,0.82,2.56,0.83,5.00,2.59,3.35,0.81,1.67,1.71,0.83,3.93,0.86,1.66,3.29,1.64,0.86,0.84,0.85,3.49,1.69,0.85,1.68,0.78,0.84,0.84,0.85,0.81,0.85,0.83,4.24,0.85
3	49817750	49818201	AC	1.65	HG02512:1.67	0.81,1.67,0.84
2	145738693	145739655	AATAG	1.64	HG02512:3.33	2.41,1.63,1.68,0.84,2.49,1.61,0.84,0.82,0.82,3.22,0.82,2.56,0.83,0.86,1.64,3.33,0.86,1.64,3.40
Y	15278469	15279208	AATAT	1.64	HG02512:1.67	0.80,0.82,1.67,1.68
11	575976	577414	ACTGGGAGGCCCCGCCGAG	1.58	HG02512:9.99	3.27,1.63,1.63,3.34,3.33,7.52,0.84,1.66,7.66,1.68,4.11,4.07,3.22,1.71,1.71,1.73,0.83,15.42,6.78,5.06,3.40,10.37,7.35,2.52,1.65,3.26,5.52,5.08,6.52,0.84,5.04,2.52,7.65,3.47,1.71,8.28,2.41,1.69,0.83,3.91,6.49,4.94,0.94,0.86,0.84,1.66,0.85,0.82,1.67,1.68,2.50,5.00,2.59,6.72,3.27,5.06,0.81,1.79,7.82,0.81,1.61,2.46,4.07,0.81,3.42,9.86,2.49,3.43,8.21,5.98,0.83,9.99,7.78,5.75,5.68,7.66,4.17,3.43,2.47,4.20,0.83,6.63,5.02,4.26,1.57,7.71,1.67,3.48,3.35,0.87,2.57,4.96,1.71,9.10,3.29,2.56,9.03,3.36,4.29,3.43,9.19,4.24,0.87,2.54,5.92,5.99,4.24,4.91,7.42,4.19,1.66,0.84,0.85,5.85,3.25,3.40,2.48,8.49,0.85
5	164315217	164316764	AATATATATATAGG	1.55	HG02512:8.33	4.08,6.53,0.81,1.66,0.83,3.33,0.83,3.34,3.34,4.79,1.67,5.03,2.50,0.85,2.47,0.81,0.80,3.28,8.54,3.46,2.47,2.40,3.34,1.62,2.52,1.94,0.84,5.10,0.86,3.27,5.03,2.48,4.89,7.10,1.69,4.20,5.04,0.84,3.40,2.60,4.29,0.83,0.85,3.31,3.13,1.62,0.85,0.84,1.68,1.65,2.83,2.59,3.36,4.99,1.70,0.82,6.70,2.58,4.99,2.45,1.67,1.73,3.36,1.63,5.06,5.65,3.58,2.61,1.74,3.23,4.83,2.46,4.89,4.89,0.85,5.75,0.83,1.72,7.69,8.33,5.19,3.35,0.82,5.00,4.28,0.82,0.84,3.31,2.48,2.51,4.26,3.93,6.00,13.38,6.96,4.18,2.62,0.83,1.71,4.96,4.28,3.31,14.51,0.82,0.84,3.43,3.43,2.51,1.69,4.24,2.62,0.85,6.77,5.13,5.08,7.36,3.30,0.84,2.33,5.02,6.65,0.84,1.71,0.79,6.51,4.25,2.48,0.83,3.39,2.54
6	158577305	158578449	AAATATATTAATATTTATAT	1.55	HG02512:4.16	1.63,1.66,0.83,0.83,1.67,0.84,4.19,0.83,1.68,2.47,0.82,0.85,0.84,2.45,0.83,2.44,0.79,4.07,1.68,1.71,0.80,0.83,0.78,1.62,0.84,1.68,0.84,0.85,0.82,1.67,1.73,0.87,0.81,4.07,0.83,0.86,0.83,4.16,4.11,0.81,1.70,1.66,1.66,0.83,1.64,2.54,1.55,3.42,1.58,2.44,0.85
13	110908231	110908691	AAGGCAGGAAGGGAGGGGG	1.55	HG02512:3.33	1.66,0.83,0.83,1.60,1.68,0.85,1.65,1.64,2.47,3.40,0.86,0.87,0.86,0.83,0.80,1.65,2.43,0.85,2.51,0.84,0.84,2.53,0.86,0.86,0.82,0.82,0.82,0.83,3.33,0.85,0.83,1.71,0.83,0.86,1.65,0.84,1.66
4	177957118	177958042	AT	1.54	HG02512:5.00	2.50,0.83,2.51,5.63,3.41,0.87,0.82,4.17,2.90,0.84,2.59,3.30,3.26,0.85,0.81,1.72,3.36,4.29,4.14,1.65,1.65,1.69,0.83,2.34,2.43,0.84,0.84,1.89,2.59,0.83,0.84,3.44,0.83,0.84,0.81,3.23,1.63,1.64,0.83,8.54,5.00,3.35,1.70,0.84
19	51210565	51211574	AAAAG	1.54	HG02512:1.67	3.26,0.81,1.68,0.83,1.67,1.69
19	15888175	15890841	ACTCACTCACTCCCCTCCTC	1.52	HG02512:24.98	17.96,13.87,20.35,19.12,10.85,21.63,9.97,14.16,18.37,20.06,12.76,16.70,15.92,16.64,17.87,10.10,16.45,4.11,13.85,7.24,18.06,12.80,9.40,19.90,11.51,16.02,20.03,9.74,16.12,22.71,15.49,9.28,8.51,19.01,11.44,15.93,15.68,22.80,20.51,19.48,6.52,22.32,8.40,12.61,11.77,22.11,11.27,14.57,18.23,6.62,21.70,11.56,10.16,13.22,16.41,12.16,17.08,14.26,11.73,16.48,10.38,15.54,15.13,7.49,15.06,14.26,17.03,11.50,13.40,14.32,12.91,10.81,13.08,12.49,10.35,18.48,18.78,16.01,19.36,15.23,17.38,9.57,18.60,12.08,23.81,19.56,8.96,14.53,24.65,13.29,25.74,19.69,15.37,15.72,24.98,11.24,21.77,14.78,24.32,19.57,14.16,13.71,19.78,9.23,16.56,14.08,13.40,15.34,25.94,18.85,20.06,13.06,15.90,19.21,11.62,12.84,19.03,23.99,14.07,13.15,12.80,20.52,17.63,8.58,17.14,11.69,18.56,16.13,13.09,10.15,18.61,11.12,13.44,16.10,22.08,10.72,11.76,33.38,22.61,17.47,21.91,11.96,18.39,14.98,15.46,25.48,20.68,16.63,18.67,11.85
19	57683529	57684067	AGGGGGCGGGGCGCGCG	1.52	HG02512:5.83	2.50,2.49,0.83,0.83,2.51,0.84,0.85,1.65,2.47,1.63,1.61,0.85,0.85,4.81,3.25,0.81,1.69,1.73,2.45,6.71,4.07,7.89,2.54,3.26,0.84,1.68,4.20,4.25,1.71,2.49,1.65,1.61,5.47,1.71,0.84,0.82,0.84,0.84,3.37,4.31,2.52,0.81,0.90,0.87,0.81,0.82,3.26,0.81,0.83,0.86,0.82,1.71,0.83,5.83,0.86,2.43,0.85,1.71,1.68,3.31,5.02,2.57,0.87,0.87,0.86,0.83,0.86,1.71,1.72,0.86,1.67,0.85,3.42,0.84,1.64,5.06,1.71,2.37,0.85,0.83,0.85
8	75029936	75031001	AAGG	1.51	HG02512:4.16	0.82,0.83,4.16,1.68,0.82,1.63,0.80,2.50,0.84,1.65,5.52,0.84,0.84,1.70,0.87,0.86,1.66,0.83,2.48,5.08,0.82,0.83,0.82,2.51,0.86,2.45,1.73,1.63,0.81,2.61,0.81,3.26,2.44,1.64,0.83,4.16,0.86,2.50,2.47,2.52,0.84,3.43,0.87,1.65,0.86,0.82,1.72,1.67,0.87,0.85,1.70,0.83
11	1842176	1843422	ATCC	1.49	HG02512:5.83	4.08,0.82,0.83,3.34,1.66,1.66,0.83,0.83,5.01,1.60,1.67,0.84,5.11,4.21,0.82,0.80,3.28,2.56,2.56,1.73,0.82,2.40,0.83,1.62,1.61,2.52,0.97,1.69,1.70,3.46,4.90,0.84,2.48,0.79,1.72,4.20,0.84,0.85,1.73,2.57,2.49,0.83,3.21,3.30,5.93,2.48,1.56,0.81,1.71,3.36,1.68,5.77,3.78,3.45,5.02,1.68,1.70,0.82,3.35,3.37,1.66,2.45,1.67,1.73,2.52,0.82,1.69,0.87,1.62,3.22,1.64,0.81,2.56,2.46,2.49,3.43,5.83,1.73,1.64,2.43,1.70,3.33,0.86,0.82,1.68,3.31,3.31,0.84,1.70,1.57,1.71,1.67,0.87,0.84,1.75,1.66,1.71,0.83,1.71,4.11,1.64,1.68,2.53,1.70,0.87,0.85,3.36,0.85,0.82,2.47,3.36,2.33,1.67,0.85,1.67,0.79,1.63,3.40,1.65,1.66,1.70,1.69
8	745278	746420	ACACCTGCTCTCACTGG	1.43	HG02512:3.33	0.82,1.63,0.83,0.83,2.49,0.83,0.84,0.80,0.84,0.80,1.71,0.87,1.64,0.80,1.67,1.61,0.85,0.81,1.63,0.86,1.73,0.85,0.83,0.78,0.81,0.85,0.84,1.68,0.86,0.83,0.84,0.85,0.84,2.50,0.83,1.61,2.43,0.81,0.82,1.63,0.82,1.71,0.83,3.33,3.35,0.82,0.81,0.84,2.48,1.66,0.84,0.85,0.79,0.84,0.87,0.85,1.72,1.67,0.85,2.52,1.64,1.68,0.83,0.85,0.84,0.81,0.85
2	3632525	3633663	ACAGGCATGAGATCCGGAGC	1.39	HG02512:2.50	0.83,0.80,0.86,0.83,0.85,0.81,0.86,0.84,0.84,0.85,0.86,0.83,0.84,1.67,0.86,1.69,3.22,2.44,2.44,1.71,2.50,0.86,0.84,0.81,0.87,0.83,0.82,0.79
11	73827211	73828754	AATATATATATATG	1.37	HG02512:5.83	4.07,1.66,0.84,0.84,1.66,0.82,0.81,1.71,0.85,0.87,0.82,2.43,0.97,2.55,9.50,1.63,6.71,3.15,2.54,0.86,2.52,4.20,2.55,0.83,5.63,0.85,1.65,2.43,4.19,1.65,2.83,4.32,3.36,0.83,1.67,0.84,1.68,1.66,1.73,1.63,0.84,0.87,2.43,1.61,0.81,4.07,3.42,1.64,2.49,0.85,5.83,0.86,2.43,4.25,1.71,4.14,2.51,2.51,0.87,1.67,1.75,0.86,0.85,0.85,7.36,0.84,2.33,1.67,4.99,4.21,2.51,1.58,0.81,3.31,1.66
15	85471252	85472333	AAAG	1.35	HG02512:5.83	0.82,2.45,0.81,2.49,5.82,1.67,0.80,1.68,1.66,5.05,1.65,0.81,0.85,6.06,4.01,0.84,1.94,0.82,0.84,1.65,0.81,0.79,0.85,0.81,0.86,0.84,3.36,0.84,1.70,0.86,1.66,0.83,2.41,3.30,0.78,0.81,1.68,0.86,0.83,0.83,5.00,4.31,0.84,0.82,0.81,4.48,0.87,2.42,1.64,4.07,1.71,1.64,0.83,0.86,2.46,0.85,2.48,5.83,3.46,1.67,2.46,1.62,0.85,6.63,0.83,0.84,0.87,0.83,3.42,0.85,11.49,0.85,1.69,0.84,1.69,2.51,1.63,1.69
17	34422338	34423519	AAAG	1.33	HG02512:5.83	4.90,0.82,1.63,1.66,0.83,0.83,1.67,0.84,2.44,0.82,7.30,2.53,3.40,0.82,3.30,2.44,3.94,1.72,0.84,6.07,2.57,0.83,1.61,2.48,1.89,3.36,0.84,0.84,1.72,1.73,4.03,1.74,0.87,5.13,1.64,4.10,5.83,0.81,3.43,1.68,1.67,6.09,1.67,0.83,7.45,1.71,4.11,3.41,0.86,1.71,0.84,9.34,1.74,1.69,3.36,1.67,3.37,0.85
1	30195493	30197203	ACC	1.27	HG02512:22.48	18.78,14.69,14.66,14.14,5.01,15.81,14.13,15.82,9.18,11.70,20.74,10.02,18.43,10.82,11.91,11.78,15.63,13.97,13.04,8.85,9.85,11.95,11.96,12.98,9.86,14.42,19.20,12.99,16.92,15.98,7.74,11.81,13.61,15.55,15.52,10.90,11.55,9.77,14.20,16.09,14.67,9.44,7.56,14.29,12.61,5.10,8.67,13.72,13.25,9.93,11.25,9.91,16.94,14.88,21.10,10.54,17.94,16.78,9.22,14.01,16.05,7.77,9.25,7.49,17.57,15.10,10.22,7.39,6.70,6.74,12.91,14.14,11.44,14.99,6.90,16.80,13.88,17.69,25.82,9.86,9.56,10.44,16.17,8.86,17.24,25.26,13.84,7.69,20.54,16.61,11.15,12.31,18.79,11.58,22.48,6.05,10.05,11.50,13.78,11.91,14.16,9.43,14.01,19.30,10.77,14.91,6.70,11.08,14.93,12.86,7.52,17.41,11.71,6.11,15.77,12.84,11.58,18.85,11.58,14.80,21.34,18.88,2.52,11.15,7.71,8.35,12.66,10.19,7.85,17.77,7.61,13.69,14.28,12.71,27.80,12.37,16.80,18.63,25.12,5.82,15.17,13.67,14.21,13.40,22.78,16.14,13.24,14.13,10.18,7.62
6	46711380	46712749	AAG	1.26	HG02512:6.66	0.81,4.99,4.17,0.83,2.50,5.84,0.84,0.80,3.34,2.51,4.99,4.21,3.29,1.63,0.80,6.57,0.85,1.73,2.47,0.80,1.67,0.81,1.68,2.53,1.70,0.86,2.45,2.52,2.48,2.54,4.89,0.86,5.04,0.85,3.47,3.43,1.66,4.14,2.41,5.47,2.43,1.71,1.68,5.03,7.55,2.59,0.84,2.50,3.35,0.84,1.70,1.67,6.02,0.83,0.82,3.33,0.86,2.52,1.63,0.84,0.81,1.79,4.35,4.04,1.61,0.82,0.81,2.44,1.71,4.92,3.31,6.66,7.54,1.64,0.85,2.50,0.86,0.84,0.83,0.83,5.02,2.56,3.34,1.74,1.67,1.66,1.71,2.48,0.86,0.83,2.47,5.15,1.71,2.51,0.85,0.87,0.85,1.69,3.42,1.68,1.65,0.84,0.78,3.37,1.71,0.84,1.58,5.69,0.85,3.31,1.66
12	86503618	86504414	ACTATATATATATAG	1.26	HG02512:3.33	3.33,1.70,3.41,4.93,0.81,0.85,2.51,2.50,1.69,4.11,3.33,1.64,1.69,1.55,1.70
11	56869182	56870393	AAG	1.24	HG02512:9.99	2.45,0.83,4.16,4.16,0.83,3.34,3.99,0.84,0.81,0.80,2.46,0.85,0.81,6.45,1.68,1.94,10.12,5.95,8.17,0.84,2.48,6.31,7.33,18.03,0.84,14.29,3.40,0.87,7.72,10.77,1.65,12.86,2.48,1.69,4.96,1.56,2.43,4.27,7.55,0.84,4.93,1.67,8.42,0.86,5.88,3.27,2.42,0.90,1.74,1.62,3.28,4.89,1.63,3.32,8.58,5.12,9.99,5.68,1.65,0.84,2.48,0.79,2.57,2.51,0.87,0.83,1.64,3.41,0.82,0.84,3.43,0.84,0.87,2.54,0.85,1.71,1.68,0.82,0.84,1.55,5.02,2.50,5.06,2.51,0.81,0.83,1.70
6	40177329	40177551	ACACATATACATATATGT	1.23	HG02512:1.67	0.81,0.84,0.84,2.43,0.82,0.83,1.67,0.86
2	169936000	169936663	AAAG	1.22	HG02512:1.67	0.87,0.81,0.81,0.81,1.67,0.86,0.85,0.84
11	128799778	128801348	AACCCCGGCCTCCCT	1.20	HG02512:4.16	1.63,1.63,1.67,0.83,0.83,3.33,3.40,3.29,0.81,0.85,0.85,2.40,1.69,1.73,1.65,0.85,0.86,0.84,6.73,0.84,2.55,0.83,4.95,0.85,1.56,0.81,1.68,0.82,1.68,3.33,0.82,0.86,1.63,2.53,0.87,0.81,2.42,0.81,2.44,0.85,1.64,3.28,4.16,0.81,0.84,0.85,1.57,1.67,0.84,0.87,0.83,3.43,0.83,1.72,1.65,2.52,0.84,1.63,0.85,0.83,2.55
13	113686781	113688108	ACGGGGGCCACTCACGTC	1.19	HG02512:6.66	0.82,1.63,4.07,0.83,0.83,4.16,4.18,5.01,2.51,2.55,5.05,3.29,1.63,2.41,1.64,1.71,1.71,1.73,1.64,5.61,3.34,3.25,2.42,4.21,0.85,1.73,0.82,0.84,4.13,4.89,7.10,4.23,2.44,1.72,2.52,1.68,5.04,5.95,2.60,1.71,0.83,2.48,4.82,0.83,4.23,1.65,3.13,1.62,5.13,2.52,0.84,0.82,3.78,2.59,0.84,0.84,0.85,4.19,1.68,4.99,2.50,3.45,2.52,0.82,4.21,4.84,2.69,0.87,0.87,0.81,0.81,1.64,3.26,1.63,1.71,3.29,1.66,5.74,5.12,2.48,6.66,2.59,0.84,4.11,1.62,0.85,1.71,0.82,1.68,2.48,0.84,3.41,7.86,0.86,3.34,0.87,0.87,0.83,0.86,5.79,3.43,2.48,3.29,4.27,2.46,0.84,3.43,0.84,0.84,3.40,3.49,2.54,0.85,2.52,3.39,4.09,2.47,0.84,3.88,2.51,3.33,1.69,0.85,3.34,2.37,6.51,1.70,1.66,2.55,0.85
14	39532441	39533175	ACGGGAGAGGGAGAGGGAG	1.18	HG02512:5.83	1.63,3.34,1.66,1.67,5.01,3.35,1.70,1.68,4.11,4.89,1.61,5.75,3.41,2.56,2.60,4.93,4.01,2.43,2.52,2.55,4.32,0.82,2.52,4.73,4.07,2.52,1.65,4.95,4.69,4.05,0.85,2.52,1.68,4.12,0.94,0.84,1.70,1.68,2.50,5.18,1.68,0.90,2.61,3.28,2.46,2.49,5.83,1.73,7.07,0.86,2.57,1.64,2.52
X	32572318	32573539	AAAG	1.16	HG02512:22.48	13.06,10.02,14.52,12.96,22.06,15.77,7.62,5.15,8.50,14.06,12.86,3.30,11.86,11.96,0.84,12.95,14.14,14.48,14.63,18.30,31.93,15.17,8.07,20.85,22.64,18.06,21.17,22.22,19.72,10.30,10.25,14.89,22.48,31.98,12.56,18.07,19.57,11.51
2	217092439	217092763	ACGGGAGAGGGAGAGGGAG	1.15	HG02512:4.16	0.81,0.83,2.50,0.84,1.64,2.53,1.70,0.86,0.82,0.83,2.44,1.58,1.63,0.84,0.84,1.68,2.57,3.31,4.14,4.82,1.65,0.83,0.78,0.84,2.50,1.63,0.84,1.61,0.90,2.61,0.81,5.70,3.26,1.71,1.64,0.83,2.46,4.27,0.83,4.16,2.46,1.70,1.70,0.87,1.71,1.64,0.84,1.67,0.85,5.04,2.51,0.85
7	155125613	155128644	AATGAGGACTGAGGGC	1.13	HG02512:31.64	21.23,21.22,22.80,23.28,10.85,20.80,17.45,14.99,21.71,20.06,19.14,20.05,22.62,17.47,14.46,26.93,27.14,13.15,15.48,32.20,26.26,13.65,12.82,17.30,12.33,20.03,23.37,25.97,21.76,21.87,11.62,17.71,18.71,31.10,22.88,19.29,23.10,21.98,29.18,18.63,14.67,13.74,20.16,16.81,21.02,12.76,21.68,22.29,18.23,16.54,12.86,7.43,22.86,19.83,23.44,24.32,31.60,24.33,12.57,22.25,16.05,16.41,31.95,20.79,24.27,12.58,16.18,32.85,23.45,16.00,9.47,27.45,18.80,14.16,19.84,16.80,21.23,21.06,28.24,26.88,15.64,18.27,21.02,20.14,24.63,24.45,25.24,15.38,16.43,15.78,19.73,28.72,19.64,27.30,31.64,17.29,20.10,21.35,31.62,24.68,14.99,21.42,19.78,29.37,15.74,28.99,17.58,15.34,22.01,10.28,19.23,17.41,13.39,9.60,24.90,16.26,19.03,18.85,18.20,23.84,12.80,22.98,14.27,15.44,12.85,27.56,14.35,20.37,15.70,16.07,18.61,21.39,14.28,16.10,28.62,28.86,23.52,25.62,25.96,21.63,10.11,15.38,25.91,33.11,29.29,25.48,14.06,29.93,16.13,16.93
9	14990821	14992140	AAGATGGTGGGGCAAGGTGT	1.13	HG02512:13.32	11.42,4.07,4.99,7.49,1.66,2.51,2.51,10.82,3.40,0.84,1.65,8.22,9.78,7.24,9.85,6.83,9.40,6.06,5.61,4.17,5.68,4.03,4.21,4.84,10.96,6.80,11.23,2.45,1.68,4.95,7.33,8.68,13.55,4.89,8.59,3.36,2.52,9.25,9.35,14.74,4.29,5.80,0.83,5.63,1.65,8.26,4.86,3.36,4.19,6.91,9.25,0.84,7.66,4.93,6.88,4.99,4.09,3.33,8.63,5.88,2.45,1.79,0.87,7.83,2.43,2.42,4.89,2.44,6.84,3.29,15.78,4.29,5.12,8.27,13.32,6.05,4.19,7.39,14.59,13.61,2.50,1.71,2.47,5.03,2.48,4.14,1.70,5.50,0.86,2.51,13.93,4.15,3.42,3.31,12.85,9.10,6.58,5.97,6.00,3.34,7.59,0.85,0.85,5.92,5.99,10.08,7.63,5.72,4.20,5.86,4.99,3.37,0.85,0.84,5.69,1.70,0.83,6.65,2.55,3.39
1	214852184	214853924	AAG	1.13	HG02512:9.16	0.82,4.08,6.51,4.99,3.34,4.16,7.49,9.19,0.80,1.67,7.54,4.16,5.96,0.82,0.82,0.81,12.88,6.57,5.97,5.13,1.73,7.40,6.41,6.68,5.68,8.06,4.21,2.90,0.84,0.85,0.86,1.63,7.55,0.79,0.84,0.84,2.52,1.70,0.83,5.79,4.13,2.54,7.44,3.91,7.69,2.52,2.51,3.30,3.78,10.36,6.73,2.50,4.18,4.19,0.85,2.46,5.86,5.05,1.72,1.66,2.45,0.86,5.72,0.84,0.81,3.58,0.87,1.74,7.28,0.81,8.96,5.70,0.85,4.11,2.49,6.01,2.46,0.85,1.65,9.16,1.67,1.64,0.81,1.70,1.65,1.66,1.67,3.14,1.71,2.61,0.84,0.87,4.15,6.62,0.82,8.53,1.64,1.72,2.57,1.67,10.97,0.85,2.57,1.69,2.47,1.55,0.83,1.67,0.85,1.70
21	36435148	36435738	AC	1.05	HG02512:3.33	0.81,1.67,2.50,0.84,3.35,1.68,1.65,0.81,2.41,0.82,0.85,0.82,0.80,2.43,0.81,1.94,0.82,0.81,0.81,0.84,2.57,0.83,0.83,0.78,0.81,2.52,0.85,0.82,0.83,0.82,0.86,0.81,4.48,1.74,0.87,1.64,0.81,0.85,0.82,0.85,0.83,3.33,0.82,0.81,0.85,1.71,1.68,0.83,2.51,2.61,0.84,0.87,0.83,0.86,0.83,1.71,0.84,1.71,0.84,0.85,0.85,1.71,1.68
14	104766564	104768090	CCG	1.04	HG02512:7.49	1.63,2.45,4.99,0.83,7.48,0.83,4.17,3.34,0.80,0.84,0.84,0.83,4.25,4.21,5.76,0.82,0.81,3.28,1.71,0.87,0.80,1.67,5.64,5.05,9.68,1.73,5.03,4.89,0.79,3.39,5.15,7.56,3.36,2.55,2.49,2.41,0.78,0.81,3.42,4.19,0.94,6.91,4.99,0.84,1.68,0.85,0.82,3.44,1.66,4.09,1.67,4.31,7.26,1.79,3.48,2.42,0.81,1.63,2.49,0.86,0.82,1.71,7.49,1.73,1.67,0.86,1.65,1.66,9.11,0.84,2.56,1.57,0.86,2.51,0.87,6.11,4.15,2.48,2.57,0.83,4.11,2.56,3.28,0.84,6.00,1.71,4.22,1.69,1.69,2.57,5.08,0.82,1.65,1.68,0.78,4.19,2.53,6.84,1.67,3.25,3.40,0.83
18	10462044	10463032	AAGG	1.04	HG02512:5.00	1.66,2.50,2.50,1.67,3.19,4.16,5.11,1.68,3.29,2.47,3.22,4.10,2.56,3.46,1.64,0.83,2.43,3.22,1.68,1.73,1.63,5.03,1.65,0.81,2.37,3.39,1.63,3.43,1.68,0.84,0.87,3.31,1.61,1.65,4.69,3.24,0.85,1.68,1.68,0.82,0.94,1.73,0.84,1.66,3.35,1.68,0.85,1.64,2.51,2.58,3.33,2.45,1.73,2.52,2.45,0.84,1.74,0.87,0.82,3.26,3.26,5.13,3.29,0.83,5.15,3.28,1.71,0.83,5.00,2.59,1.67,0.82,0.81,2.55,0.83,2.51,0.85,0.86,2.51,1.67,0.86,1.64,0.82,2.51,0.85,1.69,0.82,1.65,3.88,0.84,0.83,1.69,0.81,1.70,1.65
5	61893537	61894891	AAAG	1.03	HG02512:14.99	10.82,14.71,8.86,17.66,16.16,0.87,1.56,16.23,13.44,4.04,14.99,8.37,14.07,11.72,12.64
15	91197225	91198374	AGATGGGAGGCCAGGAGCCC	1.03	HG02512:3.33	4.90,0.83,1.66,0.83,0.80,1.67,0.84,0.84,0.82,2.41,1.73,0.82,0.80,1.67,0.81,0.81,0.97,0.84,0.85,2.59,0.82,1.63,0.81,0.86,0.84,0.84,0.87,1.71,1.65,0.80,1.65,0.85,0.83,0.78,0.81,0.85,0.84,0.82,0.94,0.86,0.84,1.67,0.84,0.85,1.67,1.68,0.86,0.82,0.83,1.73,1.69,1.79,2.61,0.81,1.71,0.83,0.86,0.85,0.83,3.33,0.86,1.67,1.70,1.67,0.86,0.82,2.51,1.67,1.66,0.86,2.48,1.64,1.71,0.82,2.57,1.71,1.67,0.84,1.74,0.86,0.85,0.83,0.84,0.85,2.48,2.49
10	134613068	134613501	ACACCTCGCCTGAGCCCGGG	1.03	HG02512:1.67	0.84,0.82,0.84,0.81,0.81,0.85,0.83,1.67,0.85,0.85,0.84
11	74837818	74839064	AAAG	1.01	HG02512:21.65	0.82,4.89,16.63,7.51,11.64,4.18,18.43,0.85,7.57,9.04,16.10,9.03,14.52,8.35,7.30,12.89,9.68,15.52,22.80,0.81,22.70,27.21,10.41,26.51,0.80,12.38,9.32,5.79,17.84,2.56,12.58,11.54,5.66,23.32,12.61,7.66,26.28,15.91,17.68,18.93,0.84,8.07,3.48,6.52,0.85,2.49,6.56,21.65,6.92,12.86,8.36,0.86
3	102856097	102857622	AAAAT	1.01	HG02512:16.65	0.82,3.26,6.51,17.53,11.17,13.40,18.30,6.81,19.36,4.11,14.80,7.39,14.51,9.40,8.93,4.03,11.77,9.68,1.69,5.10,3.46,2.45,4.13,21.17,13.41,11.01,13.85,2.52,2.55,4.34,0.86,9.91,4.69,9.73,5.98,6.71,2.51,4.94,5.18,1.66,4.18,5.75,16.75,5.89,11.19,0.83,7.76,1.68,10.49,8.07,3.22,4.93,9.40,11.10,2.48,16.65,3.35,7.71,9.07,4.15,3.31,11.14,13.71,6.68,16.58,4.14
