#contig	start	end	unit	top_case_zscore	high_case_counts	all_counts
4	39349517	39350437	AAAAGGAAAGG	8.91	HG02017:8.99	8.40,8.99
2	119329540	119330917	AAG	8.62	HG02017:22.88	1.63,4.16,9.15,9.14,0.83,15.86,6.69,0.80,5.85,2.51,1.66,12.76,0.84,0.82,1.64,0.81,1.61,1.64,0.85,2.60,0.82,0.80,6.68,5.68,7.25,2.52,9.68,1.69,3.40,3.46,4.09,3.35,14.03,0.81,7.10,8.47,10.30,4.20,5.04,7.57,11.05,1.73,3.43,14.91,2.48,14.46,11.56,2.54,4.13,2.34,1.62,11.10,1.68,0.84,0.82,2.59,6.73,12.48,2.51,4.19,5.96,2.46,4.19,0.84,1.72,1.66,22.88,4.16,9.49,0.82,1.69,4.84,17.03,6.95,13.92,4.04,12.08,0.82,4.89,2.56,13.14,3.32,9.44,0.82,15.37,2.48,1.67,0.86,1.67,3.29,0.81,2.55,5.83,1.71,2.47,5.03,1.66,3.31,2.51,5.97,3.93,0.86,2.51,2.62,2.49,5.99,3.31,2.57,1.65,2.47,5.12,1.64,8.39,6.85,1.67,1.69,1.70,1.74,5.08,4.23,2.57,2.52,0.85,2.45,5.77,6.21,3.33,0.84,4.18,3.15,4.88,0.83,3.33,1.70,0.85
1	199819413	199820739	AAAG	7.48	HG02017:12.26	0.81,1.67,0.83,5.01,5.01,3.34,2.51,3.37,2.47,1.64,4.83,1.64,0.87,1.64,3.34,1.61,0.84,1.94,1.73,0.82,2.48,1.58,4.34,1.71,4.14,4.95,0.85,1.65,0.78,6.49,1.71,1.68,10.89,1.65,2.52,1.66,1.68,4.16,12.26,1.74,2.44,3.42,3.29,0.82,5.98,1.67,1.64,3.24,5.11,2.52,1.66,0.83,3.35,4.29,0.87,2.51,0.83,1.65,0.86,3.41,0.84,4.23,1.69,0.84,0.82,0.84,0.85,4.18,0.85
2	11219806	11220747	AAAG	7.18	HG02017:7.36	0.85,1.65,7.36,1.61,5.83,0.84
11	125934224	125935503	AAGAGGTGGTAGTATT	6.45	HG02017:30.24	16.33,9.79,4.07,3.33,36.72,3.33,19.20,10.03,25.53,5.05,7.24,8.21,12.80,5.13,18.17,6.58,10.42,12.09,12.76,9.50,20.43,1.63,7.10,7.62,14.67,20.61,14.28,13.45,4.20,9.35,1.73,10.29,14.91,6.62,14.46,11.56,1.69,7.03,5.67,6.83,12.57,3.30,1.89,7.77,7.49,1.67,7.39,8.37,17.68,4.30,38.27,30.24,7.49,12.08,17.64,10.62,21.06,4.03,2.69,2.61,9.70,16.11,11.50,16.30,21.17,5.13,16.43,8.30,9.03,4.27,14.06,21.65,21.61,5.86,18.89,16.22,4.25,7.45,1.75,8.49,14.41,3.30,0.85
4	38881310	38882115	AATAG	6.30	HG02017:6.54	6.54,2.46,4.14,3.34,3.43
12	75108241	75109164	AAAG	6.25	HG02017:8.99	1.63,0.82,1.66,0.83,1.66,0.82,0.81,0.87,1.61,3.27,4.19,0.85,0.81,0.86,1.68,1.68,0.85,0.86,5.80,5.08,0.78,1.65,0.86,3.33,8.99,0.86,0.84,0.84,6.08,0.81,0.82,1.65,0.84,0.82,1.62,0.83,0.82,0.85,2.44,0.83,1.66
11	64004149	64004947	AG	5.96	HG02017:8.17	3.40,2.52,2.37,1.70,0.84,8.17,2.61,0.82,0.85,2.51,2.54,4.95,1.68,2.33,3.15
10	2125632	2127262	AAG	5.24	HG02017:17.16	4.08,10.61,8.14,8.31,7.51,6.66,5.82,9.16,8.35,5.01,5.58,1.67,2.51,10.82,14.46,7.57,13.16,9.04,2.44,4.83,2.46,5.12,8.54,0.87,8.22,4.01,3.34,3.25,2.42,5.05,10.65,5.90,7.66,11.23,5.72,9.22,4.95,9.77,9.46,8.47,2.44,9.44,4.20,7.57,15.97,10.20,14.74,13.72,8.28,5.79,4.02,0.83,3.39,5.79,4.69,6.49,5.13,12.58,10.05,10.71,3.78,0.84,7.49,8.37,6.71,7.66,9.03,5.89,1.72,8.32,17.16,9.16,3.45,10.92,4.08,5.06,9.68,2.69,11.30,6.09,10.51,8.86,12.32,8.96,5.70,5.13,0.82,10.80,6.86,9.03,11.96,8.27,6.66,1.73,3.35,0.82,8.92,5.96,4.17,2.48,6.29,6.69,6.69,5.24,7.71,4.14,5.97,4.93,4.18,3.38,8.49,1.69,2.57,5.88,0.85,2.45,1.65,2.33,0.84,4.16,3.37,2.51,3.25,5.10,4.14
9	71198250	71199104	AAAG	5.17	HG02017:5.72	0.84,0.84,5.72,0.86,6.66,0.83,1.71,0.85,1.65
11	11948508	11948941	ACGGGAGAGGGAGAGGGAG	4.73	HG02017:7.36	0.82,3.33,0.84,2.50,1.68,1.67,4.84,0.97,1.68,5.70,0.81,1.65,1.61,3.13,3.30,2.55,0.86,7.36,2.59,1.74,0.87,0.81,1.72,1.67,6.05,1.66
13	28564477	28566064	ACCTAT	4.52	HG02017:13.08	4.90,7.33,4.99,0.83,3.32,6.66,2.50,0.84,2.39,1.67,2.50,6.81,5.89,1.65,6.58,5.70,0.82,0.85,0.85,1.60,0.83,4.87,5.64,5.05,5.81,3.37,9.36,12.09,8.17,5.03,4.13,4.07,5.52,1.63,0.86,5.88,3.36,10.09,8.50,6.94,0.86,2.49,1.65,11.25,4.13,1.69,1.65,6.25,4.86,4.27,1.68,0.82,0.86,0.84,9.98,4.18,4.19,2.55,1.64,1.67,6.74,1.72,2.50,13.08,4.31,2.52,8.17,5.90,0.81,8.07,1.74,8.90,7.25,0.82,0.81,4.07,0.85,2.46,5.81,0.86,5.74,5.12,0.83,9.16,4.32,5.86,6.49,3.40,2.50,3.43,0.82,2.48,0.83,2.36,0.86,1.67,0.87,2.57,0.86,1.71,0.82,1.68,1.72,6.68,1.69,1.70,0.87,0.85,0.86,0.84,2.54,0.82,1.68,0.78,0.84,2.50,2.56,5.85,0.85,1.65,0.83,1.70,1.69
11	69686205	69687703	ACCCATCACGCCCACCTGG	4.35	HG02017:9.81	3.27,3.26,3.26,1.66,2.50,3.33,3.32,1.67,3.34,2.51,2.39,3.34,3.35,3.33,3.40,2.52,2.47,1.64,3.26,6.44,4.92,1.71,0.85,2.47,1.60,3.34,1.62,3.22,0.84,0.97,3.37,3.40,1.73,4.90,4.19,5.78,1.63,0.79,5.08,1.72,5.04,2.52,4.20,4.25,3.47,0.86,4.97,2.41,2.48,0.85,2.48,2.34,5.67,5.13,3.36,2.51,2.47,3.78,1.68,3.33,1.67,1.68,2.55,2.46,3.35,2.53,0.86,4.16,9.81,0.83,2.59,4.20,3.27,5.06,1.61,4.48,0.87,2.61,4.85,4.03,2.46,4.07,1.63,2.56,2.46,3.32,3.43,4.10,2.56,3.31,2.50,3.46,2.51,3.29,1.62,2.55,0.83,3.43,4.12,2.52,1.66,4.14,1.67,2.56,5.50,3.43,2.51,1.74,4.18,1.75,0.83,3.42,1.65,4.28,3.31,4.11,1.71,8.21,5.04,1.72,3.34,2.53,0.85,3.49,5.08,6.77,5.13,2.52,2.54,2.45,3.30,1.68,6.21,4.19,4.16,4.21,4.27,4.18,2.37,3.25,4.25,3.31,2.49,2.55,2.54
11	129545082	129546385	AAAG	4.06	HG02017:13.89	1.63,2.50,0.83,1.67,5.01,2.51,5.85,1.63,7.68,5.75,5.84,2.90,6.75,4.09,5.03,4.89,5.08,6.52,0.86,6.72,7.65,1.71,1.66,9.10,10.45,7.62,9.92,7.30,5.13,5.03,7.54,3.30,4.32,3.33,5.86,2.52,5.11,4.93,5.86,4.30,10.81,13.89,0.86,5.04,3.27,0.81,0.90,6.95,8.70,11.28,9.03,7.33,2.44,9.14,7.72,6.56,3.31,5.83,5.19,4.25,5.00,3.30,8.28,0.83,10.88,4.26,3.14,5.14,3.34,2.51,2.57,9.10,9.42,9.10,4.93,18.78,2.46,0.84,0.86,14.56,5.01,9.34,4.23,1.64,2.47,6.72,3.11,4.18,8.95,4.25,4.96,0.83,3.39
16	8611814	8614146	AATGAGTGAGTGAGTG	3.97	HG02017:8.99	2.44,1.66,0.83,1.66,4.16,2.50,5.01,2.51,5.03,3.33,3.37,0.82,4.93,0.81,0.80,3.41,4.27,0.87,0.82,0.80,2.50,0.81,3.87,4.22,1.70,2.59,4.19,1.65,2.44,1.69,5.70,4.29,1.68,3.36,4.20,1.73,6.00,2.49,7.23,2.54,2.48,0.81,0.85,2.52,2.51,3.30,0.94,2.59,1.66,2.52,1.70,0.82,0.84,2.53,1.72,1.66,8.99,1.73,4.20,5.72,1.61,0.90,4.34,0.87,2.43,1.64,1.63,4.07,4.27,3.29,1.66,0.86,1.64,0.85,1.65,2.50,2.59,0.84,2.46,2.43,2.57,1.68,4.14,0.83,0.84,1.70,0.79,1.71,0.84,6.09,1.67,0.83,1.71,3.28,0.84,0.86,2.57,0.84,4.22,4.24,0.87,1.69,4.28,1.68,0.82,0.82,3.36,3.11,0.84,1.66,0.85,1.58,3.25,0.85,5.79,2.49,2.54
14	86822426	86822973	AAAG	3.97	HG02017:4.90	2.50,0.83,1.60,0.80,0.85,0.86,0.81,0.85,0.87,0.86,0.83,1.65,1.56,0.84,0.82,4.90,0.87,0.82,0.83,0.86,0.82
2	167019338	167019640	AAAG	3.90	HG02017:4.09	0.83,0.85,4.09,0.81,1.64,0.85
4	63553367	63553660	ATATATATATATCC	3.88	HG02017:4.90	1.66,0.82,4.29,1.65,1.66,4.90,0.82,0.81,2.44,2.57,0.84,0.82
19	6775561	6777151	ATCC	3.79	HG02017:15.53	5.71,7.34,3.26,2.49,5.84,5.82,2.49,9.16,4.17,5.85,3.19,1.67,10.05,6.66,2.55,5.05,2.47,4.93,7.33,8.05,5.75,8.53,4.27,7.79,7.40,7.21,10.85,5.68,10.48,8.41,3.87,7.59,6.80,4.32,7.35,11.74,9.08,5.70,4.73,9.32,9.78,6.87,5.88,4.20,14.29,3.40,6.07,6.00,6.63,5.79,3.21,6.60,1.69,10.74,2.34,5.67,4.27,10.91,7.54,4.94,0.94,5.18,7.57,5.82,9.20,3.35,5.11,4.93,2.51,5.89,6.02,8.32,15.53,9.16,8.63,3.36,7.35,2.53,5.65,13.44,6.08,7.83,6.47,7.25,5.75,4.89,4.89,3.42,7.39,3.32,13.73,4.92,4.27,5.79,3.33,4.32,6.70,9.03,5.68,5.96,0.83,11.14,4.12,3.36,5.80,3.31,12.56,6.82,4.72,9.43,8.36,2.61,7.53,7.86,13.28,0.86,3.31,9.42,2.48,6.58,9.39,2.46,4.20,6.86,2.57,5.85,4.22,6.79,10.47,3.38,4.23,7.70,4.20,5.93,5.72,9.90,8.40,4.66,4.19,3.33,5.06,5.13,3.34,7.32,3.40,7.45,16.63,8.49,8.47
20	11109637	11110855	AAG	3.73	HG02017:8.99	0.80,3.29,5.90,1.70,0.84,2.37,0.86,2.52,1.70,4.29,5.80,0.83,2.41,0.83,8.99,6.90,5.06,2.42,1.74,9.57,6.57,3.26,1.63,4.11,5.81,1.65,1.67,2.46,8.51,0.85,1.71,0.87,0.87,5.15,0.86,0.85,0.85,0.82,2.37,0.81,1.65,0.85,1.69
15	78068103	78069390	AAGGCAGG	3.65	HG02017:32.69	21.22,3.26,1.67,28.29,2.50,0.80,5.85,0.84,10.82,0.85,5.76,2.47,17.11,26.26,25.63,8.01,3.34,2.43,8.86,5.05,24.20,6.75,10.21,9.50,22.88,6.71,23.10,14.66,12.70,3.26,15.96,33.63,16.16,5.20,4.29,23.20,3.31,5.47,12.16,21.43,12.27,3.36,12.32,1.72,9.98,32.69,13.32,11.21,13.44,12.25,17.69,28.24,19.12,26.98,27.39,24.45,24.43,9.40,49.29,24.91,21.45,4.10,21.35,4.14,14.16,28.53,5.86,29.57,1.62,5.11,2.47,12.59,0.83,3.35,6.86,7.83,17.46,0.86,14.07,3.43,0.82,12.80,20.15,1.72,24.22,27.92,6.77,5.13,5.04,8.47,1.65,10.08,7.76,1.66,4.27,0.84,1.58,4.07,5.10,2.49,7.62
7	71579239	71579739	AAGGG	3.48	HG02017:13.08	6.65,6.69,4.11,5.75,5.70,4.33,4.84,10.96,4.32,5.03,1.65,3.26,2.54,3.26,10.30,7.56,3.36,5.04,6.80,2.49,4.96,4.82,1.65,0.85,0.84,2.46,4.21,13.08,1.67,5.18,8.98,0.84,5.65,1.79,3.48,8.09,1.61,3.28,18.74,11.40,13.67,2.46,1.66,5.74,0.85,6.62,5.83,6.05,4.86,2.55,1.68,4.97,5.02,2.47,4.29,6.68,3.40,5.13,5.88,3.39,5.06,3.39,2.54
3	28838446	28839574	AAAG	3.27	HG02017:6.54	0.81,9.19,0.84,0.82,0.81,4.17,4.84,2.55,0.86,0.82,0.85,0.81,1.72,0.85,0.87,5.14,3.31,2.34,0.81,1.71,0.82,1.89,0.84,6.54,1.73,1.63,1.61,0.87,1.63,3.42,0.83,1.72,3.28,0.83,1.73,1.62,0.82,6.98,0.83,0.84,3.38,1.69,0.82
4	187065634	187066431	CCCGCG	3.27	HG02017:3.27	3.27,7.44
3	45149642	45150485	ACATATATATGCATGTAT	3.22	HG02017:4.09	0.83,2.56,1.94,0.85,0.82,0.84,0.79,0.83,0.83,1.68,4.09,0.90,0.81,0.83,0.82,0.84,0.85,0.82
12	108245408	108246796	AAAG	3.11	HG02017:5.72	3.26,0.83,0.83,0.83,1.67,5.85,0.81,0.84,0.82,0.83,1.69,1.72,0.84,1.73,1.66,0.83,0.80,0.84,0.84,0.82,0.83,0.84,0.85,0.83,5.72,1.67,0.86,1.68,1.63,3.37,2.69,5.66,1.61,2.56,1.66,0.82,0.83,6.92,0.85,0.79,1.74,0.87,1.65,3.43,0.85,1.65,0.78,0.84,0.84,0.85
6	34666881	34667389	ACGGGAGAGGGAGAGGGAG	2.98	HG02017:4.90	0.84,0.85,2.44,0.83,0.85,0.84,1.65,2.52,0.84,4.90,3.48,0.81,0.82,0.82,0.82,1.67,1.70,0.83,0.86,1.65,0.84,0.79,0.86,1.71,3.31,0.86,2.47,0.84,0.85,1.69,1.71,0.78,0.84,0.79,2.49
17	80369514	80370800	AACCATGCCCCTGCCCCGAT	2.90	HG02017:4.90	0.82,0.81,2.49,0.83,0.83,0.83,1.67,0.83,1.67,0.80,0.84,3.40,0.84,1.64,1.63,2.56,0.85,0.87,3.29,0.80,1.62,0.97,0.86,0.81,1.58,0.86,1.68,1.70,0.83,0.83,0.80,0.83,0.83,0.81,0.84,1.65,1.89,0.83,0.85,0.82,0.84,0.86,4.90,1.73,1.79,0.87,1.61,1.63,0.82,0.86,0.85,0.83,0.86,0.82,0.81,0.85,0.83,0.86,1.65,1.66,2.51,1.57,1.67,0.83,0.83,1.71,1.71,0.82,0.84,1.72,0.86,0.84,1.69,0.85,1.74,0.85,0.84,0.85,7.36,0.82,0.84,0.85,0.79,1.63,0.85,0.85
15	73668537	73670094	ACAGCCTCTATC	2.88	HG02017:9.81	7.35,1.63,5.70,4.16,5.84,2.50,1.66,2.50,1.67,3.34,2.39,4.18,1.68,1.70,3.37,2.47,2.47,4.07,6.44,2.46,0.85,3.42,2.60,1.60,5.84,3.25,4.03,3.36,3.87,4.22,1.70,1.73,4.09,5.03,3.30,1.63,1.58,3.39,2.44,3.43,4.20,3.36,5.88,2.55,6.94,3.43,3.31,4.14,4.82,1.65,5.08,3.31,2.43,0.85,0.84,6.70,5.77,7.55,2.59,5.04,5.86,5.03,4.26,4.93,2.51,5.89,1.72,2.50,9.81,3.33,3.45,2.52,3.27,2.53,0.81,5.38,3.48,3.48,4.85,4.03,1.64,2.44,4.07,1.71,0.82,3.32,1.72,4.10,0.85,3.31,0.83,0.86,1.67,3.29,4.05,5.11,7.50,6.00,4.12,5.03,3.31,3.31,4.19,2.56,3.14,4.29,4.18,2.61,2.51,6.11,2.49,4.28,0.83,6.85,8.27,4.11,6.83,3.28,4.20,2.57,1.71,3.34,3.38,4.24,2.62,3.38,5.13,5.04,2.54,4.91,1.65,5.04,1.55,4.19,1.66,4.21,5.13,0.84,8.67,6.51,5.94,8.27,3.33,1.70,2.54
4	140492746	140493754	AAG	2.60	HG02017:7.36	1.63,0.80,1.71,5.84,8.47,3.36,2.48,1.65,3.30,1.70,2.53,7.36,2.53,2.44,3.42,6.86,7.54,0.85,1.74,0.82,0.85,0.82,4.18,0.86,6.54,1.67,0.83
9	28188783	28190199	AAGGAAGGAAGGAAGGGAGG	2.60	HG02017:7.36	0.82,3.26,3.26,4.99,0.83,0.83,2.50,0.84,0.80,1.67,0.84,2.50,1.70,0.84,2.47,0.82,0.81,1.61,1.64,5.12,2.56,3.46,1.64,2.43,1.61,1.68,1.94,1.69,0.85,2.59,1.63,2.52,0.83,1.63,3.15,0.85,0.81,0.84,3.36,2.52,1.70,1.73,1.71,5.80,0.83,2.41,1.65,0.85,1.65,0.78,1.62,1.71,1.68,3.35,1.65,0.94,0.86,2.52,1.66,2.51,2.52,2.55,0.82,1.67,0.84,1.72,4.16,7.36,0.83,2.59,3.36,1.63,5.06,4.03,2.69,1.74,1.74,1.62,4.83,0.82,2.44,3.26,3.42,2.46,1.72,2.46,0.85,0.83,2.59,1.67,0.82,4.05,3.40,1.67,0.86,0.82,0.84,2.48,0.83,2.51,7.86,1.71,3.48,0.84,0.83,0.86,1.65,2.57,0.83,1.64,2.56,1.64,2.57,0.86,0.87,5.08,0.85,2.52,0.85,4.91,2.52,6.21,0.84,0.83,1.69,3.42,3.34,3.15,1.63,1.70,0.83,0.83,0.85,0.85
8	744837	746655	ACGCCTGCTCTCACTGG	2.59	HG02017:34.33	16.33,17.14,21.98,21.62,18.36,18.30,19.95,25.82,22.54,20.89,19.14,18.37,29.32,20.80,23.82,18.51,18.92,20.55,22.00,20.12,27.08,13.65,19.65,19.90,17.26,24.04,22.54,17.86,18.53,22.71,19.36,18.55,27.22,20.73,18.79,27.67,19.80,33.38,29.97,33.87,26.08,27.47,28.56,25.22,31.10,28.91,26.02,24.00,27.34,33.91,20.89,17.34,23.71,14.88,24.22,21.89,22.21,31.04,24.30,24.72,19.82,17.27,21.86,21.63,24.27,18.45,23.85,21.35,25.12,12.63,14.63,25.79,34.33,23.31,16.39,23.53,18.78,20.22,27.43,31.36,24.33,27.85,35.58,21.75,27.10,22.82,30.94,26.49,25.47,19.10,19.73,27.90,19.64,19.03,18.32,26.80,31.82,19.71,22.70,29.78,18.33,21.42,23.90,17.62,26.50,28.16,21.77,20.46,22.79,19.71,13.38,13.06,20.91,21.82,19.92,20.54,12.41,23.13,14.07,23.84,17.07,19.70,13.43,19.72,20.56,20.04,20.25,19.52,19.19,14.38,17.76,12.84,17.65,14.41,23.71,26.39,16.80,24.84,19.26,14.97,24.44,10.25,24.24,27.59,19.52,12.74,24.82,24.94,19.52,26.25
3	180577128	180578624	AAGGAAGGAAGGAGAGGAGG	2.55	HG02017:21.25	17.14,0.81,8.31,0.83,6.66,0.83,17.53,0.84,3.99,8.38,11.06,12.62,13.16,13.15,11.27,1.64,11.09,1.71,6.58,0.80,6.68,3.36,11.62,5.06,10.21,0.86,10.90,2.48,1.63,15.77,0.85,1.63,13.74,0.84,0.84,10.20,1.73,8.57,21.54,0.83,17.68,6.60,6.77,21.49,13.28,13.78,7.69,12.57,12.27,13.82,8.41,10.81,0.84,10.22,6.70,12.05,4.99,21.25,3.33,12.94,27.73,0.84,0.81,10.75,14.77,1.74,5.66,15.30,12.32,0.81,15.47,4.27,15.61,4.15,9.44,25.44,2.56,5.79,7.49,16.42,8.37,8.21,13.78,6.81,5.83,4.28,2.47,0.84,2.48,1.66,0.84,5.97,2.36,3.43,3.35,2.49,0.86,3.43,3.29,1.71,2.46,0.84,0.86,2.51,0.84,0.85,4.36,1.69,2.54,3.42,0.84,2.54,4.09,2.47,4.20,16.75,4.16,0.84,2.56,3.34,1.58,2.44,1.70,3.31,4.24
4	91853346	91854643	AAAG	2.45	HG02017:5.72	0.83,0.82,0.97,2.53,1.63,5.78,0.81,2.52,5.89,3.31,4.99,5.72,3.45,0.84,1.63,0.84,2.69,4.35,2.46,4.07,6.84,0.82,1.72,0.83,1.73,2.51,0.81,0.84,0.85,0.83
10	71471453	71471454	ATCC	2.45	HG02017:2.45	2.45
11	90879984	90880560	ACATATATACATGTATATAT	2.44	HG02017:3.27	1.63,0.83,0.80,0.85,1.65,0.85,0.84,0.82,0.86,0.85,3.27,0.81,0.82,0.87
17	6096755	6098139	ACCACCACCACCCCC	2.33	HG02017:5.72	1.63,1.63,1.63,0.83,0.83,0.83,1.60,1.68,2.50,2.47,1.64,1.63,0.80,1.64,0.85,1.64,1.67,1.62,1.61,0.84,0.85,0.86,1.63,0.84,1.63,3.15,0.85,4.07,0.84,3.36,0.84,1.70,0.87,0.86,0.83,0.80,1.65,0.85,4.13,3.13,3.35,0.86,0.84,0.83,5.02,1.70,3.29,0.84,1.72,5.72,2.50,0.86,2.52,0.82,0.84,1.79,0.87,3.22,1.64,2.44,1.63,2.56,0.83,0.86,1.65,0.83,1.73,2.51,1.62,1.70,4.17,0.86,1.65,2.52,0.83,3.31,0.84,2.36,0.84,0.87,0.84,3.49,1.66,0.86,0.83,1.71,3.41,3.28,0.84,0.84,1.69,0.85,0.87,1.69,0.86,0.82,0.82,0.84,0.78,1.67,0.79,2.55,0.83,2.49,1.70,0.85
18	29725010	29726067	AAAG	2.31	HG02017:3.27	0.81,0.83,10.85,0.83,9.36,14.71,0.81,0.86,3.27,0.86,0.82,0.81
9	37637396	37638603	AAAG	2.27	HG02017:4.09	3.33,0.83,0.82,1.71,1.71,1.64,0.80,1.69,1.70,1.73,4.07,1.69,0.86,0.84,1.71,0.83,0.80,0.78,1.62,4.09,0.83,0.86,0.81,0.90,1.61,1.64,2.44,0.85,1.64,0.86,1.64,0.87,0.83,0.84,0.85,3.27,1.69,1.58,0.85,0.85
15	102520742	102521254	AACCCT	2.26	HG02017:3.27	0.84,0.82,0.85,0.82,0.86,1.68,0.78,3.24,3.27,0.84,0.81,0.82,0.82,0.83,0.82,0.81,0.82,0.79,0.84,2.57,0.83,1.68,0.85,1.55
18	77832512	77834485	ACAGGGTCCCAGAGC	2.22	HG02017:21.25	12.25,17.14,18.73,17.46,8.35,17.47,13.30,9.16,13.36,19.22,11.17,15.03,10.89,13.31,17.02,11.78,14.81,10.69,3.26,10.46,18.88,13.65,17.94,13.84,14.80,16.02,17.53,4.06,12.09,10.93,7.74,16.86,11.91,8.64,17.98,15.93,13.20,11.40,14.20,9.32,8.96,14.60,13.44,15.13,15.97,5.95,20.81,12.00,6.63,19.02,17.68,14.86,5.93,16.53,10.94,14.59,7.69,16.78,14.24,15.66,15.10,16.41,9.25,16.64,11.71,13.42,16.18,4.93,12.56,5.05,8.61,24.96,21.25,13.32,12.94,10.92,19.60,18.54,18.56,15.23,10.43,14.79,15.36,15.30,13.96,17.11,16.28,17.09,6.57,9.97,19.73,19.69,8.54,15.72,8.33,7.78,15.91,8.21,14.59,12.76,12.50,8.57,15.66,15.10,14.91,13.25,8.37,6.82,14.93,13.71,6.69,18.28,5.86,9.60,12.45,8.56,12.41,6.85,11.58,18.09,13.66,12.31,9.23,12.01,6.85,6.68,13.50,15.28,8.72,15.23,12.69,10.27,10.08,12.71,14.72,18.97,13.44,16.30,12.56,8.32,12.64,15.38,5.85,14.19,9.76,7.64,13.24,12.47,12.73,12.70
X	59999	60601	AACCCT	2.19	HG02017:17.16	9.80,6.53,14.66,9.15,13.35,4.99,0.83,2.50,0.84,1.60,2.51,9.15,1.68,7.40,8.15,17.24,5.12,13.67,7.79,0.82,1.67,21.10,8.86,7.57,8.71,9.28,12.09,2.45,4.13,7.33,17.35,5.08,5.70,0.86,5.04,2.52,0.84,11.05,5.20,4.29,14.08,0.83,6.43,0.85,15.70,10.16,4.86,0.84,1.65,10.36,8.41,13.31,5.86,0.84,14.48,13.40,0.84,0.86,17.16,5.00,9.49,11.76,1.63,6.74,2.42,7.17,0.87,9.57,6.47,8.06,6.57,16.30,0.85,21.36,12.87,4.10,9.39,11.58,1.67,4.32,4.19,1.64,6.49,3.40,0.83,0.83,4.19,6.00,3.48,11.35,0.83,0.83,0.83,5.97,1.64,1.71,0.84,4.23,14.72,7.42,0.78,1.67,4.99,14.33,4.18,4.73,1.70
9	137441309	137442444	ACCCAGCCTCCCCC	2.12	HG02017:4.09	0.82,1.63,0.83,0.83,0.83,1.67,0.80,2.51,0.80,2.56,1.71,0.87,0.82,0.80,0.83,1.62,0.84,0.85,0.82,0.84,0.83,1.58,1.69,0.84,1.70,0.83,2.48,0.84,0.84,0.82,0.86,0.83,4.09,0.86,0.84,1.63,0.81,1.79,0.87,1.74,1.61,3.26,0.81,0.82,0.83,0.82,1.71,0.86,1.64,0.81,0.85,1.67,0.86,0.83,0.84,0.85,0.79,1.67,0.87,0.84,1.75,1.71,0.83,0.86,0.82,0.82,0.86,1.71,1.69,0.85,1.69,0.86,0.84,2.54,0.82,0.78,0.84,0.83,1.67,0.79,1.63,0.83,3.33
1	65378773	65379860	AAAGAAGGAAGGAAGGAAGG	2.11	HG02017:4.90	1.65,3.26,7.89,1.69,5.20,2.49,0.83,0.80,4.90,3.36,5.90,2.69,3.23,2.46,1.63,1.71,2.49,2.48,2.55
3	133782177	133783092	AAAG	2.11	HG02017:3.27	0.84,0.84,1.71,0.80,0.83,0.81,0.86,0.84,1.65,0.80,0.83,0.84,0.94,0.84,0.84,0.84,1.66,3.27,0.83,0.90,0.82,1.72,2.57,2.61,0.82,0.84,0.78
14	104764794	104766161	ATCC	2.10	HG02017:8.17	1.63,2.45,2.44,6.65,1.67,2.50,0.83,4.16,6.68,0.84,2.39,1.67,0.84,4.99,2.55,1.68,0.82,4.11,0.81,2.41,0.82,0.85,1.71,0.87,1.60,2.50,1.62,2.42,4.84,1.69,5.10,1.73,3.27,3.35,4.95,0.81,3.15,2.54,5.15,3.36,2.52,0.84,5.95,1.71,3.31,1.61,0.83,2.54,3.31,0.78,1.62,1.71,1.68,4.19,0.82,3.78,0.86,1.68,4.16,1.67,0.84,1.70,2.46,0.84,0.84,1.72,4.16,8.17,2.50,1.73,2.52,3.27,0.84,0.81,2.69,5.21,2.61,3.23,7.25,2.46,4.89,1.63,2.56,7.39,0.83,3.43,4.27,2.48,4.16,2.59,3.35,3.29,2.43,5.96,4.28,5.77,2.52,6.63,0.84,5.11,4.72,3.43,2.51,0.87,1.67,0.87,3.32,5.99,2.48,1.71,0.83,4.11,4.27,0.82,1.68,6.00,0.86,2.51,4.22,0.85,3.49,2.54,2.54,5.13,5.04,2.54,2.45,2.47,0.84,0.83,0.84,3.42,1.67,1.58,5.69,0.85,3.31,5.82,4.24,6.77
15	57367403	57368564	AAAG	2.08	HG02017:31.06	38.72,30.24,26.96,11.55,15.24,15.12,13.45,2.52,40.76,11.14,10.75,19.29,31.06,20.41,3.37,24.21,5.75,29.05,22.31,2.46,15.72,17.84,10.28,1.65,11.14,1.67,7.61,7.36,20.61,12.47
18	5566366	5567122	AATGG	2.06	HG02017:6.54	6.71,3.39,1.63,9.25,6.54,8.07,7.39,5.96
6	150584524	150585876	ACAGGATGCCGCACGC	2.06	HG02017:4.09	1.63,1.63,2.51,0.82,0.81,1.67,0.84,1.94,0.84,1.63,0.84,2.37,1.63,2.58,0.84,0.87,0.86,0.83,0.83,0.84,1.89,0.83,0.84,1.72,4.09,1.67,0.84,0.81,0.82,3.26,0.85,0.82,1.64,0.85,1.65,0.84,0.83,0.85,0.79,0.86,1.67,0.84,3.32,0.83,0.85,0.84,0.84,0.84,4.24,0.85,1.69,0.86,0.84,0.82,1.65,0.84,0.83,1.71,1.67,0.81,1.70,1.66,0.85,0.85
10	47589053	47590234	ACTCCAGCATCCTCAGCTC	1.99	HG02017:3.27	0.82,0.84,0.80,0.83,0.81,1.61,1.69,3.15,0.85,5.70,0.86,0.84,1.73,0.83,0.84,0.85,0.82,0.84,3.27,0.84,1.62,1.66,0.82,0.83,0.83,0.82,0.86,0.85,0.82,1.66,0.79,0.85,0.83
3	61450899	61452091	AAAG	1.95	HG02017:6.54	1.67,2.50,3.33,4.17,0.84,2.44,0.87,2.47,0.80,1.67,2.43,0.85,0.82,3.30,1.58,1.72,0.84,0.84,11.27,0.86,4.14,0.83,1.61,3.39,0.83,0.84,1.68,1.73,0.84,5.03,1.64,4.30,2.50,6.54,0.84,2.45,0.84,3.23,6.95,0.87,1.61,9.03,5.70,4.27,0.86,3.35,6.57,1.71,2.36,1.71,0.87,1.68,0.86,3.49,0.79
7	64819009	64819391	AGAGG	1.95	HG02017:3.27	2.55,1.65,4.11,2.56,0.82,2.43,0.82,0.86,0.78,0.85,0.83,3.27,0.84,1.63,1.64,0.81,1.63
10	102410046	102411968	ACCACCTCCACCACTCCC	1.88	HG02017:17.16	10.61,8.14,4.16,8.35,8.32,7.48,7.49,7.51,16.72,3.19,5.85,5.86,2.50,7.66,1.68,7.40,1.64,10.59,8.85,12.31,5.97,10.25,16.44,9.04,3.20,5.84,3.25,12.89,7.57,9.68,12.65,5.95,15.55,10.62,9.22,4.95,8.14,16.56,5.08,8.15,9.44,10.08,10.93,10.09,7.65,6.07,5.14,17.40,14.89,9.64,7.43,2.54,7.44,4.69,2.43,2.56,10.07,7.54,1.65,3.78,3.45,2.52,7.49,8.37,6.71,14.48,12.32,12.56,16.00,7.74,11.65,17.16,2.50,4.31,15.12,8.17,10.95,8.07,1.79,13.03,6.09,9.70,6.44,13.14,4.89,11.40,4.27,4.93,10.80,5.15,5.74,13.66,14.06,2.50,6.92,12.56,7.39,12.16,8.51,5.00,0.86,4.94,10.07,7.45,10.77,5.02,4.26,7.07,6.86,9.20,9.58,10.04,5.24,4.98,7.70,3.31,8.57,3.31,10.69,4.27,10.67,9.23,6.00,6.85,5.01,11.81,6.79,7.85,10.15,16.91,5.13,4.20,7.63,7.36,4.95,4.20,5.43,5.86,9.15,9.27,11.96,10.87,4.73,5.69,11.04,6.62,5.82,13.58,6.77
5	142094220	142095185	ACATATATATAT	1.86	HG02017:4.90	0.84,1.69,0.84,4.34,4.14,4.02,0.83,2.34,2.59,0.84,1.66,4.90,1.68,3.27,2.42,2.69,2.61,0.81,0.82,1.66,0.83,3.46,0.84,0.82,7.30,2.55,3.31,0.86
1	724048	727190	AATGG	1.83	HG02017:13.08	5.71,3.26,11.40,5.82,2.50,7.49,6.65,3.33,2.50,6.69,3.99,3.34,6.70,7.49,11.91,7.57,2.47,6.58,3.26,1.61,9.85,11.95,7.69,4.33,8.22,5.61,4.17,4.87,1.61,9.25,7.74,8.43,7.66,4.32,5.72,5.03,3.30,4.07,5.52,7.62,3.26,6.01,9.24,6.73,7.57,11.91,5.20,2.57,4.97,7.44,4.82,5.78,5.93,2.48,10.16,5.67,3.42,9.23,8.38,4.94,4.72,4.32,6.73,0.83,3.35,6.71,4.26,2.46,7.54,3.37,2.58,8.32,13.08,8.33,2.59,5.04,4.08,8.43,4.03,2.69,4.34,5.22,6.47,4.83,4.93,4.89,13.03,10.25,8.22,10.80,4.29,8.21,4.27,9.93,5.83,6.92,6.70,8.21,25.94,3.40,3.33,6.86,2.47,7.55,1.66,4.14,10.05,2.56,1.57,9.43,0.84,6.96,4.18,1.75,3.32,2.57,8.27,6.00,2.48,4.11,7.68,4.10,3.36,6.00,11.99,7.52,4.22,5.09,9.60,5.92,9.30,8.56,5.04,4.24,4.09,2.47,5.04,6.21,6.70,6.65,7.58,10.25,11.70,4.73,4.07,2.55,5.79,9.15,5.94,6.77
2	89849981	89880393	AATGG	1.79	HG02017:246.01	180.42,124.85,197.03,204.55,120.19,183.87,176.21,205.69,200.39,295.03,149.16,163.70,165.01,191.36,183.78,127.08,157.92,126.58,164.62,130.40,174.82,208.20,242.63,213.68,202.22,154.64,145.23,161.52,132.16,241.39,137.47,217.56,248.38,122.67,149.53,176.94,132.01,139.24,157.75,149.04,161.36,175.14,203.29,161.42,114.33,238.95,177.77,160.31,206.28,230.77,159.92,180.80,211.71,146.28,161.76,141.87,74.31,217.29,191.85,84.88,159.52,202.08,250.52,155.54,191.62,133.35,142.22,134.69,184.23,165.90,244.38,213.79,246.01,236.48,222.54,166.36,172.30,141.54,229.96,215.07,208.54,191.45,147.17,137.74,172.43,166.26,184.01,229.85,138.84,158.62,188.76,201.04,85.40,180.33,108.25,182.39,189.27,176.58,227.83,171.03,153.28,172.24,141.75,213.14,132.52,168.97,202.61,88.65,150.11,133.70,90.29,161.04,157.28,202.53,128.64,184.88,172.11,223.58,92.67,106.05,145.09,151.86,153.61,187.82,163.64,186.24,156.11,153.65,235.56,151.43,207.19,158.30,136.12,153.40,140.65,124.51,123.50,123.43,159.08,178.00,107.03,168.32,147.94,92.24,139.11,101.06,174.55,224.48,102.69,160.04
11	90880022	90880641	ACATATATATATGTATATAT	1.71	HG02017:2.45	0.82,0.81,0.83,1.70,0.82,0.82,1.68,0.84,0.85,2.45,0.82,0.87,0.79
19	19854302	19855623	AAAGG	1.70	HG02017:20.43	4.08,8.16,0.81,8.31,6.68,6.66,21.65,13.36,6.69,14.36,6.68,12.56,7.49,10.21,7.57,14.81,7.40,4.07,7.24,9.03,6.83,10.25,7.79,9.86,3.20,11.68,5.68,5.64,4.21,5.81,11.81,13.61,11.23,4.90,12.58,9.08,8.14,17.35,6.77,4.07,8.59,6.72,4.20,6.73,22.96,13.01,7.72,4.14,12.41,5.63,9.08,11.01,11.57,22.66,8.11,3.42,4.19,16.76,6.59,16.99,8.64,9.25,12.48,7.53,1.68,8.52,9.86,7.54,5.89,12.91,9.15,20.43,15.82,17.25,12.60,4.90,10.11,20.98,11.65,2.61,20.02,10.51,14.50,8.21,12.22,7.33,16.24,2.46,9.97,18.88,11.49,12.81,14.06,6.66,10.37,15.91,6.57,12.16,5.96,10.00,5.14,2.52,4.97,0.79,17.14,4.18,1.74,7.53,9.60,5.81,8.56,5.79,5.14,8.22,7.68,9.03,6.72,13.72,7.71,5.01,1.69,6.77,5.07,6.78,6.54,1.65,5.04,16.75,6.65,10.96,16.23,7.52,11.04,5.69,2.55,5.79,3.33,0.85,2.54
10	133910958	133911791	AAAGGGGAAGGG	1.70	HG02017:4.09	1.64,0.82,2.43,0.97,0.84,2.59,1.63,1.68,1.65,2.44,0.86,1.68,2.52,2.55,0.83,0.86,4.09,0.82,0.84,4.03,0.90,0.87,4.11,1.63,2.49,4.29,2.46,0.82,0.86,1.65
1	118861637	118861784	AACATAGATATTATATATAT	1.63	HG02017:1.63	1.66,0.83,1.63
1	190270051	190270109	AT	1.63	HG02017:1.63	1.63,0.85
11	2885213	2885214	AAAG	1.63	HG02017:1.63	1.63
13	35664369	35664370	AAAT	1.63	HG02017:1.63	1.63
13	60587706	60587707	ACGCCTGCTCTCACTGG	1.63	HG02017:1.63	1.63
16	4276988	4277140	AGGGGGGGGGGGGGGGGGGG	1.63	HG02017:1.63	1.63
16	56156141	56156142	AAAT	1.63	HG02017:1.63	1.63
17	5227200	5227540	AATATATATATATATATAGG	1.63	HG02017:1.63	1.63
18	61249586	61249587	AC	1.63	HG02017:1.63	1.63
2	100753925	100753926	AC	1.63	HG02017:1.63	1.63
3	181481914	181481915	AAAT	1.63	HG02017:1.63	1.63
3	196487957	196487958	AACCCT	1.63	HG02017:1.63	1.63
4	157540729	157540730	AATGG	1.63	HG02017:1.63	1.63
4	78959456	78959457	AACCCT	1.63	HG02017:1.63	1.63
5	143992623	143992624	AACCCT	1.63	HG02017:1.63	1.63
6	40268485	40268486	AG	1.63	HG02017:1.63	1.63
19	30188636	30189128	ACCCCCCC	1.63	HG02017:1.63	0.82,0.83,1.63
3	43219335	43219821	AAAG	1.62	HG02017:1.63	1.65,0.85,1.63,0.85
6	4548954	4549253	AGGGGGGGGGGGGGGGGGGG	1.62	HG02017:1.63	0.83,1.63,0.79
19	4247071	4248099	AC	1.61	HG02017:4.09	0.82,0.83,2.51,0.83,0.85,0.81,4.92,1.60,2.90,0.82,0.84,0.83,1.65,0.85,0.84,0.84,0.86,0.85,1.64,1.66,4.09,2.59,0.90,1.71,2.57,4.27,0.84,4.86,0.84,3.43,0.82,2.56,0.84,0.85,0.81,0.85,1.66
12	131242854	131243205	ACACCCACATCCACACCT	1.61	HG02017:2.45	0.82,0.83,0.81,0.85,0.85,0.82,0.97,0.85,0.83,0.80,0.85,2.45,0.83,0.83,0.87,0.86,0.78,0.84,0.85
18	60732115	60733053	AAACACGAGATCTCAGCAC	1.60	HG02017:3.27	0.81,0.83,0.83,0.83,1.67,1.60,2.52,0.87,0.97,0.85,0.86,0.84,0.84,0.85,0.87,1.66,0.78,0.84,0.82,1.72,1.66,3.27,1.67,0.82,0.84,1.74,0.81,0.85,0.82,1.72,0.82,0.81,1.68,0.84,2.61,0.83,0.86,0.82,1.71,0.84,0.85,0.86,1.69,0.84,0.85,0.84,0.83
17	93456	94048	AAGGTAATCAATAGAGG	1.59	HG02017:1.63	1.64,7.54,1.63,0.85,0.79
17	77867253	77868217	ACCATCATCATCATC	1.58	HG02017:2.45	0.83,0.85,2.59,0.82,0.85,2.45,0.81,1.67,1.70,0.84,0.82,0.84,0.82,0.85
19	42251515	42251774	AAGG	1.57	HG02017:1.63	0.82,1.63,0.87,0.86,0.78
2	170322171	170322946	AAATATAAATATATATT	1.55	HG02017:2.45	1.66,0.82,2.41,0.81,0.84,2.45,0.81,0.81,1.71,0.85,1.63,1.69
1	8288274	8289522	AAAG	1.53	HG02017:5.72	3.33,0.84,0.80,0.81,4.92,2.50,4.32,2.52,4.07,4.73,0.84,1.71,3.31,1.61,1.65,0.94,0.86,0.84,0.84,0.84,0.83,5.72,5.18,4.20,2.45,0.84,0.90,3.48,1.62,3.26,5.98,6.01,2.46,1.71,0.83,2.51,0.82,3.24,0.85,3.31,4.20,0.86,0.87,0.79
X	141932316	141932651	ACACACACGTAT	1.52	HG02017:1.63	0.82,1.63,1.63,0.84,0.83
21	36365407	36366535	AC	1.49	HG02017:8.17	2.45,0.82,2.44,4.99,4.17,4.99,5.82,6.66,0.83,8.36,3.99,1.67,2.51,0.83,8.51,0.84,2.47,4.11,3.26,2.41,3.28,7.68,3.42,1.73,4.11,2.40,1.67,4.87,2.52,0.97,0.84,3.40,0.86,2.52,3.30,3.26,3.94,2.54,4.89,1.72,5.88,5.89,1.68,3.40,3.47,4.29,3.31,1.65,4.02,7.43,4.23,1.65,1.56,0.85,4.19,3.35,1.65,3.78,5.18,8.41,3.33,2.51,1.68,0.85,3.29,4.19,5.05,4.30,5.82,8.17,1.67,6.90,3.36,4.90,0.84,0.81,5.38,2.61,2.61,3.23,5.64,0.82,0.81,6.51,4.27,3.29,4.98,2.57,3.28,5.12,1.65,2.50,6.92,1.67,1.64,2.43,0.85,1.67,2.57,3.30,4.20,0.83,4.14,2.51,0.85,0.79,2.57,5.02,2.61,0.84,6.11,4.98,0.86,3.43,4.14,2.47,3.41,2.46,1.68,3.43,4.28,3.34,2.53,2.55,3.49,5.92,0.85,5.13,0.84,2.45,3.36,1.55,3.35,0.83,3.37,5.13,3.34,2.37,4.07,0.85,5.79,1.66,0.85,5.93
10	3971888	3973189	AAAG	1.48	HG02017:11.44	0.82,3.26,1.66,6.66,4.16,1.67,3.34,5.58,3.34,3.35,0.84,1.65,9.04,1.64,2.56,5.98,0.87,5.01,6.49,3.87,4.22,2.55,0.86,3.27,10.90,1.65,3.26,6.31,5.08,7.33,2.58,0.84,0.84,10.93,8.50,6.00,4.14,4.02,5.08,12.40,4.05,5.03,3.30,8.50,1.73,1.68,0.83,1.67,1.68,1.64,1.67,2.58,9.15,11.44,2.50,4.31,6.72,2.45,5.06,5.65,4.48,3.48,11.31,5.75,4.07,3.26,2.56,6.57,10.80,12.87,13.95,2.56,4.96,3.46,0.84,8.21,6.81,3.33,0.86,0.82,0.84,2.51,2.56,2.51,4.15,3.31,0.86,1.64,0.84,1.74,1.69,1.71,0.84,1.69,0.82,2.47,3.36,2.51,4.27,2.37,0.85,1.65,1.66
16	1969541	1970748	ACCGTGGGGACGGCTGAG	1.48	HG02017:8.17	4.08,4.89,4.99,1.66,3.32,2.50,3.19,6.73,3.29,3.29,2.44,1.61,0.82,1.71,1.71,1.73,1.64,8.81,5.84,8.93,3.22,4.22,3.40,5.72,3.30,6.31,1.69,3.43,3.36,7.57,1.70,0.87,1.71,6.63,8.27,1.61,0.83,7.03,3.24,2.56,5.87,4.32,0.83,2.46,2.58,9.15,8.17,0.83,4.31,0.84,2.45,1.69,2.69,2.61,1.74,2.43,0.81,1.64,1.63,5.70,4.93,1.66,0.86,4.96,3.33,0.84,2.55,2.50,2.57,0.82,1.68,2.48,1.66,4.19,3.41,2.36,0.84,3.32,2.48,0.86,2.48,0.82,0.85,4.93,3.43,0.84,2.53,1.70,4.36,3.38,2.54,0.86,6.72,0.82,3.30,0.84,4.66,0.84,1.66,2.56,0.84,2.44,3.40,1.65,0.85
2	103747869	103748656	AAAG	1.43	HG02017:1.63	0.83,2.58,1.63,0.81,0.82,0.86
11	128785281	128786659	ATCC	1.42	HG02017:7.36	0.82,2.45,4.07,2.49,1.67,1.66,2.49,2.50,1.67,1.60,1.67,4.19,3.33,4.25,3.37,2.47,2.47,0.81,1.61,0.82,0.85,1.71,0.87,3.29,1.60,2.50,2.43,1.61,4.21,2.90,0.84,2.55,0.86,7.55,0.83,1.63,7.10,2.54,4.89,0.86,2.52,0.84,1.68,1.70,6.07,2.57,0.83,7.44,2.41,2.48,0.85,0.83,3.91,1.62,1.71,4.19,2.51,0.94,3.45,0.84,5.02,1.68,0.85,3.29,1.67,1.68,4.16,7.36,3.33,5.18,5.72,5.90,0.81,3.58,6.08,2.61,2.43,1.64,3.26,1.63,5.98,0.83,5.15,4.10,0.85,4.14,4.32,3.35,2.46,4.86,0.85,4.17,1.71,0.82,2.52,3.31,2.48,3.35,1.70,2.36,0.84,3.35,0.87,0.83,2.57,3.31,6.00,1.65,2.47,5.12,4.10,2.52,1.72,1.71,0.84,0.84,3.40,3.49,2.54,4.23,2.57,0.84,4.24,0.82,1.65,3.36,2.33,1.67,1.66,2.53,0.85,5.85,1.58,2.44,0.85,2.48,0.83,2.55,5.93
X	146233423	146234428	ACATATATACATATATGTAT	1.38	HG02017:6.54	5.70,5.01,5.90,4.89,1.72,10.94,8.39,6.54,5.00,12.64,3.42,6.70,4.93,0.87,1.65,0.86,4.36,1.71,3.42,4.99
Y	13680539	13681765	AATGG	1.38	HG02017:1.63	1.66,0.85,0.83,1.63,0.84,0.83,0.85
1	240122054	240123144	AAAG	1.36	HG02017:2.45	0.83,0.80,1.68,0.83,0.82,0.85,2.53,0.82,6.94,0.86,1.71,1.68,2.45,0.82,0.81,3.40,0.84
2	113103435	113105125	ACC	1.35	HG02017:10.62	7.35,3.26,4.89,6.65,4.17,6.66,2.49,8.33,5.01,2.51,6.38,5.01,5.03,2.50,1.70,5.89,2.47,5.75,3.26,6.44,4.10,5.97,2.56,4.33,5.75,1.60,8.35,8.93,5.64,5.05,2.90,5.90,9.36,6.05,7.35,3.35,6.60,7.33,8.68,6.77,5.70,3.43,8.40,9.25,10.09,5.10,2.60,2.57,9.11,6.62,8.04,3.30,4.23,4.96,4.69,3.24,3.42,3.36,6.70,4.12,3.78,5.04,4.99,5.86,5.03,3.41,2.46,4.19,8.42,4.30,7.49,10.62,6.66,2.59,7.56,7.35,2.53,5.65,2.69,3.48,6.09,9.70,5.64,5.75,5.70,1.63,1.71,11.50,7.47,5.15,4.10,4.27,4.14,5.00,7.78,1.67,4.11,3.24,3.40,5.00,5.14,4.12,5.87,1.66,7.45,5.02,5.97,3.14,1.71,6.69,2.61,2.51,6.11,2.49,5.99,0.83,5.14,5.79,5.75,10.24,6.57,4.20,6.86,3.43,6.68,3.38,3.40,0.87,4.23,5.07,5.13,4.20,6.78,8.18,7.42,4.20,9.32,7.54,7.49,5.06,4.27,3.34,10.25,7.32,5.10,7.45,4.99,7.64,4.23
GL000216.1	14760	15433	AATGG	1.35	HG02017:3.27	0.82,0.81,0.83,0.83,0.83,3.34,0.80,0.84,0.84,0.85,1.68,0.82,0.81,0.85,0.85,1.64,0.80,0.83,0.84,1.69,0.85,0.82,0.84,0.79,0.85,1.72,0.83,1.69,3.31,0.78,0.85,0.84,0.84,1.89,0.86,2.52,0.84,0.84,0.85,1.67,0.83,3.27,3.36,0.90,0.87,0.87,1.62,0.81,1.63,0.85,0.83,0.85,0.83,0.83,1.73,1.67,0.82,0.84,0.83,0.84,1.74,1.75,0.83,0.86,0.83,0.83,2.52,1.72,0.86,0.84,0.84,0.87,0.85,0.82,0.84,0.83,0.85,1.67,0.79,0.81,0.83,0.85
3	111549963	111550209	AAGG	1.34	HG02017:1.63	0.83,1.63,0.81,0.81,0.81,0.85,0.84
3	100324067	100325084	AAAG	1.33	HG02017:2.45	0.83,1.60,0.84,1.71,0.83,2.37,1.65,0.84,2.45,0.84,1.74,2.46,0.82,0.86,0.81,0.83,0.86,0.82,0.78,0.84
9	36869115	36870642	ATCC	1.32	HG02017:35.14	30.21,21.22,24.43,21.62,14.19,29.12,29.09,31.64,18.37,30.92,31.91,23.39,18.43,25.79,16.17,27.77,19.74,18.08,19.56,35.42,22.16,23.89,25.63,16.44,21.37,27.24,23.37,33.28,24.18,25.23,31.95,22.77,29.77,27.64,22.06,20.96,12.38,21.17,34.70,24.56,21.19,24.90,22.68,11.77,18.49,13.61,19.08,29.15,20.71,15.72,24.91,18.16,33.03,15.70,25.01,28.37,35.88,23.49,21.78,18.95,13.21,31.95,28.58,17.47,18.41,23.48,13.63,27.10,22.61,21.05,24.09,21.63,35.14,33.31,23.29,21.01,27.76,21.06,26.63,24.20,26.07,28.72,23.45,22.55,28.74,26.08,24.43,28.20,20.54,19.10,24.02,23.80,20.50,26.47,14.16,12.10,30.15,31.21,29.19,29.78,27.49,21.42,11.54,20.14,35.61,18.22,21.77,20.46,31.44,24.85,13.38,19.15,15.90,18.33,17.43,20.54,13.24,35.12,22.34,25.49,17.07,23.81,17.63,14.58,17.99,26.72,23.63,22.07,27.05,20.30,21.99,17.97,20.17,40.68,20.44,23.91,15.12,13.20,20.93,18.30,16.86,25.63,20.89,22.86,31.73,16.14,30.61,26.61,16.13,26.25
18	64742129	64742860	AAAG	1.31	HG02017:1.63	0.85,1.63,0.82,0.86,0.82,0.87,0.86
17	19954026	19954951	AAAG	1.20	HG02017:4.09	3.27,0.81,0.83,0.83,0.83,4.18,4.18,2.55,0.82,0.82,1.61,0.82,0.82,1.60,2.50,0.84,0.86,0.84,3.40,0.87,0.83,0.83,0.84,1.65,0.86,0.84,0.83,2.51,0.85,0.84,0.86,2.50,4.09,1.67,0.84,1.63,0.84,0.87,0.81,0.81,0.85,3.31,3.29,1.62,0.86,1.68,0.84,0.87,0.83,1.71,0.85,0.84,0.86,2.53,2.55,0.85,0.84,0.84,3.33,0.85,0.83
6	148707726	148709293	AAAG	1.19	HG02017:4.90	1.63,0.83,2.51,0.83,0.84,0.82,4.01,3.87,1.70,0.86,2.52,1.63,7.10,4.23,3.26,1.68,3.36,3.40,0.87,1.71,3.31,3.21,2.54,0.81,0.83,0.83,4.90,1.67,2.59,0.84,2.45,3.37,0.81,1.79,4.35,2.43,3.26,4.07,3.28,2.56,0.86,5.86,3.24,0.82,0.81,0.85
14	106175528	106179030	AGCCC	1.14	HG02017:42.50	27.76,43.25,25.24,38.25,16.69,22.46,30.75,30.81,35.07,27.58,25.53,29.23,30.15,16.64,28.08,25.25,18.10,34.52,26.08,32.20,33.65,14.51,21.36,22.49,19.73,17.63,16.69,50.32,17.73,33.64,40.66,11.81,28.07,18.14,23.70,36.06,19.80,18.73,28.39,16.09,28.52,16.31,47.88,26.90,19.33,21.26,14.74,13.72,26.51,15.72,28.13,31.37,20.32,24.79,32.04,21.08,26.48,20.97,25.97,16.48,13.21,20.73,21.86,15.80,31.80,10.06,26.40,19.71,41.03,10.95,23.23,24.96,42.50,24.98,28.46,33.61,26.95,11.80,20.17,30.47,9.56,18.27,33.15,20.14,9.85,15.48,6.51,21.36,29.57,14.95,12.01,32.00,35.87,21.51,10.82,16.42,5.02,18.07,21.08,17.02,24.16,21.42,28.84,23.50,19.05,38.93,14.23,16.20,36.94,16.28,42.64,18.28,30.12,10.48,20.75,29.10,23.17,29.98,25.65,30.42,23.04,31.19,22.66,26.59,20.56,22.55,26.16,16.13,15.70,27.92,5.07,13.69,28.57,16.95,26.99,30.51,26.88,34.93,37.68,22.46,21.07,34.18,7.52,39.42,30.10,19.53,19.85,29.93,29.70,44.03
13	113761009	113761542	ACACCCACACCCCCGGG	1.13	HG02017:8.17	2.45,3.26,4.07,4.99,0.83,4.16,4.99,5.83,1.67,4.18,3.19,1.67,0.84,2.50,3.40,5.89,6.58,0.82,0.81,0.80,1.64,3.42,0.87,0.82,4.81,2.50,3.25,4.03,2.52,2.90,0.84,4.25,2.59,8.99,0.84,4.13,5.70,1.58,9.32,0.81,0.86,0.84,0.84,4.20,5.10,3.47,0.83,2.48,4.02,3.30,1.69,1.65,3.91,0.81,2.56,1.68,3.35,3.30,2.83,0.86,2.52,4.16,4.18,1.68,2.55,3.29,4.19,0.84,4.30,4.16,8.17,0.83,9.49,2.52,4.08,5.06,3.23,1.79,2.61,9.57,4.85,4.03,4.11,5.70,2.44,2.56,4.11,4.98,1.72,8.21,0.85,2.48,3.33,2.59,1.67,0.82,4.05,4.25,8.33,0.86,4.94,0.84,0.83,3.31,5.86,3.41,5.50,5.14,1.67,0.87,1.75,1.66,1.71,5.79,2.57,1.65,3.29,5.12,2.46,4.20,1.72,2.57,3.34,0.84,4.24,0.85,1.69,0.84,3.39,4.91,1.68,2.33,3.35,2.50,2.53,2.56,3.34,0.79,4.07,2.55,2.48,4.16,0.85,0.85
3	25217537	25218407	AAAG	1.12	HG02017:4.90	0.82,1.66,2.50,1.66,0.83,0.83,0.84,3.19,0.84,2.51,0.85,0.84,3.29,6.58,4.83,0.82,2.47,2.52,0.84,0.85,1.68,3.39,1.63,2.52,0.84,2.52,3.40,1.71,2.49,0.83,2.41,3.30,2.54,0.83,3.13,0.84,1.73,1.68,5.02,1.72,4.90,0.83,2.59,1.68,4.08,1.69,0.81,2.69,3.48,0.81,4.83,0.81,2.56,0.82,0.86,2.56,0.83,1.67,1.67,1.64,1.62,1.70,0.87,0.84,0.86,0.83,2.57,2.48,2.47,3.28,1.67,0.84,5.94,0.87,0.85,0.85,0.84,2.53,0.84,0.83,0.85,0.85
10	99185065	99186166	AGGGCGG	1.11	HG02017:2.45	0.82,1.73,1.60,1.65,1.63,1.68,0.83,1.56,2.45,0.81,0.82,0.81,0.85,0.83,2.48,1.70
6	39313300	39313774	AG	1.09	HG02017:2.45	0.80,0.84,1.65,0.81,1.71,0.78,1.62,0.84,0.84,2.45,0.86,0.84,2.69,1.74,0.87,0.81,1.63,2.57,1.65,0.83,0.85,0.84,0.82,0.81,0.85
3	13490782	13491920	AAAAG	1.08	HG02017:8.17	14.34,16.29,13.25,5.86,13.63,8.17,12.76,4.11
X	13693092	13693918	AAAG	1.07	HG02017:1.63	3.26,3.43,1.63,2.42,0.87,2.44,0.83,0.81
6	3549893	3551097	AAG	1.04	HG02017:4.90	0.82,3.26,0.81,0.83,1.67,1.66,3.32,1.67,2.50,1.67,0.80,2.51,0.83,0.85,2.52,0.82,2.47,4.07,0.80,1.71,5.13,0.87,6.58,0.80,1.67,1.62,1.61,3.36,0.97,2.53,0.85,4.32,3.27,4.19,1.65,2.44,1.58,0.85,2.44,0.86,2.52,1.68,1.68,1.70,3.43,0.83,1.65,4.02,0.83,0.85,2.48,0.78,1.62,2.56,0.84,1.68,0.82,3.78,1.73,1.66,1.67,3.35,1.70,1.64,2.51,2.53,1.72,4.90,1.67,1.73,0.84,3.27,2.53,2.42,3.58,0.87,0.87,0.82,2.44,1.63,2.56,2.46,3.32,2.57,3.28,3.42,3.31,4.16,2.59,2.51,1.64,4.05,0.85,0.83,0.86,0.82,3.36,1.66,0.83,1.67,0.79,1.67,1.74,3.35,2.49,1.71,0.83,1.71,1.65,3.29,2.56,3.28,0.84,2.51,1.69,1.70,1.74,2.54,2.54,3.27,0.82,1.55,2.51,0.83,1.69,1.71,3.34,1.58,2.44,0.85,1.65,0.83,3.39,1.69
8	144310559	144311056	AGAGGGAGGCGGGGGGG	1.04	HG02017:4.09	0.82,3.32,5.01,0.84,0.84,0.84,1.65,1.71,1.64,3.22,3.36,0.83,0.78,1.65,0.84,2.55,4.93,1.72,4.09,0.83,0.83,0.82,0.85,2.47,0.83,0.83,0.85,0.79,1.71,1.67,2.61,1.71,0.83,1.65,5.12,1.64,0.84,2.57,0.84,0.85,2.52,0.85,2.45,0.84,0.78,0.84,2.50,5.06,1.71,1.63,0.85,2.48,1.66
4	24388733	24389875	AAAG	1.01	HG02017:3.27	1.66,0.83,8.31,3.19,0.84,4.21,1.67,0.81,2.45,0.81,1.58,0.81,0.86,0.87,1.71,2.54,0.83,1.56,0.84,1.68,0.85,3.27,0.87,1.64,0.85,4.98,1.64,0.83,0.83,2.36,0.86,0.84,1.74,1.67,0.85,1.71,1.69,1.64,0.82,0.84,0.85,0.83,2.55
