motif	top_case_zscore	high_case_counts	all_counts
ACCGCGTCCTCATCAGC	226.96	HG02620:320.58	4.08,2.45,5.70,2.49,5.84,4.16,7.48,2.50,4.18,1.60,5.01,2.51,4.16,2.55,6.58,0.81,0.80,0.82,0.85,0.85,2.60,2.47,2.40,4.17,4.87,3.22,1.68,0.97,12.65,5.10,6.05,4.90,0.84,1.65,4.73,0.85,0.81,4.29,9.24,4.20,6.73,2.55,5.20,1.71,3.31,4.14,7.23,4.13,3.39,4.96,7.81,2.43,4.27,0.84,0.82,1.89,1.73,4.20,8.32,3.35,0.84,3.41,4.93,1.67,2.53,0.86,10.81,5.72,2.50,7.76,1.68,4.08,3.37,3.23,0.90,1.74,5.22,8.09,5.64,9.85,5.70,4.89,3.42,4.93,3.32,8.58,5.74,5.12,3.31,3.33,1.73,3.35,3.29,7.30,2.55,14.16,320.58,1.66,4.14,3.35,3.41,1.57,3.43,3.34,2.61,0.84,2.62,5.81,5.99,10.76,1.71,4.96,9.39,23.50,0.86,0.86,1.69,2.55,5.08,6.77,4.28,11.45,1.65,13.40,4.99,5.06,3.42,0.84,0.79,5.69,4.25,9.93,0.83,2.55
ACCCCGTCCTCATCAGC	29.89	HG02620:31.32	2.49,0.83,1.67,0.83,0.85,0.82,0.87,0.82,0.80,0.83,1.61,1.68,1.70,0.82,0.79,0.81,0.84,0.86,0.85,0.83,1.67,0.84,0.86,0.82,0.81,0.82,0.86,1.62,31.32,0.84,0.84,0.83,0.85,0.84,0.85,1.63,12.41
AGC	5.03	HG02620:5.77	1.63,10.58,4.89,0.82,54.12,5.77,0.83,0.84,0.85
AATCCCAATTGATGTAG	3.60	HG02620:90.65	61.69,24.16,90.65,9.43,0.84,68.09,35.69,36.80,67.85,25.65,92.90,55.00,25.89,43.04,62.58,45.35,47.43,79.99,64.55,15.72,9.15
AAGAGGGAGAAGGAG	3.26	HG02620:5.77	5.77,3.35,20.43,0.86,0.82,25.20
ACACACGGGGAGAGAGAGAG	2.18	HG02620:2.47	2.47,2.52,4.66,2.56,1.70
AAGGAGCCCTCACGGGGAG	1.65	HG02620:1.65	0.84,1.65
AAGGGATAGACAGGGG	1.45	HG02620:9.89	4.08,3.26,2.44,0.83,5.82,4.16,13.37,7.52,1.68,4.99,0.85,3.37,5.76,1.64,1.63,7.24,2.46,4.27,0.82,4.06,0.82,2.44,8.68,0.85,8.15,2.58,3.40,0.86,2.49,1.65,1.65,1.69,3.91,4.05,5.03,0.94,1.67,1.70,4.11,3.35,5.89,5.72,0.83,0.84,2.45,0.81,0.87,0.81,0.82,0.81,0.81,13.14,2.49,0.86,0.82,5.12,3.31,3.35,0.82,0.81,5.11,9.89,4.14,8.28,4.19,0.85,0.79,0.86,0.84,4.35,6.98,1.66,6.85,10.76,5.14,3.41,4.10,2.52,2.57,1.67,8.44,3.49,5.92,0.85,1.68,7.63,3.30,0.78,9.15,5.98,2.51,9.46,8.95,0.85,0.83,5.08
ACAGGGTGCTGATGAGG	1.29	HG02620:9.89	10.81,11.70,19.94,3.33,2.47,4.17,1.61,0.84,4.29,0.84,22.61,9.89,0.84,1.67,0.83,6.85,4.14,8.47,0.82,0.81,24.82
AAATGCACAGGAAT	1.07	HG02620:1.65	0.81,1.67,0.86,1.65,3.43,1.70,1.69,2.49
