motif	top_case_zscore	high_case_counts	all_counts
AGGC	178.08	HG02974:178.08	178.08
AAGAAGAAGAAGAGG	27.93	HG02974:27.93	27.93
ACCTGCCCCTGG	4.40	HG02974:6.98	1.63,1.63,2.44,2.49,2.50,0.83,0.83,0.80,2.50,2.47,0.82,3.26,1.61,1.64,0.87,2.40,1.62,1.61,0.97,1.69,0.85,2.59,1.68,0.83,0.79,1.69,1.63,0.86,0.84,0.84,2.52,0.85,0.87,0.86,0.83,0.80,0.85,3.31,0.78,2.43,2.52,1.68,0.94,0.84,0.84,0.82,0.84,0.84,1.72,3.33,2.45,0.86,0.84,2.45,4.21,1.61,0.90,0.82,1.71,0.82,0.83,1.64,0.85,1.65,0.83,0.86,0.84,0.82,0.81,1.70,0.83,1.71,0.84,1.66,0.83,0.84,2.56,2.36,1.71,0.84,0.84,6.98,1.66,0.86,1.71,1.65,0.82,1.71,0.84,0.86,1.67,1.69,1.74,1.69,0.85,2.57,0.85,0.82,1.65,0.84,0.83,0.84,1.67,1.63,0.85,1.66,1.70,2.54
AAGGCAGG	3.40	HG02974:4.36	0.85,0.82,2.48,0.84,0.83,1.63,0.87,0.87,1.61,1.64,0.83,0.85,4.36,1.67
AATATATATATACGG	3.28	HG02974:3.49	0.80,0.83,3.49,0.86,0.86,0.82
AACCACCACCGTGACCCT	2.80	HG02974:3.49	0.83,0.86,0.84,3.49,2.57,2.47,0.84,0.86,0.82,0.79
ACATATATATGATAT	2.30	HG02974:2.62	0.87,2.62,1.69,2.54,1.68,0.84
AACTGGGGCCTAGAGTGAGG	1.85	HG02974:40.16	5.71,25.30,3.26,6.65,3.34,5.82,19.95,12.49,0.83,23.40,26.32,14.20,5.03,0.83,11.91,3.37,4.11,14.80,17.11,4.02,1.64,6.83,2.56,17.30,7.40,20.83,42.57,36.52,31.43,20.19,2.90,2.53,21.27,3.46,15.52,10.90,3.30,4.89,3.94,18.63,5.70,1.72,19.32,24.38,5.04,18.71,2.60,14.57,1.66,1.65,5.63,14.03,4.23,16.53,2.34,2.43,23.92,6.71,8.38,20.60,2.83,1.73,7.57,9.98,20.92,16.77,13.63,18.89,12.56,16.84,16.35,3.33,13.08,2.50,13.80,16.80,4.90,4.21,22.59,24.20,13.90,3.48,25.88,22.55,24.63,5.70,8.96,17.94,4.11,38.20,17.16,2.46,8.54,8.27,6.66,4.32,2.51,4.11,6.49,25.53,17.49,5.14,12.36,6.71,2.48,4.14,16.74,19.61,25.94,13.71,11.70,3.48,0.84,40.16,38.18,15.41,7.45,47.97,22.34,7.40,10.24,22.16,27.70,18.01,17.14,7.52,10.13,14.43,30.54,11.00,20.30,7.70,5.04,0.85,8.18,32.98,12.60,32.60,27.63,5.82,25.28,35.03,4.18,27.59,6.51,57.75,35.57,31.59,32.25,15.24
ACCCTCACCCTGACCCTG	1.75	HG02974:1.75	1.63,0.82,1.75
AAATGGACCACAACCACGCC	1.50	HG02974:2.62	2.50,0.80,2.47,1.61,0.84,0.84,1.69,0.81,0.82,0.86,0.81,0.86,0.83,0.79,0.84,2.62,0.82,0.84,0.84,1.71,1.55,0.83
AAGGGAG	1.40	HG02974:5.24	4.08,5.71,1.66,5.82,0.84,0.80,1.70,0.84,0.83,2.42,3.36,0.86,0.81,0.86,1.68,0.85,1.73,1.61,0.85,3.13,0.81,0.84,1.68,2.47,0.94,0.84,0.84,1.70,0.82,0.84,1.68,4.99,0.81,1.64,0.81,0.82,2.43,1.66,0.83,1.67,0.79,5.24,0.83,2.48,1.71,2.48,0.82,0.86,1.67,0.87,3.38,0.84,2.54,4.91,1.65,3.11,1.67,1.66,1.71,1.67,0.79,5.69,5.10,0.83,1.70
AAGCCAGCCGCTACACCAGT	1.35	HG02974:3.49	1.67,0.83,0.84,0.83,0.82,1.71,0.80,0.85,0.84,0.86,1.73,1.65,1.68,1.68,0.83,0.82,0.84,2.53,0.90,0.85,3.32,0.83,1.71,0.84,0.83,0.83,0.85,1.67,1.74,3.49,2.57,0.84,1.72,1.69,1.69,1.71,0.84,0.85,1.64,3.30,0.84,2.33,3.33,0.85,3.34,0.81,0.85,0.83,0.83,1.70
AG	1.28	HG02974:96.90	56.33,50.59,41.52,60.70,30.05,66.56,55.69,32.48,71.81,65.19,64.61,56.79,37.69,44.93,62.96,37.03,50.17,50.14,40.75,41.05,83.72,52.90,52.11,53.64,61.65,60.89,34.22,70.61,46.74,37.85,37.76,37.95,72.30,50.11,56.38,49.48,40.43,52.93,45.75,32.18,44.82,66.11,60.48,45.40,47.92,43.37,67.64,36.00,69.59,47.97,38.57,37.98,105.01,48.76,68.77,55.13,50.40,46.98,33.51,42.03,24.54,40.59,44.56,39.92,51.88,21.81,55.36,30.39,62.81,26.11,29.26,51.58,64.57,42.47,40.54,31.93,40.83,32.86,66.97,61.83,48.66,31.33,70.35,45.91,39.41,37.49,51.29,62.38,82.97,29.07,65.21,51.70,26.48,24.82,40.80,59.65,64.48,32.85,73.78,61.26,37.49,23.14,49.45,36.08,36.44,59.64,30.14,41.77,58.94,38.57,27.59,53.97,34.30,96.90,56.44,31.67,56.27,81.38,48.81,32.89,63.16,56.64,57.08,133.79,29.99,76.00,46.41,33.96,68.05,98.98,30.44,59.90,49.58,47.46,64.60,63.49,31.92,64.43,51.91,50.74,42.14,124.75,50.98,57.55,73.22,33.12,29.78,123.88,59.41,56.73
AATCCCAATTGATGTAG	1.23	HG02974:68.09	61.69,24.16,90.65,9.43,0.84,68.09,35.69,36.80,67.85,25.65,92.90,55.00,25.89,43.04,62.58,45.35,47.43,79.99,64.55,15.72,9.15
AAGGTATGGGCGTGG	1.17	HG02974:1.75	2.51,0.84,1.70,1.75,0.84,1.69,2.54,0.84
ACATAGATAGATAGATAGAT	1.03	HG02974:2.62	1.63,0.82,0.81,3.34,0.84,0.83,1.70,0.84,0.82,0.85,1.73,0.80,0.83,0.97,0.84,0.86,1.69,0.85,0.80,0.84,0.86,0.84,0.82,1.68,0.81,0.87,0.85,0.82,1.67,1.66,2.62,0.83,0.86,0.82,1.71,1.72,2.51,0.87,0.85,0.85,0.84,0.78,0.84,0.84,0.79,0.81,0.85
