motif	top_case_zscore	high_case_counts	all_counts
AGAGCGCTGAGGCGCCAGG	39.43	HG02075:41.28	0.82,1.67,0.84,0.84,0.80,3.28,0.97,0.82,1.58,0.81,3.43,1.68,2.52,0.83,1.71,41.28,0.83,0.82,0.85,0.84,1.70,0.84,0.82,0.84,3.30,6.72,1.58,0.83
AAAAG	6.28	HG02075:16.01	0.82,6.53,2.44,7.48,7.51,6.66,6.68,2.51,1.60,10.02,3.35,2.55,2.47,12.22,3.28,1.71,5.13,1.73,0.82,3.20,0.83,8.86,2.90,5.90,9.36,4.09,3.35,1.65,4.89,5.08,1.63,6.87,6.73,2.52,2.55,1.73,6.00,1.65,0.83,2.54,1.56,0.81,2.56,5.03,3.35,0.94,3.45,1.70,2.46,6.74,4.30,8.32,4.90,5.00,5.88,4.08,16.01,2.42,8.96,8.70,4.85,0.81,4.93,4.98,3.28,1.67,1.67,4.93,12.16,1.65,10.77,0.87,0.85,1.64,19.21,5.06,0.85,6.72,0.85,0.82,2.47,10.09,4.19,7.49,4.21,0.84,1.70,3.39
AAAG	5.11	HG02075:40.44	4.90,4.90,3.26,5.82,10.02,27.46,7.48,3.33,6.68,3.34,5.58,6.68,5.86,12.48,1.70,15.99,15.63,2.47,6.52,7.24,5.75,2.56,8.54,6.06,10.69,9.61,5.01,9.74,4.84,5.05,14.52,11.81,31.47,12.96,28.60,28.51,6.60,13.03,22.87,6.77,8.15,21.46,4.20,15.13,16.81,16.16,5.20,7.72,14.91,13.23,10.45,1.65,6.77,7.44,7.03,14.59,2.56,11.75,1.68,3.30,5.66,4.32,6.73,4.99,10.04,6.71,6.81,2.51,3.37,9.47,7.49,5.72,13.32,5.18,8.40,16.33,40.44,13.72,9.86,2.61,18.27,8.90,7.25,12.32,12.22,12.21,4.27,9.86,15.78,16.30,21.33,9.39,24.82,11.66,14.70,12.56,9.86,36.48,4.25,11.66,3.43,2.47,2.52,2.48,5.80,3.35,4.26,3.93,2.57,15.05,4.35,2.51,7.86,16.60,3.31,5.14,3.31,1.64,1.71,7.39,2.52,6.85,0.84,4.22,5.09,5.23,1.69,4.23,1.71,5.88,0.85,17.17,0.82,3.36,0.78,6.70,9.98,10.96,5.98,3.34,3.15,4.88,6.79,3.31,1.66,1.70,3.39
AATACATATATAG	2.47	HG02075:3.37	0.83,0.84,0.80,0.84,0.82,0.87,0.81,0.85,1.72,0.85,0.83,0.83,0.81,0.86,0.85,2.53,3.37,0.90,0.86,0.81,1.70,0.83
AAATG	2.47	HG02075:2.53	0.85,4.84,7.56,2.53
AAATGGACTACAGCCACGGC	2.38	HG02075:3.37	4.34,3.43,3.37,0.90,1.64,1.72,5.83,5.11
ACCGCGTCCGCATCAGC	1.95	HG02075:2.53	0.83,0.85,0.87,2.53,0.90,0.81,0.82,0.83,0.86,1.68
ACCTGCCCCTGG	1.62	HG02075:4.21	1.63,1.63,2.44,2.49,2.50,0.83,0.83,0.80,2.50,2.47,0.82,3.26,1.61,1.64,0.87,2.40,1.62,1.61,0.97,1.69,0.85,2.59,1.68,0.83,0.79,1.69,1.63,0.86,0.84,0.84,2.52,0.85,0.87,0.86,0.83,0.80,0.85,3.31,0.78,2.43,2.52,1.68,0.94,0.84,0.84,0.82,0.84,0.84,1.72,3.33,2.45,0.86,0.84,2.45,4.21,1.61,0.90,0.82,1.71,0.82,0.83,1.64,0.85,1.65,0.83,0.86,0.84,0.82,0.81,1.70,0.83,1.71,0.84,1.66,0.83,0.84,2.56,2.36,1.71,0.84,0.84,6.98,1.66,0.86,1.71,1.65,0.82,1.71,0.84,0.86,1.67,1.69,1.74,1.69,0.85,2.57,0.85,0.82,1.65,0.84,0.83,0.84,1.67,1.63,0.85,1.66,1.70,2.54
ACCGCATCCTCATCAGC	1.47	HG02075:1.69	0.82,2.49,2.34,1.73,2.52,1.69
