#contig	start	end	unit	top_case_zscore	high_case_counts	all_counts
3	151086083	151086780	AAATG	24.84	HG02072:25.21	0.84,0.82,1.61,0.83,5.93,25.21,6.74
11	61078244	61079025	AACAT	23.53	HG02072:23.53	15.74,23.53
X	119918489	119919332	AAAG	16.80	HG02072:16.80	18.50,16.80,10.92
2	48791021	48792333	AAG	14.65	HG02072:17.64	0.83,0.83,1.67,1.68,0.82,0.82,1.64,0.87,1.64,0.80,2.43,1.69,2.45,0.84,1.65,0.81,0.86,0.84,0.86,0.83,0.83,0.81,0.85,1.68,0.86,0.83,0.84,0.84,1.72,2.45,0.86,17.64,0.82,0.84,0.87,0.87,0.86,0.85,1.65,0.86,1.66,0.84,3.93,0.86,1.67,0.84,4.36,0.86,15.42,4.96,0.82,0.84,0.86,8.35,2.54,1.71,0.84,0.81,0.83,0.85
12	3854590	3855145	AAATG	10.92	HG02072:10.92	10.92
10	26162545	26163969	AAAGG	8.75	HG02072:20.17	6.51,4.99,11.91,7.40,4.07,12.11,6.05,7.43,11.04,10.59,7.57,9.35,10.29,5.93,8.26,2.56,1.68,3.35,11.92,20.17,4.21,10.47,9.03,8.54,10.82,12.32,11.35,7.50,4.94,1.66,11.72,13.06,5.24,9.41,6.62,0.86,4.27,6.72,9.31,6.77,15.12,4.24,5.77,5.86,4.99,7.69,11.70,6.51,5.10
20	38869080	38869858	AGAT	7.78	HG02072:8.40	1.66,5.00,1.61,1.56,8.40,8.69,0.83
X	32572318	32573539	AAAG	6.68	HG02072:31.93	13.06,10.02,14.52,12.96,22.06,15.77,7.62,5.15,8.50,14.06,12.86,3.30,11.86,11.96,0.84,12.95,14.14,14.48,14.63,18.30,31.93,15.17,8.07,20.85,22.64,18.06,21.17,22.22,19.72,10.30,10.25,14.89,22.48,31.98,12.56,18.07,19.57,11.51
10	29414152	29415003	AAAG	6.48	HG02072:6.72	6.72,10.43,0.81,0.83,2.49,4.99
3	180577128	180578624	AAGGAAGGAAGGAGAGGAGG	5.77	HG02072:27.73	17.14,0.81,8.31,0.83,6.66,0.83,17.53,0.84,3.99,8.38,11.06,12.62,13.16,13.15,11.27,1.64,11.09,1.71,6.58,0.80,6.68,3.36,11.62,5.06,10.21,0.86,10.90,2.48,1.63,15.77,0.85,1.63,13.74,0.84,0.84,10.20,1.73,8.57,21.54,0.83,17.68,6.60,6.77,21.49,13.28,13.78,7.69,12.57,12.27,13.82,8.41,10.81,0.84,10.22,6.70,12.05,4.99,21.25,3.33,12.94,27.73,0.84,0.81,10.75,14.77,1.74,5.66,15.30,12.32,0.81,15.47,4.27,15.61,4.15,9.44,25.44,2.56,5.79,7.49,16.42,8.37,8.21,13.78,6.81,5.83,4.28,2.47,0.84,2.48,1.66,0.84,5.97,2.36,3.43,3.35,2.49,0.86,3.43,3.29,1.71,2.46,0.84,0.86,2.51,0.84,0.85,4.36,1.69,2.54,3.42,0.84,2.54,4.09,2.47,4.20,16.75,4.16,0.84,2.56,3.34,1.58,2.44,1.70,3.31,4.24
7	1793797	1794936	AAAG	5.65	HG02072:14.28	4.08,2.50,8.42,8.23,4.89,4.27,4.81,8.35,4.84,8.99,1.65,3.15,3.43,4.20,4.25,4.14,8.60,4.72,2.45,14.28,9.80,6.09,0.81,5.13,7.47,12.81,3.31,11.66,5.19,11.72,3.29,8.92,4.25,9.89,6.71,2.56,0.82,0.85,0.86,1.70
8	119378200	119379254	AACAT	5.04	HG02072:5.04	0.85,5.04
3	3831127	3831401	ACATACATGTATATGTGCAT	4.36	HG02072:5.04	0.85,1.63,0.84,3.21,0.83,5.04,0.81,4.07,0.82,1.72
17	63431467	63431856	ACGGGAGAGGGAGAGGGAG	4.27	HG02072:10.08	3.37,0.85,3.39,6.73,2.55,2.48,3.33,2.50,10.08,6.53,2.69,4.34,8.09,7.33,3.32,6.62,4.19,3.31,5.02,2.36,0.86,0.83,2.57,0.82,1.68,2.53,5.85
X	387677	389056	ACAGCACGGACGCCCCAGAG	4.07	HG02072:11.76	4.08,4.08,3.26,7.48,4.17,4.99,4.99,2.50,0.84,3.19,4.18,1.68,5.82,2.52,0.80,4.27,4.27,0.87,4.11,5.61,5.01,7.25,5.89,2.90,5.06,1.70,5.18,0.82,5.03,2.48,5.93,2.44,6.01,5.04,0.84,5.88,2.60,1.71,1.65,3.21,4.13,1.69,4.13,6.25,5.67,2.56,1.68,7.54,6.59,6.61,4.32,0.84,2.50,2.52,0.85,3.29,5.02,6.74,6.02,1.66,3.27,5.00,5.18,11.76,3.27,8.43,8.07,1.79,4.34,5.22,17.79,4.83,4.11,5.70,5.70,4.27,2.46,8.30,3.43,1.64,7.69,2.48,9.99,2.59,5.02,7.39,4.05,2.55,1.67,2.57,4.12,1.68,0.83,4.14,0.84,2.56,3.93,0.84,2.61,0.84,4.36,5.81,6.62,0.86,0.83,2.46,6.72,1.72,1.71,1.67,3.38,0.85,4.36,2.54,7.56,1.69,0.82,2.47,8.40,0.78,5.06,5.13,1.58,4.88,4.25,1.65,3.33
22	35206821	35207723	AAAG	3.78	HG02072:23.53	3.87,8.39,8.67,12.94,23.53,21.91,33.71,15.07,17.29,6.86,1.74,5.99,3.30,14.33
4	21758199	21759299	AAAG	3.58	HG02072:6.72	2.49,2.50,3.99,0.84,4.27,0.87,0.81,0.85,0.86,0.84,3.15,0.86,0.84,2.55,4.97,4.96,0.80,0.85,2.34,5.03,2.51,1.70,0.83,6.72,6.45,0.90,2.61,1.62,1.61,0.81,0.81,0.85,1.64,0.83,0.81,0.87
12	113953474	113953874	AGGG	3.37	HG02072:4.20	0.84,0.82,0.82,1.67,4.20,1.73,0.82,0.84,1.67,0.84,0.83,0.85
5	13427811	13428051	AAGG	3.36	HG02072:3.36	3.36
10	124686176	124686602	AAAG	3.35	HG02072:3.36	3.36,1.63
7	2553783	2555047	ATCC	3.28	HG02072:17.64	4.08,0.82,12.21,14.14,1.66,1.66,11.66,0.83,6.69,9.57,10.02,6.70,0.83,9.36,7.57,6.52,0.80,6.57,15.36,11.96,1.73,1.64,0.80,1.62,0.84,3.87,1.69,16.16,10.62,1.68,0.81,7.10,3.39,1.63,9.44,3.36,3.36,4.20,2.55,1.73,0.86,11.60,9.10,0.80,7.43,16.09,1.65,5.47,11.35,0.85,0.84,4.19,14.01,3.78,2.59,9.25,8.32,16.74,1.68,4.26,13.96,9.47,14.14,8.17,0.83,4.31,17.64,7.35,0.84,7.17,7.83,1.61,5.75,0.85,0.83,6.01,0.85,0.83,10.82,1.73,2.43,0.85,1.71,12.36,4.20,4.97,2.48,2.51,0.85,11.79,7.71,0.84,2.61,2.51,0.87,1.66,3.42,7.45,11.99,5.75,2.56,1.64,12.59,8.35,3.38,2.55,9.60,2.54,6.77,17.11,1.69,0.82,0.84,3.88,8.37,1.66,5.90,1.71,0.84,0.79,0.81,7.45,3.33,0.85,3.39
3	10914560	10915718	AGGAT	3.25	HG02072:9.24	0.82,0.82,1.66,1.66,0.83,0.83,0.84,1.68,0.83,1.70,0.84,1.65,1.63,0.82,0.85,0.85,0.87,0.82,0.80,0.81,3.36,1.94,1.69,2.59,5.87,1.65,0.81,7.62,0.81,6.87,0.84,0.84,0.85,1.73,0.86,3.31,4.96,3.21,1.65,0.85,0.84,0.82,0.84,0.84,0.83,1.67,7.76,9.24,2.45,1.69,5.65,8.07,0.87,1.61,4.89,2.56,4.93,1.66,6.86,0.82,2.56,9.10,0.86,0.82,0.81,1.67,2.57,0.82,0.83,0.83,1.67,0.85,0.79,0.84,2.61,1.67,1.75,0.83,0.83,1.71,2.48,0.82,0.85,3.28,2.52,2.57,4.18,0.84,0.87,0.85,3.42,3.36,0.85,5.72,3.36,0.78,0.84,1.69,0.85,2.51,0.81,0.85,0.83,2.55,1.69
X	145811457	145812159	AAGAG	2.91	HG02072:4.20	0.83,3.33,4.03,0.86,0.83,1.65,1.69,1.62,0.94,0.86,4.20,0.82,0.84,1.72,1.65
22	48599462	48600456	ACATAGATAGATAGATAGAT	2.58	HG02072:3.36	0.85,0.83,0.85,0.83,0.86,3.36,0.90,0.81,0.86,0.82,1.67,0.82,0.83,0.84
2	153781719	153782350	AAATATATATATAT	2.52	HG02072:2.52	2.52,2.61,0.84
10	11238648	11239351	AAAAGAAAG	2.52	HG02072:2.52	2.52,0.82
X	147696073	147696074	AAAG	2.52	HG02072:2.52	2.52
7	19258974	19259821	AAACATATATGTATATAT	2.49	HG02072:3.36	0.81,0.80,0.85,0.84,0.83,3.36,2.42,0.90,0.82,0.85,0.84,0.81,0.84,0.84,0.84,0.82,0.84,2.37,1.70
14	59634234	59635205	AAAG	2.46	HG02072:3.36	2.49,5.85,1.68,3.41,0.83,0.85,0.84,0.84,4.21,3.36,0.79
9	71892425	71893672	AAAG	2.45	HG02072:6.72	1.63,0.83,0.83,5.01,3.34,3.34,0.84,2.47,1.63,2.41,2.56,0.87,0.82,2.40,1.62,0.81,1.68,0.85,2.59,0.84,0.83,0.81,3.94,8.96,1.72,0.84,0.84,2.52,0.87,3.43,7.46,4.14,0.80,0.83,1.69,0.81,0.85,1.65,0.94,1.73,2.52,0.84,1.68,2.55,0.82,1.68,4.09,0.83,6.72,4.90,0.84,1.61,4.48,1.74,0.87,1.64,0.81,6.84,1.64,0.83,1.72,4.10,0.85,3.31,2.59,1.64,0.81,2.55,1.68,0.83,0.83,0.87,0.84,0.87,3.32,0.86,0.83,1.71,0.83,0.85,0.82,0.84,1.71,0.84,3.38,0.85,0.82,1.65,0.84,1.66,1.71,0.84,0.79,0.83,1.70,0.85
4	186977132	186977712	ACCCCCCGCCATCC	2.27	HG02072:10.92	5.71,3.26,4.89,3.33,1.67,2.50,4.99,3.33,1.67,1.60,6.68,1.68,1.66,3.40,3.37,8.23,8.22,7.33,2.41,4.10,3.41,4.27,2.60,3.29,3.20,1.67,2.43,2.42,2.52,4.84,4.22,7.66,2.59,6.54,2.52,3.30,6.51,5.52,5.08,2.44,0.86,7.56,1.68,7.57,5.10,2.60,4.29,3.31,4.96,7.23,4.13,0.83,1.56,4.86,4.27,0.84,5.03,1.65,8.50,5.18,1.68,5.82,1.67,3.35,6.81,2.46,4.19,6.74,1.72,4.99,2.45,9.99,1.73,10.92,4.90,5.90,8.88,6.27,5.21,3.48,3.23,4.83,4.11,3.26,7.33,5.13,3.29,2.49,1.72,4.92,5.98,6.62,1.67,1.73,5.86,1.64,2.43,3.40,5.00,6.86,9.07,3.36,3.31,4.97,3.35,2.56,6.29,1.71,2.51,3.48,5.02,3.49,4.15,4.28,1.65,0.86,5.79,12.33,5.12,3.28,7.55,3.43,5.85,5.06,10.19,8.72,0.85,2.54,3.42,6.72,0.85,5.72,4.95,0.84,6.21,4.19,0.83,6.74,2.56,4.18,6.31,4.88,2.55,3.31,11.64,7.64,5.08
14	106168438	106169775	ACCAGGGCTGAGTGATGAGG	2.19	HG02072:10.08	4.08,2.45,2.44,5.82,5.01,3.33,2.49,3.33,0.83,3.34,2.39,4.18,1.68,4.99,1.70,3.37,7.40,6.52,4.02,3.28,2.56,1.71,2.60,2.47,4.01,5.84,6.49,3.22,1.68,8.71,4.22,7.66,1.73,2.45,2.52,6.60,4.07,1.58,1.69,3.26,1.72,5.04,5.04,0.84,2.55,0.87,3.43,3.31,6.62,4.82,2.48,3.39,2.48,2.34,4.05,5.98,3.36,1.68,4.12,8.50,4.32,4.20,2.50,0.84,2.52,4.26,2.46,5.86,2.53,4.30,2.50,4.90,4.16,6.04,10.08,4.08,2.53,2.69,1.74,1.74,4.04,4.03,2.46,2.44,2.44,3.42,4.11,3.32,6.01,3.28,3.42,3.31,2.50,1.73,0.84,2.46,4.05,4.25,4.17,6.86,4.94,5.03,5.80,5.80,5.86,4.26,5.50,5.14,6.69,7.83,8.37,3.49,6.64,6.85,1.65,2.57,0.83,0.82,7.68,4.10,6.72,6.00,2.57,3.34,1.69,3.40,5.23,5.92,1.69,3.42,6.72,7.63,3.27,7.42,4.20,5.43,8.37,3.33,6.74,4.27,3.34,9.46,7.32,5.10,6.62,8.31,5.94,4.23
2	104267079	104267836	AAGG	2.08	HG02072:2.52	2.52,0.90,1.65,0.83,0.87,0.84,0.79,1.66
2	222430877	222431922	AAGAAGAAGAAGGAG	2.07	HG02072:3.36	0.82,1.67,0.83,0.84,0.83,0.81,0.80,0.84,0.82,0.84,0.86,0.86,1.65,0.86,0.84,0.85,0.84,3.36,0.81,0.81,2.36,0.83,1.65,0.83,0.84,0.86,1.74,0.85,2.52,0.79,2.55
19	33709061	33709451	AAAGAGAG	2.06	HG02072:2.52	0.83,1.61,2.52,3.23,2.43,0.86,0.83,1.66
15	75388994	75390041	AAAG	2.05	HG02072:17.64	14.49,19.48,17.15,23.16,17.64,8.15,12.00,1.66,0.84,7.83,9.96,4.10,16.49
10	118491233	118492366	AAAG	1.99	HG02072:26.89	22.85,14.16,0.84,11.69,17.59,18.51,26.32,25.26,21.73,14.77,18.50,18.39,17.71,19.48,21.84,21.86,15.13,19.05,23.16,25.72,16.09,26.57,19.46,0.85,0.84,14.16,16.81,12.63,8.63,26.89,14.70,37.91,20.17,25.09,18.27,16.28,22.31,20.94,12.54,23.17,14.56,1.69,1.74,19.03
10	11149368	11149612	AAGGGAGGAGATGGGAG	1.93	HG02072:2.52	0.82,0.81,2.55,0.82,1.73,2.52,0.87,1.71,0.83
17	26842855	26845584	ACACACCTCCACAGGGT	1.90	HG02072:20.17	10.61,8.98,10.58,9.15,6.68,17.47,17.45,5.83,9.18,8.36,7.98,5.85,7.54,6.66,5.96,13.47,9.05,4.11,12.22,16.10,11.49,11.95,9.40,6.06,11.51,10.42,12.52,12.99,16.92,10.93,10.65,8.43,13.61,7.78,12.26,7.55,8.25,14.66,20.51,19.48,13.04,9.44,19.32,8.41,11.77,8.50,13.01,7.72,12.43,6.62,13.66,7.43,9.32,9.92,17.19,8.92,14.52,14.26,4.19,15.66,7.55,9.50,12.61,7.49,17.57,9.23,16.18,8.21,13.40,11.79,10.33,5.82,8.17,7.49,11.21,20.17,8.98,9.27,16.94,9.86,8.69,12.18,14.56,13.69,6.57,14.67,21.17,8.54,9.86,0.83,7.72,18.87,16.23,8.27,9.99,10.37,7.54,12.32,10.54,12.76,12.50,11.14,10.71,8.39,12.42,16.57,16.74,7.67,14.93,9.43,6.69,5.22,7.53,9.60,11.62,10.27,11.58,16.28,5.79,10.69,16.22,13.96,16.79,10.29,10.28,7.52,5.91,4.24,8.72,5.92,10.15,10.27,10.08,9.32,11.45,18.14,14.28,18.63,15.91,12.48,6.74,12.82,11.70,11.83,21.15,8.49,7.45,6.65,11.03,10.16
15	50855994	50856673	AAAATAACAT	1.90	HG02072:5.04	2.55,0.83,5.04,4.21,4.48,7.28,3.22,4.86,6.81
3	11614158	11615032	AAAG	1.83	HG02072:2.52	0.81,2.49,0.83,0.84,2.52,1.79,0.82,0.87,0.86,0.86,0.82
16	16093077	16094219	AAAAG	1.73	HG02072:26.89	16.32,20.79,10.02,9.98,16.72,4.18,12.56,24.67,10.69,4.89,16.90,11.49,1.71,12.11,18.43,15.98,17.43,23.61,25.52,13.07,10.73,8.96,7.62,20.18,20.18,17.01,3.47,19.72,18.20,9.91,22.02,11.72,25.94,17.94,18.46,18.43,1.66,27.25,7.39,25.26,14.63,18.30,10.62,19.15,0.86,26.89,22.05,11.80,32.26,0.87,10.44,31.54,9.78,6.57,6.64,9.10,11.24,15.07,9.03,24.32,16.28,14.07,7.64,11.58
20	60432487	60433494	AC	1.73	HG02072:3.36	0.82,0.83,0.83,0.85,1.64,1.63,1.61,1.64,0.85,0.82,1.60,0.83,2.53,0.85,0.84,0.81,0.86,1.70,0.86,0.83,2.48,1.61,0.83,0.85,0.83,1.68,0.85,1.66,0.83,3.36,0.90,0.87,0.81,0.81,0.85,0.86,0.82,1.68,0.84,0.85,1.66,0.86,0.86,0.84,0.84,0.85,0.86,0.84,0.81,0.83,0.85
1	3499169	3499810	AACCCGCAGCCACCAGAC	1.72	HG02072:15.12	10.61,3.26,11.40,8.31,9.18,8.32,9.97,12.49,4.17,8.36,7.98,12.53,10.89,9.98,9.36,9.26,11.52,6.58,4.07,15.29,12.31,2.56,15.38,4.33,6.58,5.61,3.34,25.16,6.45,10.93,0.84,4.25,0.86,2.45,9.22,3.30,4.89,4.73,1.69,1.72,1.68,5.89,5.04,6.80,4.34,1.71,10.77,11.58,8.84,9.91,7.62,12.40,9.38,3.24,13.67,12.58,5.86,18.13,8.50,5.18,6.73,4.99,4.18,10.06,12.77,9.86,8.37,5.89,6.02,4.99,3.27,9.99,12.08,15.12,2.45,5.06,7.26,4.48,9.56,0.87,6.47,4.03,5.75,13.04,2.44,10.25,4.11,13.29,3.43,4.10,5.98,2.48,4.16,2.59,2.51,9.86,2.43,1.70,1.67,2.57,3.30,4.20,3.31,0.83,3.35,5.11,6.29,3.43,2.51,3.48,4.18,6.98,5.81,5.99,5.79,2.57,3.31,1.64,2.56,8.21,4.20,2.57,2.57,10.86,13.50,0.85,0.87,8.46,2.54,5.99,1.68,9.32,2.45,3.30,6.21,14.23,7.49,4.21,11.11,4.18,4.73,4.88,1.70,4.14,7.48,7.64,4.23
9	140445619	140446882	AGCCCCGCCCCGCG	1.72	HG02072:4.20	0.84,1.66,0.84,1.61,1.71,0.87,0.82,0.81,0.84,1.70,1.63,1.68,0.81,0.85,0.81,6.01,1.68,2.52,0.85,1.73,1.71,2.41,1.65,1.56,0.84,0.84,0.82,0.86,4.20,2.45,1.69,2.42,0.90,1.74,0.81,3.28,0.81,0.81,1.64,1.72,1.71,1.67,0.86,0.84,2.46,0.81,3.40,1.71,1.71,1.71,0.82,0.84,1.72,3.43,1.69,1.68,0.84,0.84,2.51
6	8253958	8255146	AACATACACATATAT	1.72	HG02072:3.36	1.66,0.83,0.83,0.84,0.84,0.84,0.80,0.85,3.46,0.80,0.81,0.97,1.70,0.84,2.37,0.86,0.84,0.83,1.61,0.83,0.81,0.84,0.86,0.84,0.85,0.86,1.63,3.36,0.87,1.64,0.81,0.86,0.85,0.83,0.86,1.62,0.85,1.71,0.86,0.85,1.69,1.55,0.79,2.44,1.65
8	98134687	98135846	AAAATAAAATAAAATAAAT	1.70	HG02072:5.88	4.08,1.70,1.71,5.61,0.81,1.70,4.09,1.65,0.79,0.81,1.68,1.68,0.85,6.94,2.57,0.83,1.65,1.61,0.83,0.78,0.84,0.82,1.89,0.84,1.64,1.67,0.83,5.88,1.63,1.69,0.81,2.69,2.43,3.22,2.46,0.81,1.63,1.71,4.11,3.32,1.72,0.82,5.98,6.62,1.67,0.86,1.67,1.62,5.96,1.68,0.87,1.65,1.68,0.84,2.55,3.38,1.71,0.82,4.21,0.84,0.85,0.85,0.85
15	100879199	100879690	AATGTGGACCTGGGGCGGGG	1.70	HG02072:4.20	2.53,2.55,2.44,4.29,1.68,1.73,1.71,0.83,2.45,4.20,2.69,2.48,1.64,2.57,3.93,0.87,3.49,1.74,5.08,0.82,1.70
17	40490463	40491280	AATACTCCTGGACCTGAGGG	1.68	HG02072:41.17	27.76,30.19,26.05,21.62,27.54,21.63,14.13,33.31,31.73,22.57,32.70,30.07,26.80,28.29,23.82,22.72,25.50,34.52,30.97,20.93,25.44,28.16,28.19,35.47,34.52,32.05,39.23,30.84,24.18,21.87,23.23,26.14,20.41,30.24,26.15,29.35,22.28,27.68,48.90,19.48,29.34,20.61,21.84,27.74,32.78,28.06,25.15,22.29,29.82,24.81,37.77,24.77,11.01,16.53,48.45,31.62,31.60,26.85,22.62,25.55,22.65,26.77,38.67,25.78,26.78,30.19,28.10,30.39,30.98,30.32,37.86,29.12,26.15,30.81,30.19,41.17,21.23,25.28,50.83,39.43,24.33,27.85,31.54,14.50,24.63,38.30,32.57,16.24,27.11,32.39,31.75,30.36,17.93,24.82,29.14,31.12,25.96,29.57,29.19,29.78,16.66,12.85,15.66,15.94,32.30,29.82,15.07,6.82,43.23,12.86,5.02,12.19,26.77,33.17,24.90,23.97,21.51,14.56,31.44,20.55,18.78,19.70,19.31,13.72,34.27,19.21,19.41,25.47,25.30,21.15,15.22,13.69,2.52,17.80,26.99,22.26,4.20,18.63,36.00,15.80,15.17,1.71,28.42,35.48,14.64,31.42,24.82,19.95,32.25,22.02
5	32567933	32568665	AAAG	1.68	HG02072:1.68	1.68,5.02,4.11
8	28828622	28828806	AC	1.68	HG02072:1.68	1.68,0.84
22	35784856	35784989	AAAG	1.68	HG02072:1.68	1.68,0.83,0.84
1	247254931	247255036	AT	1.68	HG02072:1.68	1.68
3	173711615	173711616	AGAT	1.68	HG02072:1.68	1.68
5	92345631	92345632	AAAAT	1.68	HG02072:1.68	1.68
5	5955354	5955403	AAAGGAGGGAAGGG	1.60	HG02072:1.68	0.85,0.84,1.68,0.83,0.84
8	21605293	21605803	AC	1.60	HG02072:1.68	0.81,0.79,1.68,0.81,0.82
10	8722831	8724251	AAG	1.59	HG02072:13.44	8.98,12.24,8.14,5.82,0.83,5.00,1.67,1.67,2.39,4.18,11.65,0.85,6.73,9.87,0.81,3.22,8.21,5.12,0.85,5.19,9.04,9.61,2.50,8.12,1.61,1.68,10.65,8.43,11.06,8.64,6.54,11.74,9.08,2.44,8.68,11.86,4.89,2.58,9.24,7.57,11.77,11.05,2.60,12.86,5.80,8.27,5.63,0.83,0.85,5.79,3.91,4.86,0.85,3.36,5.03,5.77,6.61,1.73,5.88,4.16,1.67,6.71,5.96,3.29,5.86,8.42,8.61,15.81,7.36,3.33,1.73,13.44,2.45,14.32,1.61,9.86,13.90,5.22,1.62,11.28,4.11,3.26,7.33,5.98,3.29,5.81,3.43,12.31,3.42,5.79,1.67,6.92,8.37,5.75,4.05,4.25,3.33,5.77,8.28,1.66,5.02,4.26,2.36,5.14,3.34,2.61,3.35,6.11,0.86,4.96,5.14,9.10,4.93,0.85,2.46,2.52,0.86,4.28,8.35,0.84,1.70,3.49,9.30,0.86,0.85,1.64,3.30,3.36,1.55,2.51,1.66,1.69,0.85,2.51,2.37,0.81,3.40,1.65,1.66,9.34,2.54
10	53374117	53375321	AAAGATGAATATATTC	1.51	HG02072:4.20	1.63,2.44,1.66,1.67,1.66,0.83,0.83,0.83,0.80,0.84,1.68,0.83,0.85,2.52,0.82,0.82,2.44,2.41,0.82,1.71,0.82,0.83,4.06,2.42,1.68,0.97,0.84,1.70,2.59,0.83,0.81,0.79,0.86,0.84,0.84,1.70,0.87,0.83,0.83,1.61,0.85,2.48,0.81,0.84,0.94,1.73,1.68,0.84,2.53,0.83,2.50,0.86,4.20,0.81,1.79,0.87,4.03,2.44,1.63,0.85,1.64,0.83,1.72,0.82,1.71,0.86,0.84,2.46,1.62,0.85,0.83,0.82,1.66,0.83,0.84,2.56,0.79,3.34,2.61,0.87,1.66,0.86,0.83,3.43,0.82,1.68,0.86,2.51,1.69,0.85,1.71,2.52,1.69,0.82,1.65,0.84,1.67,1.66,1.69,0.84,1.58,2.55,3.31,1.66,1.69
2	119669778	119670748	AAAG	1.49	HG02072:1.68	0.84,1.66,1.70,2.34,0.83,1.68
GL000216.1	14760	15433	AATGG	1.39	HG02072:3.36	0.82,0.81,0.83,0.83,0.83,3.34,0.80,0.84,0.84,0.85,1.68,0.82,0.81,0.85,0.85,1.64,0.80,0.83,0.84,1.69,0.85,0.82,0.84,0.79,0.85,1.72,0.83,1.69,3.31,0.78,0.85,0.84,0.84,1.89,0.86,2.52,0.84,0.84,0.85,1.67,0.83,3.27,3.36,0.90,0.87,0.87,1.62,0.81,1.63,0.85,0.83,0.85,0.83,0.83,1.73,1.67,0.82,0.84,0.83,0.84,1.74,1.75,0.83,0.86,0.83,0.83,2.52,1.72,0.86,0.84,0.84,0.87,0.85,0.82,0.84,0.83,0.85,1.67,0.79,0.81,0.83,0.85
21	32115248	32116197	AATATATATACG	1.31	HG02072:3.36	1.66,2.51,0.86,4.09,0.81,3.39,1.72,1.68,0.85,1.66,3.33,3.36,0.84,1.74,0.81,0.81,0.85,0.82,0.86,5.98,0.83,2.57,1.66,0.84,0.79,0.83,0.82,0.86,1.71,0.84,0.82,1.65,0.78,0.84,0.85,0.85
X	135809323	135810151	AAAG	1.31	HG02072:3.36	1.66,1.67,0.84,0.84,0.84,0.82,1.63,0.84,1.68,0.81,0.86,0.84,1.68,1.70,0.86,2.54,3.31,0.85,1.68,0.94,2.55,0.84,1.72,3.36,0.81,0.83,0.83,1.64,0.83,0.79,0.86,0.84,0.84,1.71,2.57,0.83,1.64,3.36,0.84,0.87,0.85,1.71,3.36,0.85,2.33,0.83,0.84,1.71,0.85,1.66
3	122257700	122258962	AAAG	1.29	HG02072:12.60	4.25,0.81,6.31,11.01,5.70,0.84,12.41,5.18,12.60,11.80,11.50,12.46,1.72,5.98,12.10,9.73,5.11,9.89,10.22,4.96,0.86,0.84,7.63,9.81,12.48,5.90,5.79,11.88
4	10135251	10136087	AATCCCAATTGATGGAG	1.28	HG02072:36.97	25.31,33.46,16.28,25.78,18.36,1.66,14.13,18.32,11.69,12.54,13.56,10.86,31.83,6.66,29.78,7.57,14.81,33.70,11.41,12.88,13.95,13.65,6.83,47.58,9.86,26.44,14.19,7.30,11.28,8.41,28.07,16.02,21.27,22.46,32.68,20.13,26.40,33.92,5.93,19.56,16.31,10.08,24.38,28.58,28.91,19.94,4.29,33.14,33.09,16.88,19.81,25.41,15.70,38.29,14.52,10.91,12.57,23.07,3.78,14.68,15.97,6.65,26.78,8.39,38.60,12.56,22.74,18.93,24.12,34.33,20.82,40.54,36.97,20.41,17.69,31.47,13.44,18.25,30.46,30.73,20.94,11.50,22.00,27.68,7.69,28.75,19.10,32.00,33.31,17.37,24.15,20.75,33.50,24.64,25.94,11.91,18.33,40.28,11.75,7.45,15.74,20.93,19.61,14.93,10.28,11.70,19.15,17.57,10.48,8.30,4.28,15.72,20.56,20.68,17.07,18.88,26.02,21.44,29.13,11.69,6.75,22.92,13.96,13.54,16.07,29.41,24.58,17.99,16.49,31.08,11.64,21.77,2.50,22.75,8.54,23.40,11.04,19.52,9.34,4.96,13.58,30.48
2	222430708	222432297	AAG	1.25	HG02072:15.96	1.63,3.26,2.44,1.66,7.51,3.33,0.83,4.16,2.50,5.85,8.77,1.68,13.31,6.81,0.82,1.64,9.78,1.64,1.71,10.25,6.06,1.64,10.42,0.83,3.25,0.84,8.43,0.85,8.64,5.72,7.55,4.95,4.07,12.62,2.58,4.20,1.68,11.05,0.87,14.57,0.83,6.62,9.64,5.78,5.08,3.31,4.69,1.71,8.39,1.65,5.66,8.64,1.68,7.49,8.37,4.19,1.70,0.82,0.84,6.74,0.86,7.49,8.17,1.67,13.80,15.96,2.53,10.49,12.55,2.61,3.48,4.04,2.42,0.82,9.78,2.44,0.85,10.80,2.57,10.67,0.85,3.31,2.59,5.86,0.82,3.24,3.40,15.83,7.71,2.47,2.52,0.83,3.31,4.19,3.41,11.79,1.67,0.87,3.35,4.36,9.96,8.56,5.79,10.28,7.45,7.40,10.24,13.43,5.15,10.13,7.64,23.56,1.69,20.30,14.28,10.17,11.45,4.95,12.60,5.43,9.98,0.84,0.85,5.01,15.77,21.97,2.55,20.68,4.16,10.18
X	66671521	66672965	AAG	1.25	HG02072:10.08	4.08,1.63,5.70,0.83,5.01,5.82,5.83,0.83,6.69,3.99,0.84,2.51,8.32,1.70,0.84,0.82,4.93,3.22,0.82,1.71,1.71,0.87,5.75,2.40,4.06,0.97,6.75,1.70,0.86,1.63,1.68,4.95,0.81,0.79,0.85,0.81,5.15,2.52,7.57,4.20,6.80,3.43,1.66,4.96,5.63,5.08,4.13,2.34,5.13,1.68,3.35,6.59,0.94,7.77,0.84,8.32,3.35,3.41,2.46,4.19,2.53,1.66,7.36,5.00,1.73,10.08,1.63,2.53,0.81,9.86,4.34,2.61,4.85,0.81,4.11,4.89,1.63,1.71,4.11,0.83,3.43,3.28,0.85,0.83,1.67,1.73,4.19,3.29,0.81,8.51,2.50,7.71,4.94,2.52,3.31,8.28,0.84,7.67,5.50,10.28,10.03,5.22,7.53,5.24,4.98,11.13,8.27,4.28,1.65,7.40,5.12,1.64,4.20,6.00,6.00,1.67,13.50,3.40,6.11,8.46,5.92,8.56,5.04,7.63,4.09,7.42,2.52,3.11,3.35,3.33,4.21,5.98,9.19,4.73,4.88,7.64,1.65,7.48,3.39,5.08
22	47776367	47777722	AGAGGGGGGGAGCCGGGG	1.25	HG02072:3.36	0.81,0.83,1.67,0.83,1.60,0.84,1.68,0.85,2.44,1.61,0.82,0.85,0.80,0.84,1.69,1.70,1.63,1.68,2.37,0.85,0.81,0.84,0.84,1.68,3.40,0.87,0.86,0.83,0.83,0.80,0.83,0.83,0.78,0.81,1.68,0.82,0.83,0.84,0.84,0.86,0.83,0.82,0.83,3.36,0.82,0.84,1.61,0.90,1.74,0.81,0.81,1.71,0.82,1.66,0.86,1.64,1.71,0.83,0.81,0.82,1.66,0.85,0.79,0.87,0.83,0.86,1.65,0.82,0.84,0.84,0.84,0.87,0.85,2.57,1.69,2.45,1.65,0.84,0.84,6.65,4.18,1.63,2.49,0.85
15	24082913	24083865	AAAG	1.25	HG02072:2.52	0.81,3.33,0.80,0.85,0.82,0.83,0.82,0.83,0.86,0.83,0.84,0.84,2.46,0.84,2.52,0.81,1.67,1.68,0.86,0.83,0.84,0.84,2.49,2.54
5	95573519	95574528	AAG	1.17	HG02072:2.52	1.66,0.83,0.84,0.81,1.64,0.85,0.82,0.84,0.85,0.84,1.65,0.81,0.83,0.84,1.66,0.84,0.83,0.82,1.67,2.52,0.84,0.81,0.82,4.27,0.83,0.81,0.82,0.84,0.84,0.83,1.65,0.82,0.85,1.65,0.83,0.85
2	236061128	236061717	AAAG	1.15	HG02072:1.68	0.82,0.84,0.84,0.81,1.68,0.84,0.83,0.83,0.83
13	113808686	113809280	AGGCGGGGCGCGGGGG	1.14	HG02072:5.04	0.82,0.82,4.16,0.83,1.66,3.33,0.84,1.60,0.84,0.84,4.99,0.85,0.84,0.82,0.81,0.80,0.82,0.85,0.85,0.87,1.64,0.83,1.62,4.03,0.84,2.90,0.85,0.86,0.82,4.13,0.81,3.15,0.81,3.36,1.68,0.85,4.34,0.83,0.83,2.48,0.85,2.48,1.68,4.94,0.94,0.84,3.35,1.72,0.82,0.83,1.73,5.04,1.63,3.37,0.81,1.79,0.87,3.48,0.81,0.81,1.64,0.81,0.81,2.56,2.46,1.66,0.86,4.92,0.83,1.67,0.86,0.84,0.82,0.83,1.71,0.82,0.83,2.51,0.79,2.57,2.51,1.74,1.67,2.49,1.71,2.48,2.57,4.14,1.64,0.85,3.28,0.84,1.72,2.57,1.67,1.69,3.38,0.86,0.85,3.27,0.84,0.78,1.66,1.69,1.67,1.58,1.65,1.70
6	136249182	136250081	AAATATATATATAT	1.14	HG02072:2.52	0.83,0.80,0.84,0.80,0.82,0.84,0.81,2.37,0.81,2.52,1.73,1.61,0.84,0.86,1.67,0.86,2.52,0.84,0.81,0.81,3.26,1.66,0.82,0.83,3.40
3	21465089	21466044	AAGTATATATATAT	1.08	HG02072:3.36	0.83,1.67,0.97,2.59,1.65,0.85,0.84,0.85,2.60,0.80,0.83,0.84,1.66,1.64,0.84,0.82,3.36,1.64,2.44,0.86,0.83,3.35,4.25,0.83,2.48,2.47,2.55
6	34941067	34941571	AAGGGAAGGGGAAGGGG	1.08	HG02072:2.52	0.83,0.83,0.83,0.84,0.82,0.81,0.84,0.84,0.85,0.87,0.86,0.83,0.80,1.69,2.34,0.84,0.83,0.83,0.86,2.52,0.82,0.87,0.81,1.63,0.86,1.67,0.82,0.82,0.83,2.56,0.83,0.86,2.48,2.52,0.84,0.84,0.82,1.66,0.85,0.79,0.83,0.85
7	73286826	73287754	AAAG	1.07	HG02072:3.36	0.83,1.70,1.73,0.80,1.94,2.55,0.86,4.19,1.63,3.94,0.85,0.86,1.68,2.55,0.83,0.82,1.67,3.36,0.82,1.69,1.61,1.79,0.87,5.22,4.07,0.81,0.85,1.72,0.83,0.86,0.83,0.79,0.85,0.86
9	112324007	112325209	AAG	1.06	HG02072:4.20	0.82,3.33,2.49,0.83,1.60,1.67,1.70,1.65,0.81,4.83,1.71,2.40,2.53,1.70,1.65,1.63,2.37,0.85,3.36,0.84,0.84,3.40,3.47,0.83,0.83,0.82,1.73,2.52,0.83,2.45,4.16,4.20,3.27,0.81,0.87,0.81,2.56,3.29,1.72,2.56,1.65,5.00,2.59,0.82,2.48,0.84,0.79,0.84,2.57,0.83,1.68,0.86,0.84,0.85,0.86,2.54,0.82,0.84,2.50,1.67,0.85
9	78965836	78966914	AAAG	1.04	HG02072:6.72	6.53,5.01,0.84,0.82,4.22,6.71,4.95,7.33,2.54,4.89,1.68,6.00,2.49,0.80,0.84,6.59,0.82,1.67,0.86,4.99,6.72,14.70,4.84,3.28,1.63,3.42,0.82,13.29,0.82,4.27,1.67,1.64,2.55,1.71,4.96,4.28,1.70,3.36,0.79
7	33753801	33754963	AGG	1.04	HG02072:5.04	3.27,1.63,0.81,2.49,2.50,4.16,1.66,1.67,0.83,0.84,1.60,2.51,2.50,4.25,3.29,2.41,0.82,5.13,3.46,0.82,0.80,2.50,2.42,1.68,3.87,0.84,3.40,1.73,1.63,0.84,0.83,0.81,1.58,2.54,4.29,2.52,1.68,0.84,2.60,0.86,1.66,3.31,2.41,4.95,5.08,3.31,1.62,2.56,1.68,1.65,0.94,1.73,0.84,2.50,1.67,0.84,2.55,0.82,0.84,0.84,1.72,3.33,1.63,2.50,0.86,5.04,4.08,0.84,1.61,2.69,1.74,0.81,0.81,2.46,1.63,0.85,0.82,2.49,2.57,1.64,1.71,0.83,0.83,3.46,2.51,0.82,0.85,0.83,1.71,0.82,3.31,1.66,0.84,0.85,2.36,6.00,0.84,0.87,1.67,1.75,3.32,2.57,1.65,0.86,1.65,3.29,1.71,1.64,0.84,1.72,0.86,1.67,0.84,0.85,1.74,1.69,2.54,0.86,1.68,3.39,0.82,1.65,0.84,0.84,0.83,0.84,2.56,0.84,2.37,0.81,1.70,2.48,1.66,3.39
2	105440464	105441237	ACCACCACCACCATC	1.04	HG02072:2.52	2.44,1.67,0.83,1.67,1.60,0.85,0.84,0.82,0.82,0.80,1.64,1.73,0.82,2.43,0.84,0.83,0.86,0.80,0.81,0.84,1.64,0.84,1.72,2.52,0.82,0.85,0.83,0.83,0.83,0.84,0.84,0.84,1.58,0.83,0.85
