motif	top_case_zscore	high_case_counts	all_counts
AAGGAAGGGAAGGAGG	7.77	HG02372:27.49	6.53,5.84,4.16,3.32,1.67,5.85,2.51,5.82,3.40,3.37,5.76,3.29,2.41,4.92,2.60,6.41,10.02,4.06,5.89,4.84,14.69,9.81,5.87,4.13,17.10,15.77,2.54,5.70,11.16,4.20,9.25,15.97,8.50,4.34,2.57,12.43,11.58,4.13,3.39,3.13,5.87,4.72,1.68,3.35,5.82,7.36,4.16,2.59,5.88,4.08,7.58,13.72,2.69,6.95,7.83,27.49,5.64,0.82,11.41,8.96,4.27,19.72,0.83,3.43,8.21,6.83,4.96,13.32,7.78,6.70,4.11,17.03,5.11,0.86,0.84,7.07,0.87,1.71,0.83,1.65,1.64,4.20,6.85,5.06,3.49,4.23,4.23,1.69,0.83,7.69,3.34,7.88,1.63,1.70,0.83,6.79
AAGGAAGGAAGGAGAG	4.43	HG02372:16.17	1.63,0.83,1.67,5.01,1.60,1.67,1.66,12.76,0.84,1.65,0.82,1.61,0.82,0.85,1.71,2.60,2.47,0.81,3.22,1.94,3.46,5.72,2.52,4.13,2.44,3.94,0.85,5.15,0.84,4.20,1.73,2.49,0.83,1.65,1.66,1.67,1.66,1.63,4.08,0.90,0.87,0.87,16.17,3.22,2.44,1.71,2.46,2.49,0.86,2.46,2.56,0.83,0.83,0.86,4.19,1.64,0.81,11.06,0.83,0.82,7.45,0.83,0.84,0.85,10.28,4.18,0.87,4.15,3.31,0.83,0.82,0.84,3.43,6.00,8.72,1.69,3.38,0.86,8.40,6.54,1.65,10.87,3.33,0.84,1.71,3.34,15.77,1.63,0.85,0.83,0.85,5.08
ACCTCCCTCTCC	3.52	HG02372:29.92	1.63,9.18,1.66,6.73,13.16,6.52,4.10,21.37,4.84,0.84,2.90,5.90,0.85,1.63,0.84,4.95,6.51,2.44,30.05,0.84,7.57,1.70,14.91,3.31,0.81,1.71,0.84,0.94,2.59,10.93,3.35,3.41,0.84,1.63,0.86,0.84,4.90,0.84,33.08,1.79,17.40,29.92,2.42,5.75,13.85,5.70,1.66,7.39,4.27,5.79,3.46,3.29,1.70,9.94,8.28,3.35,11.14,0.84,16.54,1.75,12.45,2.57,0.83,6.62,13.66,0.84,1.72,3.34,32.91,2.55,4.36,11.84,4.20,15.54,1.65,11.76,10.09,2.51,6.65,5.85,9.46,4.88,3.31,20.37,7.62
ACCCTC	2.71	HG02372:16.17	1.63,4.90,2.44,6.65,2.50,3.33,6.66,1.67,7.52,5.58,7.52,2.51,1.66,4.25,1.68,7.40,3.29,7.33,3.22,0.82,0.85,6.83,1.73,3.29,3.20,6.68,2.43,12.09,2.52,2.90,2.53,9.36,7.78,1.63,14.26,3.30,8.14,14.20,3.39,1.63,12.02,0.84,8.41,6.73,7.65,6.94,8.57,4.14,8.27,9.64,3.30,7.62,3.31,3.91,2.43,4.27,1.68,5.77,4.72,1.73,2.52,4.99,6.69,0.84,5.11,2.46,5.02,3.37,1.72,3.33,6.54,4.16,2.59,5.04,6.53,1.69,15.33,8.07,7.82,12.18,16.17,4.83,9.03,12.22,4.07,1.71,25.47,4.98,10.30,5.74,5.98,6.62,8.33,3.46,6.70,8.21,1.62,3.40,2.50,1.71,3.30,1.68,7.45,2.51,3.41,12.57,2.57,2.51,2.61,0.87,4.98,3.42,3.31,4.28,4.14,0.82,5.97,9.03,5.15,6.85,7.52,5.91,4.24,4.36,5.08,6.77,12.84,1.68,5.08,16.35,0.82,10.08,12.42,6.70,14.14,2.53,3.42,4.18,1.58,13.83,7.64,4.14,4.16,2.55,2.54
ACCCTATCCACCCTCTCC	2.43	HG02372:5.66	0.81,5.84,2.50,1.67,1.60,0.84,3.35,0.85,2.52,0.82,3.22,4.10,4.01,4.17,1.62,1.68,0.97,1.73,0.84,0.81,0.85,0.84,0.87,0.83,4.82,0.83,0.81,2.56,5.77,2.53,1.72,1.66,0.87,5.66,1.71,0.85,1.73,1.67,0.81,0.85,2.52,0.79,2.57,0.85
AATGGTGAGGAGCACTGGGG	2.43	HG02372:4.85	0.83,0.83,0.84,1.65,0.80,0.85,0.97,1.70,0.86,5.72,1.68,1.65,2.37,0.85,0.81,1.72,0.84,0.84,3.47,2.49,2.41,1.65,0.84,0.82,0.86,1.63,0.86,0.82,2.69,1.74,4.85,2.44,0.82,0.86,4.92,0.83,0.86,1.62,2.55,1.74,3.36,0.84,0.81,0.83
ACAGATCCTGGCCACTCTGC	2.37	HG02372:19.41	4.90,5.71,11.40,11.64,8.35,5.82,9.14,8.33,5.01,7.52,9.57,19.21,4.19,19.97,5.96,4.21,15.63,12.33,9.78,12.07,7.39,5.97,8.54,6.06,5.75,8.01,10.85,4.06,4.03,9.25,6.78,7.59,17.86,14.69,12.26,12.58,8.25,5.70,14.99,4.23,7.33,4.29,15.12,9.25,15.97,5.95,16.48,1.71,7.46,4.14,11.25,3.30,3.39,4.13,11.72,7.30,8.54,9.23,11.73,14.01,4.72,4.32,1.68,9.98,5.02,7.55,5.11,16.43,2.51,5.05,11.19,11.65,5.72,6.66,1.73,12.60,4.08,4.21,4.84,6.27,5.21,5.22,19.41,19.33,4.11,15.48,13.03,10.25,3.29,9.97,11.15,5.74,17.08,19.03,4.16,6.05,11.72,11.50,10.54,17.02,3.33,7.71,4.94,5.03,6.63,13.25,9.21,11.08,11.79,12.00,5.02,6.96,3.35,10.48,2.49,2.57,6.62,11.14,4.14,9.87,12.80,6.57,5.04,3.43,4.28,4.18,8.44,13.58,13.96,6.77,4.23,11.98,10.92,1.69,6.54,14.84,4.20,9.32,4.19,4.99,8.43,17.09,3.34,8.67,14.64,11.04,5.79,7.48,4.24,9.31
AAGGAAGGGAGGGAGG	2.37	HG02372:3.23	0.83,0.83,0.80,1.70,0.82,1.67,0.86,0.84,0.86,0.84,0.85,0.83,0.85,0.82,0.84,0.83,3.23,0.82,1.62,0.85,0.84,0.83
ACCACCACCACCATC	2.29	HG02372:9.70	3.27,1.63,4.07,0.83,9.15,4.99,3.33,1.67,1.67,0.84,1.68,0.83,1.70,2.52,6.58,3.29,5.70,4.02,0.82,0.85,2.56,2.60,2.47,3.20,6.68,2.43,8.06,0.97,2.53,4.25,6.05,5.72,2.52,2.48,4.89,1.58,0.85,1.63,3.43,5.04,4.20,1.68,0.85,4.34,2.57,1.66,0.83,2.41,0.83,0.85,7.44,5.47,1.62,6.83,1.68,3.35,3.30,2.83,1.73,0.84,0.83,0.84,2.52,1.70,2.46,0.84,1.68,5.16,1.66,0.82,1.67,0.86,2.52,3.27,1.79,3.48,4.35,9.70,8.06,1.64,3.26,1.63,4.11,0.83,4.10,1.71,1.65,6.66,1.73,1.67,3.29,4.86,3.40,4.17,1.71,5.77,2.52,8.28,4.14,1.67,3.41,5.50,1.71,1.67,1.74,0.84,3.49,2.49,4.28,4.14,2.57,0.83,4.11,2.56,5.75,3.36,0.86,2.57,1.67,5.06,6.79,4.36,11.84,6.77,2.57,0.84,1.69,3.30,3.36,1.55,6.70,5.82,1.69,3.42,1.67,7.88,1.63,7.64,2.48,1.66,2.55,5.08
AAGGAGAGGGAGGGAGG	2.09	HG02372:5.66	0.84,0.83,2.47,2.53,4.25,0.84,2.48,0.81,0.84,2.52,4.34,3.31,0.83,0.78,0.81,2.47,5.04,3.27,0.84,5.65,0.90,5.66,1.64,3.31,0.86,0.82,3.33,0.82,2.52,0.83,1.66,0.87,0.84,1.66,3.31,2.57,0.82,0.84,0.85,1.74,3.38,0.86,2.45,1.65,1.55,5.02,0.83,0.79,2.44,0.83,0.85,1.69
AAAGG	1.99	HG02372:59.03	13.06,8.98,47.22,3.33,0.83,10.82,8.31,4.16,32.56,27.58,19.94,24.22,26.80,12.48,16.17,4.21,12.34,26.30,34.23,5.63,18.06,6.83,17.09,15.57,32.06,5.61,12.52,19.48,6.45,15.98,10.65,12.65,13.61,26.78,26.15,15.09,29.70,96.08,33.92,31.33,11.41,28.33,5.88,30.27,36.99,34.87,13.87,6.86,76.21,11.58,85.99,13.21,15.24,50.41,18.75,13.78,2.56,7.55,14.24,11.54,0.94,19.86,53.80,4.99,11.71,36.06,17.88,16.43,10.05,12.63,18.07,8.32,36.78,15.82,5.18,15.96,9.80,52.24,16.94,17.03,43.44,22.63,59.03,4.03,24.63,23.63,13.84,21.36,56.68,10.80,14.59,39.39,48.68,35.57,16.65,44.09,37.69,19.71,12.16,38.29,7.50,2.57,9.07,4.20,8.28,26.51,53.58,18.75,44.80,12.00,7.52,8.70,8.37,16.59,6.64,2.57,15.72,14.56,6.62,7.40,10.24,14.78,15.95,3.43,11.14,3.34,16.03,1.74,2.54,5.07,12.84,7.56,11.02,34.34,23.09,6.72,20.96,15.91,18.30,15.17,11.11,22.57,8.67,19.52,12.74,7.45,2.49,12.73,0.85
AACCCCTAACCCTAACCCT	1.94	HG02372:79.25	13.06,26.87,17.47,21.39,49.24,8.54,0.82,18.55,14.46,14.03,66.77,25.41,10.59,94.08,6.73,9.35,12.86,21.54,106.88,5.93,3.31,45.32,7.69,12.58,73.34,20.13,14.78,20.65,9.98,25.34,27.76,2.69,79.25,18.89,35.86,23.93,32.04,11.63,105.54,23.80,17.93,13.43,33.93,1.55,12.56
AACCCTACCTACT	1.30	HG02372:2.43	0.82,0.83,0.83,0.83,0.80,0.84,1.64,2.50,0.84,1.73,0.82,0.86,0.84,0.83,0.83,0.94,0.84,0.84,2.43,0.81,0.82,0.85,0.82,0.83,0.83,1.70,0.86,0.82,0.84,0.85,1.64,1.66,0.79,0.85
AACCCTCACCCT	1.15	HG02372:4.85	1.63,0.83,2.50,0.84,1.60,0.84,4.21,1.63,0.82,0.83,0.81,2.53,1.70,4.32,2.45,1.68,3.26,2.37,0.86,0.84,2.55,4.34,3.43,3.31,1.65,0.80,2.48,0.84,0.82,0.84,0.84,2.55,0.84,0.82,1.67,2.59,0.84,0.82,0.81,2.69,0.87,4.85,0.81,4.11,2.44,0.81,0.82,2.56,0.83,0.82,1.70,4.97,0.85,1.57,1.71,0.87,5.14,2.57,0.83,0.82,3.28,2.52,0.85,0.87,0.85,5.13,1.68,0.85,1.64,0.78,2.44,1.65,1.70
AAAGGATGAGGG	1.10	HG02372:115.64	75.92,70.18,88.75,60.70,67.61,79.87,59.84,54.96,101.87,90.26,78.97,111.08,73.71,59.90,108.06,70.69,99.52,76.44,74.97,78.89,61.56,69.11,63.22,70.07,66.58,80.12,86.80,71.42,97.51,74.01,76.48,73.36,75.70,89.85,90.70,69.60,67.66,102.60,119.89,90.61,73.35,74.69,46.20,77.35,100.88,82.49,77.18,53.15,102.72,69.48,98.84,41.28,93.15,84.30,131.28,95.66,91.40,46.14,77.91,64.28,57.58,43.18,66.41,85.67,71.96,56.19,47.69,67.34,54.43,46.32,65.40,71.54,85.00,70.78,70.73,73.94,66.96,76.67,121.03,69.00,71.25,76.58,115.64,78.13,93.61,110.84,78.98,64.94,105.15,75.57,64.35,97.65,92.24,64.52,75.77,64.83,71.18,64.88,89.19,68.07,68.31,82.27,28.02,43.64,62.95,114.30,46.05,22.16,115.53,61.71,47.65,49.62,67.76,55.00,79.68,76.18,76.13,82.24,49.64,69.88,91.32,64.85,95.69,41.16,53.12,54.28,52.32,70.46,62.82,43.99,43.98,101.83,73.94,82.21,125.11,42.88,42.01,88.50,113.03,29.94,73.32,96.55,84.42,83.57,112.27,93.42,29.78,35.75,61.11,84.67
