#contig	start	end	unit	top_case_zscore	high_case_counts	all_counts
4	41161322	41162402	AAG	19.73	HG02386:20.59	0.83,0.82,0.84,1.68,0.83,0.85,0.78,0.84,0.86,0.83,0.87,20.59,0.86,1.62,0.84,0.85,0.87,0.87,0.85,0.85,0.84,0.84
4	73415745	73416120	AAGAAGAGG	18.88	HG02386:18.88	18.88,13.66
1	181229886	181230696	AAAAT	12.91	HG02386:21.45	0.81,14.40,0.84,17.24,21.45,11.10
6	24000506	24001492	AAAAT	10.29	HG02386:10.30	1.68,10.30,0.86
2	158410017	158411361	AAAG	8.90	HG02386:19.73	2.50,0.83,2.51,1.68,0.81,0.80,0.85,0.80,2.90,1.69,1.70,2.52,3.30,2.37,1.68,4.29,1.66,1.65,3.21,7.44,2.34,1.68,0.84,0.84,4.09,1.67,0.86,1.68,1.63,10.95,9.68,0.90,8.09,1.64,1.63,10.58,1.71,1.64,7.47,19.73,3.31,8.64,5.02,0.81,1.70,0.86,0.82,5.87,1.66,2.36,0.86,0.84,6.64,0.86,1.65,1.71,4.11,1.64,0.84,3.43,1.67,2.53,1.74,0.85,0.86,2.54,2.45,3.88,3.35,1.66,4.21,0.85,1.67,3.94,1.69
3	193079696	193081348	AAAGAAAGAGAG	8.52	HG02386:24.02	3.26,4.07,5.84,10.83,9.18,15.87,3.33,5.11,10.10,11.51,6.44,8.53,11.96,11.68,5.68,2.52,5.81,5.95,12.09,9.81,10.06,15.68,7.33,13.41,11.86,3.26,12.60,6.73,8.41,14.74,4.29,14.06,3.30,8.47,2.48,9.73,4.19,11.73,14.83,2.83,4.32,4.20,6.69,8.39,6.81,7.54,17.68,8.61,9.15,9.81,3.33,15.53,5.88,9.80,1.69,3.23,13.03,12.18,2.43,5.64,14.78,18.74,9.77,12.82,9.14,24.02,7.39,9.39,4.14,1.67,10.37,1.67,5.75,7.30,11.91,4.17,6.00,4.20,3.32,1.71,5.79,0.84,3.43,7.85,5.13,4.95,3.42,5.10,5.79
7	96941208	96942511	AAAG	7.79	HG02386:18.88	4.89,10.81,0.84,10.21,0.80,11.96,7.21,1.67,0.81,12.09,5.10,10.25,3.39,13.04,5.89,5.93,19.83,1.56,1.62,5.66,10.36,1.67,5.96,4.83,18.88,0.83,10.71,3.34,6.85,4.10,0.85,5.88,5.04,10.25,10.25,0.83
4	179874026	179875564	ACC	7.05	HG02386:29.17	9.80,13.06,21.98,10.81,10.02,7.49,13.30,18.32,10.02,10.87,9.57,15.03,15.92,5.82,11.06,20.20,9.05,12.33,12.22,20.12,4.10,11.95,18.80,6.92,4.93,20.83,26.71,8.12,8.86,22.71,10.65,15.18,18.71,23.33,12.26,5.03,9.08,14.66,14.99,11.86,13.04,16.31,18.48,15.13,15.97,13.61,18.21,7.72,15.74,23.16,16.88,8.26,5.93,20.66,13.28,11.35,2.56,10.07,9.22,9.06,17.93,9.50,14.29,17.47,6.69,14.26,7.66,16.43,8.37,15.16,14.63,12.48,15.53,5.00,9.49,9.24,14.70,11.80,16.14,10.75,10.43,13.05,16.17,20.14,18.06,30.97,13.03,5.13,16.43,19.93,29.17,13.95,3.42,9.93,13.32,6.05,10.05,18.89,15.40,17.02,6.66,10.28,11.54,10.07,14.91,21.54,6.70,8.52,14.93,13.71,6.69,4.35,14.22,9.60,15.77,10.27,5.79,16.28,10.76,13.98,16.22,14.78,10.07,15.44,7.71,13.36,13.50,11.88,8.72,12.69,10.15,8.56,15.96,11.02,15.54,16.49,10.08,16.30,9.21,5.82,6.74,10.25,15.04,9.46,4.07,4.25,11.58,17.46,9.34,12.70
2	55710617	55711221	AAGGG	6.90	HG02386:13.73	3.27,7.48,1.67,0.83,3.34,3.37,3.25,2.42,4.19,4.07,3.36,0.84,1.73,3.24,0.85,5.86,5.18,3.35,4.19,5.05,0.86,4.16,6.04,0.87,1.61,13.73,2.55,1.67,2.57,7.42,2.52,2.48,0.83,1.67,1.70,6.29,1.71,4.18,1.74,3.49,3.32,2.57,4.14,6.85,3.31,4.10,6.85,8.35,7.59,1.70,0.87,2.54,2.54,0.86,0.85,4.91,3.30,5.88,3.88,4.19,1.66,9.27,0.84,4.07,10.19,1.66,0.85
2	235297029	235298633	AAAACCTAGGCTAGAAG	6.68	HG02386:49.76	34.29,23.66,26.87,19.96,41.73,28.29,37.40,20.82,25.05,22.57,42.28,30.90,35.18,35.78,28.93,28.61,41.13,31.23,26.89,27.37,27.91,29.86,36.74,27.68,34.52,24.84,44.24,31.65,28.20,36.17,29.04,29.51,31.47,25.05,34.32,34.38,23.10,53.74,35.49,25.41,34.23,33.48,32.76,24.38,32.78,33.16,31.22,33.43,25.68,28.95,20.89,19.81,27.95,23.14,22.66,17.84,27.33,24.33,30.16,24.72,26.43,31.95,20.18,29.94,39.33,30.19,25.55,27.10,35.17,25.26,36.14,26.62,30.24,36.64,34.50,26.89,30.21,32.02,30.66,45.70,24.33,27.85,32.35,41.89,25.45,35.04,31.75,24.78,30.40,28.24,49.76,29.54,28.18,32.26,39.14,38.90,41.04,23.82,26.76,28.08,40.82,41.13,28.84,31.89,25.67,32.30,35.16,28.13,26.72,27.43,24.24,30.47,28.44,27.93,26.56,22.25,43.03,33.41,38.89,23.02,30.73,31.19,37.77,26.59,25.70,36.75,32.91,27.16,38.39,17.77,26.22,30.81,27.73,27.97,28.62,32.98,33.60,20.96,32.65,29.11,37.08,22.22,25.91,29.17,43.93,40.77,25.65,21.62,23.76,24.56
8	84000177	84001594	AAATATATATATAT	5.99	HG02386:17.16	5.71,0.82,7.33,0.83,3.33,4.99,2.50,7.52,1.60,9.19,0.84,9.15,7.57,9.05,5.75,3.41,3.46,1.64,3.20,2.50,2.43,9.67,0.84,11.62,6.75,1.70,4.09,2.52,2.48,4.07,11.83,3.39,4.89,8.59,1.68,1.70,5.20,3.43,0.83,4.14,3.21,7.44,7.03,13.78,6.83,7.42,11.23,0.84,2.50,7.53,4.19,2.55,3.29,0.84,5.89,2.58,0.83,0.82,8.33,1.68,12.25,3.37,4.03,2.69,5.21,1.74,4.85,8.86,8.21,7.33,7.33,6.57,6.64,17.16,7.69,3.31,1.67,1.73,14.24,5.75,0.81,5.96,3.35,1.71,0.85,0.85,0.86,0.85,1.69,0.85,0.85
4	10135463	10137300	AAGTGATGTAGCATCCC	5.91	HG02386:54.91	8.35,29.95,34.91,20.87,44.27,24.96,25.25,30.97,23.04,13.67,15.42,21.76,22.71,38.58,26.06,12.70,26.04,25.72,55.13,32.72,25.13,31.15,4.16,22.64,47.69,15.60,11.96,54.91,12.97,27.23,32.28,19.41,9.15
6	119062118	119063492	AAAAT	5.54	HG02386:43.76	13.88,1.63,0.83,4.16,51.77,17.55,2.39,2.51,4.19,0.83,4.25,1.68,1.61,21.34,0.85,20.29,1.61,34.85,5.06,0.86,5.03,6.60,2.44,5.08,15.48,0.86,12.61,27.74,17.86,3.47,32.58,9.11,0.83,23.30,24.22,1.62,24.33,1.68,1.89,0.84,0.85,31.21,0.84,21.05,9.15,0.83,3.45,21.01,23.68,7.58,1.61,0.90,9.56,4.35,22.64,45.91,1.64,40.75,23.61,0.85,1.64,4.98,43.76,16.41,5.12,3.31,13.32,4.32,2.51,23.00,18.65,26.38,12.59,14.91,25.15,10.87,22.63,0.87,2.48,0.85,3.43,16.03,2.54,20.17,4.99,26.49,0.83
5	126582503	126583886	AAG	5.23	HG02386:21.45	11.43,5.71,3.26,14.14,5.84,5.82,19.20,8.35,2.47,6.58,5.70,7.24,7.79,4.17,5.68,7.25,5.05,15.49,8.43,4.25,11.23,4.09,4.19,1.63,11.04,9.78,2.58,4.20,20.18,13.45,3.40,4.34,11.14,7.46,13.66,8.26,8.47,14.88,11.10,6.71,12.57,4.99,4.19,4.26,5.02,9.98,8.17,14.99,12.08,5.88,15.51,5.06,5.65,12.55,5.21,2.61,10.51,13.69,12.32,14.66,4.27,7.39,21.45,6.83,12.41,8.33,11.24,10.89,12.32,8.11,9.16,9.11,10.28,2.51,2.57,3.31,13.71,0.83,5.75,3.36,6.86,2.62,1.69,6.77,5.04,7.36,1.65,6.21,0.84,3.33,0.84,7.69,17.35,0.83
5	3066672	3067896	AAAG	5.17	HG02386:15.44	0.82,0.84,4.87,3.87,11.04,10.30,5.88,1.70,3.36,1.67,4.48,9.85,9.04,15.44,0.83,0.85,1.65,0.85
1	2736313	2737406	AATTACCGCTCAGGCCG	5.01	HG02386:9.44	4.89,1.63,6.31,4.23,3.36,2.48,1.69,2.56,9.44,4.10,2.51,4.11,1.62,2.47,2.48,1.67,5.14,3.29,2.56,0.84,0.85,5.88,2.47,7.54,4.16,6.77
4	87763237	87764598	AAAG	4.84	HG02386:13.73	4.90,1.60,4.18,0.85,0.82,0.83,5.06,0.86,0.82,14.20,5.93,3.36,9.11,1.73,0.83,6.02,0.83,1.68,0.84,4.03,0.82,13.73,8.21,12.56,6.57,0.85
22	22168923	22169472	AG	4.29	HG02386:4.29	5.15,4.29
1	105050638	105051162	AG	4.22	HG02386:4.29	0.80,0.84,0.81,0.85,4.29
4	158701278	158702531	AGAT	3.80	HG02386:8.58	0.82,3.26,0.83,0.83,0.83,3.34,5.01,0.84,0.84,1.65,2.47,0.81,2.41,1.64,0.85,0.87,1.64,1.67,0.81,1.68,1.94,5.90,0.85,1.73,1.63,3.35,1.65,1.63,3.15,4.23,0.81,1.72,3.36,0.84,5.04,0.85,4.34,1.71,0.83,2.48,1.65,2.54,3.31,0.78,0.81,5.98,0.84,4.32,4.20,4.99,4.18,0.85,1.67,1.68,2.58,4.16,0.83,0.86,0.84,4.21,4.03,1.79,0.87,1.62,1.64,3.26,3.26,0.85,2.46,3.32,8.58,0.82,1.71,1.65,0.83,5.19,2.51,2.43,4.25,2.56,0.87,1.67,8.56,0.83,1.64,0.86,0.84,1.70,3.38,0.85,6.85,2.45,0.82,0.84,0.78,0.84,1.71,3.15,3.40,0.83,2.49,0.85,1.69
12	98862183	98862998	AAAG	3.53	HG02386:5.15	0.84,1.67,3.27,0.84,2.58,1.68,1.70,0.83,0.82,2.50,2.43,4.83,1.63,5.15,1.62
18	66430499	66431443	AAATATTCCTCAATACAGAC	3.42	HG02386:3.43	0.80,11.75,3.43,15.80
1	59761650	59762920	AAAGCGCGGCCCCTGT	3.40	HG02386:7.72	1.63,4.89,7.48,1.66,0.83,2.47,0.82,1.71,2.60,0.82,1.60,0.81,0.81,0.97,3.40,1.63,4.19,0.83,0.81,2.37,0.84,1.68,6.80,4.02,0.81,5.13,0.84,1.68,2.59,0.84,0.83,0.85,2.50,2.45,5.18,0.84,1.63,2.53,1.61,1.61,3.26,2.44,0.82,1.66,7.72,2.46,0.83,0.81,2.50,3.43,0.84,1.66,2.56,1.67,1.74,0.84,2.62,0.83,0.83,4.11,1.71,3.28,0.84,0.86,6.68,1.69,0.85,0.85,1.69,3.42,1.68,0.82,0.82,0.78,4.19,1.66,0.79,3.25,1.70,0.83,2.55
7	35084615	35086364	AAATGGTGAGAGGCACTGGG	3.31	HG02386:5.15	1.63,0.81,1.66,0.83,0.82,2.60,0.81,0.97,0.85,1.63,0.83,1.63,1.58,1.63,0.84,0.85,0.83,2.43,0.85,0.84,0.82,0.84,0.84,0.82,0.84,0.86,1.63,0.82,0.84,4.84,1.79,1.74,0.87,1.62,0.81,2.44,2.56,1.64,5.15,1.64,0.85,0.83,0.86,0.84,0.82,0.85,0.84,0.83,0.83,0.84,0.83,0.84,0.84,1.67,0.83,0.84,0.81,0.85
2	68133132	68134265	AAAGGAACGG	3.29	HG02386:3.43	6.31,2.52,2.57,0.84,3.43
5	13427278	13428235	AAAG	3.26	HG02386:25.74	15.81,15.03,24.45,17.68,22.05,12.32,25.74,0.82,0.84
9	90459951	90460415	ACGGGAGAGGGAGAGGGAG	3.26	HG02386:5.15	0.81,1.71,1.64,2.55,3.27,0.79,2.60,0.83,2.41,2.45,0.84,0.81,1.74,1.64,0.81,0.83,5.15,2.48,0.86,1.67,1.64
8	1746913	1747949	AAG	3.23	HG02386:6.01	2.45,8.39,0.87,14.46,1.63,6.01,6.56,2.56,2.55
5	7371106	7373224	ACC	3.13	HG02386:21.45	11.43,7.34,13.03,12.47,11.68,8.32,5.82,2.50,2.50,9.19,13.56,9.19,0.84,13.31,9.36,3.37,13.98,4.11,11.41,8.05,6.57,9.39,6.83,7.79,9.86,15.22,5.84,4.06,8.06,10.09,9.68,8.43,18.71,15.55,19.61,4.19,11.55,7.33,13.41,15.24,6.52,3.43,10.08,8.41,10.09,11.05,12.14,7.72,14.91,11.58,17.68,7.43,9.32,8.26,6.25,7.30,8.54,1.68,10.05,5.77,0.94,2.59,5.04,14.97,10.04,2.52,8.52,14.78,6.70,18.53,14.63,8.32,12.26,9.99,10.35,6.72,21.23,5.06,13.72,4.48,9.56,6.96,11.32,8.86,9.03,13.04,15.47,10.25,3.29,6.64,21.45,5.74,9.39,12.41,11.66,12.10,3.35,9.86,0.81,27.23,5.83,8.57,4.12,9.23,4.97,10.77,7.54,5.97,5.50,11.14,5.02,9.58,5.86,6.11,16.60,11.13,8.27,8.57,9.93,9.87,5.97,6.57,2.52,5.15,3.43,13.36,4.22,3.40,3.49,8.46,8.46,5.13,4.20,8.47,12.27,15.67,9.24,9.32,13.40,15.80,5.90,5.13,3.34,11.83,5.69,19.53,5.79,12.47,5.94,10.16
12	83390472	83391713	ACACATATATATAT	3.01	HG02386:17.16	2.45,3.26,3.26,3.33,14.14,3.32,5.83,5.84,1.67,10.37,3.34,25.13,5.82,11.06,10.94,6.58,6.58,3.22,4.10,5.97,11.11,5.19,6.58,9.61,12.52,11.28,4.21,3.40,5.18,1.63,5.87,8.68,6.77,4.07,0.86,3.36,5.04,5.04,8.50,5.20,3.43,9.11,4.14,9.64,7.43,0.85,5.79,10.16,14.59,1.71,3.36,1.89,6.05,9.25,1.67,8.39,0.82,14.24,2.53,5.16,2.50,4.90,10.82,5.18,5.04,0.82,8.43,5.65,3.58,4.04,11.28,5.75,13.04,13.03,1.71,20.54,2.49,17.16,12.31,11.10,11.58,14.99,5.19,2.51,10.68,5.68,5.96,0.83,0.82,15.74,6.29,5.14,9.58,11.99,13.96,0.86,9.42,5.01,1.69,3.49,2.52,0.85,6.21,9.15,14.53,11.83,10.75,4.16,5.94,6.77
2	242838653	242839461	AACACCCACACCCC	2.88	HG02386:8.58	5.70,0.83,0.83,0.83,0.83,1.67,0.80,0.84,1.68,3.33,0.84,1.65,1.64,0.81,1.64,1.71,1.71,2.60,4.81,0.83,4.87,1.61,0.84,1.94,0.84,3.40,2.59,0.82,2.52,4.95,4.73,1.69,0.81,0.84,4.20,1.70,7.46,6.43,1.65,0.85,2.48,3.91,0.81,0.84,1.68,2.47,0.86,2.50,2.51,3.29,1.67,3.37,2.50,1.63,2.50,1.73,3.36,0.82,6.45,3.58,0.87,1.74,0.81,1.61,2.44,3.26,2.56,2.46,3.32,8.58,4.96,0.83,0.86,0.84,4.11,0.81,1.70,1.67,3.43,5.77,0.84,2.48,0.84,2.56,3.43,1.67,0.87,1.67,1.75,2.49,0.86,4.96,2.48,5.75,0.82,1.68,3.43,3.34,0.84,2.55,1.74,8.46,2.54,5.13,1.68,3.39,6.54,4.12,0.84,3.88,2.51,1.66,3.37,0.85,4.18,3.15,4.07,0.85,0.83,1.66,1.70,0.85
4	117939979	117941558	AAAATATATATATATTG	2.81	HG02386:26.60	4.08,6.51,9.98,20.78,18.32,17.53,8.36,13.36,8.38,12.48,9.26,27.97,4.07,18.06,6.83,11.11,3.46,28.38,20.29,12.89,6.73,15.18,16.16,12.09,13.89,17.61,7.43,7.89,4.89,16.31,8.41,29.42,11.27,3.43,15.74,7.44,11.25,29.72,16.94,4.96,10.54,16.23,5.03,16.76,9.44,6.91,10.93,1.70,14.24,10.11,5.16,5.82,9.99,6.90,11.80,12.10,18.82,11.30,9.85,4.27,14.79,11.63,26.60,17.93,4.96,9.51,19.71,0.85,4.28,0.82,4.20,6.63,5.11,2.36,1.71,5.85,2.62,0.86,4.14,4.93,15.19,11.00,7.61,3.39,14.02,6.70,0.83,9.46,7.32,9.34,5.79,6.77
Y	13812782	13829999	AATGG	2.79	HG02386:10.30	4.90,2.45,6.51,2.49,6.68,1.66,4.99,6.66,5.01,3.34,1.60,4.18,6.70,2.50,2.55,2.52,3.29,2.47,4.02,2.46,3.41,5.13,4.33,3.29,1.60,10.02,6.49,5.64,4.21,4.84,0.84,8.51,2.45,0.83,3.15,6.52,5.04,0.84,0.85,8.67,1.66,5.79,2.41,3.30,4.69,4.05,5.86,1.65,0.86,3.36,6.69,2.52,4.93,6.88,4.09,5.18,1.63,4.84,6.08,2.61,6.47,2.42,6.52,6.51,2.56,0.82,1.66,10.30,3.28,1.71,3.31,0.83,1.73,1.67,7.30,2.50,4.94,4.14,0.83,5.02,0.85,1.57,3.34,6.69,9.13,2.48,0.86,2.48,5.97,3.28,0.84,2.57,7.52,6.11,7.61,3.42,0.84,2.45,4.20,1.55,2.51,6.74,0.85,0.84,1.58,1.63,9.10,2.55
17	8010449	8011851	AAAG	2.77	HG02386:10.30	9.79,0.83,0.83,0.85,0.82,2.41,0.80,12.09,6.78,1.69,0.85,0.86,0.82,0.84,0.81,2.37,1.69,5.70,2.58,0.84,0.84,0.84,4.25,4.34,1.71,1.66,3.31,1.61,3.91,9.06,1.68,1.66,3.41,1.67,1.66,3.27,7.49,0.84,6.53,1.61,2.69,2.61,5.66,2.42,3.28,2.44,1.63,8.22,3.32,10.30,5.74,12.81,7.44,1.67,0.86,1.67,5.75,5.68,1.70,0.84,1.66,0.83,1.65,2.52,1.71,0.85,0.85,0.82
9	28188884	28190001	AAGGAAGGGAGGGAGGGAGG	2.76	HG02386:4.29	0.82,0.83,0.83,0.83,0.85,0.82,0.81,0.84,0.82,0.79,0.84,0.83,0.80,0.81,0.84,0.94,0.86,0.83,0.81,0.81,4.29,0.83,1.67,0.81,1.71,1.68,0.85,0.86,0.84,2.62,0.83,4.28,4.10,0.84,0.85,0.87,2.54,0.82,1.65,0.84,0.81,1.69
19	32448840	32449447	AAAG	2.64	HG02386:3.43	2.44,0.83,0.80,0.84,0.81,0.83,1.68,0.82,0.83,1.62,0.81,3.43,0.84,0.87
4	140492746	140493754	AAG	2.63	HG02386:6.86	1.63,0.80,1.71,5.84,8.47,3.36,2.48,1.65,3.30,1.70,2.53,7.36,2.53,2.44,3.42,6.86,7.54,0.85,1.74,0.82,0.85,0.82,4.18,0.86,6.54,1.67,0.83
4	30064155	30065332	AAAG	2.63	HG02386:4.29	0.83,0.83,1.68,0.83,0.85,0.84,1.65,1.71,0.82,0.80,1.68,0.97,0.84,1.68,0.79,1.63,0.85,0.87,0.86,0.83,0.83,1.68,0.84,0.82,0.86,1.68,0.82,1.69,0.81,0.87,2.46,0.83,4.29,2.56,0.83,0.86,1.64,0.86,0.82,0.86,3.40,0.85,0.86,0.82,0.84,0.79
10	3971888	3973189	AAAG	2.60	HG02386:12.87	0.82,3.26,1.66,6.66,4.16,1.67,3.34,5.58,3.34,3.35,0.84,1.65,9.04,1.64,2.56,5.98,0.87,5.01,6.49,3.87,4.22,2.55,0.86,3.27,10.90,1.65,3.26,6.31,5.08,7.33,2.58,0.84,0.84,10.93,8.50,6.00,4.14,4.02,5.08,12.40,4.05,5.03,3.30,8.50,1.73,1.68,0.83,1.67,1.68,1.64,1.67,2.58,9.15,11.44,2.50,4.31,6.72,2.45,5.06,5.65,4.48,3.48,11.31,5.75,4.07,3.26,2.56,6.57,10.80,12.87,13.95,2.56,4.96,3.46,0.84,8.21,6.81,3.33,0.86,0.82,0.84,2.51,2.56,2.51,4.15,3.31,0.86,1.64,0.84,1.74,1.69,1.71,0.84,1.69,0.82,2.47,3.36,2.51,4.27,2.37,0.85,1.65,1.66
19	38712840	38712841	AAAT	2.57	HG02386:2.57	2.57
2	206030446	206030500	AAAT	2.57	HG02386:2.57	0.82,2.57
9	103839626	103840835	AAG	2.56	HG02386:5.15	0.81,0.84,0.87,0.84,1.63,1.68,1.68,6.62,0.82,0.84,3.33,0.84,0.84,10.67,5.15,2.50,0.86,0.84,0.85,2.47,0.84,1.66,6.70,0.87,0.83,1.71,2.48,2.57,1.72,1.71,1.71,0.84,0.84,3.15,0.81,2.55
6	161866486	161866758	AAGGG	2.56	HG02386:2.57	3.31,0.83,2.57
12	96192103	96193261	AAG	2.35	HG02386:4.29	1.67,0.84,3.29,0.80,1.68,0.82,0.84,3.39,0.81,1.68,0.85,16.57,12.41,0.83,0.78,0.85,0.84,0.82,0.86,0.84,0.83,1.63,0.84,1.61,0.81,0.85,7.47,4.29,0.83,1.67,0.81,0.82,0.79,0.86,0.84,0.87,1.71,0.82,0.85,1.68,0.87,0.86,0.82,0.82,0.84,0.78,0.84,0.85,1.66
6	155948190	155949614	AAAGAAGGAAGGAAGG	2.33	HG02386:9.44	0.82,1.63,1.63,3.34,0.83,3.34,1.60,1.67,0.84,0.83,2.55,0.84,4.94,2.44,1.61,4.92,0.87,2.47,2.40,0.83,0.81,1.61,0.84,5.81,3.40,5.18,12.26,7.55,1.65,4.89,7.89,3.39,4.89,5.15,2.52,2.52,6.73,5.95,7.80,0.86,6.63,6.62,7.23,0.83,1.69,0.83,3.13,2.43,1.71,0.84,0.84,6.59,3.78,0.86,1.68,5.86,5.03,0.85,1.64,5.02,3.37,2.58,4.16,1.63,3.33,7.76,4.20,3.27,2.53,1.79,1.74,1.74,2.43,5.64,8.21,6.52,4.89,1.71,4.11,2.49,9.44,1.64,6.83,0.83,3.35,2.46,5.68,0.85,3.33,2.47,1.66,1.66,1.67,0.79,4.29,1.67,1.74,1.67,0.87,0.83,0.83,1.71,4.93,0.85,3.28,6.72,1.71,5.01,0.85,4.36,0.85,4.23,3.42,6.78,0.84,3.88,3.35,2.53,3.42,1.67,2.37,4.88,6.62,0.83,0.85
5	1971796	1973065	AAGCTCCAGCTCCCCGC	2.30	HG02386:6.01	2.45,1.67,1.63,1.64,0.85,1.73,0.82,2.52,2.45,0.83,0.79,2.54,0.84,0.84,3.47,1.71,2.49,0.83,3.21,0.83,1.69,3.31,1.56,1.62,0.85,0.84,0.82,2.59,0.84,0.83,0.84,0.85,1.64,0.83,1.63,1.69,0.81,1.79,2.61,1.62,1.61,0.82,0.81,3.29,6.01,4.10,0.83,2.50,4.32,0.83,0.86,1.65,1.68,4.14,2.48,1.67,2.56,4.72,1.67,1.74,1.75,1.64,3.28,1.68,4.29,2.57,2.55,5.92,4.23,2.57,0.84,1.64,0.82,1.68,2.33,2.50,2.51,0.79,3.25,1.65,1.70,1.69
19	15888175	15890841	ACTCACTCACTCCCCTCCTC	2.26	HG02386:25.74	17.96,13.87,20.35,19.12,10.85,21.63,9.97,14.16,18.37,20.06,12.76,16.70,15.92,16.64,17.87,10.10,16.45,4.11,13.85,7.24,18.06,12.80,9.40,19.90,11.51,16.02,20.03,9.74,16.12,22.71,15.49,9.28,8.51,19.01,11.44,15.93,15.68,22.80,20.51,19.48,6.52,22.32,8.40,12.61,11.77,22.11,11.27,14.57,18.23,6.62,21.70,11.56,10.16,13.22,16.41,12.16,17.08,14.26,11.73,16.48,10.38,15.54,15.13,7.49,15.06,14.26,17.03,11.50,13.40,14.32,12.91,10.81,13.08,12.49,10.35,18.48,18.78,16.01,19.36,15.23,17.38,9.57,18.60,12.08,23.81,19.56,8.96,14.53,24.65,13.29,25.74,19.69,15.37,15.72,24.98,11.24,21.77,14.78,24.32,19.57,14.16,13.71,19.78,9.23,16.56,14.08,13.40,15.34,25.94,18.85,20.06,13.06,15.90,19.21,11.62,12.84,19.03,23.99,14.07,13.15,12.80,20.52,17.63,8.58,17.14,11.69,18.56,16.13,13.09,10.15,18.61,11.12,13.44,16.10,22.08,10.72,11.76,33.38,22.61,17.47,21.91,11.96,18.39,14.98,15.46,25.48,20.68,16.63,18.67,11.85
2	73409299	73410423	AAAG	2.23	HG02386:6.01	4.16,0.82,1.64,0.80,2.53,4.23,2.52,5.95,3.31,4.13,1.63,6.74,3.28,1.63,3.29,6.01,5.74,5.68,0.87,0.83,0.85,1.67
8	86868508	86869625	ACACATATATATAT	2.23	HG02386:6.01	0.82,4.16,2.49,0.84,1.70,1.65,6.58,1.62,0.84,1.94,2.53,0.85,6.91,2.44,1.58,3.26,2.58,3.36,1.68,5.88,2.55,0.87,1.71,2.49,4.14,0.80,3.39,0.83,0.78,1.68,0.86,2.52,2.50,0.84,0.85,2.46,0.84,1.68,0.86,1.68,1.63,1.61,3.58,1.74,2.61,1.64,1.63,0.85,0.82,0.83,6.01,1.64,0.85,1.65,1.67,0.82,0.81,5.96,0.79,0.87,0.83,2.54
1	90541037	90541800	AATATATAT	2.22	HG02386:2.57	0.82,0.83,0.86,0.81,0.84,0.83,2.57,0.85
20	22485612	22486576	AAAG	2.19	HG02386:6.01	5.78,24.11,6.05,14.77,6.64,6.01
14	23022558	23023803	ACAGGCCCCCGCAGGCCTCC	2.09	HG02386:5.15	0.82,0.81,1.66,1.67,0.83,2.50,0.83,1.67,0.84,3.35,4.16,3.40,0.84,2.41,1.64,0.85,0.85,0.87,0.80,0.83,0.81,2.90,2.53,3.40,1.73,1.63,4.19,2.48,2.44,2.37,2.54,0.81,1.72,0.84,1.68,1.68,2.57,1.65,1.61,0.83,1.69,0.83,0.78,0.81,1.71,0.84,1.89,0.86,1.68,2.51,1.68,0.86,0.83,2.45,1.73,1.68,0.82,1.74,0.87,0.81,2.42,0.81,0.81,1.71,2.46,0.83,5.15,2.46,0.83,1.73,0.84,3.29,3.24,0.85,0.83,1.71,0.82,1.66,0.83,0.79,0.86,1.67,0.86,0.83,0.86,2.48,0.85,0.82,1.70,0.87,0.85,0.84,4.24,1.64,0.84,1.67,0.83,0.84,2.56,0.84,2.48,0.85
10	48559227	48559800	AAATATATAT	2.02	HG02386:6.86	1.63,1.63,4.16,1.67,0.83,3.32,2.50,2.51,1.60,0.84,1.66,1.70,3.37,3.29,3.26,1.61,4.10,2.56,3.42,1.73,2.47,0.83,1.61,0.84,0.85,0.84,7.10,6.77,0.81,3.43,9.24,0.84,8.41,2.60,4.14,3.31,0.83,4.23,0.83,7.03,3.42,3.36,1.68,0.82,3.78,0.86,0.83,1.70,1.64,5.02,1.72,0.83,1.63,0.83,4.20,0.84,2.42,4.48,0.87,3.48,1.62,3.22,0.82,2.44,2.44,1.71,3.29,2.49,6.86,1.65,4.16,1.73,3.35,1.64,4.05,2.55,3.35,1.57,2.51,0.86,0.83,0.87,1.69,1.68,0.85,2.47,1.58,1.66
6	167161409	167162041	ACCTCCTCGGGCCCCC	2.00	HG02386:10.30	0.82,0.83,0.82,0.80,0.87,0.82,3.37,2.59,4.13,0.81,10.25,1.69,1.72,0.84,4.20,1.68,0.87,1.65,1.56,0.81,0.84,1.70,0.86,4.16,6.72,2.45,8.88,0.90,4.83,3.26,18.73,2.56,0.82,10.30,18.05,0.85,0.83,21.61,0.84,0.82,5.96,0.82,0.79,0.84,0.86,1.68,3.88,2.51,5.13,1.70
7	9059869	9060985	AGCCCTCCTAGGCTCCT	1.95	HG02386:5.15	0.82,2.39,0.84,0.85,1.63,0.82,1.71,0.81,0.84,0.84,1.65,4.72,3.33,3.41,3.29,0.83,1.61,6.09,0.82,1.71,0.82,5.15,0.86,0.85,0.86,0.82,2.48,1.71,1.75,1.65,0.86,3.40,0.85,2.57,1.69,4.09,4.95,0.84,4.07,0.83
12	33115758	33116071	AG	1.92	HG02386:2.57	0.84,0.84,1.71,2.46,1.63,0.85,2.57,0.83,0.85,0.85
19	6775561	6777151	ATCC	1.91	HG02386:13.73	5.71,7.34,3.26,2.49,5.84,5.82,2.49,9.16,4.17,5.85,3.19,1.67,10.05,6.66,2.55,5.05,2.47,4.93,7.33,8.05,5.75,8.53,4.27,7.79,7.40,7.21,10.85,5.68,10.48,8.41,3.87,7.59,6.80,4.32,7.35,11.74,9.08,5.70,4.73,9.32,9.78,6.87,5.88,4.20,14.29,3.40,6.07,6.00,6.63,5.79,3.21,6.60,1.69,10.74,2.34,5.67,4.27,10.91,7.54,4.94,0.94,5.18,7.57,5.82,9.20,3.35,5.11,4.93,2.51,5.89,6.02,8.32,15.53,9.16,8.63,3.36,7.35,2.53,5.65,13.44,6.08,7.83,6.47,7.25,5.75,4.89,4.89,3.42,7.39,3.32,13.73,4.92,4.27,5.79,3.33,4.32,6.70,9.03,5.68,5.96,0.83,11.14,4.12,3.36,5.80,3.31,12.56,6.82,4.72,9.43,8.36,2.61,7.53,7.86,13.28,0.86,3.31,9.42,2.48,6.58,9.39,2.46,4.20,6.86,2.57,5.85,4.22,6.79,10.47,3.38,4.23,7.70,4.20,5.93,5.72,9.90,8.40,4.66,4.19,3.33,5.06,5.13,3.34,7.32,3.40,7.45,16.63,8.49,8.47
11	76407987	76409389	AAAGAAAGAAAGAAAGAAGG	1.88	HG02386:10.30	4.90,4.90,1.66,4.16,0.84,0.84,5.76,0.82,4.07,0.82,7.69,3.46,4.01,4.06,6.73,3.87,5.90,7.66,6.05,4.19,7.43,8.68,3.39,2.58,3.36,5.88,3.40,0.86,6.63,6.60,1.69,1.65,2.34,2.56,1.68,1.89,11.23,6.65,3.35,2.55,7.54,11.79,4.30,4.16,4.09,0.83,6.90,6.72,11.43,5.22,3.23,0.81,2.44,1.63,4.27,6.57,3.32,10.30,4.27,4.96,0.82,7.30,3.40,3.30,3.31,2.51,2.36,0.86,0.84,0.83,11.98,5.14,5.75,2.51,3.40,2.54,0.86,1.69,0.82,4.20,10.09,2.50,3.42,5.69,1.70
1	8288274	8289522	AAAG	1.86	HG02386:6.01	3.33,0.84,0.80,0.81,4.92,2.50,4.32,2.52,4.07,4.73,0.84,1.71,3.31,1.61,1.65,0.94,0.86,0.84,0.84,0.84,0.83,5.72,5.18,4.20,2.45,0.84,0.90,3.48,1.62,3.26,5.98,6.01,2.46,1.71,0.83,2.51,0.82,3.24,0.85,3.31,4.20,0.86,0.87,0.79
10	133910958	133911791	AAAGGGGAAGGG	1.85	HG02386:4.29	1.64,0.82,2.43,0.97,0.84,2.59,1.63,1.68,1.65,2.44,0.86,1.68,2.52,2.55,0.83,0.86,4.09,0.82,0.84,4.03,0.90,0.87,4.11,1.63,2.49,4.29,2.46,0.82,0.86,1.65
21	47460813	47462367	AACTCGGACACACCAC	1.83	HG02386:13.73	4.08,5.71,2.44,3.33,2.50,9.98,0.83,6.66,5.84,2.51,2.39,5.85,7.49,5.96,0.84,3.29,4.11,3.26,9.66,1.64,6.83,5.13,6.06,6.58,3.20,4.17,5.68,3.22,2.52,2.90,5.06,1.70,1.73,12.26,3.35,4.95,8.14,6.31,13.55,5.70,12.02,12.60,7.57,2.52,9.35,10.41,10.29,5.80,4.96,8.04,4.95,5.08,9.09,2.34,4.86,7.69,7.55,5.03,2.47,2.83,7.77,3.36,3.33,9.20,8.39,5.11,6.57,11.72,3.37,3.44,9.15,4.09,5.00,2.59,1.68,10.62,7.58,8.88,6.27,4.34,1.74,8.09,9.67,1.64,11.41,8.14,5.98,6.57,11.63,13.73,0.82,6.83,6.62,10.82,2.59,4.19,1.64,8.11,9.36,0.83,5.14,4.12,2.52,9.11,4.14,8.37,8.52,7.07,1.71,0.84,0.87,5.86,14.84,4.98,12.84,10.76,3.43,4.14,9.04,7.68,6.57,2.52,4.29,4.28,3.34,1.69,3.40,5.23,8.46,8.46,4.28,5.04,5.08,12.27,4.95,5.04,6.21,11.72,4.16,5.90,10.25,5.01,4.73,8.95,10.19,6.62,8.31,9.34,7.62
10	73447742	73449437	ACCACCCCTGACTCC	1.83	HG02386:6.01	3.27,2.45,3.26,2.49,0.83,1.67,4.18,1.60,1.70,5.05,3.29,5.75,4.07,3.22,2.46,0.87,2.47,1.60,3.25,4.03,1.94,2.53,3.40,0.86,0.84,1.63,3.94,0.85,0.81,1.72,1.68,0.84,0.84,0.85,0.87,1.71,1.66,2.48,1.65,2.34,1.62,1.71,1.89,1.68,0.83,3.35,2.55,0.82,0.84,0.86,1.66,2.45,0.83,4.31,0.82,1.69,1.61,3.48,1.74,0.81,0.81,0.81,1.71,3.29,0.83,6.01,0.82,2.56,1.65,2.50,0.86,3.35,4.05,4.25,1.67,2.57,1.65,1.68,1.66,3.31,0.84,2.56,1.57,1.71,2.61,0.84,0.87,2.49,1.65,1.71,1.71,2.46,3.36,0.86,0.84,2.53,3.49,1.69,0.86,0.84,0.85,3.27,5.04,4.66,2.51,0.83,1.69,3.42,3.15,1.63,1.70,4.14,0.83,1.70,3.39
2	88703212	88704523	AAAG	1.81	HG02386:8.58	9.77,0.83,8.35,0.83,0.83,0.84,0.84,0.83,5.11,0.84,6.58,1.64,0.81,0.80,10.24,2.56,18.08,0.83,2.43,4.03,1.94,3.40,0.86,5.72,8.39,0.81,0.81,0.86,4.20,5.88,0.87,1.65,1.65,1.68,0.82,1.73,0.84,1.66,0.85,0.84,2.53,7.49,4.90,0.83,0.86,2.45,0.81,3.58,1.74,0.81,2.46,0.82,8.58,2.50,1.73,0.84,5.11,1.65,1.57,2.51,1.66,0.85,3.36,2.57,0.84,1.69,0.85,0.87,0.85,2.57,0.84,0.82,0.84
6	132669976	132670987	AT	1.77	HG02386:2.57	0.84,0.83,0.83,0.86,0.82,1.69,0.81,0.81,2.57,0.85,0.81,0.82,1.66,0.85
4	26271129	26272506	AAAG	1.75	HG02386:3.43	2.51,0.82,0.83,1.68,0.81,0.79,1.68,0.85,1.71,0.80,0.83,0.82,0.86,0.86,1.69,0.81,1.74,1.62,0.81,0.82,2.56,1.64,1.66,3.43,0.82,1.67,2.59,1.64,1.65,0.85
11	75591481	75591482	AG	1.72	HG02386:1.72	1.72
1	32388086	32388087	AAAG	1.72	HG02386:1.72	1.72
13	99233142	99233143	AAAT	1.72	HG02386:1.72	1.72
15	70473885	70473886	AC	1.72	HG02386:1.72	1.72
16	76075764	76075765	AGAT	1.72	HG02386:1.72	1.72
18	68532353	68532354	AACCCT	1.72	HG02386:1.72	1.72
2	190397901	190398084	AAAATATATATATAT	1.72	HG02386:1.72	1.72
2	193352024	193352025	AACCCT	1.72	HG02386:1.72	1.72
2	206648725	206648726	AC	1.72	HG02386:1.72	1.72
3	22385601	22385602	AC	1.72	HG02386:1.72	1.72
6	86609890	86609891	AAAT	1.72	HG02386:1.72	1.72
6	13247434	13247744	AC	1.72	HG02386:1.72	0.82,1.72
1	36170746	36171213	AG	1.71	HG02386:2.57	5.82,0.84,0.84,0.84,0.87,0.86,0.82,1.74,2.57,1.68,0.87,1.69,0.85
8	146303657	146303742	ACCCTCACCCTGACCCTG	1.71	HG02386:1.72	0.84,1.72,0.85
17	5184869	5185128	AGCGCGGCGGG	1.71	HG02386:1.72	0.83,1.65,1.72
7	158440654	158442040	AAATGGACTACAGCCACGGC	1.70	HG02386:12.87	18.21,7.72,15.17,9.86,12.32,12.87,24.98,11.91
8	1867221	1867615	AACAGCTCCATCACCCATGG	1.70	HG02386:1.72	0.82,0.81,0.85,1.72
4	21529805	21530777	AAAG	1.69	HG02386:1.72	0.85,1.72,0.81,1.69
19	16041790	16042304	AATGAGTGAGTGGGGAGAGG	1.68	HG02386:3.43	0.82,1.67,0.83,1.63,1.61,2.50,0.84,0.85,0.81,0.79,0.84,0.84,1.73,1.69,0.83,0.94,0.85,0.82,0.84,0.83,0.84,1.74,0.81,3.26,0.82,3.43,7.39,2.51,1.62,0.84,0.79,1.74
13	98504635	98505279	ATCC	1.68	HG02386:3.43	0.82,0.83,0.83,0.83,3.34,0.80,0.84,0.84,0.85,0.82,0.80,0.82,1.71,0.87,1.64,0.81,0.81,2.52,1.70,0.84,0.79,0.85,1.68,0.85,0.86,1.66,0.83,0.80,1.69,1.65,1.56,0.81,0.84,1.65,0.86,0.84,0.85,0.82,0.84,0.84,1.72,0.83,1.67,0.86,0.82,0.81,0.90,0.87,0.81,1.63,1.63,3.43,0.85,0.86,0.84,0.84,2.36,0.86,0.84,0.83,0.83,0.85,1.69,0.85,1.69,1.69,0.84,1.69,0.82,0.82,0.84,1.66,2.53,1.71,0.79,1.63,0.85,1.65,0.83,0.85,1.69
16	818873	819385	ACCCCCGGCCCCGGCCCC	1.67	HG02386:1.72	1.58,1.72,0.85,1.66
17	39754142	39755658	ACC	1.66	HG02386:4.29	0.82,0.81,2.49,0.83,1.66,1.67,0.84,1.60,2.51,0.84,1.66,2.47,0.82,2.41,0.82,2.40,0.83,3.25,1.61,1.68,0.84,1.70,0.82,3.35,3.30,1.63,1.58,1.69,0.86,1.68,1.68,1.73,1.71,0.83,1.69,1.65,1.62,2.52,0.82,2.59,1.68,0.84,1.70,1.64,0.84,0.84,0.86,0.83,1.63,1.67,0.84,1.63,0.81,0.81,4.29,0.82,0.83,1.67,0.86,1.67,2.43,0.85,0.83,2.57,2.47,1.66,1.70,0.79,0.87,0.87,0.83,0.86,0.86,1.65,0.82,1.64,1.68,0.86,0.86,1.67,2.53,0.87,1.69,0.84,2.54,1.64,1.68,1.55,0.84,1.66,2.56,1.58,3.25,2.55,0.83,0.85,1.69
4	10141204	10142247	ACGCGCAGGGAGGCTGGAG	1.65	HG02386:6.01	1.67,2.50,0.83,5.01,1.67,2.50,4.94,0.85,0.85,1.62,1.68,5.03,1.63,5.08,0.84,5.14,2.43,3.36,0.84,4.72,9.98,5.87,3.41,1.71,6.01,2.55,4.16
5	153934103	153934361	AT	1.65	HG02386:1.72	0.81,0.82,1.72,0.86,0.84
5	87809709	87810450	AAAG	1.64	HG02386:1.72	0.80,0.83,0.82,1.72,1.62
18	75382934	75383733	ACTGGCATGGGGCAGAG	1.63	HG02386:2.57	0.83,0.83,0.84,0.80,0.82,0.86,0.81,0.84,1.73,0.83,0.85,0.85,0.84,0.82,1.68,1.69,2.57,0.83,0.83,0.81,0.83,0.83,0.86,0.84,0.83,0.85,1.70
X	130270136	130270140	AACACATATATGG	1.63	HG02386:1.72	0.82,0.87,1.72,0.84,0.83
4	63553367	63553660	ATATATATATATCC	1.60	HG02386:2.57	1.66,0.82,4.29,1.65,1.66,4.90,0.82,0.81,2.44,2.57,0.84,0.82
5	77756023	77756539	AAGG	1.44	HG02386:2.57	1.68,2.57,0.86,7.45,2.51,2.57,3.36,1.67,0.85,4.14
12	75057290	75057460	AAAG	1.44	HG02386:1.72	0.82,0.82,1.72,0.86,0.86,0.86,0.85
8	991869	994159	ACACCCACCACCC	1.43	HG02386:6.01	3.27,3.26,2.44,0.83,0.83,1.66,3.32,3.33,3.34,4.18,3.19,3.34,2.50,1.70,0.84,4.11,0.82,1.63,3.22,1.64,2.56,2.56,1.73,1.64,1.60,3.34,4.06,3.22,2.52,1.94,0.85,1.73,0.82,5.03,1.65,1.63,0.79,0.85,0.81,3.43,0.84,5.04,1.70,3.47,1.71,1.66,1.65,0.80,1.65,3.31,3.13,3.24,0.85,4.19,3.35,2.47,2.83,0.86,2.52,1.66,1.67,2.52,1.70,4.11,2.51,2.53,1.72,1.66,0.82,0.83,2.59,3.27,2.53,0.81,2.69,0.87,0.87,0.81,1.61,0.82,1.63,3.26,1.64,2.49,6.01,2.56,0.83,0.83,1.73,3.35,1.64,1.62,0.85,0.83,0.86,4.12,5.03,0.83,1.67,3.41,4.72,0.86,0.84,4.35,2.51,0.87,3.32,2.57,1.65,2.48,3.29,0.85,2.46,0.84,0.86,0.86,5.85,8.44,3.49,0.85,1.71,2.52,2.54,3.27,1.65,0.84,2.33,1.67,4.99,4.21,2.56,3.34,2.37,2.44,1.70,0.83,0.83,2.55,0.85
1	180625120	180626164	AAATATTATATATAATATAT	1.42	HG02386:1.72	0.85,0.79,2.48,0.83,0.82,0.87,1.72
9	29622133	29622473	AAGGGAGGGAGG	1.41	HG02386:2.57	0.84,0.83,1.63,0.87,2.52,0.81,0.80,2.34,1.65,0.84,1.68,1.67,1.74,0.81,0.81,0.81,0.83,2.57,0.83,0.86,0.85,0.84,0.84,0.83
9	28188742	28190087	AAGGAAGGAAGGGAGGGAGG	1.34	HG02386:5.15	3.27,0.82,3.26,0.83,1.66,0.83,0.83,0.84,1.65,2.41,1.64,1.71,0.87,0.82,0.80,1.62,0.81,1.68,0.85,0.82,0.84,0.81,0.79,0.81,0.86,0.84,0.87,0.86,4.97,0.80,0.85,0.84,0.82,3.45,5.04,0.83,1.67,0.84,1.64,0.84,1.66,0.82,0.83,2.59,1.61,0.90,1.74,1.62,0.82,0.81,1.63,3.42,1.64,0.83,5.15,0.83,4.11,4.28,1.65,1.68,2.48,1.66,1.67,2.56,1.57,3.43,0.84,0.87,2.51,4.36,0.83,0.86,2.48,4.28,1.65,1.64,2.52,2.57,3.40,0.87,0.85,2.52,1.69,0.82,2.47,0.84,1.55,1.67,1.69,3.15,4.07,0.83,1.70,2.54
6	39313300	39313774	AG	1.24	HG02386:2.57	0.80,0.84,1.65,0.81,1.71,0.78,1.62,0.84,0.84,2.45,0.86,0.84,2.69,1.74,0.87,0.81,1.63,2.57,1.65,0.83,0.85,0.84,0.82,0.81,0.85
21	26360972	26361813	AACCCTCCCCACTCC	1.23	HG02386:3.43	0.82,0.83,0.83,1.60,0.84,0.79,2.52,1.68,0.83,0.83,0.82,2.51,0.84,0.85,0.81,3.43,0.81,0.83,1.65,3.36,2.48,0.84,0.85,1.71,1.74,1.75,1.66,2.57,0.83,0.85,0.84,2.55,2.54,4.09,0.78,0.84,1.58,1.63,0.85
16	78608568	78609343	AT	1.22	HG02386:1.72	0.84,0.86,0.84,0.82,1.72,1.71,0.82,0.83,0.85
5	155849961	155850758	AAAATATATTATATTATAAT	1.20	HG02386:1.72	0.83,0.79,0.84,0.81,0.81,1.72,1.64,0.86,1.71
18	10462044	10463032	AAGG	1.17	HG02386:5.15	1.66,2.50,2.50,1.67,3.19,4.16,5.11,1.68,3.29,2.47,3.22,4.10,2.56,3.46,1.64,0.83,2.43,3.22,1.68,1.73,1.63,5.03,1.65,0.81,2.37,3.39,1.63,3.43,1.68,0.84,0.87,3.31,1.61,1.65,4.69,3.24,0.85,1.68,1.68,0.82,0.94,1.73,0.84,1.66,3.35,1.68,0.85,1.64,2.51,2.58,3.33,2.45,1.73,2.52,2.45,0.84,1.74,0.87,0.82,3.26,3.26,5.13,3.29,0.83,5.15,3.28,1.71,0.83,5.00,2.59,1.67,0.82,0.81,2.55,0.83,2.51,0.85,0.86,2.51,1.67,0.86,1.64,0.82,2.51,0.85,1.69,0.82,1.65,3.88,0.84,0.83,1.69,0.81,1.70,1.65
2	98663609	98665115	AAAGG	1.16	HG02386:6.01	2.45,0.83,1.67,0.83,2.49,1.67,1.67,0.80,0.84,0.84,1.68,0.81,0.82,0.85,0.87,1.64,0.83,0.81,0.81,1.94,1.70,0.86,0.82,3.35,3.30,3.26,3.15,2.44,2.58,0.84,0.84,0.87,4.29,1.66,0.83,5.08,3.31,1.56,2.52,1.65,1.89,2.59,1.68,0.83,0.84,0.84,0.85,2.51,3.37,0.86,2.50,1.63,1.67,1.73,2.53,3.58,4.34,3.48,4.04,1.64,4.07,4.89,7.69,1.66,6.01,0.82,4.14,0.83,1.67,1.64,3.24,2.55,4.28,0.84,0.83,1.70,4.72,2.57,0.84,0.87,0.84,5.99,6.62,6.85,0.82,0.85,2.46,2.52,2.57,0.84,0.84,2.55,0.87,1.69,0.85,3.42,1.68,1.69,1.68,0.84,1.66,0.84,5.13,3.40,4.14,1.69
1	235130997	235132353	ACATATATACCTATATAT	1.16	HG02386:4.29	3.27,2.44,0.83,0.83,0.83,4.18,0.80,1.68,3.33,1.70,1.68,0.82,0.81,1.61,1.71,2.60,1.64,2.50,0.84,0.97,1.69,1.63,0.84,0.81,1.58,0.85,0.81,1.72,1.68,1.68,0.84,3.47,0.83,1.65,1.61,0.83,1.56,0.84,2.83,0.86,1.68,0.85,3.29,0.84,0.86,1.73,2.45,0.81,2.69,2.61,2.43,1.61,2.46,1.63,0.81,1.71,2.46,0.83,4.29,2.46,0.83,2.50,0.86,1.67,1.64,1.62,0.83,1.71,0.82,4.20,0.83,1.71,2.51,0.87,1.66,0.83,0.86,2.47,1.71,0.86,4.28,2.51,0.84,0.87,1.69,1.68,0.82,2.52,0.78,1.67,3.37,2.56,2.51,0.79,1.70
7	71085727	71086924	ATCC	1.16	HG02386:4.29	1.63,1.66,1.67,0.83,0.83,5.83,2.50,1.67,0.80,1.66,1.70,1.68,1.64,2.46,1.71,1.71,1.60,2.50,0.81,1.61,3.36,0.97,1.70,0.82,0.81,0.79,0.85,0.84,0.84,0.87,0.86,1.65,2.41,1.69,0.85,1.65,1.89,1.73,0.84,0.83,0.84,0.85,3.35,1.68,2.58,3.33,0.83,1.73,0.81,7.17,0.87,1.74,1.62,0.82,1.64,0.83,4.29,1.64,3.42,0.83,0.83,2.59,0.84,1.64,0.81,1.66,0.83,1.57,3.49,1.65,0.86,0.82,0.82,0.84,0.86,0.84,0.87,0.85,3.42,0.85,1.65,0.79,1.70,2.48,1.66,0.85
4	127389748	127390163	AAGG	1.16	HG02386:1.72	0.83,1.79,0.85,1.72,0.82,1.68,0.84,0.85,0.85
5	5954489	5955407	AAGGAGGGAAGGGC	1.10	HG02386:2.57	0.83,2.51,0.85,2.52,0.80,0.84,1.73,0.82,0.83,0.81,0.85,0.81,1.72,0.84,0.83,1.65,0.80,1.56,0.82,0.84,0.84,0.82,0.84,3.27,0.84,0.87,0.81,0.81,0.81,0.81,1.71,0.82,2.57,0.82,0.83,0.85,0.83,0.84,0.85,0.83,0.83,0.85,0.81
15	72027621	72028901	AG	1.07	HG02386:3.43	0.82,0.82,0.81,0.83,0.83,0.83,0.83,1.67,3.34,1.60,0.84,0.83,2.55,1.64,0.81,0.85,0.87,0.82,1.60,1.67,0.81,0.81,1.68,0.97,0.84,1.70,0.82,1.65,0.81,1.72,0.84,0.84,1.68,0.85,2.60,1.71,0.83,0.83,0.83,0.86,1.68,0.83,1.67,1.68,0.85,0.84,0.84,0.83,0.82,3.33,0.86,2.53,0.81,1.74,0.87,1.71,0.83,3.43,2.59,0.84,0.81,0.85,1.65,1.68,0.83,0.84,0.79,0.84,0.87,0.84,0.83,0.86,3.29,0.85,2.52,2.57,0.86,0.84,1.69,0.85,0.86,0.84,1.69,0.82,0.84,0.83,0.84,1.71,0.81,0.83,0.83,0.85
X	89480701	89481540	AT	1.06	HG02386:1.72	0.83,0.86,0.85,0.78,0.84,1.72,0.82,1.71,1.74,0.82,0.78
1	24591899	24593366	ATCC	1.05	HG02386:7.72	3.27,0.82,0.81,4.99,3.34,1.66,4.99,1.67,0.83,5.01,2.39,1.67,1.68,2.50,5.96,1.68,3.29,9.04,4.07,1.64,4.27,3.42,1.73,9.04,0.80,3.34,4.06,3.22,10.93,2.90,5.06,0.85,1.73,1.68,2.48,1.63,3.94,3.39,1.63,2.58,1.68,4.20,4.25,5.14,1.66,4.14,3.21,6.60,2.54,1.56,1.62,1.71,1.68,2.51,2.47,7.77,4.20,2.50,9.20,1.68,1.70,0.84,0.86,3.33,1.63,5.00,3.45,0.84,5.72,1.69,1.61,2.69,4.34,2.61,6.47,4.03,0.82,4.07,2.56,1.64,1.66,7.72,0.82,2.56,3.31,3.33,0.86,0.84,4.11,4.86,5.11,4.17,4.28,4.94,3.36,0.83,4.19,3.41,1.57,1.71,3.34,3.48,3.35,1.75,4.98,3.42,4.14,2.57,0.83,3.41,3.28,3.36,3.43,2.57,3.34,3.38,0.85,3.49,3.38,1.69,3.42,2.54,2.45,2.47,1.68,3.11,0.84,2.50,0.84,1.71,4.18,2.37,5.69,1.70,3.31,6.65,0.85,1.69
14	77686805	77687136	ACTCTCGCCTCCCCTCCC	1.04	HG02386:2.57	1.63,0.80,1.73,0.86,0.82,1.63,1.66,0.83,0.83,2.34,0.83,1.64,1.79,2.61,1.62,0.83,2.57,0.82,0.86,2.46,0.81,0.85
3	8051592	8052167	AT	1.04	HG02386:1.72	0.84,0.82,0.81,0.79,0.84,0.81,1.72,0.84,4.27,1.71,0.79
2	33141296	33141320	ACCCCT	1.04	HG02386:1.72	0.83,0.80,0.82,0.81,0.84,0.87,1.65,0.82,1.72,0.85,0.84
3	3831127	3831401	ACATACATGTATATGTGCAT	1.03	HG02386:1.72	0.85,1.63,0.84,3.21,0.83,5.04,0.81,4.07,0.82,1.72
12	118535439	118536946	AGAGAGAGGGAGAGGCGG	1.01	HG02386:9.44	3.27,2.45,7.33,2.49,3.34,5.82,1.66,2.50,4.17,10.03,2.39,8.38,0.85,0.84,1.65,5.75,5.70,0.80,0.82,0.85,2.60,2.47,4.81,4.21,0.97,4.22,1.73,1.63,3.35,0.83,4.89,2.37,3.39,0.86,2.52,4.20,4.20,4.25,10.41,6.86,2.49,0.83,5.63,3.30,0.85,4.96,0.78,1.62,6.83,5.86,2.47,8.50,0.86,2.52,3.35,0.84,0.85,5.75,4.19,0.84,10.33,1.66,4.90,5.83,7.76,4.20,1.63,1.69,4.84,0.90,8.69,6.09,4.85,4.11,3.26,3.26,0.85,2.46,0.83,9.44,4.10,5.12,5.79,0.83,6.92,1.67,3.24,1.67,4.20,5.80,3.41,0.86,3.34,6.09,5.02,0.87,8.30,3.31,1.65,1.64,1.71,1.64,9.23,3.43,2.51,7.59,2.55,0.87,0.85,0.85,1.71,10.17,2.45,4.12,5.04,1.55,4.18,3.40,7.48,3.39
13	100114591	100115809	ATCC	1.01	HG02386:5.15	0.82,4.08,0.81,4.16,2.50,4.99,1.66,0.83,2.50,1.60,0.84,1.68,5.82,2.55,1.68,0.82,1.64,0.81,0.80,1.64,0.85,2.47,1.60,1.67,3.22,0.97,0.84,0.85,0.84,0.83,3.26,0.85,3.26,1.72,0.84,0.84,3.40,0.87,0.86,1.61,0.83,1.69,0.83,1.62,2.56,0.84,0.84,2.47,1.89,0.86,2.52,2.50,2.51,5.87,4.26,0.82,2.51,1.68,0.86,1.66,1.63,0.83,1.63,1.69,1.61,0.87,1.74,0.81,1.71,1.64,0.83,5.15,1.64,1.71,0.84,3.24,5.14,0.82,3.36,0.83,0.83,4.19,0.85,0.86,2.51,0.87,3.49,3.32,3.43,1.65,3.41,0.82,4.20,0.86,1.67,0.85,1.69,4.91,0.82,1.55,0.84,0.85,0.81,1.70,1.70
16	89700565	89702037	AAAGGAGAAGGAAGGG	1.01	HG02386:4.29	3.26,4.16,0.84,2.52,1.65,1.64,0.82,0.87,5.61,0.83,0.84,1.94,2.53,0.85,1.63,0.79,1.72,0.84,1.68,0.85,1.73,2.57,4.02,0.83,1.65,0.78,0.81,0.84,1.68,0.84,3.29,0.84,0.86,1.67,3.45,0.90,2.61,1.74,0.81,0.81,0.85,4.29,2.50,1.67,0.86,2.47,0.84,3.31,1.66,0.84,2.56,0.79,0.86,3.34,2.51,1.75,0.83,0.86,1.65,0.82,3.28,0.84,2.57,0.84,0.85,0.86,1.68,2.54,1.65,2.52,3.11,0.83,1.69,0.79,5.10,1.66,2.55,0.85
