#contig	start	end	unit	top_case_zscore	high_case_counts	all_counts
X	6720505	6721521	AAAAT	24.26	HG02521:24.29	0.82,14.26,24.29,0.83
12	97767680	97769076	AAAG	11.77	HG02521:20.10	3.33,5.01,1.66,2.50,2.51,2.51,0.84,1.71,2.56,7.79,7.40,3.20,0.81,6.78,2.53,2.55,0.82,1.68,1.69,1.72,6.72,1.68,0.84,3.40,0.87,0.83,10.73,5.08,1.62,0.84,5.86,6.61,4.20,1.67,5.86,4.99,0.83,2.52,1.63,6.09,0.82,5.13,5.75,2.57,0.85,4.14,1.73,20.10,3.29,3.24,5.96,10.71,7.45,8.28,5.86,0.79,6.09,4.36,9.13,8.56,5.79,4.11,8.21,6.72,4.28,1.67,3.49,10.15,12.84,6.72,3.27,1.68,4.66,0.83,5.90,3.42,4.96,4.16,0.85,3.39
7	2851698	2852781	ACATC	10.28	HG02521:15.91	2.45,3.33,4.25,3.26,8.41,1.69,6.65,15.91
17	64219994	64221316	AAAGG	8.82	HG02521:14.24	1.63,1.63,4.07,1.67,2.50,1.66,0.80,0.84,2.55,1.68,1.64,0.80,10.67,0.85,0.87,0.82,5.61,0.83,0.81,4.21,3.87,2.53,1.70,0.86,0.82,2.52,1.63,0.79,0.81,1.72,5.04,0.84,0.84,0.85,0.87,0.86,5.80,1.65,1.61,2.48,1.69,0.83,2.34,0.81,3.36,4.19,0.94,6.91,1.66,5.02,2.52,6.81,2.46,1.67,3.44,4.16,5.00,3.36,4.08,1.69,2.42,3.48,1.74,3.22,0.82,4.07,4.07,2.56,0.83,1.72,0.82,4.32,14.24,2.46,8.11,12.76,2.50,0.86,0.84,0.85,3.14,2.57,0.84,0.83,1.71,0.83,2.57,0.86,1.70,0.85,2.52,4.24,3.30,1.55,1.66,2.51,1.65,0.83,0.85,1.69
Y	13685857	13688908	AATGG	7.91	HG02521:34.34	10.61,8.16,15.47,19.96,14.19,12.48,17.45,14.99,17.53,10.87,13.56,17.54,23.45,12.48,9.36,7.57,11.52,24.66,12.22,13.68,23.80,23.04,31.61,32.87,13.97,17.63,20.87,23.54,12.89,25.23,18.39,31.47,23.70,14.03,18.14,24.45,25.20,20.18,26.88,18.23,25.64,11.25,15.69,14.07,14.59,20.11,17.30,21.86,22.59,22.64,10.68,18.07,25.34,25.88,13.88,22.59,18.25,20.02,16.98,11.28,18.06,22.82,27.68,25.63,19.72,13.29,18.88,15.59,14.52,21.51,21.65,34.34,12.16,19.99,21.43,17.39,18.42,14.15,13.38,20.91,12.45,0.86,19.86,10.76,14.51,15.60,10.28,25.05,20.94,21.99,12.84,14.72,22.68,10.87,15.07,14.33,10.25,7.32,20.68,5.94
2	4307770	4308893	AATATATACATATATAT	6.14	HG02521:7.54	1.64,0.79,1.67,0.83,7.54,0.85,1.67,1.75,0.86,0.85,0.84,0.86,2.53,0.87,0.85,0.82,1.67,1.58,0.81,1.70,2.48
12	124392074	124393109	ACAGAGAGACAGGGAGGAG	5.41	HG02521:9.21	4.90,0.83,1.67,0.83,0.85,0.82,0.80,4.27,2.50,0.97,0.85,6.91,3.30,3.39,0.81,2.58,0.84,0.86,0.83,1.65,1.65,0.85,1.65,1.56,0.85,1.68,2.51,2.46,1.67,2.58,2.45,0.86,1.62,0.82,0.81,1.71,0.82,3.32,4.14,2.59,9.21,8.11,0.85,2.50,2.47,0.83,1.70,2.36,0.86,0.84,1.74,2.62,0.83,2.48,0.83,1.64,3.28,3.36,0.86,3.34,3.40,5.08,1.69,0.84,1.65,4.19,1.66,3.40,1.65,1.66,0.85,1.69
X	1854204	1855527	AAAGCGGAGGAGGGAG	5.36	HG02521:23.45	17.14,13.87,11.40,12.47,9.15,10.81,7.49,5.01,7.98,17.54,13.40,2.50,16.17,9.26,14.81,8.22,16.10,8.21,6.83,11.25,19.23,8.35,7.30,15.31,8.71,8.43,10.21,12.09,8.17,11.74,13.20,7.33,7.10,10.16,0.81,7.73,16.80,5.89,10.93,10.20,5.20,6.00,0.83,15.72,1.61,4.95,7.62,6.61,5.47,9.73,8.54,5.87,9.22,12.36,17.93,0.86,5.88,15.80,5.86,5.87,10.22,12.32,10.05,20.21,4.99,17.98,3.33,4.31,11.76,8.17,5.06,19.36,0.90,9.57,17.79,9.67,21.19,5.70,14.53,19.72,9.97,14.59,9.85,4.27,12.41,3.33,6.05,23.45,5.75,18.65,17.02,10.00,2.52,4.97,1.67,7.67,12.57,1.71,6.09,9.20,3.49,5.14,4.96,0.83,2.56,14.78,5.04,7.52,8.72,2.54,5.92,0.86,15.96,4.24,16.35,0.84,1.69,2.51,1.58,15.46,7.64,2.48,14.13,4.24
7	9059786	9060907	AGCCCTCCT	5.27	HG02521:7.54	1.63,0.81,1.67,1.60,0.82,1.71,2.47,0.84,0.82,1.72,0.84,1.66,2.41,0.85,8.39,5.06,1.79,1.64,7.54,1.68,1.66,1.74,0.86,1.65,2.52,2.51,3.37,1.67,2.48
5	32567933	32568665	AAAG	5.02	HG02521:5.02	1.68,5.02,4.11
10	132157940	132159441	AG	4.90	HG02521:10.05	0.82,0.81,1.66,0.83,1.67,3.34,0.84,0.83,6.81,0.84,0.82,4.11,4.07,3.22,0.87,4.11,0.83,0.84,0.82,1.58,5.04,5.88,4.25,1.73,1.69,0.83,5.13,0.82,1.73,0.84,0.82,2.53,0.86,3.33,0.82,5.06,3.23,1.74,1.64,10.59,3.26,4.93,5.81,3.33,10.05,0.85,5.00,0.84,1.57,2.57,0.87,3.32,2.57,6.62,0.82,0.86,0.84,0.85,3.11,4.88,0.85,1.66
12	59829984	59831191	AAAG	4.84	HG02521:22.61	1.63,2.45,2.49,2.50,1.66,3.33,3.99,3.36,6.78,0.85,3.46,3.27,6.51,14.20,2.44,2.52,7.65,1.73,0.86,14.89,8.84,0.78,3.35,6.59,4.72,0.86,6.73,7.49,3.41,4.21,0.86,2.45,9.99,6.72,16.01,8.96,1.74,13.92,11.32,2.42,0.82,8.96,11.96,4.93,22.61,3.29,14.59,5.11,2.57,19.30,6.63,7.45,5.24,6.83,4.29,5.02,0.81
4	87763237	87764598	AAAG	4.57	HG02521:12.56	4.90,1.60,4.18,0.85,0.82,0.83,5.06,0.86,0.82,14.20,5.93,3.36,9.11,1.73,0.83,6.02,0.83,1.68,0.84,4.03,0.82,13.73,8.21,12.56,6.57,0.85
4	102026851	102028157	AAAG	4.41	HG02521:24.29	9.80,5.82,1.67,1.66,7.48,2.50,3.34,9.19,5.58,6.70,0.85,6.73,4.93,5.63,4.27,15.38,1.64,8.01,10.85,10.55,19.34,4.21,12.59,1.69,7.66,14.69,17.98,9.22,1.58,8.47,7.33,10.08,7.57,8.41,19.56,6.86,26.51,6.62,19.29,0.83,3.39,7.81,2.43,2.56,10.93,6.69,12.05,12.48,13.08,2.50,12.08,14.28,16.33,7.58,4.84,8.96,6.08,7.83,1.62,4.83,14.78,12.22,4.89,9.86,9.14,3.43,4.92,10.25,9.10,9.16,14.70,24.29,4.11,1.62,10.21,4.97,4.26,1.75,0.83,8.57,4.14,0.82,6.83,3.38,1.65,10.25,1.63
6	167161505	167162119	ACCTCCTCAGGCCCCC	4.37	HG02521:7.54	0.81,0.83,2.51,0.83,0.84,0.82,0.81,0.87,1.60,0.81,0.84,2.55,1.73,0.82,0.83,0.85,2.44,1.72,1.68,0.85,0.86,0.83,0.78,0.81,0.82,0.94,1.66,0.84,0.85,0.83,0.82,0.83,1.68,0.81,0.87,0.87,0.81,5.70,1.64,0.83,0.83,7.54,0.81,0.84,0.83,1.70,0.86,3.34,2.51,0.87,2.49,2.47,0.85,4.93,0.84,1.67,1.70,3.38,3.42,3.36,0.85,0.82,2.47,1.55,4.16,0.84,3.34,1.58,0.81,1.65,4.24
6	90607207	90608356	AAAGG	4.23	HG02521:9.21	1.63,0.82,0.81,2.49,0.83,0.83,2.49,2.50,0.83,0.84,3.19,1.67,0.84,2.50,0.85,0.84,1.65,1.64,0.82,1.71,4.27,3.46,4.11,1.60,3.34,7.30,2.52,0.97,2.53,5.10,2.45,4.13,1.58,0.85,0.81,2.58,2.52,0.84,1.68,1.70,1.71,0.83,1.65,4.13,0.85,2.48,3.42,3.36,1.68,1.65,0.94,2.59,4.20,0.83,2.51,1.68,0.85,5.86,0.84,4.30,2.50,5.00,1.73,1.69,0.81,1.79,8.70,2.43,1.61,0.82,1.63,2.44,1.71,2.49,2.57,3.28,2.56,1.65,3.33,5.19,9.21,3.29,6.49,2.50,2.52,0.83,1.67,5.11,3.48,0.84,0.83,0.86,1.64,1.68,2.57,0.84,0.84,1.70,0.87,0.85,2.54,1.68,0.85,2.45,4.95,1.68,0.84,0.85,0.84,1.58,1.63,0.83,0.85
8	25453226	25454728	AAAG	4.11	HG02521:20.10	7.35,0.82,0.81,7.49,0.83,0.84,10.37,1.68,0.85,4.02,11.49,6.83,6.58,8.35,8.86,14.69,13.42,21.17,9.46,0.85,6.01,0.84,3.36,17.01,2.60,3.43,0.83,1.65,4.86,0.94,0.86,7.55,11.92,0.82,6.88,5.82,8.17,0.83,5.04,5.72,0.81,2.61,0.81,13.96,8.22,14.12,0.86,0.85,6.62,5.83,8.64,20.10,0.85,0.86,0.84,0.83,1.70,16.50,4.96,0.85,0.85,3.49,9.30,0.82,1.55,2.50,6.31,0.81
2	218673186	218674961	ATCC	3.88	HG02521:41.87	34.29,31.01,23.61,26.61,24.20,27.46,33.25,20.82,32.56,21.73,25.53,24.22,30.99,26.62,31.48,28.61,30.43,26.30,30.97,33.81,22.16,28.16,28.19,36.33,29.59,32.05,21.70,30.84,18.53,34.48,34.85,29.51,23.82,24.19,33.50,26.84,25.58,36.64,44.96,23.71,21.19,29.19,31.92,24.38,28.58,22.96,26.02,24.00,33.14,28.95,23.30,23.94,21.17,23.14,35.95,38.91,28.19,18.46,31.00,28.84,20.77,28.50,19.34,28.28,20.92,19.29,28.10,30.39,25.12,22.74,25.82,29.95,22.07,19.98,35.36,21.85,22.86,20.22,22.59,23.30,33.02,26.98,31.54,23.36,33.67,38.30,30.13,34.18,35.33,29.90,24.02,31.18,26.48,30.61,18.32,38.90,41.87,29.57,34.05,21.27,16.66,24.85,20.60,22.66,20.71,28.99,25.95,27.28,48.73,24.00,25.92,21.76,28.44,27.06,24.07,26.53,18.20,23.13,19.03,18.09,25.60,26.27,24.34,21.44,20.56,25.89,16.03,16.13,22.68,29.61,22.83,29.09,36.13,22.88,32.71,32.98,39.49,24.07,29.30,25.79,24.44,39.30,33.43,21.29,36.61,37.37,29.78,35.75,22.91,22.86
8	84000177	84001594	AAATATATATATAT	3.78	HG02521:14.24	5.71,0.82,7.33,0.83,3.33,4.99,2.50,7.52,1.60,9.19,0.84,9.15,7.57,9.05,5.75,3.41,3.46,1.64,3.20,2.50,2.43,9.67,0.84,11.62,6.75,1.70,4.09,2.52,2.48,4.07,11.83,3.39,4.89,8.59,1.68,1.70,5.20,3.43,0.83,4.14,3.21,7.44,7.03,13.78,6.83,7.42,11.23,0.84,2.50,7.53,4.19,2.55,3.29,0.84,5.89,2.58,0.83,0.82,8.33,1.68,12.25,3.37,4.03,2.69,5.21,1.74,4.85,8.86,8.21,7.33,7.33,6.57,6.64,17.16,7.69,3.31,1.67,1.73,14.24,5.75,0.81,5.96,3.35,1.71,0.85,0.85,0.86,0.85,1.69,0.85,0.85
3	121504376	121505645	AAAAG	3.77	HG02521:40.20	11.68,17.49,17.53,16.75,32.57,39.12,15.59,7.79,16.46,18.55,19.56,26.00,18.89,19.08,12.38,11.86,19.54,14.26,17.93,24.28,19.79,28.28,6.74,19.36,25.09,17.40,17.93,40.20,21.66,17.31,30.65,5.99,23.81,58.46,4.24,9.00,19.79,22.68,22.51,37.68,14.14,14.21,8.49
1	116303474	116304726	AAG	3.77	HG02521:14.24	4.08,2.44,12.52,4.99,3.32,4.16,0.83,2.51,0.80,7.54,4.99,8.51,5.05,7.40,1.63,8.05,0.85,2.56,8.65,11.51,1.60,5.01,3.25,3.22,9.68,5.90,7.66,0.86,9.81,0.84,2.48,2.44,3.15,11.01,4.89,2.58,5.88,4.20,4.20,4.34,7.72,7.46,6.62,10.73,2.54,1.65,8.60,0.81,5.98,9.23,11.73,1.65,6.61,7.77,5.82,8.39,1.70,4.93,2.51,4.21,6.88,4.16,4.90,1.67,6.04,3.36,5.72,9.27,7.26,6.27,0.87,2.61,1.61,3.28,2.44,7.33,5.13,9.86,6.64,3.43,2.46,4.27,5.79,16.65,2.59,14.24,0.82,7.30,1.70,0.83,7.71,0.82,3.36,2.48,1.66,0.84,2.56,4.72,4.29,4.18,6.09,7.53,5.24,5.79,4.93,8.53,0.82,5.88,2.57,0.86,5.01,13.50,3.38,9.30,0.86,2.52,4.24,4.91,0.78,5.86,3.33,2.53,0.85,1.67,1.63,9.34,5.79,3.33,0.85,10.16
12	95824710	95825723	AAG	3.63	HG02521:5.86	2.45,0.81,0.83,1.67,1.67,0.84,1.60,1.66,2.55,0.84,1.65,0.81,0.82,0.85,0.85,1.73,1.60,0.83,0.97,0.84,0.86,1.63,0.83,0.81,0.85,4.29,0.87,1.66,0.83,1.65,0.85,1.71,0.84,1.68,0.83,0.84,1.70,0.82,1.67,3.37,0.83,0.82,1.67,1.63,1.69,0.81,0.81,1.63,0.85,0.83,1.72,4.10,2.56,0.86,5.86,0.81,0.82,0.83,0.87,1.66,0.86,0.84,2.54,0.84,0.84,1.67,0.85,0.85,0.85
5	144426802	144427942	AAAG	3.61	HG02521:6.70	0.87,7.74,4.22,2.55,2.37,0.81,0.86,0.84,0.83,6.43,3.44,13.32,4.07,6.70,0.85,0.86,0.82,1.70,0.84,0.85,0.85
22	46285782	46287447	ACACACTCGCCCCGC	3.50	HG02521:13.40	0.82,0.83,0.83,0.83,2.49,0.83,4.18,1.60,3.34,3.35,3.40,2.52,6.58,0.82,4.89,6.44,7.69,1.73,2.47,1.67,4.87,1.68,11.62,9.28,6.80,0.86,4.09,7.55,7.43,7.33,12.62,3.39,7.33,4.29,6.72,5.89,1.68,4.25,5.20,1.71,4.97,4.96,4.82,4.13,4.23,1.65,10.16,0.81,2.56,4.19,3.35,0.82,1.89,1.68,7.49,4.18,0.84,2.46,0.84,6.74,5.16,3.33,2.45,5.00,6.90,6.72,8.98,7.58,7.26,2.69,3.48,4.35,13.75,4.03,11.50,8.96,3.26,4.27,9.04,0.83,9.44,4.10,3.42,1.65,5.00,4.32,13.40,9.86,8.11,0.85,4.17,0.86,5.77,4.20,2.48,0.83,1.67,1.70,4.72,0.86,2.51,0.87,1.67,1.75,0.83,8.56,4.96,5.14,0.83,1.64,4.27,5.75,9.23,0.86,4.28,2.51,1.69,7.64,0.87,0.85,1.71,7.56,0.85,9.81,1.65,2.52,5.43,7.54,5.82,1.69,1.71,5.85,1.58,5.69,2.55,0.83,11.64,8.49,1.69
1	154097597	154098711	AAGG	3.48	HG02521:8.37	0.82,1.63,1.63,1.66,0.83,3.34,3.19,2.51,0.85,0.84,0.82,0.85,2.56,6.92,1.68,0.97,3.40,0.86,3.27,1.65,6.31,1.69,0.85,4.14,0.83,0.80,0.85,0.83,0.85,1.68,1.68,0.94,0.84,0.83,0.84,1.68,0.82,0.84,0.84,2.50,1.63,0.83,1.73,0.82,0.84,1.79,1.74,4.85,3.22,5.70,2.46,0.83,0.83,1.67,0.86,8.37,3.24,0.85,4.17,2.57,1.65,2.52,1.66,5.80,0.84,0.85,1.57,0.86,3.34,0.84,0.87,1.66,0.86,5.79,2.48,0.85,0.82,2.52,0.84,0.84,5.09,1.74,1.69,3.38,2.54,1.64,2.47,4.20,4.19,1.66,0.84,3.42,2.51,6.31,1.63,0.85,0.83,4.16,0.85
3	63299208	63300236	ATATATATATATATCC	3.38	HG02521:12.56	4.17,12.53,2.55,2.47,5.12,6.92,3.20,3.40,10.06,7.62,2.44,2.58,0.84,4.25,6.07,11.60,4.14,7.23,0.81,8.50,1.67,1.68,5.96,5.02,1.68,5.16,6.66,2.45,4.16,2.59,4.08,1.69,6.27,2.61,1.62,3.28,10.59,4.07,3.32,6.86,5.12,0.86,12.56,9.03,9.73,5.77,4.26,10.22,7.71,0.87,2.49,2.47,3.36,0.84,0.84,6.65,2.48,1.69
11	109436765	109437757	AAAAT	3.37	HG02521:4.19	13.45,20.57,18.05,4.19
17	35456000	35456687	AGCCCTCCTCCCATC	3.35	HG02521:3.35	3.35,0.84,0.85
X	146233939	146234014	ACACATATATGTATACATAT	3.35	HG02521:3.35	3.35
22	27298208	27298469	AAGG	3.35	HG02521:3.35	2.52,2.51,3.35
9	115287648	115288875	AAG	3.25	HG02521:11.72	10.61,1.63,4.07,3.33,2.50,4.16,3.32,4.16,3.34,4.18,4.79,0.84,10.05,6.66,6.73,4.11,1.64,4.07,3.22,8.21,4.27,0.85,3.46,4.93,3.20,1.67,3.25,2.42,7.57,1.94,2.53,4.25,3.46,0.82,0.84,2.48,0.81,3.15,2.44,10.30,3.36,9.25,1.68,1.70,3.43,6.63,11.58,3.30,1.69,4.13,3.13,0.81,1.71,5.03,3.35,3.30,5.66,2.59,0.84,2.50,6.69,4.19,2.55,2.46,2.51,1.68,3.44,5.82,0.82,5.00,3.45,2.52,4.08,8.43,7.26,2.69,0.87,0.87,3.23,3.22,3.28,6.52,9.77,6.84,3.29,0.83,6.86,4.10,4.27,3.31,3.33,3.46,11.72,3.29,2.43,0.85,5.14,0.82,1.66,4.14,4.19,4.26,4.72,2.57,0.84,3.48,1.67,5.24,4.98,1.71,4.14,5.14,6.62,2.56,2.46,2.52,4.29,0.86,2.51,4.22,3.40,5.23,2.54,2.54,6.85,8.40,5.93,0.82,4.95,2.52,1.55,0.84,5.82,5.90,2.56,2.51,2.37,4.88,5.94,6.62,5.09,2.54
4	154049925	154051669	ACC	3.18	HG02521:10.05	6.53,0.82,0.81,1.66,4.17,1.66,1.66,3.33,2.50,3.34,4.79,0.84,0.84,2.50,5.96,1.68,3.29,2.47,0.81,2.41,2.46,1.71,2.56,5.19,1.64,1.60,3.34,12.17,4.84,2.52,4.84,2.53,1.70,0.86,6.54,5.03,5.78,1.63,2.37,4.23,3.26,5.15,6.72,0.84,0.84,0.85,2.60,3.43,2.49,5.79,3.21,3.30,2.54,2.48,1.56,1.62,1.71,2.52,2.51,2.47,0.94,2.59,0.84,1.66,4.18,0.84,4.11,2.58,5.82,2.45,3.33,3.45,0.84,7.35,3.23,3.58,2.61,7.28,0.81,1.64,2.44,0.81,1.71,10.68,2.49,5.15,5.74,1.71,5.79,6.66,0.86,10.05,1.64,1.62,5.11,4.17,6.00,5.77,5.03,1.66,9.11,2.51,5.97,0.79,0.86,4.18,1.74,0.84,4.36,4.98,1.71,2.48,4.28,4.96,0.82,4.27,1.68,5.15,3.34,0.85,1.74,0.85,4.23,5.13,0.84,3.39,4.91,1.65,1.68,6.99,6.70,4.16,2.53,5.13,5.01,3.25,7.64,3.31,4.16,2.55,5.08
17	21833853	21834314	AG	3.15	HG02521:5.02	0.83,1.71,2.40,2.55,0.86,1.67,5.82,0.84,2.61,1.71,3.32,0.85,2.48,2.50,5.02
19	14884686	14886188	AAAG	3.01	HG02521:26.80	4.90,20.40,8.14,17.53,6.66,18.29,9.99,8.36,3.19,2.51,21.39,14.80,5.70,22.54,18.88,15.38,10.69,10.42,4.87,11.28,16.86,1.63,15.24,11.16,2.52,21.86,19.94,9.10,18.99,13.55,14.05,12.50,2.43,5.13,22.65,0.94,7.77,47.08,6.81,13.96,2.58,12.48,13.89,19.32,14.34,26.07,16.53,6.52,16.24,18.89,6.01,5.74,13.23,17.29,26.80,10.68,33.24,7.50,0.84,28.16,10.87,4.36,0.86,4.96,6.57,5.04,2.57,2.54,2.52,5.08,11.54,15.80,12.82,8.49
22	48810399	48811587	AAAAGAGGCCCACAAAGAGG	3.01	HG02521:5.86	0.82,2.51,3.34,3.40,0.82,7.57,0.78,2.46,0.86,2.59,1.74,5.86,4.20,0.87,0.85,5.04,4.73,1.66
1	35267134	35268619	AAACC	2.91	HG02521:14.24	0.82,9.79,14.66,4.99,3.34,11.65,4.99,3.33,9.18,6.69,3.99,6.68,6.70,8.32,5.11,12.62,3.29,1.64,10.59,2.41,4.10,4.27,7.69,5.19,5.75,12.82,5.01,2.43,3.22,0.84,0.84,3.40,9.50,2.52,4.13,0.81,3.94,0.85,5.70,1.72,5.88,0.84,5.88,5.95,0.86,3.31,7.44,5.63,4.95,8.47,9.92,4.69,1.62,2.56,7.55,4.19,1.65,4.72,6.91,2.52,2.50,11.71,6.71,1.70,0.82,10.05,4.21,6.02,2.50,7.36,5.00,7.76,7.56,4.90,10.11,9.68,6.95,8.90,17.72,5.75,9.78,11.40,9.40,9.04,1.66,8.58,6.56,2.56,4.96,6.66,5.19,14.24,0.82,2.43,1.70,0.83,4.28,1.66,5.80,8.37,6.29,1.71,1.67,0.87,3.35,11.13,3.31,6.85,1.65,9.87,4.27,11.49,4.20,2.57,1.69,1.70,3.49,0.85,5.92,5.99,3.36,4.24,4.09,6.60,6.72,6.99,5.86,1.66,5.90,2.56,2.37,4.88,6.79,8.27,5.82,1.70,4.23
22	49267898	49268296	AAGG	2.88	HG02521:4.19	0.86,2.52,1.70,1.65,1.68,0.85,3.29,0.85,1.65,4.19,1.62,3.40
6	56760867	56761412	ACGGGAGAGGGAGAGGGAG	2.81	HG02521:5.02	1.63,1.63,0.81,0.83,0.83,0.83,1.67,1.60,0.84,0.84,1.70,1.65,1.64,0.85,1.62,0.81,1.69,0.82,1.68,0.83,1.58,0.84,0.85,0.86,0.83,0.80,0.83,1.56,1.62,2.83,4.32,0.84,1.66,2.51,0.82,2.51,1.72,0.83,0.82,0.84,0.81,1.74,1.74,2.42,1.64,1.71,1.64,0.83,1.72,5.02,0.82,0.81,0.83,0.87,0.84,2.48,1.71,3.36,0.86,0.85,3.11,0.83,0.85
Y	13138635	13143445	AATGG	2.70	HG02521:47.74	24.49,37.54,34.20,22.45,15.86,31.62,26.60,29.15,35.90,53.49,24.73,28.40,39.37,39.94,31.48,13.47,32.08,32.06,25.26,27.37,27.08,37.54,27.34,56.23,37.81,43.27,27.54,47.08,33.85,37.01,28.07,25.30,28.92,12.96,21.24,21.80,22.28,18.73,26.82,18.63,12.22,16.31,26.88,25.22,24.38,26.36,30.35,36.00,22.37,28.95,24.11,23.94,22.02,23.97,26.57,20.27,17.94,35.24,33.51,23.07,22.65,56.13,28.58,35.77,27.61,29.35,28.96,19.71,27.63,25.26,32.70,33.28,28.61,29.98,31.05,22.69,21.23,13.48,37.12,23.30,40.84,17.40,25.88,24.97,39.41,21.19,26.87,34.18,28.75,19.93,21.45,30.36,16.23,27.30,19.98,26.80,47.74,19.71,29.19,17.87,28.32,17.14,26.37,30.21,24.85,30.65,25.12,17.05,36.15,23.14,15.88,23.50,26.77,25.32,35.69,24.82,24.82,24.84,14.07,18.09,32.43,34.48,33.58,18.01,20.56,18.37,22.78,23.77,36.64,18.61,36.36,23.10,24.37,23.73,31.07,18.14,21.00,38.82,30.14,19.96,19.38,26.49,20.06,31.54,35.79,18.68,32.26,20.79,17.82,22.02
7	1793797	1794936	AAAG	2.70	HG02521:11.72	4.08,2.50,8.42,8.23,4.89,4.27,4.81,8.35,4.84,8.99,1.65,3.15,3.43,4.20,4.25,4.14,8.60,4.72,2.45,14.28,9.80,6.09,0.81,5.13,7.47,12.81,3.31,11.66,5.19,11.72,3.29,8.92,4.25,9.89,6.71,2.56,0.82,0.85,0.86,1.70
10	6894182	6895013	AT	2.69	HG02521:3.35	2.45,1.65,2.44,0.84,1.61,0.87,0.82,1.66,3.35
7	1310953	1311979	ACACTGTCCACCTCCCACAG	2.67	HG02521:30.99	15.51,11.42,30.12,13.30,17.53,9.98,19.95,20.82,18.37,25.07,12.76,5.01,30.15,9.15,7.66,16.83,18.92,6.58,35.04,16.90,22.98,8.53,16.23,21.63,8.22,15.22,38.39,12.17,14.51,15.98,9.68,11.81,0.85,17.28,12.26,12.58,4.13,6.51,14.99,12.70,11.41,18.89,12.60,9.25,10.93,14.46,10.29,3.31,1.65,1.61,16.51,14.40,23.14,25.79,18.65,23.06,15.10,25.13,19.78,20.77,14.68,9.25,20.79,16.74,13.42,23.85,24.64,20.10,10.11,21.51,24.96,13.08,6.66,18.11,4.20,26.95,11.80,8.88,8.96,26.07,7.83,17.79,26.58,13.14,13.85,29.31,3.42,19.72,11.63,5.15,21.33,25.62,1.65,19.15,6.92,30.99,17.25,0.81,15.32,18.00,23.90,6.71,1.66,23.19,3.35,1.70,14.15,15.43,10.87,7.83,14.22,6.11,14.94,17.12,7.45,6.00,4.14,13.98,12.80,22.98,3.36,7.72,6.00,15.03,7.59,9.34,12.21,3.38,10.99,10.27,26.89,15.25,21.26,4.12,15.96,10.09,6.70,7.49,6.74,0.85,12.54,23.65,16.27,8.49,5.79,14.13,2.55,3.39
X	126078311	126079610	ATATATATATCATATATATC	2.67	HG02521:8.37	1.63,0.82,1.63,0.83,2.49,0.80,1.70,2.47,2.44,0.85,1.71,1.60,0.81,4.03,0.97,1.69,1.70,1.73,4.09,1.68,7.33,0.81,2.58,4.20,1.68,3.40,5.20,3.43,4.97,1.61,1.65,5.08,1.56,4.27,1.68,6.59,2.83,4.32,1.68,4.99,4.18,0.85,1.64,6.74,3.33,0.82,3.33,5.04,6.53,0.84,3.23,1.79,1.74,0.87,0.81,0.82,0.81,1.64,1.66,0.86,1.64,1.71,2.59,8.37,6.57,0.81,1.70,0.83,0.86,1.65,2.52,0.83,3.31,4.19,3.14,3.43,1.74,2.51,1.75,1.66,3.31,1.71,4.93,6.00,1.71,0.84,1.69,0.85,1.69,1.71,0.84,9.00,1.65,0.83,0.84,1.67,1.58,2.55,1.70
2	69322941	69324079	AAGG	2.67	HG02521:6.70	1.67,1.65,3.28,4.11,2.40,4.06,0.81,3.87,0.84,2.55,0.86,0.83,7.10,0.85,1.68,3.36,3.43,0.83,2.41,1.68,0.86,0.84,0.83,3.33,6.90,5.72,0.84,0.81,0.90,1.74,0.81,3.22,1.64,1.63,1.71,4.93,2.49,3.46,6.70,1.62,2.55,2.52,1.71,0.87,0.86,0.86,0.82,0.84,0.84,0.85,0.85,2.52,2.56,2.37,1.65,4.99,0.85
10	129226412	129228079	AATCCACACGGCACCCC	2.64	HG02521:5.02	0.82,1.63,0.81,1.66,0.83,0.84,0.85,0.84,0.81,0.80,1.64,2.56,3.46,1.64,0.83,3.37,0.85,0.82,1.68,2.48,1.63,0.85,0.81,1.68,1.70,0.83,4.23,0.85,1.68,0.94,0.84,0.85,0.84,1.72,2.50,0.81,1.74,3.22,1.63,1.64,0.83,0.83,5.02,0.81,0.84,0.83,0.87,0.86,0.82,0.85,2.52,1.69,2.33,0.84,0.81
6	144423893	144425047	AAAGG	2.56	HG02521:5.02	0.83,4.99,0.83,1.67,1.67,1.67,0.80,0.84,1.66,1.65,0.82,2.56,1.67,0.81,0.81,0.86,0.83,0.80,1.62,0.84,0.84,0.86,0.83,3.35,2.55,2.53,0.82,1.73,0.81,5.38,0.87,1.61,2.44,1.71,0.82,0.86,0.83,0.83,5.02,4.05,2.55,0.79,0.84,0.85,0.86,0.84,1.69,0.82,0.83
21	32918400	32919007	AAAG	2.51	HG02521:2.51	0.86,0.86,2.51
4	185747015	185747500	CCCCCCCGCGGCCCCG	2.51	HG02521:2.51	0.85,2.51
5	97522836	97523476	ACACATATATATATAT	2.50	HG02521:2.51	0.85,0.84,1.67,2.51
12	111694458	111695110	AAGAAGTGGGAGGGGGAGG	2.46	HG02521:5.86	0.82,3.26,3.26,2.49,0.83,3.33,1.66,0.83,0.83,1.67,3.19,0.84,1.68,1.66,1.70,1.68,0.82,1.64,0.80,2.56,0.85,0.87,2.47,3.20,2.50,2.90,1.70,0.86,0.82,3.26,2.37,2.44,0.86,0.84,0.86,0.80,0.83,0.85,0.83,3.91,3.24,1.68,0.84,0.82,0.94,0.84,0.83,3.35,0.85,0.82,1.68,1.72,1.66,0.82,0.83,1.68,1.63,3.37,0.81,0.87,1.62,0.81,2.44,0.85,4.93,0.83,1.72,4.16,1.73,5.86,1.64,0.81,2.55,3.33,2.57,1.65,0.83,3.31,0.79,0.86,1.67,2.61,0.87,2.48,1.64,0.85,0.82,3.36,3.34,0.85,1.69,0.86,2.45,3.11,0.84,0.83,5.06,0.85,1.63,0.85,0.83,2.49,2.54
1	2052581	2053028	AACCACCGCCGCGACCCT	2.44	HG02521:6.70	9.46,4.23,3.43,5.14,4.83,5.70,4.27,6.70
7	131816659	131817691	AACAG	2.43	HG02521:5.86	3.28,0.85,6.87,3.21,1.69,3.33,3.26,4.27,4.92,1.65,5.86,4.36,0.85,20.68
6	169465256	169466215	AAAG	2.43	HG02521:5.02	0.84,0.83,2.90,2.44,5.04,1.73,2.49,1.65,1.73,5.04,6.02,9.15,1.69,1.74,0.82,3.31,5.02,1.70,0.83,0.86,0.86,1.70,0.85
X	10104698	10105486	AT	2.42	HG02521:4.19	1.67,0.85,2.52,1.64,0.84,0.97,1.69,0.86,0.83,0.79,1.69,2.58,1.70,0.87,1.71,1.65,0.80,0.83,0.83,1.63,1.69,3.23,1.64,0.83,1.71,0.83,0.86,4.19,4.11,0.85,0.84,0.85
6	170379179	170379920	ACCCCATCCCTCCATCC	2.41	HG02521:17.59	8.98,10.61,5.70,4.16,9.18,9.98,3.32,0.83,5.84,11.70,8.77,6.68,10.89,7.49,4.25,5.89,5.76,1.64,9.78,8.85,5.75,5.97,5.98,3.46,4.11,4.81,7.51,6.49,11.28,2.52,9.68,11.81,9.36,6.91,7.35,10.90,4.95,8.96,9.46,7.62,5.70,5.15,5.04,0.84,15.13,3.40,6.94,4.29,9.11,2.48,2.41,4.95,3.39,6.61,16.41,9.73,2.56,2.52,8.38,12.36,5.66,10.36,10.93,11.64,5.86,4.19,6.81,7.39,5.86,1.68,2.58,9.15,8.17,11.66,4.31,8.40,3.27,6.74,14.52,3.58,8.69,5.22,14.56,10.47,4.93,7.33,10.58,1.71,5.75,3.32,6.86,12.31,5.12,10.75,7.49,6.05,17.59,11.50,5.68,7.66,4.17,12.00,14.01,7.55,8.28,15.74,8.37,9.38,7.07,3.43,5.85,8.70,7.53,9.60,4.98,16.26,7.45,10.28,12.41,10.69,4.27,9.85,10.91,6.00,6.85,5.85,12.66,3.40,4.36,10.15,6.77,6.85,15.12,10.17,9.00,9.07,9.24,9.32,15.07,9.98,22.75,7.69,10.87,11.83,17.90,0.85,4.96,15.80,20.37,5.93
17	17363019	17363379	ACCATCACCATCATC	2.36	HG02521:4.19	0.80,0.85,0.82,2.48,2.44,2.37,1.72,2.52,2.52,0.84,0.83,0.85,0.87,0.81,0.83,0.85,1.73,4.19,0.84,0.83,1.66,1.57,0.86,0.83,0.83,0.82,0.84,0.86,0.84,0.85,0.84,0.84,0.78,0.84,0.83,2.55,0.85
1	241837637	241838381	AAGGAAGGAGGGAGGGAGG	2.35	HG02521:7.54	3.27,4.08,2.44,5.01,1.66,0.83,2.50,2.50,0.84,4.79,4.19,0.83,0.85,1.68,4.94,1.64,0.80,2.46,1.71,3.42,1.73,4.11,0.80,1.67,4.06,2.42,1.68,0.97,1.69,1.70,2.59,0.82,3.35,1.65,2.37,0.85,2.44,1.72,0.84,2.52,1.68,4.25,6.94,0.86,3.31,3.21,2.48,4.13,4.69,6.49,1.68,0.84,1.65,0.94,0.84,0.83,0.84,2.52,2.55,6.57,0.84,4.21,2.58,1.66,0.82,0.83,0.86,0.84,1.69,4.84,4.34,4.35,0.81,0.82,4.07,4.07,1.71,2.46,2.49,6.01,2.46,2.56,1.65,1.67,1.73,7.54,2.46,4.86,0.85,1.67,0.82,2.52,2.48,2.48,2.36,2.57,0.84,0.87,3.49,0.83,1.65,4.14,1.64,2.52,0.86,1.69,3.40,0.87,2.54,0.86,5.04,2.54,0.82,0.84,5.43,2.51,1.66,2.53,1.71,4.18,7.88,3.25,0.83,1.70,0.85
4	128469497	128470256	AG	2.32	HG02521:8.37	3.27,2.45,1.63,2.50,4.16,0.83,2.50,1.67,2.51,6.38,4.18,0.84,4.16,2.55,2.52,5.76,4.11,3.26,4.02,1.64,2.56,3.42,2.60,3.29,2.40,1.62,0.81,2.52,1.94,1.69,5.10,2.59,2.45,0.84,2.48,1.63,1.58,0.85,5.70,3.43,1.68,0.84,2.52,2.55,0.87,4.29,2.49,2.48,2.41,0.83,4.23,7.44,3.13,0.81,2.56,1.68,2.51,4.94,2.52,1.66,0.84,2.52,2.55,1.64,3.35,1.68,2.58,0.83,1.63,7.76,1.68,3.27,4.03,3.58,8.09,0.81,1.64,2.44,0.81,0.85,1.64,3.43,0.82,2.56,1.65,1.67,1.73,8.37,1.62,0.85,3.33,1.65,0.84,2.48,3.31,4.19,0.85,4.18,2.61,0.84,2.62,2.49,4.28,1.65,1.64,1.64,0.84,3.43,7.71,0.84,1.69,0.85,1.74,6.77,0.85,5.99,3.36,1.65,2.33,0.84,4.21,2.56,5.85,1.58,1.70,4.14,2.49,3.39
2	137071613	137072043	AAGGGGAGAGGAGGGGAGGG	2.32	HG02521:3.35	1.66,0.84,0.80,0.81,0.83,1.66,1.70,0.81,0.87,0.83,0.86,3.35,0.87,0.86,1.71,0.86,0.86,2.62
9	74035428	74036362	AAAAAGAGAGAG	2.23	HG02521:3.35	0.82,0.83,0.83,0.83,1.68,0.83,0.80,0.85,0.83,0.81,0.87,0.86,0.85,0.82,0.83,0.86,2.50,1.62,1.63,0.82,0.83,3.35,0.87,0.83,0.86,0.82,0.85,0.82,0.85,0.87,1.71,0.82,0.78,1.67,0.84,0.83
5	133271088	133272973	AACCGGAGGAGGAGCCACAG	2.20	HG02521:10.05	4.90,2.45,3.26,5.82,4.17,2.50,6.65,2.50,8.35,5.85,3.19,2.51,5.03,4.16,3.40,5.05,4.94,4.11,4.07,5.63,0.82,3.41,7.69,6.92,5.75,4.81,3.34,9.74,4.03,4.21,4.84,5.06,5.10,4.32,1.63,5.87,2.48,4.07,3.94,0.85,3.26,5.15,2.52,5.04,8.41,4.25,4.34,3.43,6.63,4.14,4.82,1.65,5.08,3.31,5.47,4.05,3.42,3.36,3.35,1.65,3.78,5.18,5.04,1.66,3.35,1.68,4.26,3.29,4.19,4.21,1.72,7.49,5.72,9.16,4.31,3.36,3.27,4.21,4.03,8.07,3.48,6.09,3.23,2.42,1.64,2.44,8.14,7.69,3.29,5.81,4.29,2.46,4.27,2.48,5.00,4.32,10.05,6.57,2.43,5.96,1.67,3.43,2.47,2.52,4.14,5.80,3.35,4.26,4.72,5.02,2.61,3.35,2.62,4.15,5.99,6.62,4.28,2.48,4.11,5.12,4.10,1.68,4.29,0.86,3.34,2.53,2.55,4.36,3.38,5.07,4.28,0.84,5.93,7.36,6.60,3.36,7.76,3.35,4.16,5.06,3.42,2.51,7.10,8.14,0.85,4.96,7.48,4.24,4.23
6	46711380	46712749	AAG	2.16	HG02521:7.54	0.81,4.99,4.17,0.83,2.50,5.84,0.84,0.80,3.34,2.51,4.99,4.21,3.29,1.63,0.80,6.57,0.85,1.73,2.47,0.80,1.67,0.81,1.68,2.53,1.70,0.86,2.45,2.52,2.48,2.54,4.89,0.86,5.04,0.85,3.47,3.43,1.66,4.14,2.41,5.47,2.43,1.71,1.68,5.03,7.55,2.59,0.84,2.50,3.35,0.84,1.70,1.67,6.02,0.83,0.82,3.33,0.86,2.52,1.63,0.84,0.81,1.79,4.35,4.04,1.61,0.82,0.81,2.44,1.71,4.92,3.31,6.66,7.54,1.64,0.85,2.50,0.86,0.84,0.83,0.83,5.02,2.56,3.34,1.74,1.67,1.66,1.71,2.48,0.86,0.83,2.47,5.15,1.71,2.51,0.85,0.87,0.85,1.69,3.42,1.68,1.65,0.84,0.78,3.37,1.71,0.84,1.58,5.69,0.85,3.31,1.66
6	148707726	148709293	AAAG	2.16	HG02521:5.86	1.63,0.83,2.51,0.83,0.84,0.82,4.01,3.87,1.70,0.86,2.52,1.63,7.10,4.23,3.26,1.68,3.36,3.40,0.87,1.71,3.31,3.21,2.54,0.81,0.83,0.83,4.90,1.67,2.59,0.84,2.45,3.37,0.81,1.79,4.35,2.43,3.26,4.07,3.28,2.56,0.86,5.86,3.24,0.82,0.81,0.85
1	164838962	164839945	AAAG	2.16	HG02521:3.35	1.63,0.81,3.33,0.85,1.68,0.85,4.25,0.83,1.67,0.86,0.84,0.87,0.81,3.35,0.82,0.82,0.78,1.67
1	11046968	11047762	AAAG	2.15	HG02521:3.35	0.82,0.83,0.84,0.84,0.84,1.61,2.60,0.97,0.84,0.84,1.71,0.85,0.83,0.81,0.85,0.84,0.84,0.87,0.81,3.35,0.85,0.87,0.86,0.86,1.64,1.69,0.85,0.85,0.83,1.70,0.85
7	141035987	141038010	ACC	2.13	HG02521:43.55	19.59,29.38,39.90,25.78,30.88,19.14,31.58,10.83,30.89,30.09,25.53,36.75,26.80,23.30,28.08,29.45,41.13,26.30,21.19,23.34,22.98,20.48,14.52,25.95,22.19,27.24,35.05,34.90,34.65,42.89,32.91,26.98,41.68,33.69,17.16,20.13,25.58,40.71,40.23,30.49,26.08,30.05,26.04,23.54,21.86,26.36,21.68,23.15,26.51,34.74,22.50,21.47,20.32,26.45,33.60,38.91,29.04,36.07,23.46,32.14,25.49,24.18,19.34,24.12,36.82,24.32,17.88,29.57,36.85,14.32,18.93,41.59,38.41,29.98,18.98,31.93,35.93,26.96,35.50,23.30,13.90,26.11,42.05,24.17,22.17,27.71,30.13,19.65,38.61,17.44,21.45,32.00,22.21,35.57,34.14,20.75,43.55,27.92,27.57,30.63,18.33,18.85,34.61,24.34,26.50,34.79,22.61,23.02,32.22,23.14,33.44,26.11,10.88,17.46,34.03,20.54,21.51,39.40,30.61,29.60,19.63,32.84,43.65,14.58,15.42,28.39,31.22,20.37,16.58,32.15,32.98,33.37,39.49,23.73,46.61,42.88,15.12,37.26,41.86,28.28,22.75,39.30,22.57,37.06,30.10,14.44,25.65,24.11,38.19,22.02
10	106850240	106851765	AAGGAAGGAAGGAGGG	2.10	HG02521:6.70	2.45,1.63,1.66,4.99,2.51,4.79,0.84,0.84,1.66,2.52,4.11,0.82,0.80,2.46,1.71,0.85,2.47,0.83,3.25,0.81,0.84,2.55,3.46,0.82,0.84,2.37,2.54,0.81,1.72,0.84,3.36,0.85,1.71,1.66,4.82,0.83,3.13,4.86,0.85,2.52,0.84,1.65,3.36,0.83,4.18,0.84,2.55,0.82,1.68,4.16,3.45,0.82,2.53,0.81,0.90,0.87,1.74,0.81,0.81,3.28,3.26,0.85,4.11,0.83,3.43,4.92,2.56,0.83,1.73,6.70,8.11,1.70,4.17,0.86,0.82,3.36,2.48,2.51,1.70,2.36,3.43,0.87,2.51,3.49,1.66,0.83,0.86,1.64,0.82,3.43,0.86,1.67,0.84,0.85,0.85,1.68,4.91,1.65,0.84,6.21,2.51,4.18,1.66,1.70
6	8978009	8978347	AAGG	2.10	HG02521:2.51	0.84,0.84,2.44,0.83,0.86,0.87,0.85,2.51
4	106481865	106483113	AATAG	2.09	HG02521:7.54	1.63,1.66,1.66,3.32,1.67,0.80,1.68,2.50,2.55,6.73,0.82,0.81,1.64,1.71,2.60,3.20,0.81,2.42,0.84,2.53,1.73,0.82,5.03,0.79,2.58,5.10,0.87,0.86,0.83,6.62,4.82,2.48,1.69,2.48,3.24,0.85,0.84,0.84,1.89,0.86,3.35,2.55,0.82,0.84,0.84,5.16,2.45,0.83,0.86,1.63,0.87,3.48,1.61,1.63,4.89,3.42,4.11,3.43,0.82,0.85,7.54,1.64,4.05,2.55,7.50,0.84,7.45,5.86,1.70,3.14,0.86,2.51,5.02,0.83,3.42,0.83,5.14,4.14,1.64,3.28,4.22,2.54,5.92,4.20,4.09,0.82,2.33,5.02,5.13,2.55
X	1344827	1346577	ATCC	2.09	HG02521:5.02	1.63,1.63,1.66,1.66,1.67,3.34,0.80,0.84,1.68,1.70,0.84,0.82,0.81,3.28,0.85,0.85,0.87,2.40,2.50,2.42,2.52,0.97,1.70,2.45,2.52,0.79,0.85,0.81,0.86,3.36,1.68,2.52,0.85,1.71,0.83,2.48,2.48,2.54,1.65,1.56,0.81,2.52,0.82,0.94,0.83,3.35,0.85,1.64,1.67,0.84,3.44,0.83,0.82,0.83,1.73,0.84,1.63,1.69,0.81,1.79,0.87,0.87,0.81,0.81,1.64,0.81,1.72,0.82,1.71,0.83,0.86,5.02,0.82,1.62,0.86,1.65,0.84,0.83,2.48,0.84,0.85,1.57,2.57,0.84,0.83,1.71,0.83,3.43,0.83,1.64,0.84,0.86,1.67,1.69,2.55,2.62,1.69,2.57,0.85,1.64,0.82,0.84,4.27,1.58,1.70,1.65,1.66
8	97262279	97263368	AAGAAGGAG	2.02	HG02521:18.42	0.83,22.86,18.53,34.05,18.42,32.03,36.59
6	8253565	8254865	AATATATACATATAT	1.96	HG02521:8.37	1.63,0.81,2.50,2.50,0.83,2.50,1.67,3.34,3.34,1.68,0.83,4.21,4.11,7.40,0.81,4.27,3.29,3.25,2.42,5.05,0.97,3.37,1.70,3.35,0.79,1.69,0.81,1.68,2.52,5.95,1.66,0.83,4.23,4.13,3.91,5.13,0.84,5.77,2.83,2.59,8.39,4.26,0.82,7.58,0.86,1.66,0.84,5.65,3.58,2.61,0.81,4.07,3.42,5.75,7.47,0.85,4.14,8.37,9.86,1.62,2.55,6.71,0.83,7.07,3.34,1.67,2.62,3.42,6.62,0.86,4.96,0.85,3.28,3.36,2.57,0.85,5.23,0.84,1.68,3.88,0.84,3.37,0.79,1.63,0.83,0.85
13	113311178	113312366	AAGGAGGCCCCATCAGG	1.95	HG02521:5.02	1.63,2.44,4.99,1.68,0.82,1.71,4.33,6.58,0.83,0.81,0.81,1.68,3.87,2.59,0.84,0.81,0.84,0.87,0.83,0.80,0.83,0.84,1.89,0.86,0.84,0.83,0.84,0.84,1.68,2.50,1.68,0.84,3.23,0.90,3.48,1.74,1.62,0.82,1.63,0.81,0.85,0.86,1.64,1.65,5.02,1.70,0.84,1.66,0.84,0.85,3.14,1.71,0.85,0.82,0.84,0.84,4.18,0.81,1.69
13	113311136	113312531	AAGGAGGCCCCACCAGG	1.77	HG02521:15.07	5.71,6.53,12.21,19.96,9.18,9.98,2.49,8.33,1.67,4.18,7.98,6.68,5.03,4.99,13.61,1.68,11.52,5.75,2.44,6.44,0.82,0.85,6.83,10.38,10.69,1.60,15.02,6.49,7.25,15.98,3.87,0.84,0.85,5.18,6.54,10.06,9.08,8.14,2.37,8.47,10.59,10.30,8.40,7.57,6.73,1.70,3.47,8.57,9.11,3.31,12.86,9.91,0.85,3.31,4.05,3.42,8.39,5.03,4.94,6.61,8.64,4.20,3.33,4.18,5.03,6.81,3.29,10.89,10.95,13.77,4.99,1.63,5.83,1.73,7.56,4.90,10.95,8.07,6.27,13.90,9.57,4.04,7.25,4.93,2.44,16.28,13.67,1.64,4.15,10.30,9.03,3.42,8.27,5.83,5.19,15.07,12.32,4.05,6.81,0.83,0.86,4.94,8.39,3.31,7.45,3.35,2.56,3.93,1.71,0.84,1.74,6.98,4.98,4.28,3.31,1.71,7.45,0.82,10.24,3.28,5.88,4.29,6.00,1.67,1.69,8.49,9.60,1.69,3.38,7.70,0.84,1.69,6.54,5.77,3.36,1.55,10.88,4.16,1.69,5.13,2.51,3.94,3.25,1.70,2.48,1.66,2.55,2.54
22	39961380	39962376	ACC	1.76	HG02521:5.02	1.63,1.63,2.49,2.50,1.66,0.83,0.83,1.67,1.67,2.51,1.66,2.52,1.64,0.80,2.46,0.85,3.46,1.60,2.50,1.62,0.81,2.52,1.94,2.53,0.83,1.63,1.58,1.69,0.86,0.84,0.84,2.55,2.60,2.49,0.83,0.80,3.30,0.81,0.85,4.19,2.51,1.89,0.86,4.20,1.70,3.29,2.51,0.84,0.86,0.83,2.45,3.45,3.36,1.63,2.42,1.79,0.87,1.74,1.62,1.61,0.82,2.44,1.63,0.85,1.64,0.83,0.86,0.82,1.71,1.67,0.86,5.02,2.46,0.81,2.57,0.82,3.36,2.48,3.31,3.35,2.56,0.79,1.71,1.74,0.84,1.71,0.83,2.57,1.65,0.82,2.56,1.64,0.86,1.67,0.84,0.85,2.57,1.68,3.39,0.82,0.82,0.84,2.33,1.67,0.84,1.67,0.79,2.55,0.83,1.66,1.70,1.69
GL000220.1	126688	129283	AAAGAGAGAGAGAGAGAGAG	1.75	HG02521:5.02	1.63,2.45,1.63,1.66,3.33,0.83,1.67,4.18,2.39,2.50,1.70,0.82,1.64,2.46,1.71,3.42,0.87,1.64,0.81,1.68,2.90,2.53,1.70,2.59,3.27,3.35,0.83,1.63,1.58,3.39,1.72,0.84,1.68,1.70,0.83,0.80,4.95,1.69,0.83,0.78,0.85,0.84,2.47,0.94,2.59,2.52,1.66,0.84,1.70,1.64,0.84,0.84,0.86,0.82,0.83,0.84,3.27,2.42,0.90,1.74,0.87,0.81,1.61,0.82,2.44,1.71,0.82,2.57,2.46,0.83,1.73,5.02,1.64,3.24,0.84,0.83,1.66,1.67,1.57,0.84,1.74,0.84,0.87,2.57,0.83,2.57,2.47,2.56,0.84,0.86,2.51,1.69,0.87,0.85,0.85,0.84,2.45,0.84,0.78,4.16,0.84,1.67,0.79,1.63,0.85,1.66
17	9719397	9720292	AC	1.74	HG02521:4.19	0.82,0.81,0.83,0.83,0.83,2.49,0.83,0.83,1.67,0.80,1.68,1.66,3.40,1.68,1.65,0.82,0.80,0.82,0.85,0.81,2.52,1.70,0.86,1.68,0.79,0.81,0.86,1.68,4.20,0.85,0.86,0.83,0.83,0.85,0.85,0.84,0.94,1.67,0.84,0.85,0.82,1.67,2.50,0.83,0.84,1.63,0.84,0.81,1.74,0.81,1.63,1.64,0.83,0.86,0.82,0.83,4.19,1.64,0.81,1.70,0.86,1.65,1.68,0.83,0.83,1.67,1.70,0.79,0.84,2.51,1.75,0.83,0.86,2.57,0.82,0.85,0.84,0.86,0.86,0.84,1.70,2.62,0.85,3.36,0.82,0.78,0.84,0.83,0.85,2.44,0.85,0.83,0.85
7	30525804	30526977	AAAG	1.74	HG02521:3.35	0.82,1.66,3.33,0.83,0.83,0.84,0.82,1.73,0.83,1.73,0.82,0.84,0.85,1.66,0.85,0.83,1.65,0.84,0.83,0.84,2.51,0.86,0.83,0.83,0.84,0.81,1.61,0.81,0.85,0.82,0.83,1.64,3.35,2.46,0.83,0.84,1.66,0.86,0.86,1.67,0.81
9	36636491	36637279	AAAG	1.72	HG02521:2.51	0.85,0.84,0.83,0.84,0.83,0.84,2.46,0.81,2.51,0.79,0.86,0.85,0.85,0.83
4	88537351	88537828	ACAGCAGTGATAGCAGCG	1.69	HG02521:2.51	0.97,0.81,0.84,0.82,0.84,0.83,2.51,0.82,0.81,0.86,0.84,0.85,0.83,0.85,0.79,1.65
18	77305831	77307217	ACCCTCTCCACGCTC	1.68	HG02521:10.05	0.82,7.34,2.44,3.33,5.84,4.16,5.82,3.33,5.84,4.18,8.77,4.18,5.86,5.82,5.11,6.73,1.65,4.11,5.70,7.24,3.28,5.97,4.27,0.87,4.11,4.81,6.68,4.87,8.86,4.21,1.94,3.37,1.70,2.59,3.27,1.68,2.48,6.51,5.52,3.39,4.89,6.87,2.52,1.68,2.52,3.40,6.07,6.00,2.49,6.62,5.63,2.48,2.54,4.13,7.81,9.73,5.98,3.36,4.19,2.47,5.66,4.32,2.52,4.99,6.69,4.19,4.26,11.50,5.02,4.21,4.30,6.66,4.09,5.00,3.45,1.68,6.53,9.27,9.68,0.90,5.21,1.74,12.94,4.03,5.75,5.70,3.26,2.56,6.57,4.15,7.72,7.39,4.27,4.14,7.49,4.32,10.05,4.93,6.49,7.66,3.33,3.43,0.82,5.03,0.83,4.14,0.84,1.70,7.86,2.57,1.67,3.48,1.67,2.62,5.99,2.48,2.57,2.48,7.40,4.27,1.68,2.57,5.14,4.18,5.06,2.55,3.49,2.54,1.69,2.57,6.72,1.69,7.36,3.30,1.68,4.66,1.67,0.83,2.53,1.71,6.69,3.94,3.40,0.83,4.99,0.85,3.39
1	183838711	183840173	AACTACCCTGGCCGGAAGAC	1.67	HG02521:7.54	0.82,5.71,1.63,2.49,3.34,3.33,0.83,3.33,0.83,3.34,2.39,4.18,2.50,2.55,5.05,2.47,2.47,5.70,1.61,4.92,1.71,1.71,1.73,0.82,0.80,5.84,0.81,1.61,0.84,1.69,3.40,4.32,8.99,3.35,1.65,3.26,3.15,4.23,3.26,4.29,0.84,2.52,3.36,4.25,0.87,7.72,0.83,4.14,3.21,0.83,0.85,1.65,3.91,4.05,4.27,1.68,2.51,0.82,4.72,2.59,3.36,1.66,1.67,5.87,2.55,3.29,0.84,5.05,3.44,3.33,4.09,2.50,2.59,0.84,2.45,4.21,5.65,8.07,3.48,2.61,1.62,5.64,4.11,4.89,1.63,2.56,3.29,3.32,5.15,3.28,2.56,3.31,0.83,5.19,7.54,5.75,4.05,2.55,2.50,3.43,0.82,5.03,3.31,3.31,0.84,0.85,3.14,4.29,1.67,1.74,2.51,3.49,3.32,1.71,0.83,1.71,0.83,4.11,2.46,4.20,1.72,0.86,1.67,7.59,0.85,1.74,5.08,2.54,1.71,1.68,3.39,0.82,1.65,1.68,2.33,1.67,6.65,2.53,3.42,3.34,4.73,2.44,2.55,2.49,0.85,3.39
1	35267828	35268435	AACCC	1.67	HG02521:1.67	1.67,0.85
5	11817624	11818004	AGAGAGAGAGAGAGAGGGGG	1.67	HG02521:1.67	1.67,0.85
1	105660409	105660410	AAAT	1.67	HG02521:1.67	1.67
1	189487868	189487869	AACCCT	1.67	HG02521:1.67	1.67
14	100419215	100419216	ACCACCACCACCTCC	1.67	HG02521:1.67	1.67
14	76582409	76582410	AATGG	1.67	HG02521:1.67	1.67
18	68455529	68455530	AACCCT	1.67	HG02521:1.67	1.67
4	49133639	49133640	AAGGG	1.67	HG02521:1.67	1.67
15	92923731	92924320	AAG	1.67	HG02521:1.67	0.85,0.83,1.67
2	118380093	118380144	AAAG	1.67	HG02521:1.67	0.84,1.67,0.84
4	185746857	185747443	AGGGCGGGGCCGCGGG	1.67	HG02521:1.67	0.83,1.67
1	100117691	100117904	AAAAG	1.67	HG02521:1.67	0.81,1.67,0.86
10	653494	653789	ACACACACACATCCCCCCCC	1.67	HG02521:1.67	0.81,1.67
12	77055258	77055540	AT	1.67	HG02521:1.67	0.79,1.67,0.84
7	31183335	31184495	AAAG	1.66	HG02521:4.19	0.83,0.84,0.85,1.63,3.34,2.52,3.94,0.87,0.86,1.65,6.71,2.46,0.87,0.83,4.19,0.84,0.84,0.84,5.22,1.71,0.82,1.71,1.64,0.86,0.84,3.39,4.27,1.58,0.85,1.66,1.69
X	133366451	133366767	AAAG	1.66	HG02521:1.67	0.84,0.83,1.67,0.84
15	101250183	101250665	ACCACCACCACCACCTCC	1.65	HG02521:2.51	1.68,0.82,0.82,0.81,0.84,0.97,0.85,0.86,0.82,0.84,0.85,0.83,0.82,0.83,0.84,0.85,0.86,0.83,0.82,0.83,0.84,0.82,0.84,0.82,0.83,2.51,0.81,0.83,0.83,0.84,0.84,0.86,1.68,0.85,0.84,0.85
15	31222292	31222466	AAAATATATAATATAT	1.65	HG02521:1.67	0.80,1.73,1.67
4	182525991	182527430	AAAG	1.64	HG02521:18.42	0.82,2.50,0.83,6.69,0.84,3.33,0.85,6.58,11.41,5.19,0.82,2.50,0.81,6.78,8.43,8.51,8.64,3.30,20.51,11.01,8.96,3.43,10.92,9.25,5.88,1.70,3.31,2.48,6.43,7.43,0.85,3.24,18.46,10.38,0.86,0.83,5.86,1.68,21.51,16.64,0.82,0.86,0.84,17.96,14.52,3.58,0.87,3.48,0.81,2.46,9.78,0.81,0.82,5.81,6.86,0.82,16.23,9.10,6.66,1.73,18.42,3.29,8.92,5.11,1.68,0.83,5.02,2.51,5.79,0.83,1.64,0.84,1.71,5.92,1.68,2.45,4.16,0.84,1.71,0.84,0.83
7	139735097	139736116	AAGGAGGAG	1.64	HG02521:3.35	0.83,1.67,1.67,0.84,1.67,1.70,1.68,0.82,0.82,1.71,2.60,1.64,0.81,0.84,1.70,0.86,2.37,1.72,0.85,1.71,0.83,1.61,0.83,0.78,0.81,1.66,1.67,1.73,1.79,0.87,0.87,0.81,1.63,0.82,0.86,3.35,0.87,0.86,0.82,1.70
X	117994436	117995897	AAAG	1.63	HG02521:11.72	0.82,4.90,0.81,0.83,2.50,4.16,0.83,10.85,1.67,1.67,3.35,1.66,0.84,3.29,1.63,1.61,1.64,1.60,3.25,5.05,11.81,0.82,11.74,0.83,1.63,1.58,1.69,0.81,6.01,5.89,3.36,5.95,3.47,6.86,3.31,1.65,0.80,0.83,5.93,4.96,4.69,1.62,5.13,0.84,1.68,0.82,5.66,6.05,6.73,2.50,4.18,0.84,2.55,7.39,7.54,5.05,2.58,4.99,5.72,7.49,2.59,9.24,5.72,4.21,1.61,10.75,2.61,6.96,0.81,0.81,4.93,3.26,1.63,0.85,1.64,0.85,0.83,4.16,5.19,11.72,3.29,4.86,4.25,2.50,8.57,7.42,4.20,1.66,1.70,1.57,7.71,5.02,4.35,3.49,3.32,3.42,0.83,11.99,2.48,7.40,1.71,1.64,6.00,0.86,5.06,4.24,2.62,1.69,3.38,0.86,10.92,11.02,4.95,10.08,6.21,0.84,1.66,1.69,4.27,5.01,1.58,4.07,3.40,3.33,2.55,0.85
6	160400969	160401689	AAGG	1.63	HG02521:5.02	2.50,1.69,2.59,3.35,4.13,1.63,5.08,0.84,6.66,4.09,2.45,1.61,6.95,2.43,5.02,7.45
17	3582808	3584973	ACCCTGCATCCTCC	1.59	HG02521:5.02	1.63,2.49,0.83,0.83,1.66,1.67,1.60,1.66,1.68,1.63,2.41,1.64,4.27,1.73,0.80,1.62,0.97,2.53,1.70,1.73,3.35,3.30,2.44,3.15,0.85,1.63,1.68,0.84,0.84,0.85,0.87,4.14,2.48,0.80,1.69,3.13,1.62,2.56,0.84,0.84,2.47,0.94,0.86,0.84,1.66,0.84,1.70,1.64,3.35,0.84,1.66,0.83,1.73,0.84,0.82,0.81,0.90,3.48,1.62,2.46,2.44,0.86,1.64,2.48,1.73,5.02,2.55,3.33,1.71,0.82,1.68,1.66,3.31,0.84,0.85,3.14,1.71,0.84,1.74,1.67,1.66,3.31,4.28,0.83,2.47,0.82,2.57,1.71,3.34,0.87,0.85,0.85,1.71,1.68,0.85,1.64,0.82,2.52,0.78,4.19,0.83,2.51,0.81,1.70,1.66,0.85,1.69
22	35206821	35207723	AAAG	1.58	HG02521:15.07	3.87,8.39,8.67,12.94,23.53,21.91,33.71,15.07,17.29,6.86,1.74,5.99,3.30,14.33
X	146233423	146234428	ACATATATACATATATGTAT	1.58	HG02521:6.70	5.70,5.01,5.90,4.89,1.72,10.94,8.39,6.54,5.00,12.64,3.42,6.70,4.93,0.87,1.65,0.86,4.36,1.71,3.42,4.99
3	181980593	181981264	AAAG	1.57	HG02521:1.67	0.83,0.87,1.67,0.85,0.84
6	40176444	40176720	ACACATATACATATATGT	1.55	HG02521:3.35	0.82,0.83,0.83,1.66,0.81,1.69,0.84,0.84,2.51,2.43,1.64,2.49,0.83,3.35,4.25,0.86,0.83,0.82,2.57,1.67,0.84,0.84,3.39,0.83
16	84982297	84983178	AC	1.54	HG02521:2.51	0.83,1.67,0.81,0.80,0.82,0.97,0.86,0.79,0.86,0.84,0.84,0.83,0.84,0.86,0.84,0.84,0.84,0.86,0.87,2.51,0.85,0.82,0.86,0.83,1.71,1.70,0.85,0.85,2.49
1	2390013	2391645	AAGGAGGACCACCAGG	1.53	HG02521:20.94	8.98,2.44,1.66,3.34,1.66,8.31,4.16,0.83,2.39,1.67,1.68,9.98,4.25,13.98,0.82,2.44,12.07,3.28,1.71,2.56,4.33,6.58,5.01,2.43,10.48,4.21,1.94,6.75,11.06,6.91,17.98,6.71,2.48,1.58,7.62,2.44,9.24,6.73,14.29,9.35,9.54,12.86,7.46,17.37,28.93,2.54,7.44,6.25,2.43,9.40,4.19,5.03,4.12,7.55,1.73,6.65,3.35,5.87,4.26,4.11,1.67,6.74,15.49,15.81,13.08,7.49,19.84,12.60,17.15,10.95,6.45,16.13,7.82,8.70,9.70,8.86,16.42,0.81,2.44,6.84,21.36,20.76,17.08,23.99,17.49,11.24,20.94,18.89,9.73,17.87,5.83,2.57,17.31,5.87,7.45,23.19,12.56,2.56,13.36,10.03,13.93,9.20,6.98,8.30,16.26,18.20,8.57,7.45,8.22,8.53,13.13,14.27,1.72,4.28,4.18,2.53,2.55,19.19,6.77,10.99,8.56,7.56,4.24,9.00,4.12,12.60,0.78,5.02,10.81,6.74,11.96,8.36,14.19,11.39,3.40,9.93,15.80,2.55,9.31
10	131821923	131823263	ACAGGCAGGAGACGGGC	1.52	HG02521:8.37	1.63,4.90,4.07,1.66,5.01,5.82,4.16,1.67,3.34,2.51,0.80,5.01,4.19,1.66,3.40,2.52,2.47,1.64,2.44,5.63,3.28,1.71,4.27,5.19,3.29,4.01,0.83,4.06,4.03,3.87,3.37,7.66,2.59,2.52,5.78,3.26,4.73,5.08,4.07,4.29,2.52,2.52,5.04,4.25,5.20,2.57,5.80,2.48,4.82,3.30,5.93,5.79,7.03,2.43,4.27,3.36,4.19,7.42,1.89,3.45,2.52,4.16,5.86,0.84,5.11,3.29,5.02,3.37,5.16,4.16,3.27,2.50,6.04,3.36,3.27,5.06,1.61,7.17,4.34,4.35,2.43,6.44,4.11,7.33,5.70,6.84,3.29,2.49,3.43,2.46,4.27,3.31,2.50,2.59,8.37,4.86,3.40,3.33,1.71,6.59,1.68,5.80,4.97,9.21,4.26,3.14,6.00,1.67,4.35,2.51,1.75,4.15,2.48,9.42,1.65,5.75,4.27,6.57,2.52,6.00,5.14,6.68,4.22,4.24,2.62,3.38,0.85,2.57,2.52,3.39,3.27,0.82,2.52,3.88,2.51,0.83,3.37,4.27,1.67,3.94,1.63,1.70,4.14,2.49,1.70,1.69
1	221696858	221698022	AAAG	1.51	HG02521:2.51	1.66,0.83,0.83,0.80,0.86,0.86,0.86,0.83,0.78,0.84,0.82,1.62,2.51,1.65,2.46,0.84,1.71
15	53408971	53410164	AAAG	1.50	HG02521:3.35	0.83,0.83,0.80,2.51,2.56,0.85,1.73,1.64,0.81,0.84,0.85,1.73,0.82,0.84,1.69,0.86,0.84,1.66,2.48,0.80,0.84,1.66,0.82,0.84,0.84,2.69,2.43,0.81,0.83,0.82,0.85,0.83,0.86,3.35,0.81,0.85,0.86,0.84,0.84,0.85,0.86,0.85,1.64,0.85,0.82,0.81,1.65,0.83
6	66727280	66728264	ATATATATATATATATCC	1.48	HG02521:2.51	0.85,0.84,0.81,1.69,0.81,0.86,2.41,0.82,2.44,1.64,0.86,1.67,2.51,0.82,0.83,0.84
21	37364846	37365914	AACTCACACACACCCC	1.48	HG02521:2.51	0.82,0.83,0.85,1.64,0.80,0.83,0.97,0.84,2.54,1.68,0.85,0.86,0.83,0.78,0.86,0.84,0.84,0.81,2.44,0.85,0.85,0.83,2.51,0.83,0.84,0.85,1.65,0.81,0.83,0.85
2	6263404	6264602	AAAG	1.43	HG02521:5.86	1.66,0.97,0.84,0.85,5.72,4.07,3.94,2.52,3.43,0.83,3.21,1.62,4.16,2.45,2.50,2.53,0.81,0.90,0.87,4.04,3.22,7.33,2.56,0.82,0.83,1.72,5.74,1.65,6.66,5.86,3.29,4.86,0.85,1.67,7.07,3.43,0.83,1.71,2.48,1.69,2.57,5.08,1.68,3.88,0.83
8	745278	746420	ACACCTGCTCTCACTGG	1.43	HG02521:3.35	0.82,1.63,0.83,0.83,2.49,0.83,0.84,0.80,0.84,0.80,1.71,0.87,1.64,0.80,1.67,1.61,0.85,0.81,1.63,0.86,1.73,0.85,0.83,0.78,0.81,0.85,0.84,1.68,0.86,0.83,0.84,0.85,0.84,2.50,0.83,1.61,2.43,0.81,0.82,1.63,0.82,1.71,0.83,3.33,3.35,0.82,0.81,0.84,2.48,1.66,0.84,0.85,0.79,0.84,0.87,0.85,1.72,1.67,0.85,2.52,1.64,1.68,0.83,0.85,0.84,0.81,0.85
7	64954160	64954411	AATGG	1.41	HG02521:1.67	0.82,0.83,0.84,1.67,0.82,0.86,0.85
4	21715675	21717258	AAAAT	1.35	HG02521:35.17	8.98,18.77,39.91,10.85,15.86,26.74,15.03,46.07,20.42,7.57,21.37,28.17,9.85,17.09,15.62,21.70,4.87,19.34,17.86,17.28,20.13,17.33,19.08,11.14,10.75,13.66,16.09,17.36,23.44,15.40,13.40,30.49,4.32,12.61,15.80,2.55,15.60,7.54,20.21,22.37,13.89,18.32,25.01,13.88,17.92,17.38,10.44,17.24,13.04,8.30,41.85,14.89,44.09,35.17,12.32,34.05,8.51,16.28,18.22,21.54,7.86,6.00,12.19,19.24,13.97,9.96,13.24,17.13,28.77,15.11,14.58,12.85,11.69,21.15,9.41,11.76,16.10,9.00,5.77,32.76,13.20,27.63,10.25,4.18,12.41,12.47,14.39
8	135254991	135256394	AAGGAGGAGGAGGAGGAG	1.35	HG02521:2.51	0.82,0.81,0.83,0.84,0.84,0.82,0.85,0.87,0.82,0.81,0.81,1.68,0.83,0.80,0.85,0.84,0.84,0.81,0.87,1.64,0.81,0.82,2.51,0.82,0.81,0.85,0.84,0.83,0.84,0.87,0.86,0.83,0.84,1.69,1.71,0.83,1.67,0.79,0.81,1.70,0.83,0.85
12	96494375	96495471	AAATATATATATATAT	1.32	HG02521:3.35	0.83,6.66,0.84,0.84,2.47,1.63,1.64,1.67,0.81,0.85,0.82,0.84,3.30,1.58,0.85,0.84,0.84,1.70,2.60,1.66,1.65,1.61,0.83,0.94,0.86,0.83,0.83,2.53,0.81,0.90,0.81,1.64,2.44,4.27,1.67,3.35,1.64,0.81,1.70,0.84,1.74,1.58
2	30053459	30054216	AGCAGGAGGAGGAGG	1.29	HG02521:2.51	0.84,0.81,2.44,2.54,0.81,0.86,1.68,0.83,1.64,0.86,0.82,0.86,0.81,0.90,1.63,0.82,0.85,2.51,0.83,1.67,0.84,0.85,0.84,0.85,3.15
9	14718997	14719986	AAGG	1.25	HG02521:4.19	4.99,1.64,2.53,2.45,4.25,1.65,2.50,0.84,1.67,5.38,0.81,4.03,1.63,3.42,1.64,6.66,4.19,2.48,1.68
Y	19376912	19377263	AAAG	1.25	HG02521:1.67	0.84,0.81,0.85,0.80,0.81,1.67,0.83,0.86
22	49638223	49640023	ATCC	1.24	HG02521:12.56	1.63,4.90,5.70,2.49,0.83,9.98,3.32,5.83,10.85,5.01,13.56,1.67,6.70,3.33,12.76,5.89,8.23,6.58,6.52,4.83,8.21,4.27,8.54,6.92,3.29,4.01,4.17,10.55,4.84,7.57,5.81,6.75,7.66,6.05,4.90,6.71,3.30,3.26,3.15,7.62,1.63,7.73,5.04,4.20,4.20,4.25,5.20,5.14,5.80,7.44,9.64,4.13,10.16,5.79,4.69,4.86,11.96,5.03,5.86,2.47,4.72,6.05,5.88,0.83,6.69,2.52,14.48,7.39,8.37,3.37,5.16,4.99,3.27,8.33,6.90,5.88,6.53,5.90,9.68,1.79,4.34,3.48,8.90,8.06,2.46,3.26,8.14,3.42,2.46,4.15,0.86,5.74,3.42,4.14,1.67,6.05,12.56,3.29,8.11,10.21,5.83,5.14,8.24,3.36,4.14,4.97,5.02,4.26,5.50,5.85,7.83,7.53,4.36,5.81,2.57,5.79,7.71,3.31,10.69,11.95,4.10,6.72,6.00,6.00,7.52,6.75,1.70,1.74,9.31,3.38,5.13,5.88,11.02,13.90,4.12,5.88,3.11,2.51,5.82,4.21,11.11,5.85,7.88,3.25,4.25,3.31,3.33,2.55,11.01
17	75480344	75481014	ACC	1.23	HG02521:4.19	1.63,0.82,2.44,2.50,1.67,0.80,0.84,1.68,0.82,3.29,4.02,1.64,0.85,0.85,0.82,1.67,1.62,2.42,0.97,1.69,1.70,0.86,1.63,0.84,1.65,2.44,1.58,2.54,3.26,1.72,2.52,0.84,3.40,3.47,0.86,0.83,1.65,1.65,4.13,1.68,0.84,1.65,0.94,0.86,0.84,1.67,1.68,0.84,1.66,1.67,1.73,0.84,0.82,0.84,0.81,1.79,2.61,2.61,2.43,0.81,4.93,1.64,0.86,0.85,4.19,1.62,0.83,2.57,1.65,0.84,0.83,2.56,0.79,0.86,1.74,1.66,0.86,0.86,1.71,2.46,0.86,1.67,0.84,1.71,0.84,0.85,0.82,0.83,1.69,0.85,0.79,0.81,0.83,0.85,0.85
2	112008594	112009535	ACCACCACCACCACCATC	1.21	HG02521:2.51	0.82,0.84,0.85,0.82,0.85,0.81,0.84,0.86,0.79,0.85,0.81,1.66,1.66,0.82,0.81,2.46,1.71,0.82,2.51,0.82,1.57,0.85,1.71,1.58,0.85
6	23622742	23623837	AAGGAAGGAAGGAAGGGAGG	1.20	HG02521:3.35	1.63,1.63,2.49,1.66,0.82,1.63,1.64,0.82,1.67,1.62,1.68,1.94,0.84,1.70,0.86,0.82,0.83,0.81,0.85,1.63,0.86,3.36,0.87,0.86,1.61,0.85,1.56,0.85,0.84,2.59,0.84,0.83,0.82,0.84,1.66,0.82,1.68,0.82,0.84,1.61,2.61,3.22,1.63,3.26,0.85,0.82,0.86,1.64,0.83,0.83,3.35,3.24,0.82,0.84,0.86,0.87,0.85,0.85,0.83,1.66,0.85
3	116402683	116403683	AAAAT	1.20	HG02521:1.67	0.83,0.81,0.97,2.44,1.67,4.11,0.85,0.84
2	160103787	160104680	AT	1.20	HG02521:1.67	0.82,0.84,0.83,0.84,0.86,0.78,0.85,1.67,0.85
8	2479613	2481501	AGAGCGCTGAGGCGCCAGG	1.17	HG02521:48.57	22.85,30.88,32.45,19.12,50.93,20.06,19.14,26.73,7.49,28.61,15.63,27.12,19.56,38.64,23.80,14.52,19.03,17.26,19.20,20.29,24.18,19.34,28.07,37.10,18.71,49.24,36.77,22.28,24.43,64.68,40.75,18.89,41.16,15.13,46.24,21.26,30.35,24.86,28.99,50.46,15.27,9.08,10.94,1.62,60.65,20.11,23.90,21.71,4.32,27.45,19.25,41.93,11.07,2.51,26.95,47.42,41.68,33.31,45.72,31.09,20.41,37.91,15.33,25.99,11.31,18.06,38.30,30.94,21.36,28.24,39.39,38.43,8.27,14.99,40.63,48.57,16.43,27.57,29.78,17.31,10.91,33.13,34.79,9.21,29.84,40.87,20.57,3.48,26.77,14.11,6.85,13.24,6.85,30.61,24.66,17.24,19.31,7.52,18.56,21.22,8.72,32.99,20.54,17.65,28.81,35.16,13.19,37.81,2.33,10.05,24.12,10.96,37.84,14.44,24.82,10.81,1.70,12.70
11	68434484	68435038	ACCCTCGTCTCCCCCTC	1.16	HG02521:1.67	0.84,1.73,0.84,1.63,0.86,0.84,1.67,0.81,2.51
17	37654510	37655029	AAGG	1.12	HG02521:1.67	0.86,8.17,0.85,0.81,1.70,1.69,2.44,1.67
2	115153771	115155260	AAAG	1.11	HG02521:5.02	1.63,1.66,0.83,0.84,0.80,1.68,0.85,0.85,0.84,2.59,2.48,0.79,2.54,2.44,5.15,0.84,0.87,2.49,0.83,2.34,0.84,0.84,2.83,1.70,0.84,3.33,4.90,1.67,4.31,0.82,2.61,0.87,5.66,2.44,3.26,1.71,6.57,2.57,2.50,5.02,1.62,0.86,0.82,1.68,4.97,0.83,1.67,1.66,1.71,0.83,2.57,5.79,0.82,2.55,0.78,3.35,1.67,0.79,0.85,2.49
16	86922187	86923728	AATGGATGGATGGATGGATG	1.11	HG02521:3.35	0.82,0.82,0.83,1.66,3.34,0.84,0.80,1.67,0.84,0.83,0.85,1.65,1.61,0.82,0.85,0.87,0.80,0.81,0.84,0.84,0.85,1.63,1.68,0.85,0.86,0.84,1.73,0.86,0.80,0.83,0.85,1.65,0.78,2.43,0.84,1.65,1.73,0.84,0.83,0.84,0.82,1.67,0.84,0.86,0.83,0.83,0.84,0.90,2.43,1.64,0.81,0.82,0.83,1.72,0.82,0.85,0.83,0.83,3.35,3.29,1.65,0.83,0.84,2.56,1.67,0.87,0.83,0.86,1.65,0.86,1.65,1.64,0.82,0.84,0.86,1.71,0.84,0.85,1.69,0.86,1.68,3.39,0.82,2.51,0.83,1.69,0.85,0.84,2.44,1.66,0.85
8	139648380	139649184	AAAGG	1.09	HG02521:1.67	0.84,2.49,0.86,0.84,0.83,1.67,1.71,0.81,5.79
Y	13676055	13678083	AATGG	1.07	HG02521:2.51	1.63,0.82,0.81,0.83,1.67,0.84,0.84,0.82,0.82,0.80,0.82,1.67,0.81,0.84,0.85,0.83,0.84,0.84,0.83,0.80,0.78,0.82,0.82,0.86,1.63,0.87,0.82,2.51,1.65,1.66,0.84,0.83,0.86,2.51,2.62,0.85,0.86,0.78,0.84,0.84
3	21465089	21466044	AAGTATATATATAT	1.06	HG02521:3.35	0.83,1.67,0.97,2.59,1.65,0.85,0.84,0.85,2.60,0.80,0.83,0.84,1.66,1.64,0.84,0.82,3.36,1.64,2.44,0.86,0.83,3.35,4.25,0.83,2.48,2.47,2.55
2	95702163	95705085	ACTCACTCACTCACTCAGTC	1.03	HG02521:6.70	2.45,0.82,1.63,2.49,2.50,0.83,4.16,0.83,5.84,4.18,0.80,1.67,2.51,3.33,3.40,1.68,3.29,2.44,2.41,3.28,0.85,1.71,1.73,1.64,4.81,2.50,2.43,5.64,1.68,2.90,5.06,1.70,0.86,3.27,3.35,0.83,1.63,4.73,2.44,1.72,2.52,2.52,1.68,0.85,2.60,0.86,2.49,1.65,4.02,4.95,1.69,2.48,1.56,1.62,1.71,4.19,7.54,1.65,2.83,8.64,4.20,2.50,4.18,4.19,0.85,3.29,2.51,2.58,2.50,6.54,0.83,1.73,1.68,0.82,4.21,3.23,0.90,1.74,6.09,4.04,2.42,1.64,2.44,0.81,1.71,0.82,0.83,3.43,0.82,5.12,4.96,1.67,2.59,6.70,3.29,1.62,1.70,1.67,5.14,4.12,5.87,1.66,1.66,0.84,3.41,3.14,1.71,1.74,1.67,2.62,1.66,0.86,2.48,0.86,2.48,4.93,0.85,3.28,2.52,2.57,3.43,1.67,3.38,2.55,4.36,1.69,4.28,5.04,5.93,0.82,2.47,0.84,1.55,1.67,1.66,1.69,5.98,2.51,1.58,3.40,3.31,2.49,1.70,5.08
10	7608013	7609268	AAGGAG	1.02	HG02521:10.89	2.51,3.99,4.33,12.02,0.83,7.25,1.94,9.28,3.46,3.27,4.19,7.43,4.73,5.08,4.07,1.72,4.20,10.93,6.73,6.00,3.31,4.14,7.53,5.96,15.81,6.54,3.33,4.08,3.37,4.84,5.38,5.21,11.31,14.56,3.22,9.77,3.32,0.85,8.27,6.66,6.05,10.89,7.39,5.68,21.42,3.43,1.74,5.06
22	37724189	37725695	AG	1.01	HG02521:5.02	1.63,2.49,0.83,0.83,1.66,1.67,4.17,2.51,0.80,1.68,0.83,2.55,1.68,3.29,0.81,1.61,1.64,1.71,0.85,2.60,0.82,2.40,2.50,2.43,0.97,1.63,1.68,0.83,1.63,1.58,1.69,0.86,0.84,1.68,0.84,2.60,1.71,2.49,1.61,1.65,1.69,0.83,2.34,1.62,2.56,0.84,0.82,0.94,4.32,1.68,2.50,4.18,2.52,0.85,0.82,2.51,1.68,2.58,0.82,2.52,1.63,0.84,1.61,3.58,2.61,2.43,0.81,1.64,1.63,1.63,0.85,1.64,1.72,1.64,2.48,1.67,0.86,5.02,0.82,1.62,3.40,0.83,0.82,0.84,3.31,2.48,1.67,0.85,1.57,0.87,0.84,0.87,2.49,2.57,4.96,2.57,2.48,1.64,3.28,1.67,0.84,0.85,3.49,0.85,0.86,1.68,1.69,2.47,1.68,6.21,4.16,2.53,0.85,3.34,1.58,0.81,2.55,4.96,6.79
12	113150088	113151410	AAG	1.00	HG02521:21.77	20.79,8.77,18.92,14.52,20.33,3.37,0.86,17.10,1.69,0.81,15.96,22.70,1.71,18.32,30.66,0.82,21.51,0.83,0.86,21.77,21.08,0.86,1.67,1.57,0.84,0.84,0.86,0.83,0.83
