#contig	start	end	unit	top_case_zscore	high_case_counts	all_counts
2	37193448	37194610	AC	11.10	HG02073:19.60	1.63,5.85,7.98,8.51,1.68,2.47,1.61,6.06,5.01,3.36,8.43,4.25,2.45,5.03,4.13,7.56,5.88,8.28,11.58,8.84,5.78,0.83,4.27,7.54,8.61,2.45,9.49,3.36,19.60,8.70,4.93,6.64,1.71,7.49,3.30,5.02,0.85,2.57,9.13,3.42,1.65,18.85,5.75,5.04,7.52,5.06,3.40,3.38,4.28,1.65,1.65,4.24
18	24306526	24307411	AAAG	10.95	HG02073:14.70	1.94,5.95,16.41,0.84,1.73,11.14,2.48,2.51,14.70,2.43,1.64,0.85,1.72,1.71,0.86
9	78965836	78966914	AAAG	9.01	HG02073:14.70	6.53,5.01,0.84,0.82,4.22,6.71,4.95,7.33,2.54,4.89,1.68,6.00,2.49,0.80,0.84,6.59,0.82,1.67,0.86,4.99,6.72,14.70,4.84,3.28,1.63,3.42,0.82,13.29,0.82,4.27,1.67,1.64,2.55,1.71,4.96,4.28,1.70,3.36,0.79
7	1342635	1343957	AAAG	6.15	HG02073:7.35	0.85,0.82,0.85,1.68,3.40,0.86,0.83,0.78,0.82,7.35,4.85,3.22,4.86,0.84,1.75
11	93644625	93645821	AAAG	6.02	HG02073:23.68	1.67,3.33,11.17,11.09,2.47,31.47,12.26,6.71,4.23,9.78,13.45,0.84,5.95,7.80,1.71,14.91,8.84,6.25,3.36,2.59,2.52,0.83,1.68,2.46,6.66,3.33,23.68,8.07,3.58,13.03,15.66,8.06,3.28,3.26,8.14,4.11,8.54,8.27,16.65,8.64,12.56,17.25,20.27,10.21,4.12,5.80,2.51,0.84,8.57,2.54,6.99,1.69,2.55
4	140406324	140407089	AAAG	5.72	HG02073:5.72	0.84,5.72,0.85
12	76515785	76516953	AAACATATATATG	5.65	HG02073:25.31	10.61,13.87,4.07,10.81,15.02,12.48,7.48,11.66,15.03,13.37,10.37,6.68,9.21,3.33,4.25,7.57,4.94,12.33,8.96,11.27,10.67,8.53,16.23,4.33,9.04,15.22,10.85,4.87,9.67,11.77,9.68,10.12,11.91,11.23,14.71,15.09,8.25,8.14,11.04,7.62,13.04,9.44,13.44,7.57,12.61,11.91,13.01,6.86,11.60,11.58,4.02,7.43,11.86,12.40,13.28,21.89,7.69,20.13,11.73,5.77,12.27,11.23,10.09,9.98,5.86,0.85,14.78,8.37,5.89,6.02,5.82,10.62,9.16,9.49,12.60,25.31,6.74,13.72,5.38,9.56,12.18,14.56,12.89,16.42,19.56,9.77,11.11,11.50,9.97,3.43,19.69,11.96,1.65,11.66,15.56,15.91,4.11,14.59,12.76,19.99,10.28,10.71,10.91,5.80,9.94,6.70,6.82,15.72,7.71,14.21,9.58,10.04,11.35,17.43,8.56,5.79,6.00,11.58,23.84,7.68,18.06,10.07,6.86,5.14,4.22,3.40,7.85,5.92,4.23,7.70,5.88,10.17,8.18,5.77,4.20,17.86,5.02,8.32,18.54,5.13,0.84,0.79,19.52,4.25,11.58,2.49,8.49,7.62
X	17067857	17068040	AG	5.56	HG02073:5.72	2.52,5.72,0.83,1.64,5.06
5	132961745	132962408	AATATATACATATGG	5.22	HG02073:11.43	4.16,15.62,4.27,4.33,6.88,15.81,11.43
15	89867799	89868678	ACTCACTCACTCACTCTCTC	4.89	HG02073:5.72	1.68,0.84,0.84,5.72,4.04,4.32,0.86,0.84,0.85,0.84,0.79,1.70
1	216527930	216529083	AAAG	4.42	HG02073:7.35	0.80,5.72,4.96,0.78,7.35,0.86,4.86,5.81,0.86,2.56,3.15
X	1800021	1801207	AAAGAGAGAGAG	4.38	HG02073:8.98	2.45,0.83,8.51,0.82,0.83,0.81,0.81,0.97,2.55,1.73,3.27,0.79,2.44,1.68,0.85,2.49,0.80,0.83,1.62,2.52,1.68,0.84,2.50,3.35,1.70,0.86,0.82,2.50,0.86,0.84,8.98,3.37,0.81,0.87,1.62,1.61,1.64,0.82,0.86,3.28,1.65,1.73,7.39,2.43,0.85,0.86,1.65,2.52,0.83,1.70,5.50,2.61,0.84,0.83,0.86,1.65,7.71,1.64,1.64,0.84,1.69,3.40,0.85,0.85,0.84,1.55,3.35,0.83,4.21,2.56,1.67,5.52,2.44,0.85,1.65,0.85,0.85
GL000220.1	118891	119870	AACCCT	4.06	HG02073:4.08	4.08,7.88
11	57170317	57171692	AAG	3.96	HG02073:24.50	10.61,4.90,4.89,4.16,5.01,10.82,6.65,3.33,15.88,4.79,7.52,1.68,7.66,5.05,8.23,9.04,5.70,9.66,3.28,5.12,11.96,9.52,4.11,10.42,2.50,16.23,8.06,8.41,9.68,1.69,13.61,16.41,17.98,11.74,13.20,5.70,9.46,2.54,9.78,9.44,8.40,3.36,12.61,20.41,7.80,18.86,3.31,13.23,21.70,3.30,5.08,9.92,2.34,6.49,11.96,9.23,5.86,8.24,13.21,4.32,4.20,4.16,8.37,5.03,10.22,12.32,8.37,12.63,7.74,5.82,8.99,5.83,5.18,7.56,24.50,10.95,14.52,22.40,13.03,12.18,10.51,14.50,9.85,9.78,4.89,3.42,11.50,6.64,6.01,5.74,7.69,12.41,7.49,22.48,15.07,6.57,0.81,13.61,6.00,1.65,16.57,6.70,8.52,9.43,6.00,4.18,6.96,13.39,5.24,7.47,8.56,10.76,5.14,14.07,4.27,5.75,9.23,5.15,5.14,5.85,5.91,6.79,5.23,10.15,0.85,8.56,3.36,4.09,8.25,5.04,5.43,11.72,4.16,1.69,3.42,10.03,1.58,3.40,5.79,2.49,5.93
3	163246105	163247450	AAAG	3.76	HG02073:10.62	1.63,1.67,2.50,2.49,0.84,3.40,5.05,0.82,3.22,3.41,3.20,9.74,1.68,2.53,6.80,2.45,4.19,1.65,1.63,3.15,4.23,1.63,2.58,8.40,3.36,2.52,2.55,0.87,1.71,7.46,0.83,4.82,0.83,0.84,3.30,0.94,1.73,1.68,0.84,0.85,7.36,2.50,5.88,10.62,5.90,5.65,3.58,0.87,3.48,7.28,4.03,0.82,3.26,11.11,1.66,0.86,0.83,1.67,6.92,2.51,2.43,1.70,0.83,5.03,0.83,1.71,4.18,5.02,1.65,1.68,0.85,1.68,6.99,3.33,0.84,6.62,0.85
7	157845851	157847150	ACCCCAGAGACGCAGAG	3.72	HG02073:6.53	1.63,0.83,0.83,0.84,1.68,0.85,0.80,1.71,1.68,2.53,0.85,0.82,0.84,0.81,0.79,0.87,2.57,4.14,0.83,0.80,0.83,0.81,1.68,1.89,0.86,0.84,0.84,0.85,1.64,0.84,1.72,0.83,1.73,6.53,0.84,1.61,0.90,0.87,0.81,0.81,6.52,0.85,6.57,1.66,1.71,0.83,6.05,2.52,3.31,3.35,0.85,1.57,0.86,0.84,0.84,0.87,0.83,0.86,0.83,2.48,0.86,2.62,1.69,0.85,0.82,0.82,0.84,0.84,1.69,0.85,2.51,1.58,0.83,0.83
7	26994686	26995864	AAAGG	3.60	HG02073:8.98	1.63,1.66,2.50,3.33,2.50,3.35,1.70,0.82,4.89,1.71,0.85,1.64,12.26,4.34,0.86,7.23,3.30,3.39,2.48,3.13,2.56,0.84,1.65,4.72,1.73,0.84,3.35,5.11,0.82,1.68,9.15,1.73,8.98,0.84,8.21,3.42,5.19,6.81
7	137861635	137862934	AAAG	3.45	HG02073:5.72	2.49,0.83,1.66,1.63,0.80,1.71,0.82,1.60,1.61,0.97,0.84,1.65,0.79,1.69,0.81,1.73,5.14,3.31,1.65,1.61,0.83,1.89,0.82,1.67,0.86,5.72,0.90,0.87,0.87,0.81,1.61,0.82,0.81,2.44,2.56,0.82,0.83,0.86,2.46,1.67,1.73,1.67,0.84,1.74,0.84,0.85,3.39,0.85,3.39
12	113926219	113927466	AAAG	3.43	HG02073:5.72	0.82,0.83,0.83,0.83,1.67,0.83,1.64,0.85,0.81,1.70,2.52,2.58,1.70,0.86,0.83,0.83,0.80,1.65,0.85,0.78,0.82,0.84,0.84,0.84,1.66,0.86,5.72,0.81,0.90,0.87,0.87,1.61,2.46,0.83,0.85,2.59,1.67,0.82,2.43,0.85,1.67,3.43,0.84,0.83,1.66,1.66,0.86,0.86,3.41,2.46,0.84,1.71,0.85,0.85,2.54,0.86,0.85,0.82,0.82,0.78,1.71,0.84,0.79
15	71084883	71085259	AAAG	3.27	HG02073:3.27	3.27,0.87
17	38271126	38271237	ACGGGAGAGGGAGAGGGAG	3.27	HG02073:3.27	3.27
Y	58971569	58972939	AATCGAATGGAATGC	3.23	HG02073:13.07	3.27,4.90,3.26,5.82,4.17,6.66,4.16,2.50,4.17,7.52,0.80,1.67,5.03,1.66,4.25,6.73,9.04,2.44,1.64,5.97,2.56,6.06,3.29,9.61,3.34,4.87,0.81,5.05,0.97,2.53,4.32,4.90,1.68,6.60,4.07,6.31,5.93,6.52,3.43,0.84,0.84,4.20,1.70,6.07,6.00,5.80,5.79,6.43,6.60,4.23,4.13,1.56,1.62,5.98,7.55,6.70,3.30,3.45,7.57,3.35,5.87,5.11,10.68,2.51,3.37,11.19,4.16,6.54,6.66,6.04,13.07,2.53,3.23,5.38,2.61,1.74,4.85,4.83,2.46,4.89,5.70,8.54,4.11,7.47,9.44,5.74,4.27,6.62,4.16,9.51,0.84,4.93,7.30,5.96,7.50,2.57,7.42,1.68,2.48,7.45,0.84,8.52,7.07,2.57,5.02,7.53,6.98,5.81,5.79,0.86,10.76,0.82,4.27,2.46,5.04,1.72,3.43,8.35,7.59,3.40,6.98,9.31,4.23,1.71,0.84,12.71,6.54,2.47,3.36,2.33,0.84,0.84,1.71,10.25,3.25,14.44,0.83,2.55,5.93
5	121296629	121297857	AC	3.18	HG02073:8.17	2.53,1.68,7.44,4.32,2.52,0.85,2.52,8.17,0.81,1.79,2.49,0.82,4.28,5.85,5.75,4.29,0.84,8.72,0.85,4.28,0.84,12.71,3.27,1.65,1.67,2.50,4.21,3.15,0.85,5.94
13	79232777	79233954	AAAG	3.16	HG02073:26.95	1.63,0.82,0.81,2.50,3.32,0.83,0.83,1.67,0.80,1.67,3.35,21.63,3.26,1.61,0.82,3.42,1.73,1.60,8.35,3.22,10.09,0.84,9.50,1.63,12.58,26.03,0.85,3.26,0.86,5.04,0.84,44.55,6.80,9.54,10.29,0.83,3.21,20.64,0.85,8.26,23.44,0.85,12.58,16.81,11.64,9.23,4.26,1.64,3.35,8.61,1.66,3.27,1.73,26.95,0.84,4.48,7.82,0.81,1.63,3.29,3.32,3.43,3.28,5.12,10.82,1.73,4.11,0.81,2.55,4.20,4.26,7.83,11.14,1.65,4.10,2.52,2.53,1.70,9.32,8.37,4.25
17	78638287	78639971	AAAGG	3.11	HG02073:35.11	28.57,34.27,12.21,4.99,15.02,9.98,11.64,14.99,14.19,17.55,27.92,6.68,12.56,17.47,26.38,25.50,32.06,13.04,8.21,11.95,18.17,37.81,15.22,9.18,32.47,4.03,18.39,12.65,25.05,14.71,15.93,7.43,18.73,29.97,8.47,10.59,11.16,31.08,28.58,23.54,9.35,20.81,10.29,18.23,16.54,16.07,16.51,19.48,13.22,19.54,5.67,17.62,13.40,12.36,26.43,10.36,10.93,14.14,15.06,26.00,14.78,24.42,13.77,29.12,19.62,24.98,25.88,28.57,35.11,8.43,17.75,11.65,20.85,18.27,12.13,24.97,14.78,29.34,31.75,29.57,16.61,10.30,15.59,26.48,30.61,29.98,35.44,26.80,6.57,21.89,17.02,14.16,5.80,14.08,10.88,15.34,1.57,5.02,6.69,7.86,9.13,15.41,8.27,15.42,14.89,9.85,2.52,8.58,4.28,15.03,5.06,5.09,12.21,4.23,2.54,7.70,0.84,11.02,17.99,13.19,13.97,15.07,1.66,12.64,4.27,2.51,9.46,8.14,6.79,10.75,6.65,0.85
11	76407987	76409389	AAAGAAAGAAAGAAAGAAGG	3.10	HG02073:11.43	4.90,4.90,1.66,4.16,0.84,0.84,5.76,0.82,4.07,0.82,7.69,3.46,4.01,4.06,6.73,3.87,5.90,7.66,6.05,4.19,7.43,8.68,3.39,2.58,3.36,5.88,3.40,0.86,6.63,6.60,1.69,1.65,2.34,2.56,1.68,1.89,11.23,6.65,3.35,2.55,7.54,11.79,4.30,4.16,4.09,0.83,6.90,6.72,11.43,5.22,3.23,0.81,2.44,1.63,4.27,6.57,3.32,10.30,4.27,4.96,0.82,7.30,3.40,3.30,3.31,2.51,2.36,0.86,0.84,0.83,11.98,5.14,5.75,2.51,3.40,2.54,0.86,1.69,0.82,4.20,10.09,2.50,3.42,5.69,1.70
22	33424247	33425136	ACC	3.10	HG02073:8.17	0.97,3.26,1.70,5.63,2.55,0.86,10.82,8.17,1.69,11.30,9.67,3.29,0.81
18	22518587	22520146	AAATTTATATACATAT	3.09	HG02073:19.60	8.98,8.16,8.14,12.47,10.02,11.64,5.83,12.52,22.57,7.18,13.36,11.73,9.15,3.40,4.21,17.27,3.29,2.44,6.44,13.95,12.80,12.82,7.79,10.69,1.60,0.83,9.74,2.42,5.89,5.81,3.37,6.80,2.52,4.95,4.89,13.41,1.69,12.22,10.30,1.68,5.89,11.91,3.47,14.08,5.79,10.73,5.93,9.09,10.16,4.05,13.67,8.39,9.22,14.83,10.38,5.18,6.73,16.64,13.39,9.23,6.81,8.21,18.42,7.58,7.74,4.99,6.54,6.66,8.63,3.36,19.60,5.06,7.26,5.38,3.48,2.61,3.23,3.22,11.50,4.07,4.07,2.56,14.79,9.14,7.72,8.21,5.12,6.62,8.33,5.19,3.35,5.75,0.81,5.11,7.50,16.28,0.82,5.87,10.77,10.77,11.72,4.26,19.65,3.43,8.36,8.70,6.69,4.98,9.41,19.03,11.58,4.11,0.85,12.59,0.86,1.71,11.69,12.66,5.94,1.74,5.08,10.99,5.99,6.72,16.10,16.35,5.77,0.84,11.64,13.40,4.99,8.43,6.84,16.72,8.67,8.95,6.79,4.96,4.99,8.47
5	13427278	13428235	AAAG	3.03	HG02073:22.05	15.81,15.03,24.45,17.68,22.05,12.32,25.74,0.82,0.84
19	17459432	17459777	AG	3.03	HG02073:3.27	0.85,1.63,2.50,3.27,1.71,0.85
16	76002763	76003736	AAGAGGAGGAGG	3.02	HG02073:4.08	0.82,0.83,0.80,0.84,0.80,0.82,3.42,1.64,0.81,0.80,1.65,0.85,0.84,1.64,0.84,0.86,4.08,0.81,0.82,0.82,0.84,0.83,0.84,2.55,0.84,0.84,1.67
1	100291915	100293279	AAAG	2.99	HG02073:4.90	3.99,0.84,1.65,1.61,1.64,0.85,0.80,0.84,0.79,5.04,1.66,0.83,0.86,2.58,4.90,0.90,0.87,0.82,4.89,3.29,0.85,0.84,1.57,1.67,1.75,0.85,0.82,1.63,0.83
22	28932664	28933900	AAACT	2.97	HG02073:18.78	5.08,13.85,21.51,18.78,23.40,9.86,5.21,25.94
5	7371106	7373224	ACC	2.93	HG02073:21.23	11.43,7.34,13.03,12.47,11.68,8.32,5.82,2.50,2.50,9.19,13.56,9.19,0.84,13.31,9.36,3.37,13.98,4.11,11.41,8.05,6.57,9.39,6.83,7.79,9.86,15.22,5.84,4.06,8.06,10.09,9.68,8.43,18.71,15.55,19.61,4.19,11.55,7.33,13.41,15.24,6.52,3.43,10.08,8.41,10.09,11.05,12.14,7.72,14.91,11.58,17.68,7.43,9.32,8.26,6.25,7.30,8.54,1.68,10.05,5.77,0.94,2.59,5.04,14.97,10.04,2.52,8.52,14.78,6.70,18.53,14.63,8.32,12.26,9.99,10.35,6.72,21.23,5.06,13.72,4.48,9.56,6.96,11.32,8.86,9.03,13.04,15.47,10.25,3.29,6.64,21.45,5.74,9.39,12.41,11.66,12.10,3.35,9.86,0.81,27.23,5.83,8.57,4.12,9.23,4.97,10.77,7.54,5.97,5.50,11.14,5.02,9.58,5.86,6.11,16.60,11.13,8.27,8.57,9.93,9.87,5.97,6.57,2.52,5.15,3.43,13.36,4.22,3.40,3.49,8.46,8.46,5.13,4.20,8.47,12.27,15.67,9.24,9.32,13.40,15.80,5.90,5.13,3.34,11.83,5.69,19.53,5.79,12.47,5.94,10.16
4	49151223	49152826	AAAGGAATGGAATGGAATGG	2.47	HG02073:4.90	1.63,1.67,0.83,0.83,0.83,0.84,1.66,0.85,0.84,0.82,1.64,1.63,2.41,0.85,1.71,2.40,0.83,0.81,1.69,1.70,0.86,3.30,0.81,3.94,0.81,2.55,0.87,0.86,0.83,0.83,1.69,1.65,1.56,0.85,0.84,0.84,0.86,1.66,0.84,1.68,1.67,1.72,2.50,0.84,4.90,0.84,1.61,0.90,0.87,0.81,0.81,1.63,1.71,0.83,2.46,1.65,2.51,0.85,1.67,0.86,1.66,1.66,0.84,1.57,0.86,0.87,1.75,0.83,1.65,2.57,0.82,0.86,0.86,0.84,1.74,2.54,0.84,0.85,0.82,0.82,0.84,1.55,0.84,0.79,2.48
11	1866242	1866243	AG	2.45	HG02073:2.45	2.45
6	20112185	20112421	ACATATATAT	2.45	HG02073:2.45	0.86,2.45
7	52044541	52044956	AATATATATATATAG	2.44	HG02073:2.45	2.45,0.83,2.57
3	70679780	70680766	AAAG	2.38	HG02073:4.08	1.63,0.83,0.85,0.82,0.85,1.62,0.84,0.84,1.73,0.84,1.73,0.86,1.66,0.83,4.27,0.82,0.94,2.52,0.85,0.84,0.83,0.82,4.08,0.87,0.81,0.82,1.72,0.82,1.71,0.83,0.82,2.43,1.70,0.83,0.87,0.84,1.55,1.71,0.83
10	1465463	1466494	ACATAGTGGACCTACTGCAT	2.35	HG02073:5.72	1.63,3.26,0.81,0.83,0.83,1.66,0.83,0.83,0.84,2.39,2.51,0.84,0.83,3.40,1.68,0.82,1.64,0.81,1.64,1.71,1.73,1.64,0.83,3.25,3.36,0.97,2.53,0.86,0.82,1.68,2.44,2.54,0.81,3.43,1.68,1.70,0.87,0.86,3.31,1.65,0.80,0.85,0.83,1.56,0.85,0.84,2.51,0.94,0.86,3.36,0.83,3.35,0.84,2.55,1.64,0.84,2.53,3.44,2.50,0.82,2.50,2.52,5.72,0.84,1.61,1.79,4.04,0.82,1.63,1.64,0.83,1.72,1.71,2.48,0.86,0.84,0.82,3.24,2.55,0.83,1.71,2.47,0.84,1.66,2.48,3.35,0.85,0.79,2.57,0.87,0.84,3.49,0.83,1.71,2.57,0.83,0.82,2.56,1.64,0.84,1.72,1.71,1.69,0.85,2.54,1.68,5.08,2.45,1.65,2.33,1.67,2.50,1.69,2.56,0.84,2.44,0.85,3.31,2.49,1.70
8	97262279	97263368	AAGAAGGAG	2.25	HG02073:22.86	0.83,22.86,18.53,34.05,18.42,32.03,36.59
20	37336501	37337429	AATAG	2.24	HG02073:2.45	1.73,0.79,0.85,2.45,0.87,0.81
9	85406527	85406884	AT	2.24	HG02073:2.45	0.86,0.84,0.85,0.83,0.84,2.45
12	108972043	108972709	ACCACCACCACCACCATC	2.22	HG02073:3.27	1.63,0.81,0.83,1.64,0.82,1.69,0.94,0.86,3.27,0.81,0.81,0.86,0.85,0.82,0.83,0.85,0.84,1.67,2.49,0.86,0.84,0.85,0.85,0.83
6	46775054	46775771	AAAG	2.19	HG02073:2.45	0.83,2.45,0.83,1.64,0.86,0.85,0.85
10	134701492	134702101	ACCCCTGCCGCCTGC	2.18	HG02073:2.45	2.45,0.85,1.71,2.36,1.67,0.83,0.85
1	81787869	81788083	AT	2.18	HG02073:2.45	0.83,0.79,0.84,2.45,0.86,0.84,0.83
18	64961246	64962276	AAAG	2.15	HG02073:2.45	5.82,0.87,0.84,2.45,0.81,0.84,0.78
11	32524644	32525873	AAAG	2.13	HG02073:5.72	0.82,4.90,3.32,1.67,0.83,2.51,3.46,0.82,0.83,0.81,0.84,1.70,0.86,1.63,1.68,1.63,3.94,1.69,3.26,2.58,0.84,8.41,0.87,0.83,1.65,4.02,8.26,1.65,0.84,3.30,0.84,0.83,1.73,5.72,1.61,1.79,1.64,0.81,1.63,2.56,0.82,0.83,0.83,2.50,0.82,1.62,1.71,1.67,1.57,7.71,0.82,0.84,2.62,2.52,0.85,1.68,0.84,1.71,0.84,1.70
10	77431603	77432221	AAGGG	2.12	HG02073:8.98	5.75,8.43,6.80,1.73,1.63,1.69,4.07,0.86,5.04,4.20,4.25,3.47,7.46,4.14,3.21,2.50,6.90,0.84,8.98,3.37,5.38,6.95,3.48,1.61,2.46,4.07,4.27,1.66,0.86,2.56,11.58,1.67,7.78,4.11,1.65,2.52,4.14,6.82,2.57,4.18,1.67,6.85,0.83,1.71,3.41,2.46,2.57,1.67,3.38,5.92,0.84,5.02,0.84,1.71,0.79,0.83,13.58
8	84000177	84001594	AAATATATATATAT	2.09	HG02073:12.25	5.71,0.82,7.33,0.83,3.33,4.99,2.50,7.52,1.60,9.19,0.84,9.15,7.57,9.05,5.75,3.41,3.46,1.64,3.20,2.50,2.43,9.67,0.84,11.62,6.75,1.70,4.09,2.52,2.48,4.07,11.83,3.39,4.89,8.59,1.68,1.70,5.20,3.43,0.83,4.14,3.21,7.44,7.03,13.78,6.83,7.42,11.23,0.84,2.50,7.53,4.19,2.55,3.29,0.84,5.89,2.58,0.83,0.82,8.33,1.68,12.25,3.37,4.03,2.69,5.21,1.74,4.85,8.86,8.21,7.33,7.33,6.57,6.64,17.16,7.69,3.31,1.67,1.73,14.24,5.75,0.81,5.96,3.35,1.71,0.85,0.85,0.86,0.85,1.69,0.85,0.85
9	122258991	122260274	AC	2.07	HG02073:5.72	0.83,0.84,0.84,0.82,0.84,1.69,0.85,0.86,0.82,0.79,1.68,1.70,5.14,0.83,4.96,3.13,7.30,0.83,0.82,0.83,5.72,3.58,3.48,0.81,11.41,1.63,2.56,2.46,2.57,4.10,3.42,0.83,0.86,0.82,0.86,0.84,4.19,1.67,1.71,0.83,2.56,1.72,2.57,0.84,1.69,1.64,2.53,0.85,0.79,3.31
1	4691998	4694042	ACACAGC	2.06	HG02073:16.33	6.53,9.79,7.33,10.81,7.51,8.32,14.13,1.67,7.51,1.67,3.19,5.85,2.51,4.99,8.51,5.05,6.58,7.40,7.33,3.22,2.46,2.56,5.13,3.46,6.58,1.60,5.84,8.93,4.84,9.25,3.87,5.90,8.51,11.23,7.35,0.84,3.30,5.70,8.68,3.39,1.63,12.02,3.36,8.41,1.68,2.55,13.01,5.14,9.94,5.79,6.43,8.26,5.93,7.44,28.91,8.92,3.42,12.58,15.92,1.65,5.66,8.64,8.41,7.49,6.69,4.19,5.11,2.46,16.75,3.37,3.44,14.14,1.63,5.00,6.04,2.52,16.33,6.74,15.33,2.69,8.69,11.31,4.04,4.83,1.64,9.78,10.58,3.42,10.68,6.64,7.72,9.85,6.83,7.44,8.33,7.78,2.51,9.03,1.62,11.06,6.66,4.28,1.65,3.36,4.14,3.31,6.70,4.26,3.14,17.14,1.67,0.87,7.53,6.98,4.98,8.56,4.14,9.42,9.93,0.82,5.12,5.75,6.72,4.29,10.28,10.02,3.40,0.87,5.92,6.77,2.57,1.68,4.24,3.27,13.19,8.40,6.99,6.70,5.82,2.53,0.85,5.85,5.52,7.32,4.25,1.65,4.99,1.70,1.69
9	36506604	36507541	AAG	2.00	HG02073:11.43	32.43,1.66,0.83,24.21,8.36,6.73,4.94,0.81,3.41,7.69,0.87,9.04,5.61,3.22,9.23,5.86,11.33,13.14,7.54,11.43
Y	8333206	8334184	AAG	1.84	HG02073:4.08	0.83,2.49,0.84,0.83,0.85,1.68,1.65,2.41,0.82,1.71,0.82,2.50,1.62,0.81,2.52,0.97,0.82,0.83,0.79,0.81,0.84,1.68,0.83,2.48,0.82,1.63,1.73,4.08,2.43,0.85,0.82,1.72,1.71,0.84,0.81,1.66,0.84,1.66,3.31,1.71,0.86,4.23,0.84,0.81,1.65
5	5954489	5955407	AAGGAGGGAAGGGC	1.83	HG02073:3.27	0.83,2.51,0.85,2.52,0.80,0.84,1.73,0.82,0.83,0.81,0.85,0.81,1.72,0.84,0.83,1.65,0.80,1.56,0.82,0.84,0.84,0.82,0.84,3.27,0.84,0.87,0.81,0.81,0.81,0.81,1.71,0.82,2.57,0.82,0.83,0.85,0.83,0.84,0.85,0.83,0.83,0.85,0.81
17	31274361	31275441	AAGG	1.81	HG02073:5.72	4.08,3.26,2.50,0.84,0.82,0.87,1.64,0.81,0.81,5.89,4.22,0.86,1.63,1.68,1.63,3.94,3.26,0.86,0.84,1.70,5.14,0.83,1.89,0.84,1.66,1.67,1.64,3.35,1.73,5.72,0.90,1.74,2.43,1.61,0.81,0.85,2.46,1.70,1.71,1.67,5.14,0.87,0.83,1.65,0.83,0.82,1.64,0.84,1.70,4.28,0.84,0.85,0.82,5.02,3.34,0.85,0.83,2.49
17	69603952	69604790	AGATATATATAT	1.78	HG02073:3.27	0.81,2.50,5.05,7.40,0.85,4.11,1.60,0.84,1.67,3.27,1.65,0.85,1.64,1.69
5	78476199	78476925	AAGGG	1.75	HG02073:9.80	0.83,4.99,5.83,3.34,1.60,5.82,4.07,0.80,9.86,5.68,5.89,0.97,15.18,0.81,5.93,4.07,7.46,0.85,9.09,9.38,5.03,0.82,3.45,0.84,4.16,0.84,5.75,3.37,5.16,4.09,9.80,0.84,1.61,6.51,3.31,3.24,5.00,0.86,4.12,0.83,2.56,3.93,0.87,0.84,4.36,4.15,0.86,0.83,11.14,7.45,2.56,5.75,6.72,8.58,4.18,7.64,0.84,8.18,3.30,5.90,3.94,0.83
6	1126539	1126986	AAAG	1.75	HG02073:3.27	1.68,0.80,0.81,0.82,0.81,0.84,1.68,0.86,0.83,1.89,1.66,0.84,0.82,1.73,3.27,0.90,0.82,0.81,0.83,0.86,2.43,0.85,2.48,0.79,0.86,2.48,0.84,0.86,1.67
4	20080830	20082066	ACATATATAT	1.73	HG02073:21.23	8.16,8.16,7.33,2.49,5.84,7.49,11.64,5.83,5.84,9.19,1.60,14.20,10.05,6.81,1.68,5.75,18.74,4.83,9.03,15.36,5.98,17.30,13.97,8.01,10.02,0.81,7.25,9.25,10.65,7.59,5.95,1.65,13.03,7.89,2.54,14.60,6.73,5.88,8.50,4.34,0.86,19.88,14.89,0.80,5.78,6.61,6.25,9.73,16.76,5.66,5.18,2.52,4.18,7.55,8.52,6.57,6.70,5.89,15.49,9.15,4.90,21.23,8.96,11.31,7.39,0.81,4.93,4.15,1.71,5.02,19.71,7.50,14.57,1.65,15.94,6.63,7.45,11.72,5.11,0.79,1.71,9.20,6.69,8.73,1.66,7.70,17.99,3.29,24.75,21.34,11.75,5.15,6.85,5.01,2.53,13.58,16.92,7.61,17.97,17.65,8.47,2.45,3.30,13.44,3.88,2.51,21.63,5.06,5.13,6.69,7.10,20.34,19.03,20.79,9.34,3.39
4	182525991	182527430	AAAG	1.68	HG02073:17.96	0.82,2.50,0.83,6.69,0.84,3.33,0.85,6.58,11.41,5.19,0.82,2.50,0.81,6.78,8.43,8.51,8.64,3.30,20.51,11.01,8.96,3.43,10.92,9.25,5.88,1.70,3.31,2.48,6.43,7.43,0.85,3.24,18.46,10.38,0.86,0.83,5.86,1.68,21.51,16.64,0.82,0.86,0.84,17.96,14.52,3.58,0.87,3.48,0.81,2.46,9.78,0.81,0.82,5.81,6.86,0.82,16.23,9.10,6.66,1.73,18.42,3.29,8.92,5.11,1.68,0.83,5.02,2.51,5.79,0.83,1.64,0.84,1.71,5.92,1.68,2.45,4.16,0.84,1.71,0.84,0.83
5	17883281	17884632	AAAG	1.65	HG02073:8.98	5.71,1.63,0.83,2.50,0.83,1.66,2.50,3.34,3.34,3.19,0.84,3.35,2.55,5.05,6.58,8.22,6.52,5.98,4.33,6.58,1.60,2.50,3.22,2.52,0.97,1.73,3.27,6.71,4.13,8.96,4.73,0.85,0.86,3.36,3.36,0.87,7.72,2.48,1.61,4.13,1.69,0.83,5.47,6.49,9.40,6.70,5.66,4.20,4.16,5.02,2.52,5.96,5.75,3.35,3.37,8.61,3.33,2.52,8.98,3.37,2.42,2.69,0.87,1.61,7.39,4.07,6.84,1.64,1.66,1.64,1.71,3.31,5.83,6.92,3.29,3.35,2.56,0.87,0.85,9.10
2	69322941	69324079	AAGG	1.65	HG02073:5.72	1.67,1.65,3.28,4.11,2.40,4.06,0.81,3.87,0.84,2.55,0.86,0.83,7.10,0.85,1.68,3.36,3.43,0.83,2.41,1.68,0.86,0.84,0.83,3.33,6.90,5.72,0.84,0.81,0.90,1.74,0.81,3.22,1.64,1.63,1.71,4.93,2.49,3.46,6.70,1.62,2.55,2.52,1.71,0.87,0.86,0.86,0.82,0.84,0.84,0.85,0.85,2.52,2.56,2.37,1.65,4.99,0.85
19	33708822	33710052	AAAG	1.65	HG02073:2.45	0.82,0.81,0.82,0.84,0.86,0.80,1.56,0.82,2.45,0.82,1.66,0.82,0.83,0.84,0.86
X	60010	60202	AACCCC	1.63	HG02073:1.63	1.63,0.86
1	201726200	201726291	AAAG	1.63	HG02073:1.63	1.63,0.85
10	123283429	123283430	AC	1.63	HG02073:1.63	1.63
12	39174782	39174783	AATGG	1.63	HG02073:1.63	1.63
13	40747811	40747812	AACCCT	1.63	HG02073:1.63	1.63
14	34605350	34605351	AATGG	1.63	HG02073:1.63	1.63
15	59526628	59526629	ATCC	1.63	HG02073:1.63	1.63
15	59898688	59898689	AAAT	1.63	HG02073:1.63	1.63
16	10468849	10468850	AATGG	1.63	HG02073:1.63	1.63
18	10693222	10693223	AC	1.63	HG02073:1.63	1.63
2	97145589	97145590	AAAG	1.63	HG02073:1.63	1.63
2	989118	989119	AAG	1.63	HG02073:1.63	1.63
3	8525922	8525923	AC	1.63	HG02073:1.63	1.63
4	74594669	74594682	AC	1.63	HG02073:1.63	1.63
8	4266667	4266668	AACCCT	1.63	HG02073:1.63	1.63
14	101956125	101956510	AAAG	1.63	HG02073:1.63	0.84,1.63,0.79
20	9125625	9125903	AAGGAGGGG	1.63	HG02073:1.63	0.83,1.63
14	32525136	32525455	AAAG	1.62	HG02073:1.63	0.85,0.83,1.63,0.85
6	165049147	165049412	AATACAATATATTAATAT	1.61	HG02073:2.45	0.84,0.81,2.41,0.97,0.82,0.83,0.81,0.85,0.80,2.45,0.81,0.85,0.83,0.82,1.65,0.82,0.84
5	167298869	167299263	AAAG	1.61	HG02073:2.45	0.81,0.84,0.84,0.85,0.82,0.84,0.81,1.68,0.85,1.68,0.83,0.82,2.45,0.87,0.81,0.81,0.82,0.83,1.62
15	89867573	89868960	ACTC	1.60	HG02073:8.98	0.80,3.35,2.56,0.85,1.67,0.97,4.09,0.81,3.36,1.70,4.29,1.66,3.91,0.82,1.73,0.84,0.83,0.84,1.68,8.98,7.58,1.74,0.87,7.28,3.28,2.44,0.82,0.83,11.24,2.46,2.55,3.43,4.14,1.66,1.70,15.72,1.71,1.67,0.87,2.51,0.83,2.48,10.28,2.47,4.93,0.84,2.57,0.84,1.69,2.62,2.54,2.54,0.86,3.36,5.72,0.84,2.50,0.85,2.37,0.81,6.79,11.03
11	123020511	123021341	AAAG	1.59	HG02073:2.45	0.83,1.63,0.80,0.84,0.82,2.45,1.74,2.56,0.81,0.86,1.66,0.83,0.86,0.85,0.85
6	145053385	145053680	AT	1.59	HG02073:1.63	1.63,0.87,1.64,2.50
3	8087498	8088523	AGATAGATATATATAT	1.56	HG02073:3.27	1.63,0.82,1.66,0.80,0.84,5.11,1.64,0.81,1.61,1.64,2.56,2.60,1.67,0.81,0.84,1.62,3.45,0.83,0.84,0.85,3.27,0.85,1.64,0.83,0.83,0.83,0.83,1.71,1.71,0.87,0.85
20	62062560	62064366	AAGGCCCCACCCACAGGG	1.55	HG02073:5.72	1.63,0.82,2.44,0.83,0.83,0.83,4.16,0.83,4.18,1.60,1.67,0.84,0.83,0.85,4.11,4.11,0.81,1.61,1.64,2.56,1.73,1.64,0.83,2.43,3.22,0.84,4.25,0.86,3.27,1.68,1.65,0.81,7.89,2.54,1.63,1.72,0.84,1.68,2.52,0.85,2.60,1.71,1.66,0.83,3.21,3.39,1.56,3.24,1.71,1.68,1.68,0.82,1.73,2.52,2.51,0.85,0.82,1.68,3.33,3.27,1.67,1.73,0.84,5.72,0.84,4.03,2.69,0.87,0.87,0.81,4.83,0.82,1.63,1.63,2.56,4.11,1.66,0.86,0.82,1.71,0.83,0.86,1.67,1.64,1.62,3.40,1.67,2.57,1.65,0.84,0.83,2.48,0.84,0.85,0.79,3.43,2.51,0.84,0.87,0.83,0.86,1.65,0.86,2.48,0.82,2.56,3.28,4.29,3.43,1.67,1.69,0.85,1.74,0.85,0.85,1.71,1.68,2.45,0.82,0.84,3.88,5.02,1.66,4.21,3.42,1.67,0.79,4.07,0.85,2.48,0.83,0.85
12	112733943	112735113	ACACCCTCTGCACCT	1.53	HG02073:4.08	0.82,1.66,0.83,2.51,0.80,0.84,2.51,0.84,0.82,0.81,0.80,1.64,1.64,0.83,1.68,0.84,0.85,0.86,1.63,0.84,0.83,0.81,1.63,4.29,0.84,0.85,0.87,1.71,1.66,0.85,0.83,0.78,0.81,0.85,0.84,0.94,0.84,0.83,2.51,1.70,1.64,1.67,1.68,0.82,0.83,0.84,4.08,1.69,2.42,0.90,3.48,0.87,0.81,1.64,0.81,0.81,2.56,0.82,1.66,3.43,2.46,0.83,0.83,0.86,0.82,0.85,2.52,0.83,0.83,2.56,1.57,1.71,0.84,0.87,0.84,1.75,0.86,1.71,0.83,1.71,1.64,0.84,1.72,1.69,1.70,0.87,3.38,1.69,0.85,0.82,1.65,1.68,1.67,0.83,1.69,0.84,1.70,1.65,0.83,1.70,0.85
7	107939097	107940045	AAAG	1.49	HG02073:17.15	8.98,0.82,10.58,1.70,6.73,4.01,24.51,20.13,23.10,20.18,4.69,3.42,10.07,1.89,3.29,10.05,5.89,6.88,11.21,17.15,17.09,10.89,10.68,4.94,0.86,4.24,0.82,2.51,17.37
6	833870	834624	AAGGAAGGAAGGAAGGTAGG	1.48	HG02073:5.72	2.45,0.81,0.83,0.83,1.67,1.60,1.67,3.35,0.83,2.55,6.58,0.82,1.63,4.10,0.85,2.56,1.73,1.64,0.81,0.81,0.84,1.69,0.85,0.86,2.45,4.19,0.83,3.26,0.79,0.85,1.63,0.86,1.68,4.20,0.86,1.66,0.83,5.63,2.48,0.85,0.83,4.69,3.24,0.85,5.03,0.84,1.65,4.72,0.84,0.83,0.84,0.84,0.85,0.82,0.84,3.44,2.50,0.83,3.36,5.72,4.21,0.81,0.90,0.87,3.23,0.81,1.64,2.44,4.11,1.72,0.82,0.85,0.83,1.67,2.59,0.84,2.43,3.40,2.57,2.47,2.52,1.57,0.86,0.84,0.87,0.83,0.83,2.57,0.82,2.46,3.36,0.86,1.71,0.85,0.87,1.69,0.86,1.68,1.64,0.82,0.78,0.84,2.50,2.53,0.85,2.51,2.37,3.25,2.49,0.85
6	833601	834866	AAGG	1.44	HG02073:40.01	21.23,21.22,23.61,14.97,20.03,15.81,29.09,15.82,34.23,8.36,24.73,25.89,25.13,29.95,27.23,29.61,17.26,30.97,15.29,22.98,27.30,28.19,11.25,24.66,25.64,19.48,18.53,19.34,29.04,25.30,22.12,18.14,20.43,18.45,25.58,29.31,47.32,21.17,22.82,27.47,20.16,26.06,31.10,28.06,20.81,22.29,33.97,20.68,28.13,23.12,16.09,32.23,52.36,30.81,15.38,29.36,19.27,23.90,30.20,12.95,20.18,24.95,25.94,24.32,16.18,27.10,29.31,16.00,19.79,27.45,22.07,22.48,31.05,29.41,40.01,16.01,29.85,33.16,18.25,17.40,34.77,22.55,28.74,26.08,30.13,30.76,41.08,33.22,16.30,27.90,33.31,23.16,27.48,31.98,34.34,18.89,30.00,21.27,27.49,27.42,30.49,25.17,28.99,19.05,23.44,21.31,32.22,24.85,18.39,24.37,22.59,15.71,30.71,9.41,33.10,36.83,21.38,8.53,27.91,26.02,18.01,23.99,33.41,36.28,3.40,28.79,15.23,21.99,8.56,23.53,16.95,48.25,22.26,27.72,33.38,31.82,18.30,26.13,20.51,41.79,27.59,37.42,16.99,28.95,34.09,11.03,25.40
17	9583715	9584886	AATATATACTATAT	1.44	HG02073:3.27	0.82,1.63,2.49,1.66,1.63,0.81,1.61,0.84,0.84,0.81,2.58,1.68,0.85,1.73,1.71,1.61,0.85,0.84,0.94,1.73,0.85,0.82,0.83,3.27,4.03,0.87,0.81,0.82,0.81,1.64,0.82,0.85,1.67,1.65,0.84,0.83,1.65,0.86,2.51,0.87,0.86,1.55,0.84,0.85,0.84,4.07,1.70,0.83
1	1541038	1541469	ACCAGCCCAGCCCACCCCAG	1.44	HG02073:1.63	0.84,0.86,1.63,0.86,0.84,0.81
19	33709075	33709927	AG	1.38	HG02073:3.27	0.82,2.52,2.90,2.53,4.25,2.59,0.81,0.85,1.63,0.84,1.73,3.27,1.63,2.57,2.46,0.83
2	1783129	1784974	ACCAGCAGAGACTC	1.37	HG02073:8.17	4.90,0.83,0.83,0.84,3.35,2.44,0.80,1.64,1.71,0.85,0.82,1.60,3.87,11.81,0.85,2.59,0.84,1.65,5.70,7.10,0.85,5.15,1.68,5.04,5.04,5.95,5.20,5.14,2.49,0.80,0.85,3.31,0.78,3.24,0.85,2.51,4.12,0.86,0.84,3.33,2.52,2.55,1.64,0.84,0.84,4.90,4.16,0.86,5.04,8.17,7.26,6.27,4.34,1.74,2.43,4.83,3.28,8.15,4.89,9.86,0.83,8.54,0.83,6.66,3.35,1.64,4.05,8.51,4.12,2.52,6.63,3.41,0.86,3.48,1.75,0.83,0.86,0.83,1.71,0.82,5.88,0.84,2.54,0.85,0.85,3.30,0.84,1.55,5.02,3.33,3.37,2.56,5.01,1.58,0.81,0.83
17	63431467	63431856	ACGGGAGAGGGAGAGGGAG	1.35	HG02073:6.53	3.37,0.85,3.39,6.73,2.55,2.48,3.33,2.50,10.08,6.53,2.69,4.34,8.09,7.33,3.32,6.62,4.19,3.31,5.02,2.36,0.86,0.83,2.57,0.82,1.68,2.53,5.85
9	79701728	79702526	AAAG	1.34	HG02073:1.63	1.63,0.84,0.79,0.86,0.84,0.85,2.51
21	43225434	43226680	ACC	1.32	HG02073:8.98	4.08,4.90,1.63,7.48,6.68,1.66,6.65,0.83,3.34,3.34,5.58,2.51,5.86,4.16,4.25,6.73,4.94,0.82,4.02,9.03,2.56,3.42,2.60,4.11,6.41,8.35,8.93,6.45,4.21,4.84,0.84,1.70,5.18,2.45,2.52,1.65,2.44,4.73,1.69,1.63,6.01,2.52,5.04,5.04,4.25,5.20,2.57,0.83,4.96,2.48,1.69,0.83,2.34,3.24,4.27,2.52,3.35,11.54,2.83,1.73,2.52,1.66,1.67,0.84,6.81,8.21,2.51,3.37,0.86,2.50,2.45,6.66,1.68,8.98,6.74,1.61,1.79,4.34,1.74,0.81,3.22,5.75,5.70,3.26,1.64,2.49,1.72,6.56,3.42,2.48,1.67,0.86,4.19,2.46,4.05,3.40,1.67,6.00,4.12,0.84,6.63,21.54,3.35,4.26,4.72,4.29,0.84,4.35,0.84,4.36,2.49,1.71,7.45,6.00,6.58,3.41,3.28,5.04,1.72,1.71,3.34,6.75,2.62,2.54,3.38,0.86,1.68,0.85,1.64,3.30,5.88,3.11,5.86,7.49,2.53,5.98,1.67,2.37,4.88,2.55,5.79,1.66,5.09,3.39
11	5007574	5008324	AG	1.32	HG02073:1.63	0.83,1.63,2.61,0.81,3.43,0.85,0.83
18	60865046	60866404	AC	1.31	HG02073:5.72	0.82,1.63,0.83,3.34,1.66,0.83,0.83,1.67,4.19,1.68,2.47,0.82,1.63,0.80,3.28,2.56,0.85,3.46,0.82,2.40,2.50,2.43,0.81,2.52,1.94,1.69,0.86,3.27,0.84,2.44,5.08,1.63,1.72,0.84,0.85,2.60,1.71,2.49,4.14,3.21,1.65,3.39,1.65,0.81,3.42,2.52,4.19,2.83,0.86,2.52,0.83,2.51,0.84,0.85,0.84,0.84,3.44,1.66,0.82,0.83,1.73,2.52,5.72,1.69,3.23,2.69,1.74,4.35,0.81,0.82,0.81,0.81,1.71,0.82,0.83,1.72,1.64,0.85,2.48,1.73,3.35,3.29,1.62,4.25,2.50,1.71,2.47,4.20,3.31,1.66,1.67,1.57,0.84,1.74,0.84,2.62,4.98,0.86,4.14,2.57,1.65,1.64,2.56,3.28,1.68,1.71,4.18,4.22,1.70,0.87,1.69,3.38,0.86,1.68,5.08,5.72,1.68,0.78,2.51,4.16,2.56,0.84,2.37,0.81,0.85,5.79,0.83,1.70
13	29047179	29048277	AAAG	1.27	HG02073:4.08	0.81,0.83,0.83,0.83,1.67,0.84,2.51,1.66,0.85,0.82,1.71,1.73,0.80,0.83,2.43,0.81,2.52,2.90,0.85,0.84,2.37,1.69,0.81,0.84,0.84,3.40,0.86,0.83,1.65,1.61,0.83,3.39,0.83,4.69,1.71,1.68,0.84,0.84,3.35,0.84,0.82,0.84,0.86,3.33,0.83,4.08,1.69,1.61,0.87,0.87,2.42,1.63,1.63,0.85,1.64,0.83,1.72,0.82,0.85,0.83,1.67,0.84,0.83,0.82,1.66,0.84,0.79,0.86,0.84,0.84,0.87,1.66,0.86,0.83,3.43,1.65,0.86,0.86,2.51,0.87,0.85,1.69,1.71,0.85,1.64,0.82,0.84,1.67,2.56,0.84,1.63,1.65,0.85
12	107863325	107864065	AAAG	1.26	HG02073:1.63	0.85,0.81,2.42,1.63,0.85,0.83,0.85,0.81
9	139065477	139066929	ACACCCCAG	1.24	HG02073:4.08	0.82,0.81,2.49,1.67,1.66,0.83,0.83,1.67,1.68,1.70,1.65,0.82,0.81,3.22,0.82,2.56,0.85,0.80,0.81,1.68,1.94,1.69,0.85,1.73,2.45,3.30,1.58,0.86,0.83,0.83,0.80,0.83,1.69,0.78,0.81,0.85,0.84,2.47,0.86,1.67,0.85,1.64,1.68,1.66,3.27,1.73,4.08,0.81,1.79,2.61,0.81,1.61,0.82,0.81,4.07,1.66,0.86,0.85,1.67,0.81,0.83,0.86,0.82,1.68,1.66,1.67,3.14,1.71,1.67,0.87,0.83,0.86,0.83,1.65,0.82,1.71,0.82,0.84,0.86,1.67,0.85,2.62,1.69,0.85,1.71,1.68,1.64,5.77,1.68,1.55,1.67,0.83,1.69,0.85,3.15,1.63,1.65,1.66,1.69
X	128849201	128849697	AAAG	1.23	HG02073:1.63	0.83,2.54,0.86,1.63,1.64,0.82,0.85,0.84
10	13925586	13926623	AC	1.21	HG02073:3.27	0.83,0.82,1.94,0.85,0.86,0.82,2.44,0.81,0.84,3.40,0.83,0.80,0.82,0.86,1.66,0.82,3.27,0.81,1.74,0.87,0.82,2.44,2.44,1.64,1.64,0.83,0.83,0.81,2.61,2.57,2.47,0.86,0.85,0.85,1.63
2	11252925	11253800	AAGGAAGGAAGGAGGG	1.21	HG02073:2.45	0.82,0.81,0.83,0.84,2.46,1.63,1.65,0.84,0.84,1.65,0.82,0.86,0.83,0.84,2.45,2.46,0.86,1.67,0.81,0.85,1.66,0.84,0.84,0.79
22	27796758	27797074	ATCC	1.20	HG02073:1.63	0.83,0.85,0.97,0.84,0.83,1.63,0.84,0.85
17	78120373	78121382	ACAGCGAGGTCGGCAGCGGC	1.19	HG02073:3.27	0.83,0.82,0.85,1.60,1.69,1.70,1.63,2.37,1.63,0.86,3.47,0.83,1.65,0.84,0.82,0.94,2.50,1.67,4.16,3.27,0.87,3.42,0.83,0.85,2.48,0.84,4.86,0.86,1.68,0.81,0.83
7	1793797	1794936	AAAG	1.18	HG02073:9.80	4.08,2.50,8.42,8.23,4.89,4.27,4.81,8.35,4.84,8.99,1.65,3.15,3.43,4.20,4.25,4.14,8.60,4.72,2.45,14.28,9.80,6.09,0.81,5.13,7.47,12.81,3.31,11.66,5.19,11.72,3.29,8.92,4.25,9.89,6.71,2.56,0.82,0.85,0.86,1.70
10	130446436	130447401	AAGAAGAAGAGG	1.18	HG02073:3.27	0.83,0.83,3.40,1.68,2.44,1.68,1.68,1.69,2.43,0.86,3.27,1.69,1.71,0.83,1.67,0.83,4.97,2.61,0.87,2.49,1.71,1.67,1.69,0.82,1.67,0.85,2.37,1.63,1.70
5	584302	585355	ACCCACCCACCCACCCATCC	1.12	HG02073:1.63	0.80,0.83,1.63,0.84,1.79,1.66,0.84,0.84,0.84
1	241837775	241838291	AAGGAGGGAGGGAGGAGGG	1.11	HG02073:1.63	1.67,3.94,0.83,1.63,0.85,0.84,0.86,1.64,0.85
7	158294953	158296118	ACACAGTAGCTGATGG	1.09	HG02073:3.27	0.82,0.81,0.83,0.84,1.64,0.87,1.60,0.81,0.97,0.85,2.59,0.82,0.81,2.44,2.58,1.68,1.68,0.84,0.86,0.83,0.83,0.80,1.65,0.85,0.84,0.84,0.84,0.84,0.86,3.27,2.42,0.87,1.74,1.61,0.81,0.85,1.66,0.86,2.46,0.83,0.86,0.84,1.70,1.67,0.82,0.83,2.48,0.86,0.84,0.87,0.84,0.87,1.66,0.86,0.83,0.82,0.85,0.86,1.67,2.62,3.38,0.86,0.84,0.83,0.84,0.85,0.85,0.83
11	20254149	20254569	CCCCG	1.08	HG02073:2.45	0.82,2.50,0.83,0.84,0.82,0.87,0.80,0.83,0.84,0.84,1.58,0.83,0.84,0.84,0.86,0.82,5.00,2.45,0.84,0.87,0.81,0.82,0.86,1.68,3.41,2.36,0.83,0.82,0.86,0.87,0.85,0.86,0.82,3.36,0.78,0.84,0.81
20	8011909	8012873	ACATACATACATACATCAT	1.06	HG02073:4.90	1.67,0.85,4.25,0.85,0.83,2.34,0.82,0.82,4.20,4.90,0.85,9.03,1.70,5.00,1.65,1.66,0.84,1.74,0.84,1.75,1.65,1.65,2.56,2.46,3.36,3.43,3.40,6.11,5.92,1.71,0.84,2.47,1.68,3.33,0.84,4.07,4.25,0.83
1	19070671	19070917	ATCC	1.06	HG02073:1.63	0.84,0.81,0.84,0.83,1.63,0.87,0.82,0.83,1.64,0.83
2	4464624	4465710	AC	1.05	HG02073:6.53	0.82,1.63,4.89,1.66,0.83,2.50,0.83,0.83,4.17,4.18,4.79,3.34,2.51,3.33,1.70,0.84,0.82,5.75,2.44,2.41,4.10,0.85,1.73,0.82,4.01,2.50,1.62,0.81,0.84,1.94,3.37,3.40,0.86,2.45,2.52,1.65,1.63,2.37,1.69,5.70,3.43,1.68,2.52,1.70,0.87,6.00,2.49,3.31,1.61,1.65,2.54,2.48,0.78,0.81,0.85,2.52,4.19,0.94,1.73,0.84,1.66,4.18,0.84,2.55,0.82,3.35,1.72,2.50,5.72,1.67,2.59,5.04,6.53,5.06,4.84,4.48,3.48,2.43,2.42,4.11,4.07,3.26,1.71,1.64,2.49,1.72,4.92,1.65,3.33,2.59,0.84,3.29,1.62,5.96,0.83,1.71,0.82,1.68,0.83,2.51,1.70,7.07,2.57,2.51,4.35,1.67,1.75,2.49,0.86,1.65,3.43,1.65,2.47,4.27,0.82,4.29,0.86,0.84,3.40,2.62,4.23,5.07,0.86,9.24,1.69,6.54,3.30,3.36,2.33,5.02,2.50,2.53,1.71,1.67,3.94,4.88,4.25,2.48,3.39
1	12233579	12234833	AAGGAG	1.02	HG02073:11.43	1.63,4.89,4.99,2.51,0.85,5.76,4.93,8.96,11.27,9.39,2.60,10.69,12.52,6.49,7.57,9.68,3.37,11.06,8.64,1.63,4.19,2.48,3.26,8.68,2.54,6.52,7.73,10.92,2.52,4.20,2.55,3.43,7.46,10.75,7.43,2.54,3.31,3.42,2.51,7.42,2.83,1.73,0.83,15.06,6.71,3.29,3.35,1.72,1.66,2.45,2.50,3.45,5.88,11.43,3.37,0.81,6.27,0.87,13.05,6.47,4.03,0.82,9.78,8.96,5.13,5.81,4.29,7.39,3.42,3.33,6.92,0.84,2.46,1.62,9.36,0.83,5.14,2.51,0.85,0.84,1.65,5.14,0.83,3.29,0.85,1.64,0.84,8.44,0.87,1.71,7.56,5.93,7.36,4.20,0.78,1.69,6.31,8.14,1.65,3.33,0.85,6.77
1	12644605	12645415	AC	1.00	HG02073:2.45	0.82,1.67,1.67,0.84,1.68,0.80,1.64,0.85,1.64,0.84,0.84,0.85,0.84,0.84,0.83,0.83,0.85,0.84,0.84,0.83,1.67,0.85,0.84,0.83,0.82,0.83,2.45,0.84,0.81,0.83,0.84,0.82,1.68,0.84,1.57,0.86,0.87,0.84,0.86,0.86,0.83,0.85,0.84,0.84,0.85,0.86,0.85,0.82,0.82,0.84,0.79,0.83,1.66
