#contig	start	end	unit	top_case_zscore	high_case_counts	all_counts
4	6580039	6581573	ACC	10.74	HG02375:33.41	8.16,10.61,16.28,6.65,13.35,14.14,13.30,12.49,22.54,15.88,6.38,10.86,5.03,9.15,10.21,15.15,13.98,11.51,10.59,19.32,10.67,9.39,23.92,10.38,8.22,14.42,21.70,12.17,15.31,19.34,16.46,17.71,8.51,10.37,16.34,10.90,15.68,12.21,23.66,5.08,13.04,12.88,16.80,18.50,5.04,9.35,14.74,6.86,10.77,12.41,21.70,9.91,10.16,14.88,17.97,4.05,16.23,5.03,9.22,13.18,3.78,7.77,15.97,10.81,6.69,10.90,9.37,15.60,9.21,10.95,12.05,19.97,10.62,19.15,18.98,14.28,16.33,10.11,32.27,17.03,6.08,12.18,11.32,13.69,9.03,33.41,17.10,14.53,15.61,15.78,19.73,14.77,11.96,8.27,5.00,9.51,15.91,7.39,12.97,7.66,8.33,9.43,6.59,5.87,4.97,9.94,4.19,6.82,10.22,4.29,0.84,6.09,2.51,1.75,5.81,14.55,3.31,9.42,4.14,2.47,5.12,10.67,12.59,9.43,1.71,4.18,9.28,11.04,1.74,7.61,9.30,13.69,6.72,5.93,13.90,8.25,5.88,7.76,6.70,6.65,1.69,4.27,3.34,9.46,11.39,6.79,8.27,4.99,4.24,10.16
11	31932229	31933477	AAAGG	9.74	HG02375:22.82	0.82,3.26,2.44,3.33,9.18,5.82,2.50,5.01,3.34,0.80,7.52,6.70,15.32,6.58,1.64,3.26,6.44,0.82,5.97,1.71,11.25,0.82,0.80,1.67,1.62,4.84,7.57,1.94,2.53,10.21,10.37,4.09,1.68,11.55,4.89,3.15,9.32,3.26,12.02,4.20,10.09,5.88,5.95,1.73,5.14,10.77,11.58,0.80,2.48,4.23,12.40,0.78,4.05,2.56,1.68,5.03,9.89,1.89,4.32,9.25,6.65,6.71,1.70,1.64,14.24,0.84,6.02,1.66,2.45,15.82,16.39,8.40,3.27,6.74,8.88,6.27,1.74,2.61,7.28,12.89,1.64,22.82,10.58,11.11,11.50,9.14,6.01,4.10,11.96,11.58,11.66,11.24,5.02,9.86,4.86,10.21,0.83,0.82,3.36,2.48,0.83,3.35,5.11,5.14,0.84,1.74,0.84,4.36,6.64,11.13,8.27,2.57,7.45,2.56,7.39,3.36,1.72,2.57,0.84,10.19,3.49,10.15,2.57,2.52,1.69,0.82,4.12,4.20,2.33,2.51,0.84,0.84,9.34,15.72,4.24,2.54
3	31853694	31854927	AAAG	9.71	HG02375:44.82	3.33,0.83,11.70,11.27,28.16,20.76,19.39,4.25,0.81,24.90,12.86,19.02,17.34,3.31,10.71,8.64,0.84,26.98,13.96,44.82,15.78,0.82,12.81,30.61,15.60,22.12,5.00,6.86,0.82,20.06,13.71,13.36,0.84,17.83,6.77,5.93,4.09,0.78,2.51,6.31
4	179874026	179875564	ACC	9.70	HG02375:30.97	9.80,13.06,21.98,10.81,10.02,7.49,13.30,18.32,10.02,10.87,9.57,15.03,15.92,5.82,11.06,20.20,9.05,12.33,12.22,20.12,4.10,11.95,18.80,6.92,4.93,20.83,26.71,8.12,8.86,22.71,10.65,15.18,18.71,23.33,12.26,5.03,9.08,14.66,14.99,11.86,13.04,16.31,18.48,15.13,15.97,13.61,18.21,7.72,15.74,23.16,16.88,8.26,5.93,20.66,13.28,11.35,2.56,10.07,9.22,9.06,17.93,9.50,14.29,17.47,6.69,14.26,7.66,16.43,8.37,15.16,14.63,12.48,15.53,5.00,9.49,9.24,14.70,11.80,16.14,10.75,10.43,13.05,16.17,20.14,18.06,30.97,13.03,5.13,16.43,19.93,29.17,13.95,3.42,9.93,13.32,6.05,10.05,18.89,15.40,17.02,6.66,10.28,11.54,10.07,14.91,21.54,6.70,8.52,14.93,13.71,6.69,4.35,14.22,9.60,15.77,10.27,5.79,16.28,10.76,13.98,16.22,14.78,10.07,15.44,7.71,13.36,13.50,11.88,8.72,12.69,10.15,8.56,15.96,11.02,15.54,16.49,10.08,16.30,9.21,5.82,6.74,10.25,15.04,9.46,4.07,4.25,11.58,17.46,9.34,12.70
1	42009805	42012025	ACC	9.48	HG02375:70.90	35.92,35.90,46.41,50.72,36.72,35.78,46.55,35.81,49.26,42.62,43.87,39.26,45.23,44.93,31.48,44.60,51.82,43.56,43.19,43.47,22.98,44.37,31.61,37.20,32.06,50.48,51.75,33.28,45.93,35.32,39.69,37.95,45.93,39.74,55.56,35.22,38.78,42.34,46.54,44.04,33.41,58.38,39.48,50.44,46.24,30.61,41.62,34.29,46.39,35.57,53.84,23.94,38.96,50.41,50.01,42.97,43.56,41.95,39.37,32.96,45.31,33.68,54.64,49.91,57.74,37.74,36.62,34.49,32.66,32.00,27.54,63.22,46.59,42.47,43.99,38.65,51.44,52.24,54.06,49.29,48.66,34.81,34.77,30.61,50.09,70.90,30.13,29.91,48.47,37.37,37.75,52.52,43.56,50.46,51.63,39.76,46.06,49.28,59.19,57.86,35.82,44.56,50.27,39.44,28.99,35.62,37.68,28.13,49.51,38.57,33.44,51.36,46.85,29.68,59.76,48.79,37.24,42.83,43.85,48.51,57.18,64.85,47.01,32.59,26.56,49.27,44.72,36.50,42.75,31.30,49.05,41.07,32.77,52.54,58.88,42.88,37.81,60.55,60.28,46.58,30.34,45.28,34.27,56.77,61.83,33.12,32.26,58.20,45.83,40.64
4	73415046	73416443	AAG	9.14	HG02375:39.93	1.63,4.89,0.83,4.99,3.32,0.83,9.86,13.85,4.92,14.51,4.27,0.82,7.21,5.68,23.82,0.84,6.51,8.59,0.84,0.87,41.42,19.29,0.85,7.57,4.16,19.26,16.35,1.67,2.59,4.20,9.27,13.44,0.87,4.35,2.46,39.93,15.38,8.22,0.83,7.72,19.69,4.27,0.83,0.84,4.93,0.85,8.39,10.28,0.82,11.69,3.38,7.61,5.93,11.54,10.08,10.05,5.52,7.45,4.24
4	39349643	39350456	AAAAGG	8.55	HG02375:12.22	8.96,7.56,5.21,4.35,12.22,1.66
4	39350096	39350492	AGGGC	8.15	HG02375:8.15	8.15,15.59
7	71579239	71579739	AAGGG	8.09	HG02375:18.74	6.65,6.69,4.11,5.75,5.70,4.33,4.84,10.96,4.32,5.03,1.65,3.26,2.54,3.26,10.30,7.56,3.36,5.04,6.80,2.49,4.96,4.82,1.65,0.85,0.84,2.46,4.21,13.08,1.67,5.18,8.98,0.84,5.65,1.79,3.48,8.09,1.61,3.28,18.74,11.40,13.67,2.46,1.66,5.74,0.85,6.62,5.83,6.05,4.86,2.55,1.68,4.97,5.02,2.47,4.29,6.68,3.40,5.13,5.88,3.39,5.06,3.39,2.54
10	102074818	102075457	AAGGG	8.00	HG02375:17.11	3.27,0.82,7.33,1.67,1.67,3.34,1.67,3.99,0.83,4.25,0.82,5.75,4.89,4.83,2.46,2.56,11.96,1.64,3.20,1.67,1.62,1.61,5.89,12.59,3.37,1.70,2.59,4.19,4.89,3.15,5.08,1.63,4.29,5.04,4.25,6.07,1.71,8.28,4.96,3.30,5.47,5.67,2.56,8.38,2.83,1.73,2.50,2.51,11.92,2.46,6.70,2.53,1.72,1.67,5.18,8.40,0.82,1.69,0.81,0.87,3.22,2.46,17.11,1.63,1.71,3.32,2.57,6.56,2.56,5.00,5.19,3.35,0.82,0.81,0.85,3.33,2.47,4.97,4.19,1.70,5.50,0.87,5.24,3.32,2.47,2.56,0.82,1.68,0.86,2.57,3.34,0.84,3.49,2.54,1.71,1.68,0.85,2.51,5.82,2.53,3.34,3.40,4.23
9	122258991	122260274	AC	7.72	HG02375:11.41	0.83,0.84,0.84,0.82,0.84,1.69,0.85,0.86,0.82,0.79,1.68,1.70,5.14,0.83,4.96,3.13,7.30,0.83,0.82,0.83,5.72,3.58,3.48,0.81,11.41,1.63,2.56,2.46,2.57,4.10,3.42,0.83,0.86,0.82,0.86,0.84,4.19,1.67,1.71,0.83,2.56,1.72,2.57,0.84,1.69,1.64,2.53,0.85,0.79,3.31
5	34664566	34665657	ACACATATATATAT	7.43	HG02375:15.48	0.82,1.66,2.49,3.33,11.97,0.85,0.82,1.61,2.56,0.83,1.62,5.81,4.25,7.78,5.72,10.90,0.83,3.26,3.39,1.72,2.52,10.09,4.20,5.95,1.73,7.72,2.41,8.38,5.18,0.84,1.70,0.86,2.45,7.49,2.59,4.20,3.27,0.81,8.07,6.08,8.70,1.62,2.42,15.48,1.63,2.56,9.04,5.81,4.29,4.10,4.96,5.00,6.92,2.51,4.93,1.62,7.66,6.86,5.03,2.48,6.63,1.67,2.56,5.50,1.67,0.87,2.62,2.48,0.86,5.12,5.75,4.29,0.86,6.68,4.24,3.49,2.54,5.13,5.93,1.64,4.12,3.11,0.83,1.69,1.58,1.65,3.39,0.85
8	27358390	27359131	AAGAAGG	7.33	HG02375:7.33	7.33,7.39
7	154931364	154933220	AGCATCCCTGAGCCCC	7.17	HG02375:32.60	7.35,11.42,21.98,19.96,12.52,7.49,7.48,9.16,6.68,10.03,14.36,20.05,15.08,9.98,5.11,13.47,14.81,13.85,16.90,22.98,18.77,17.09,6.92,18.91,24.84,21.70,14.61,21.76,10.09,17.43,16.02,22.97,16.41,17.98,4.19,19.80,28.50,26.03,14.40,18.74,21.46,24.36,18.50,26.06,9.35,13.01,18.86,19.88,21.51,4.02,14.03,11.01,19.83,21.88,14.59,6.83,0.84,5.86,4.94,18.88,10.36,9.15,17.57,6.71,0.85,26.28,14.24,4.30,16.64,17.16,5.83,2.59,15.96,19.60,15.17,24.21,9.86,5.21,16.53,18.60,16.11,14.78,32.60,8.96,11.11,40.25,18.27,21.45,9.85,18.79,24.82,17.49,7.78,17.59,10.68,25.94,23.83,9.16,7.71,19.78,17.62,4.97,2.48,9.21,17.05,11.79,6.86,1.67,15.67,17.57,14.84,19.09,16.26,28.13,24.84,11.58,20.55,23.04,14.78,0.84,9.43,11.14,23.38,9.28,8.49,6.98,12.69,0.85,3.42,18.49,5.93,18.81,26.39,5.88,21.74,15.07,11.65,14.33,1.71,20.89,11.83,13.02,20.38,15.72,13.30,19.52,8.47
7	158199140	158200914	ACCCAGG	6.91	HG02375:30.97	13.06,15.50,15.47,12.47,4.17,9.15,7.48,9.99,11.69,12.54,8.77,16.70,9.21,4.99,8.51,8.42,4.94,13.15,7.33,11.27,16.41,15.36,12.82,10.38,3.29,9.61,24.20,19.48,16.92,15.98,14.52,17.71,11.91,5.18,4.90,5.03,14.03,12.21,21.30,11.01,2.44,7.73,10.08,10.09,7.57,2.55,14.74,7.72,14.91,3.31,15.27,17.34,11.86,12.40,18.75,14.59,11.96,17.62,5.86,23.90,11.33,12.95,6.73,16.64,13.39,5.87,7.66,13.96,6.70,10.95,10.33,14.14,12.26,10.82,7.76,14.28,7.35,21.06,8.07,14.34,8.69,8.70,17.79,6.44,13.14,30.97,14.66,15.38,15.61,8.30,3.43,9.03,4.27,9.10,9.16,7.78,5.02,9.86,6.49,11.91,15.83,19.71,18.13,20.98,19.88,25.68,7.54,14.49,23.58,13.71,15.05,9.58,15.90,13.97,9.13,17.97,25.65,21.42,4.96,20.55,20.48,18.06,5.04,16.29,18.85,13.36,12.66,6.79,15.70,9.31,18.61,12.84,10.92,11.86,17.17,24.74,19.32,27.95,15.91,20.79,15.17,10.25,17.55,22.08,13.83,14.44,14.89,12.47,22.91,17.78
12	132879467	132882785	ACACCCTCACCCGGGC	6.43	HG02375:15.48	1.63,3.26,5.70,11.64,2.50,4.99,5.83,3.34,1.67,3.19,3.34,3.35,0.83,3.40,7.57,1.65,5.75,0.81,5.63,2.46,8.53,0.85,4.33,4.81,5.01,3.25,6.45,2.52,3.87,2.53,5.95,5.18,2.45,0.84,3.30,3.26,7.89,1.69,0.86,4.20,0.84,1.68,3.40,2.60,0.86,4.97,3.31,4.82,9.08,2.54,4.96,7.03,4.05,9.40,2.52,7.54,0.82,1.89,3.45,1.68,4.16,12.55,3.35,1.70,1.64,4.19,7.74,6.66,1.63,5.00,1.73,0.84,0.82,6.74,5.65,1.79,6.08,1.74,5.66,3.22,5.75,15.48,6.51,6.57,0.83,8.58,4.92,2.56,1.65,0.83,6.92,4.19,4.11,1.62,0.85,1.67,4.28,4.20,4.14,8.28,12.56,1.70,3.14,2.57,4.18,4.35,2.51,4.36,2.49,3.42,4.14,2.57,1.65,3.29,3.41,8.21,7.55,1.72,5.14,5.01,5.91,1.70,5.23,6.77,1.69,7.70,4.20,5.93,2.45,5.77,0.84,8.54,6.70,2.50,5.06,5.98,6.69,10.25,11.39,2.55,5.79,4.16,2.55
17	79029869	79031298	AAAAACGCAACAGCAG	6.36	HG02375:35.86	13.06,17.14,16.28,0.83,10.02,29.95,32.42,26.65,10.02,16.72,7.98,9.19,18.43,21.63,3.40,7.57,16.45,22.00,11.27,12.31,21.33,19.65,12.98,23.02,7.21,21.70,19.48,17.73,20.19,5.81,5.90,4.25,13.82,8.99,16.77,20.63,16.29,14.99,11.01,18.74,19.75,17.64,14.29,14.29,11.05,20.81,32.58,18.23,6.62,28.13,28.90,22.86,17.36,8.60,19.46,20.50,10.91,7.54,28.84,16.99,24.18,25.22,9.98,13.39,21.81,7.66,3.29,17.59,26.95,3.44,11.65,13.08,29.14,15.53,21.85,20.41,22.75,17.75,7.17,19.12,15.66,22.64,28.19,18.06,35.86,25.24,15.38,26.29,23.25,27.46,20.51,5.12,22.33,16.65,12.97,21.77,16.43,5.68,16.17,10.83,9.43,0.82,12.59,3.31,9.94,5.86,13.64,0.79,13.71,5.02,5.22,6.11,5.81,12.84,6.62,11.14,12.41,8.22,11.10,20.52,1.68,18.87,5.14,11.81,17.83,9.60,1.69,10.99,13.44,7.63,14.72,19.79,8.54,7.54,17.47,3.37,0.85,19.22,18.13,4.07,5.10,10.75,19.95,7.64,11.85
1	24225750	24226788	AAAG	6.35	HG02375:14.67	1.63,0.83,3.34,4.16,3.33,7.51,1.67,0.83,0.82,1.71,2.56,3.46,0.82,0.80,4.17,1.61,9.68,1.69,1.70,1.73,8.99,1.65,7.33,4.73,1.69,3.26,4.20,2.55,2.57,9.94,2.48,2.41,4.95,1.65,0.84,4.12,1.89,1.70,1.68,0.86,6.66,6.54,3.33,3.45,2.52,3.23,0.90,4.34,6.96,0.81,2.46,14.67,8.14,3.42,2.46,3.32,4.29,1.64,14.89,3.46,0.84,4.11,4.86,2.55,1.66,1.71,0.85,0.82,2.54,8.18,0.84,1.69,1.67,1.66
7	28149350	28150674	AAAGG	6.30	HG02375:47.27	17.10,7.49,10.83,10.69,17.30,7.40,9.67,8.71,19.39,12.96,9.08,10.16,26.89,11.16,21.86,21.02,7.80,17.15,28.99,33.91,14.46,8.11,10.07,9.25,27.54,10.81,22.88,14.99,11.21,11.76,14.32,26.63,17.92,30.41,13.92,33.96,10.47,11.50,47.27,17.91,22.18,15.78,8.58,11.49,9.10,14.16,17.29,15.91,8.21,10.54,31.48,4.28,4.72,5.14,11.14,5.08,0.85,15.80
10	83130524	83131295	ACTATATATAGTATATATAT	6.00	HG02375:6.52	0.82,0.81,1.58,0.86,0.84,0.86,0.82,0.84,6.52
17	37654676	37655004	AAAAG	5.70	HG02375:5.70	8.41,5.70
10	132157940	132159441	AG	5.47	HG02375:10.59	0.82,0.81,1.66,0.83,1.67,3.34,0.84,0.83,6.81,0.84,0.82,4.11,4.07,3.22,0.87,4.11,0.83,0.84,0.82,1.58,5.04,5.88,4.25,1.73,1.69,0.83,5.13,0.82,1.73,0.84,0.82,2.53,0.86,3.33,0.82,5.06,3.23,1.74,1.64,10.59,3.26,4.93,5.81,3.33,10.05,0.85,5.00,0.84,1.57,2.57,0.87,3.32,2.57,6.62,0.82,0.86,0.84,0.85,3.11,4.88,0.85,1.66
1	64704162	64705422	AAG	5.28	HG02375:24.45	0.82,0.83,0.83,0.83,10.69,1.71,20.50,1.62,4.13,1.71,10.77,0.83,0.86,5.04,24.45,17.94,15.72,0.84,1.67,2.51,0.83,0.86,1.70,0.86,0.82,2.54
19	13713346	13714538	AAG	5.24	HG02375:13.85	1.66,0.80,0.83,0.81,5.89,2.53,8.99,1.65,14.66,8.47,5.70,6.01,1.68,0.84,1.70,6.00,6.63,17.37,3.31,0.84,3.41,5.05,5.72,5.83,13.80,0.84,0.87,4.11,13.85,4.27,0.83,1.72,6.49,0.84,0.85,4.96
12	3306415	3308410	ACAGGTCACCACCAGC	5.20	HG02375:8.15	3.26,0.81,1.67,0.83,2.39,0.84,0.83,0.84,3.29,1.61,2.40,0.83,1.61,1.69,2.55,2.59,0.82,1.68,0.83,0.81,1.58,0.81,2.58,0.84,2.52,0.85,0.87,0.86,2.49,1.65,1.61,1.56,5.67,0.85,0.84,1.65,0.94,0.84,0.83,0.84,1.70,0.84,0.86,0.82,1.67,0.86,0.84,1.63,2.42,8.15,1.63,4.11,0.83,2.46,0.83,0.83,1.62,1.67,0.86,2.47,0.83,1.67,1.66,0.82,2.52,2.57,0.84,1.69,1.70,5.04,2.52,1.55,1.71,0.79,4.07,0.83
8	9140061	9141582	AAAGG	5.13	HG02375:44.01	17.96,23.66,31.75,14.97,12.52,19.97,14.96,16.66,15.86,2.51,9.57,14.20,9.21,5.82,33.18,14.31,15.63,19.73,19.56,12.07,9.03,17.92,1.71,15.57,16.44,4.81,16.69,2.43,1.61,17.66,13.55,31.20,19.56,22.46,4.90,1.68,5.78,26.87,21.30,4.23,8.96,33.48,29.40,0.84,43.71,15.31,20.81,9.43,46.39,6.62,26.52,15.69,21.17,11.57,16.41,16.21,8.54,9.23,14.24,22.25,23.60,5.18,2.52,19.13,25.94,21.81,12.77,18.89,15.91,7.58,13.77,23.29,23.70,12.49,35.36,18.48,24.50,26.12,3.23,17.03,1.74,7.83,16.17,2.42,5.75,44.01,4.07,30.76,36.15,4.98,13.73,24.62,2.56,14.89,19.15,25.07,1.67,14.78,8.92,26.38,5.83,15.42,28.02,12.59,28.16,28.99,25.12,15.34,11.79,22.28,10.03,27.85,11.71,9.60,5.81,13.69,13.24,17.99,9.93,10.69,21.34,9.03,33.58,18.01,23.99,16.70,13.50,26.32,15.70,26.23,10.15,5.13,16.81,22.03,26.99,0.82,21.84,31.83,39.35,17.47,14.53,15.77,13.02,11.89,10.75,35.75,5.94,24.56
2	10538817	10539824	ACCACCACCACCACCATC	5.11	HG02375:7.33	3.27,2.45,0.83,2.50,0.83,0.82,2.41,2.56,0.83,1.62,0.85,1.73,1.68,1.63,2.37,1.63,2.58,0.84,0.84,0.86,1.65,0.80,1.65,0.85,0.78,1.71,0.82,1.89,0.83,1.68,1.70,0.86,0.82,1.69,1.74,1.74,2.43,0.81,7.33,0.83,0.86,1.65,1.67,0.81,0.85,1.71,0.83,1.70,1.71,1.71,0.82,0.84,0.85,0.85,0.83,0.85
7	31925895	31926731	AATAGATCTATTCAG	5.07	HG02375:13.04	1.66,3.40,3.22,3.41,0.81,1.61,1.69,2.44,2.58,1.68,8.50,2.48,5.63,2.48,3.31,3.33,2.52,9.37,1.64,3.44,3.27,2.52,4.03,3.58,1.74,1.74,2.46,13.04,6.83,2.50,0.82,5.68,10.71,7.45,7.45,1.67,2.36,6.00,1.67,2.61,0.85,3.36,1.72,6.85,11.69,8.44,12.73,6.98,2.54,2.54,4.28,0.82,6.21,6.65,7.58,1.71,5.79,5.94,1.69
8	146300693	146301310	AACCCT	4.84	HG02375:15.48	3.26,0.83,2.50,9.98,1.65,0.82,0.81,0.80,0.82,0.83,0.81,0.85,1.63,6.80,0.83,1.65,13.78,6.81,4.21,0.87,1.62,9.85,15.48,4.11,0.82,11.58,0.83,3.35,2.48,5.97,1.67,6.62,0.85,0.86,13.71,3.38,5.93,1.65,3.33,0.84,0.83,6.79
17	40489095	40489879	AATACTCCTGGACCTGAGGG	4.81	HG02375:39.93	30.21,22.03,27.68,24.11,28.38,16.64,14.13,22.48,21.71,29.25,19.14,23.39,32.67,29.12,22.12,31.14,25.50,13.15,17.93,16.90,27.08,20.48,28.19,25.09,26.30,24.84,30.05,23.54,20.95,26.91,21.30,32.89,15.31,29.37,23.70,27.67,24.75,35.83,33.13,28.79,22.00,30.05,25.20,28.58,20.18,34.01,20.81,20.57,26.51,27.30,28.93,20.64,17.78,19.83,45.32,30.00,17.94,26.85,27.65,27.19,20.77,27.64,35.31,23.29,30.96,27.68,29.81,34.49,34.33,19.37,19.79,27.45,26.15,26.65,26.74,21.01,16.33,20.22,30.66,31.36,28.67,24.37,33.15,18.53,27.92,39.93,30.94,25.63,20.54,22.42,30.89,23.80,18.79,26.47,25.81,26.80,25.96,15.60,21.08,26.38,14.16,15.42,19.78,8.39,21.53,16.57,15.91,6.82,37.72,18.85,7.52,13.93,30.12,26.19,31.54,27.39,15.72,20.56,19.86,18.91,21.34,24.63,24.34,7.72,16.28,18.37,12.66,29.71,28.79,22.84,9.30,5.13,7.56,11.86,22.08,22.26,3.36,14.75,21.77,14.14,16.01,0.85,26.75,21.29,13.02,39.92,19.03,19.12,21.22,16.09
17	67641633	67642649	ACACATATATATACATATAT	4.79	HG02375:5.70	0.83,0.83,0.97,1.63,0.84,0.85,0.86,0.84,0.84,0.90,5.70,3.32,1.73,0.83,6.70,0.87,0.85,0.84,0.85
9	24545771	24547160	AAAAG	4.77	HG02375:35.04	9.80,24.48,10.81,14.98,7.48,13.32,5.01,6.38,16.70,0.85,25.50,12.82,19.90,0.80,10.09,5.06,7.55,11.01,30.05,13.61,19.08,12.86,4.97,7.62,29.75,14.85,9.40,10.07,15.08,11.23,25.22,0.84,12.77,22.17,12.49,10.44,9.70,35.04,14.79,26.26,0.85,1.67,2.48,23.19,6.70,9.43,0.86,8.36,12.55,7.47,0.82,8.39,1.71,1.67,6.98,9.30,0.84,12.42,6.70,7.58,5.13,16.72,8.14,11.04,3.31,22.91
4	97569000	97569955	AAAG	4.75	HG02375:5.70	2.56,0.85,1.68,2.55,1.65,2.58,5.70,4.11,0.86
20	17061164	17062393	AAAAT	4.52	HG02375:28.52	4.16,1.67,24.22,16.64,10.10,16.90,11.77,20.37,26.90,5.10,7.72,6.61,8.54,12.77,16.65,12.94,28.52,20.76,12.81,10.68,9.73,9.11
20	62719318	62720769	ACAGATCCTGGCCACTCTGC	4.45	HG02375:22.00	8.16,7.34,12.21,9.15,10.85,7.49,14.96,5.00,3.34,4.18,5.58,10.86,15.92,13.31,5.11,5.05,21.39,9.04,6.52,15.29,9.03,9.39,11.96,9.52,10.69,10.42,8.35,16.23,1.61,2.52,5.81,7.59,13.61,12.96,13.07,7.55,0.83,8.96,14.99,3.39,9.78,5.15,10.08,5.04,17.65,8.50,14.74,8.57,10.77,4.14,17.68,5.78,0.85,9.92,10.16,14.59,11.96,15.10,14.24,15.66,8.50,3.45,5.88,9.98,5.02,5.87,9.37,20.53,15.91,13.47,9.47,15.81,2.45,12.49,8.63,10.08,8.98,9.27,9.68,8.07,8.69,13.92,18.60,13.69,10.67,22.00,10.58,12.82,12.32,12.46,12.87,9.03,11.10,10.75,9.99,11.24,10.89,7.39,14.59,9.36,12.50,10.28,5.77,8.39,13.25,14.91,11.72,8.52,11.79,18.00,13.38,6.96,8.37,10.48,4.15,7.70,9.93,9.42,7.45,15.62,9.39,9.03,3.36,4.29,7.71,4.18,13.50,9.34,13.09,8.46,16.91,11.12,12.60,3.39,14.72,15.67,11.76,17.08,16.75,12.48,11.80,5.13,7.52,22.08,17.90,16.99,4.14,6.65,5.09,16.09
3	193079696	193081348	AAAGAAAGAGAG	4.23	HG02375:18.74	3.26,4.07,5.84,10.83,9.18,15.87,3.33,5.11,10.10,11.51,6.44,8.53,11.96,11.68,5.68,2.52,5.81,5.95,12.09,9.81,10.06,15.68,7.33,13.41,11.86,3.26,12.60,6.73,8.41,14.74,4.29,14.06,3.30,8.47,2.48,9.73,4.19,11.73,14.83,2.83,4.32,4.20,6.69,8.39,6.81,7.54,17.68,8.61,9.15,9.81,3.33,15.53,5.88,9.80,1.69,3.23,13.03,12.18,2.43,5.64,14.78,18.74,9.77,12.82,9.14,24.02,7.39,9.39,4.14,1.67,10.37,1.67,5.75,7.30,11.91,4.17,6.00,4.20,3.32,1.71,5.79,0.84,3.43,7.85,5.13,4.95,3.42,5.10,5.79
7	31925864	31926783	AAAAGATCTATTCTG	4.08	HG02375:10.59	3.22,1.71,2.47,1.62,3.37,0.86,3.36,0.84,3.40,3.31,7.23,0.83,5.79,0.84,3.41,1.64,3.37,1.66,3.27,1.67,1.68,7.26,2.69,1.74,0.87,4.93,10.59,2.56,0.83,3.29,4.05,6.59,7.45,7.45,5.02,0.79,3.43,1.67,2.61,2.57,0.85,3.36,0.86,2.57,4.18,7.59,3.40,3.49,0.85,3.38,3.42,2.47,4.66,2.50,9.27,3.42,3.31,0.85,1.69
5	11869	12101	AACCCTCACCCT	4.07	HG02375:4.07	4.07,0.87
13	21863468	21865110	AATACTGATATGACACCCGC	3.97	HG02375:9.78	4.08,3.26,3.26,4.16,0.83,4.99,4.16,5.83,4.17,3.34,2.39,4.18,1.68,0.83,1.70,0.84,4.11,3.29,0.81,2.41,1.64,0.85,0.85,1.73,4.11,3.20,1.67,4.06,1.61,3.36,2.90,3.37,2.55,0.86,0.82,0.84,4.89,1.58,0.85,3.26,1.72,1.68,3.36,2.52,1.70,3.47,3.43,0.83,1.65,0.80,0.83,1.69,1.65,3.13,5.67,1.68,5.86,1.65,7.55,1.73,3.36,0.83,6.69,5.03,2.55,1.64,5.02,4.21,2.58,0.83,0.82,4.16,3.45,4.20,2.45,3.37,2.42,3.58,2.61,3.48,3.23,1.61,2.46,9.78,1.63,4.27,0.82,0.83,1.72,4.92,2.48,2.50,1.73,0.84,2.43,0.85,1.67,2.57,4.94,0.84,5.80,5.80,2.51,3.41,3.14,1.71,0.84,2.61,1.67,0.87,4.15,2.57,4.96,2.57,0.83,1.64,6.83,3.28,3.36,6.00,2.57,3.34,2.53,1.70,3.49,0.85,0.85,3.42,2.52,2.54,2.45,3.30,1.68,0.78,5.02,2.50,6.74,1.71,2.51,0.79,1.63,4.96,2.49,0.85
11	61429942	61430864	AAAG	3.94	HG02375:5.70	5.01,3.33,0.83,8.99,5.70,6.56,0.83
19	4010974	4012654	ACACACCTCCACACCCC	3.86	HG02375:29.34	21.23,15.50,21.17,9.15,17.53,11.65,17.45,16.66,10.85,8.36,11.97,12.53,8.38,4.99,7.66,5.05,15.63,20.55,9.78,21.73,6.57,6.83,14.52,15.57,7.40,12.02,10.02,11.36,13.70,12.62,7.74,12.65,17.01,18.14,13.89,15.09,13.20,12.21,14.20,13.55,11.41,12.02,19.32,15.13,26.90,22.96,6.94,8.57,19.88,13.23,23.30,9.08,10.16,7.44,13.28,14.59,11.96,10.91,4.19,16.48,13.21,12.95,7.57,4.99,14.23,10.90,13.63,9.03,10.05,12.63,6.88,6.66,17.98,9.16,17.25,18.48,9.80,13.48,22.59,14.34,7.82,11.31,18.60,17.72,9.85,29.34,16.28,15.38,8.22,15.78,17.16,22.16,10.25,19.03,21.65,12.97,16.75,18.89,17.03,19.57,14.16,13.71,18.95,10.07,17.39,12.42,9.21,16.20,17.29,17.14,10.03,11.32,4.18,20.08,14.11,12.84,10.76,14.56,13.24,11.51,4.27,13.13,11.75,7.72,10.28,14.20,6.75,13.58,14.83,11.84,7.61,9.41,12.60,13.56,28.62,7.42,10.08,27.95,19.26,13.31,7.58,6.84,13.37,35.48,19.52,16.14,9.93,11.64,21.22,3.39
17	69603426	69604417	AAATATATATAGATATATAT	3.84	HG02375:7.33	3.15,4.05,4.27,0.94,7.33,1.67,4.28,8.24,5.97,1.57,0.84,4.15,3.29,4.20,0.85,2.45,0.84,1.71,0.83,2.54
1	31904159	31905567	ACCCTCTCC	3.82	HG02375:11.41	8.16,3.26,6.51,2.50,6.66,2.49,2.51,2.39,10.02,0.84,7.66,2.52,4.11,3.29,8.96,4.83,2.46,2.56,0.85,4.33,0.82,7.21,10.85,1.61,2.52,0.97,0.84,4.25,0.86,8.96,4.07,3.36,1.68,1.70,5.20,6.63,2.48,8.04,0.83,4.23,4.13,7.81,4.86,6.83,4.19,3.35,5.77,1.89,6.05,7.49,2.51,0.84,0.85,2.46,3.35,2.53,0.86,4.16,2.45,5.83,2.45,0.84,0.81,2.69,3.48,0.87,1.62,1.61,0.82,11.41,2.44,3.42,3.29,1.66,3.43,4.10,4.96,2.50,1.73,1.67,5.68,0.85,0.83,1.68,0.86,0.87,6.85,1.65,1.71,0.83,2.47,0.85,0.82,0.86,2.51,0.84,5.07,5.99,4.20,4.09,0.84,0.84,1.66,3.34,0.81,0.85,4.14,0.83
6	119062118	119063492	AAAAT	3.80	HG02375:40.75	13.88,1.63,0.83,4.16,51.77,17.55,2.39,2.51,4.19,0.83,4.25,1.68,1.61,21.34,0.85,20.29,1.61,34.85,5.06,0.86,5.03,6.60,2.44,5.08,15.48,0.86,12.61,27.74,17.86,3.47,32.58,9.11,0.83,23.30,24.22,1.62,24.33,1.68,1.89,0.84,0.85,31.21,0.84,21.05,9.15,0.83,3.45,21.01,23.68,7.58,1.61,0.90,9.56,4.35,22.64,45.91,1.64,40.75,23.61,0.85,1.64,4.98,43.76,16.41,5.12,3.31,13.32,4.32,2.51,23.00,18.65,26.38,12.59,14.91,25.15,10.87,22.63,0.87,2.48,0.85,3.43,16.03,2.54,20.17,4.99,26.49,0.83
7	157845851	157847150	ACCCCAGAGACGCAGAG	3.62	HG02375:6.52	1.63,0.83,0.83,0.84,1.68,0.85,0.80,1.71,1.68,2.53,0.85,0.82,0.84,0.81,0.79,0.87,2.57,4.14,0.83,0.80,0.83,0.81,1.68,1.89,0.86,0.84,0.84,0.85,1.64,0.84,1.72,0.83,1.73,6.53,0.84,1.61,0.90,0.87,0.81,0.81,6.52,0.85,6.57,1.66,1.71,0.83,6.05,2.52,3.31,3.35,0.85,1.57,0.86,0.84,0.84,0.87,0.83,0.86,0.83,2.48,0.86,2.62,1.69,0.85,0.82,0.82,0.84,0.84,1.69,0.85,2.51,1.58,0.83,0.83
7	4122656	4123805	AAAGAAGGGAGGGAGGAAGT	3.61	HG02375:11.41	2.45,2.45,0.81,5.82,3.34,2.50,4.16,3.33,5.01,5.58,4.18,8.38,6.66,8.51,3.37,7.40,9.78,2.41,1.71,3.42,6.06,3.20,5.68,2.42,4.21,4.84,2.53,5.10,8.64,5.72,6.71,3.30,4.89,7.10,6.77,4.89,5.15,3.36,3.36,4.25,6.94,0.86,0.83,1.65,8.04,0.83,1.69,4.96,2.34,6.49,6.83,7.54,8.24,3.78,2.59,5.88,5.03,3.41,4.93,5.02,0.84,5.16,5.82,4.09,1.67,3.45,0.84,1.63,4.21,3.58,3.48,2.61,8.09,7.25,4.93,11.41,2.44,7.69,4.93,5.81,3.43,3.28,5.12,2.48,3.33,4.32,3.35,2.46,4.86,3.40,2.50,3.30,5.87,5.80,1.70,3.93,6.86,2.62,2.48,3.31,3.28,4.20,2.53,1.70,0.87,2.54,1.69,0.86,1.68,1.65,4.66,0.84,3.42,1.67,7.10,6.51,4.25,2.48,3.33,1.69
9	73083239	73084566	AAAG	3.58	HG02375:8.96	5.71,0.81,0.83,4.16,0.83,2.39,0.84,2.55,0.84,1.65,7.24,5.19,2.47,2.50,5.90,13.07,1.72,0.86,1.66,1.56,2.52,1.68,4.94,3.78,1.66,1.67,2.55,0.82,1.67,5.89,4.30,1.63,0.87,4.03,8.96,8.96,4.93,4.92,2.52,1.70,0.84,0.87,0.83,2.48,5.12,0.82,0.84,4.29,0.86,2.54,1.71,3.36,0.82,0.84,3.35,1.66,3.37,1.58,1.65,0.85
12	70284682	70286066	AAAG	3.57	HG02375:25.26	1.63,0.82,4.07,1.66,0.83,3.33,0.80,0.84,0.84,4.16,0.82,2.46,2.60,3.34,1.63,0.84,0.87,1.65,1.62,0.84,1.68,0.85,3.37,3.44,0.81,15.60,25.26,1.66,0.86,31.18,0.85,0.83,0.84,12.16,0.83,0.83,20.94,2.51,16.27,20.68
1	30195493	30197203	ACC	3.52	HG02375:25.26	18.78,14.69,14.66,14.14,5.01,15.81,14.13,15.82,9.18,11.70,20.74,10.02,18.43,10.82,11.91,11.78,15.63,13.97,13.04,8.85,9.85,11.95,11.96,12.98,9.86,14.42,19.20,12.99,16.92,15.98,7.74,11.81,13.61,15.55,15.52,10.90,11.55,9.77,14.20,16.09,14.67,9.44,7.56,14.29,12.61,5.10,8.67,13.72,13.25,9.93,11.25,9.91,16.94,14.88,21.10,10.54,17.94,16.78,9.22,14.01,16.05,7.77,9.25,7.49,17.57,15.10,10.22,7.39,6.70,6.74,12.91,14.14,11.44,14.99,6.90,16.80,13.88,17.69,25.82,9.86,9.56,10.44,16.17,8.86,17.24,25.26,13.84,7.69,20.54,16.61,11.15,12.31,18.79,11.58,22.48,6.05,10.05,11.50,13.78,11.91,14.16,9.43,14.01,19.30,10.77,14.91,6.70,11.08,14.93,12.86,7.52,17.41,11.71,6.11,15.77,12.84,11.58,18.85,11.58,14.80,21.34,18.88,2.52,11.15,7.71,8.35,12.66,10.19,7.85,17.77,7.61,13.69,14.28,12.71,27.80,12.37,16.80,18.63,25.12,5.82,15.17,13.67,14.21,13.40,22.78,16.14,13.24,14.13,10.18,7.62
10	16687437	16688426	ACATATATGTATATAT	3.51	HG02375:8.96	0.83,0.84,4.79,0.84,0.83,0.85,1.68,1.61,6.83,6.92,4.06,2.90,1.69,0.84,2.60,4.14,7.23,3.31,6.25,4.19,3.30,0.84,2.51,7.39,2.51,2.58,0.82,0.83,1.62,8.96,0.81,1.71,6.57,0.83,2.57,4.10,1.71,1.67,0.85,1.65,5.14,3.28,1.71,2.52,0.84,5.52,4.25
3	197236970	197238019	AC	3.50	HG02375:4.89	0.83,0.84,0.84,0.82,2.56,2.52,0.84,0.83,0.84,0.82,4.89,0.81,0.85,0.81,0.82,0.84,0.83,0.83,1.71,0.85,0.84,0.85,1.69,0.82,1.68,0.78,5.02,2.49
3	3831127	3831401	ACATACATGTATATGTGCAT	3.37	HG02375:4.07	0.85,1.63,0.84,3.21,0.83,5.04,0.81,4.07,0.82,1.72
3	112955167	112955212	AT	3.26	HG02375:3.26	0.85,3.26
2	242843791	242845035	AGGCGGCGGCGGAGGGG	3.20	HG02375:9.78	1.63,2.45,3.26,2.49,2.50,3.32,5.00,1.67,1.68,4.25,5.05,4.11,4.93,0.81,8.05,0.82,5.97,3.42,1.73,5.75,1.60,2.50,4.06,3.22,5.05,3.87,10.12,2.55,4.09,0.84,1.65,2.44,3.94,5.93,4.89,3.36,0.84,3.36,3.40,2.60,0.86,3.31,3.31,6.43,1.65,1.56,3.24,6.70,2.47,1.89,3.36,3.35,0.84,5.75,2.58,4.99,3.33,4.31,4.90,7.58,9.68,1.79,4.34,1.74,2.43,0.81,9.78,1.63,5.13,4.11,0.83,2.57,4.92,4.27,2.48,4.16,0.86,4.19,3.24,5.11,4.17,4.12,4.20,3.31,1.67,0.85,8.65,0.86,1.67,0.87,0.84,2.62,2.49,3.31,1.71,3.31,4.27,3.28,0.84,1.72,2.57,2.51,3.38,1.70,1.74,3.38,1.69,2.52,3.39,2.45,3.30,2.52,4.66,1.67,2.50,2.53,0.85,6.69,2.37,0.81,1.70,0.83,1.70
12	32499182	32500011	AT	3.20	HG02375:4.89	0.83,1.67,0.84,0.81,1.67,2.43,1.65,0.79,3.36,0.84,0.83,1.56,0.84,0.82,2.52,0.84,1.64,0.84,1.72,0.84,0.81,4.89,0.82,0.83,2.57,0.82,1.71,1.75,0.86,0.84,0.86,0.82
X	1854204	1855527	AAAGCGGAGGAGGGAG	3.07	HG02375:21.19	17.14,13.87,11.40,12.47,9.15,10.81,7.49,5.01,7.98,17.54,13.40,2.50,16.17,9.26,14.81,8.22,16.10,8.21,6.83,11.25,19.23,8.35,7.30,15.31,8.71,8.43,10.21,12.09,8.17,11.74,13.20,7.33,7.10,10.16,0.81,7.73,16.80,5.89,10.93,10.20,5.20,6.00,0.83,15.72,1.61,4.95,7.62,6.61,5.47,9.73,8.54,5.87,9.22,12.36,17.93,0.86,5.88,15.80,5.86,5.87,10.22,12.32,10.05,20.21,4.99,17.98,3.33,4.31,11.76,8.17,5.06,19.36,0.90,9.57,17.79,9.67,21.19,5.70,14.53,19.72,9.97,14.59,9.85,4.27,12.41,3.33,6.05,23.45,5.75,18.65,17.02,10.00,2.52,4.97,1.67,7.67,12.57,1.71,6.09,9.20,3.49,5.14,4.96,0.83,2.56,14.78,5.04,7.52,8.72,2.54,5.92,0.86,15.96,4.24,16.35,0.84,1.69,2.51,1.58,15.46,7.64,2.48,14.13,4.24
5	164315470	164316825	AATATATATATGGG	3.05	HG02375:9.78	0.82,1.63,0.81,0.83,1.67,0.83,0.80,0.84,1.66,2.52,2.46,2.56,0.87,4.01,0.83,0.81,0.81,0.84,0.97,1.69,2.55,0.86,0.82,2.52,2.48,0.81,0.79,3.39,11.16,0.84,1.70,6.94,1.71,5.80,0.83,5.63,0.83,0.85,1.65,0.78,1.71,1.65,0.94,0.86,0.84,3.33,1.67,1.67,1.66,2.45,3.45,0.84,1.63,2.53,2.42,2.69,0.81,3.28,9.78,10.58,6.84,1.64,0.86,0.82,1.71,4.96,3.33,4.32,4.19,4.11,8.92,5.11,1.67,2.57,2.52,1.66,0.83,0.84,3.41,0.79,1.71,0.84,3.48,1.75,4.15,3.42,2.48,4.96,1.71,1.64,1.72,1.67,2.53,9.34,2.62,0.85,5.99,1.68,2.45,2.47,0.78,0.84,3.33,3.37,1.71,0.81,7.64,3.39,0.85
5	78475509	78477089	AAAGG	3.04	HG02375:57.86	14.69,66.76,16.62,16.66,15.04,20.05,22.62,30.63,28.61,24.68,33.70,24.15,15.59,16.21,22.21,47.58,13.80,6.45,22.71,7.66,32.71,18.98,25.24,29.97,4.89,22.32,12.60,41.20,20.18,54.42,4.29,28.13,33.85,23.51,17.59,51.91,47.08,14.97,15.90,20.53,25.12,14.32,20.80,21.25,26.89,19.36,26.88,21.72,18.27,42.70,57.86,45.18,31.56,14.59,47.59,39.29,24.82,18.32,58.78,33.50,8.92,35.74,17.14,21.77,26.72,35.95,19.24,38.89,21.34,36.12,13.69,12.71,29.44,26.04,20.96,14.14,40.95,21.15,14.44,21.51,15.28
2	10538598	10540277	ACC	3.03	HG02375:47.27	48.17,35.09,28.50,34.09,30.88,23.30,32.42,20.82,30.89,39.28,16.75,40.09,28.48,19.97,21.27,12.62,31.26,13.15,24.45,30.59,25.44,22.18,13.67,25.09,27.13,29.65,31.72,31.65,28.20,30.28,31.95,34.57,34.87,25.92,33.50,24.32,34.65,28.50,51.27,32.18,33.41,30.91,42.84,23.54,26.90,27.21,45.96,27.43,26.51,23.16,36.97,32.20,27.95,21.49,31.26,34.86,25.63,32.72,29.32,21.43,30.20,31.09,26.90,24.12,40.17,33.55,22.14,35.31,22.61,19.37,30.98,29.95,35.14,30.81,37.95,26.89,34.30,34.54,43.57,29.57,18.25,37.42,42.05,33.03,31.20,47.27,40.71,34.18,39.43,24.91,33.46,36.11,28.18,25.64,26.65,31.98,43.55,33.67,29.19,33.19,24.16,32.56,35.44,28.53,32.30,41.41,23.44,28.13,36.94,35.14,30.10,24.37,20.91,16.59,26.56,23.97,28.96,14.56,29.79,25.49,25.60,24.63,37.77,14.58,19.71,26.72,32.07,31.41,18.32,36.38,23.68,18.83,22.69,15.25,25.35,35.46,41.17,45.03,25.12,24.12,41.29,41.01,31.76,47.30,35.79,41.61,25.65,30.76,32.25,16.93
1	100291915	100293279	AAAG	3.00	HG02375:4.89	3.99,0.84,1.65,1.61,1.64,0.85,0.80,0.84,0.79,5.04,1.66,0.83,0.86,2.58,4.90,0.90,0.87,0.82,4.89,3.29,0.85,0.84,1.57,1.67,1.75,0.85,0.82,1.63,0.83
7	157391969	157393528	ACCTCTCCACCTGCCC	2.97	HG02375:16.30	8.16,8.98,8.96,7.48,5.84,9.15,14.96,14.16,5.84,10.03,7.18,9.19,10.89,11.65,11.91,3.37,8.23,6.58,8.15,9.66,9.03,6.83,10.25,11.25,5.75,10.42,10.85,8.12,8.06,9.25,8.71,9.28,5.95,5.18,9.81,14.26,13.20,10.59,8.68,5.93,9.78,12.02,8.40,9.25,7.57,10.20,7.80,10.29,9.11,7.44,8.84,9.08,6.77,9.92,14.07,9.73,8.54,11.75,5.86,6.59,10.38,4.32,6.73,5.82,8.37,10.06,5.96,13.14,11.72,10.95,9.47,9.98,5.72,5.83,9.49,10.92,11.43,11.80,9.68,7.17,9.56,8.70,8.09,9.67,8.21,16.30,6.51,7.69,11.50,9.14,7.72,9.85,6.83,8.27,5.83,12.10,7.54,8.21,13.78,6.81,10.83,8.57,13.19,11.75,7.45,10.77,12.56,12.79,11.79,6.00,10.87,11.32,13.39,7.86,9.96,10.27,12.41,6.00,9.10,13.15,6.83,8.21,12.59,6.00,6.00,12.53,10.13,5.09,10.47,7.61,2.54,6.85,10.08,8.47,8.18,8.25,9.24,11.64,10.05,5.82,11.80,9.40,7.52,11.04,4.88,11.89,7.45,9.15,7.64,10.16
5	180084698	180086321	ACAGAGGG	2.95	HG02375:30.97	13.88,23.66,30.12,22.45,16.69,14.14,16.62,7.49,8.35,18.39,17.55,18.37,11.73,14.98,28.08,14.31,21.39,18.90,13.85,9.66,9.85,16.21,9.40,2.60,18.91,16.02,3.34,9.74,2.42,21.87,15.49,8.43,5.95,15.55,15.52,10.90,11.55,17.91,38.65,21.17,5.70,5.15,4.20,15.97,28.58,11.91,11.27,12.00,23.20,14.06,20.89,16.51,17.78,14.88,15.63,13.78,9.40,14.26,16.76,20.60,0.94,9.50,19.34,24.12,20.08,8.39,13.63,19.71,16.75,8.42,10.33,14.97,8.99,16.65,18.98,12.60,7.35,18.54,14.52,4.48,12.16,8.70,11.32,17.72,8.21,30.97,25.24,9.40,26.29,20.76,9.44,10.67,19.64,5.79,12.49,7.78,21.77,7.39,17.84,7.66,6.66,6.00,3.30,6.71,2.48,11.60,4.19,15.34,7.07,16.28,15.05,6.96,2.51,5.24,10.79,11.98,6.62,13.71,4.14,11.51,13.66,18.06,10.07,2.57,17.99,5.85,16.03,11.88,6.98,16.07,12.69,12.84,10.08,11.86,2.45,28.86,10.92,16.30,20.93,14.97,16.01,9.40,19.22,23.65,8.14,13.59,19.85,19.12,1.70,13.55
12	110071545	110074114	ACC	2.88	HG02375:44.82	19.59,19.58,25.24,34.09,24.20,20.80,25.77,18.32,19.20,23.40,25.53,30.07,15.92,24.13,21.27,23.56,40.30,18.08,30.97,28.17,20.52,11.95,19.65,13.84,18.91,14.42,26.71,24.35,29.82,20.19,18.39,22.77,28.92,31.96,22.88,22.64,17.33,26.87,41.01,29.64,27.71,12.88,30.24,22.70,30.26,16.16,26.02,22.29,38.94,27.30,31.34,8.26,27.10,27.27,21.10,30.81,26.48,29.36,20.94,30.49,13.21,19.00,30.26,29.11,27.61,15.93,24.70,9.03,19.26,21.90,13.77,31.61,31.87,25.81,23.29,32.77,30.21,20.22,28.24,20.61,19.98,18.27,29.92,34.64,28.74,44.82,19.54,33.32,59.15,27.41,24.88,35.28,34.16,20.68,28.31,18.15,25.12,24.64,42.16,38.29,22.49,18.85,21.43,16.78,16.56,29.82,17.58,20.46,32.22,18.85,25.08,16.54,19.24,18.33,22.41,27.39,26.48,14.56,19.86,18.91,9.39,20.52,26.02,19.72,11.99,18.37,23.63,13.58,16.58,29.61,25.37,21.39,27.73,20.34,27.80,20.61,17.64,31.05,38.51,23.29,12.64,26.49,28.42,41.79,26.85,28.88,17.37,8.31,17.82,14.39
20	62076448	62077997	ACAGGGTCCCCCAGCTCAG	2.87	HG02375:16.30	8.98,10.61,12.21,8.31,5.01,7.49,8.31,7.49,7.51,5.01,7.98,5.01,5.86,4.16,11.06,7.57,3.29,3.29,8.15,13.68,7.39,7.68,5.13,12.98,10.69,10.42,8.35,8.12,5.64,7.57,11.62,7.59,5.95,8.64,3.27,5.87,5.78,12.21,7.89,5.08,9.78,8.59,10.92,3.36,5.04,10.20,6.07,5.14,9.11,6.62,11.25,12.38,3.39,8.26,9.38,11.35,3.42,6.71,6.70,12.36,7.55,4.32,7.57,9.15,6.69,8.39,11.07,7.39,9.21,4.21,7.74,5.82,10.62,7.49,5.18,9.24,8.98,10.95,15.33,8.96,4.34,3.48,7.28,0.81,8.21,16.30,11.40,10.25,10.68,9.14,5.15,12.31,4.27,10.75,7.49,10.37,5.02,5.75,10.54,6.81,9.16,12.00,6.59,8.39,7.45,11.60,7.54,4.26,12.57,8.57,5.85,4.35,12.55,7.86,9.13,4.28,9.10,10.28,8.27,5.75,5.12,17.24,8.39,3.43,6.85,5.85,11.81,13.58,6.11,6.77,8.46,7.70,5.88,3.39,9.00,6.60,7.56,12.42,15.07,9.15,10.96,14.53,9.19,19.71,13.02,3.40,9.10,8.31,5.09,11.85
2	6263404	6264602	AAAG	2.84	HG02375:7.33	1.66,0.97,0.84,0.85,5.72,4.07,3.94,2.52,3.43,0.83,3.21,1.62,4.16,2.45,2.50,2.53,0.81,0.90,0.87,4.04,3.22,7.33,2.56,0.82,0.83,1.72,5.74,1.65,6.66,5.86,3.29,4.86,0.85,1.67,7.07,3.43,0.83,1.71,2.48,1.69,2.57,5.08,1.68,3.88,0.83
7	3621202	3622466	ACCTACCTGAGGGAG	2.84	HG02375:4.07	0.83,1.66,0.83,0.80,0.82,0.80,0.84,2.55,1.65,0.83,0.84,1.66,2.51,0.84,2.58,1.63,0.86,0.87,0.87,4.07,0.83,0.82,0.84,0.83,0.84,0.87,0.83,0.82,0.82,0.84,0.84,0.79,0.81
8	97261832	97263331	AAG	2.83	HG02375:22.00	15.32,13.84,7.62,10.30,18.23,8.92,1.68,0.84,1.64,2.61,22.00,0.82,13.73,4.16,25.67,10.05,5.14,6.96,17.46,5.79,9.03,17.99,7.70,17.86,0.81,6.62
13	100711278	100712035	AGGG	2.74	HG02375:19.56	8.98,8.16,12.21,9.15,5.01,3.33,5.82,10.83,10.02,9.19,3.19,5.01,8.38,7.49,8.51,6.73,4.11,5.75,6.52,3.22,10.67,3.41,11.11,6.92,6.58,7.51,10.55,1.61,5.05,11.62,14.34,5.10,12.96,8.99,15.93,5.78,8.14,20.51,6.77,6.52,6.01,5.88,7.57,9.25,11.05,7.80,7.72,17.40,6.62,11.25,11.56,5.08,6.61,21.88,9.73,3.42,5.87,10.89,6.59,3.78,3.45,13.45,9.15,6.69,6.71,5.96,9.86,4.19,6.74,6.88,11.65,7.36,8.33,8.63,8.40,8.98,4.21,13.72,1.79,9.56,5.22,18.60,12.08,10.67,19.56,15.47,6.84,15.61,4.15,9.44,12.31,5.12,9.93,7.49,12.97,12.56,7.39,14.59,6.81,11.66,6.00,9.07,6.71,9.11,13.25,7.54,6.82,6.29,7.71,4.18,5.22,4.18,4.36,5.81,5.14,7.45,6.00,4.14,5.75,5.97,18.06,9.23,4.29,7.71,1.67,4.22,4.24,6.11,5.92,5.07,2.57,5.04,5.08,17.99,4.95,8.40,9.32,13.40,10.81,5.90,4.27,14.21,10.25,15.46,5.10,5.79,9.98,4.24,11.01
4	6337803	6338297	AGGG	2.74	HG02375:6.52	0.82,0.82,4.07,2.50,0.83,0.83,0.80,1.66,3.29,0.82,2.44,0.80,0.85,3.42,2.47,1.60,1.62,0.97,0.85,4.09,1.68,4.07,1.58,3.26,1.72,0.84,4.20,2.55,0.83,2.41,0.85,4.69,3.24,0.85,1.68,1.68,2.47,3.36,2.50,3.35,0.84,0.82,0.84,1.68,2.58,1.66,2.45,1.63,0.84,2.42,0.90,2.61,6.52,2.44,0.85,0.82,0.86,1.64,0.83,1.73,1.67,1.62,1.70,3.30,0.83,3.35,4.72,0.86,3.48,0.84,1.66,3.31,0.86,0.85,0.84,0.84,2.53,0.85,0.82,4.19,0.83,0.85,3.94,1.63
19	872668	873614	ACCTCGGAGCCCTCCCCC	2.71	HG02375:7.33	2.45,0.83,0.83,0.83,1.67,1.66,0.82,0.85,0.82,0.83,1.61,1.68,1.94,1.69,2.55,0.82,1.68,1.65,0.85,2.44,0.86,1.70,2.49,4.02,0.83,1.56,0.94,0.86,0.84,0.83,1.68,0.84,0.83,0.84,2.42,0.87,1.62,7.33,0.85,4.11,1.66,0.86,1.64,1.65,1.67,0.86,1.66,1.67,0.85,7.86,0.86,4.18,0.87,1.67,0.87,0.83,2.48,1.65,0.82,5.97,1.64,2.52,1.71,0.84,0.84,1.70,4.36,0.84,1.69,8.18,2.52,0.78,6.70,2.50,5.90,0.85,1.67,2.44,2.55,1.70
16	66004839	66005783	ACATATATATG	2.71	HG02375:4.89	1.61,3.46,0.84,1.65,8.68,1.68,1.70,1.71,1.67,0.83,1.68,4.48,0.81,4.03,1.64,4.89,0.81,3.28,0.86,0.86,2.45
2	217092439	217092763	ACGGGAGAGGGAGAGGGAG	2.69	HG02375:5.70	0.81,0.83,2.50,0.84,1.64,2.53,1.70,0.86,0.82,0.83,2.44,1.58,1.63,0.84,0.84,1.68,2.57,3.31,4.14,4.82,1.65,0.83,0.78,0.84,2.50,1.63,0.84,1.61,0.90,2.61,0.81,5.70,3.26,1.71,1.64,0.83,2.46,4.27,0.83,4.16,2.46,1.70,1.70,0.87,1.71,1.64,0.84,1.67,0.85,5.04,2.51,0.85
12	131130156	131131492	ACCTCCCTCCCC	2.64	HG02375:6.52	2.45,1.67,4.17,1.67,0.83,0.84,0.81,0.80,0.82,1.71,3.46,1.64,0.83,1.69,0.85,1.73,0.82,1.68,1.63,4.73,4.07,0.86,0.84,0.85,2.57,4.14,4.02,0.85,1.65,0.85,0.84,0.84,4.72,0.84,2.51,1.67,1.68,0.83,0.86,0.84,1.63,1.69,3.23,1.79,0.81,0.82,6.52,0.83,1.64,1.71,0.83,3.46,1.67,2.46,0.85,0.83,0.86,1.66,0.86,2.48,0.82,0.85,2.53,0.87,0.85,0.85,0.82,4.95,0.84,2.33,1.67,0.79,7.32,0.85,2.48,2.49,0.85,0.85
20	20317370	20318358	ATCC	2.63	HG02375:11.41	7.35,2.45,7.33,3.33,5.01,3.33,2.49,4.16,5.01,8.36,3.19,0.84,4.19,2.50,2.55,1.68,7.40,3.29,5.70,2.41,3.28,7.68,1.71,2.60,4.11,3.20,5.01,8.93,6.45,5.89,2.90,2.53,4.25,0.86,4.90,2.52,2.48,4.89,2.37,3.39,6.52,1.72,1.68,5.89,0.84,8.50,6.07,3.43,8.28,4.96,5.63,4.13,4.23,6.61,7.81,8.11,5.98,5.03,0.84,6.59,5.66,2.59,8.41,3.33,5.02,1.68,0.85,4.93,5.86,2.53,3.44,8.32,2.45,5.83,3.45,6.72,2.45,3.37,2.42,5.38,1.74,7.83,3.23,4.83,6.57,11.41,6.51,3.42,4.93,1.66,4.10,5.98,4.14,7.49,4.32,5.86,6.57,3.24,2.55,1.67,3.43,7.42,3.36,1.66,6.63,0.84,5.97,7.07,4.29,5.02,7.83,6.69,6.11,7.47,6.85,4.96,12.85,6.62,6.58,2.56,9.85,10.07,6.00,7.52,3.38,4.24,5.23,6.77,2.54,5.99,8.40,4.24,4.09,4.12,6.72,8.54,3.35,0.83,4.21,1.71,1.67,3.94,12.20,10.19,6.62,3.33,1.70,5.93
17	12928796	12929987	AAAG	2.62	HG02375:7.33	1.63,4.16,0.84,2.51,3.40,1.61,0.82,4.27,3.29,0.81,0.97,1.69,5.08,1.68,7.57,6.73,6.07,2.49,2.41,2.34,0.85,0.85,0.84,1.61,1.74,2.42,7.33,1.63,7.47,1.64,1.64,4.86,1.70,4.26,0.79,0.87,3.43,0.86,0.84,0.87,1.67,0.83
9	119051059	119052131	ATATATATGCC	2.55	HG02375:5.70	1.66,2.47,1.64,3.37,0.84,5.89,0.84,2.49,3.21,4.96,4.09,2.52,1.63,2.53,2.43,5.70,4.27,3.31,1.73,1.64,0.83,3.43,0.87,0.82,3.38,2.52,1.68,0.85,2.54
6	167161505	167162119	ACCTCCTCAGGCCCCC	2.55	HG02375:5.70	0.81,0.83,2.51,0.83,0.84,0.82,0.81,0.87,1.60,0.81,0.84,2.55,1.73,0.82,0.83,0.85,2.44,1.72,1.68,0.85,0.86,0.83,0.78,0.81,0.82,0.94,1.66,0.84,0.85,0.83,0.82,0.83,1.68,0.81,0.87,0.87,0.81,5.70,1.64,0.83,0.83,7.54,0.81,0.84,0.83,1.70,0.86,3.34,2.51,0.87,2.49,2.47,0.85,4.93,0.84,1.67,1.70,3.38,3.42,3.36,0.85,0.82,2.47,1.55,4.16,0.84,3.34,1.58,0.81,1.65,4.24
19	5795647	5796582	AAG	2.54	HG02375:15.48	0.83,0.83,1.67,11.97,19.74,0.85,0.82,15.22,0.86,0.82,1.63,0.85,0.84,0.84,0.85,0.83,2.48,0.83,0.78,0.82,1.73,17.25,0.84,0.83,0.90,0.87,19.71,15.48,0.82,0.86,1.67,1.71,0.84,0.84,1.63,1.65
7	100984862	100985131	AAAG	2.44	HG02375:2.44	2.44,0.82
12	4502454	4502455	AAAG	2.44	HG02375:2.44	2.44
7	68923677	68923912	ACATATATACATATATAT	2.44	HG02375:2.44	2.44
5	1539353	1540730	ACACAGAGCCACACAGGGCC	2.40	HG02375:4.07	0.82,0.82,0.84,1.70,1.68,0.81,0.82,0.85,0.87,0.81,0.84,0.85,0.86,1.63,1.68,0.79,0.86,0.84,0.84,0.83,0.80,0.83,0.78,0.81,0.85,0.84,0.84,0.84,0.86,0.82,0.86,0.84,0.81,1.62,4.07,0.81,0.85,2.46,0.86,0.82,1.65,0.85,1.67,1.68,0.83,0.83,0.87,0.87,0.83,0.86,0.83,0.82,0.84,0.86,1.67,0.85,0.85,1.71,0.84,0.85,0.82,0.82,1.55,2.51,0.84,1.67,0.79,0.81,0.85,1.70
6	28766112	28767033	ACTCTATATATATATATAT	2.38	HG02375:2.44	1.60,0.85,0.83,0.84,2.44
7	96941401	96941842	AG	2.37	HG02375:2.44	0.83,0.80,0.85,0.85,2.44
4	77529214	77530368	AGCAT	2.35	HG02375:16.30	5.71,3.33,9.97,12.76,3.42,8.01,10.48,14.30,1.63,9.22,7.73,10.08,10.09,7.80,14.91,18.48,1.56,0.94,3.45,8.32,0.84,9.16,14.66,12.64,2.42,0.87,8.09,16.30,19.65,14.79,12.46,11.15,2.46,8.33,12.97,13.96,14.59,6.62,5.04,1.67,9.27,5.69
3	61723642	61724289	AT	2.34	HG02375:2.44	0.80,0.84,0.84,2.44,0.86
4	108477100	108478106	AAATATATAT	2.33	HG02375:8.96	2.45,0.82,1.66,1.67,1.66,1.67,1.67,2.51,3.19,0.84,3.40,1.68,0.82,6.58,4.07,3.22,1.71,3.42,0.87,2.47,6.68,2.43,0.81,2.90,8.51,6.05,3.27,2.48,2.44,3.15,6.77,7.33,1.72,10.92,5.04,3.36,7.65,0.87,0.83,8.11,3.42,1.89,3.36,4.16,2.52,1.70,6.57,1.68,4.90,2.50,5.04,5.90,1.79,2.61,3.23,0.81,4.11,8.96,4.07,2.56,1.64,2.49,0.86,3.31,1.67,1.64,0.81,5.11,0.86,0.84,6.29,0.86,4.18,3.35,4.15,5.14,1.65,2.57,4.27,4.93,3.36,2.57,2.57,2.51,2.53,2.55,0.87,0.85,0.86,1.68,1.69,1.64,1.68,3.11,3.35,1.66,4.21,1.71,2.37,0.81,0.83,5.09
8	37932319	37932807	ACTATATATATAGTATATAT	2.33	HG02375:3.26	0.83,0.83,0.84,0.82,2.44,1.73,0.84,0.85,0.82,0.81,1.68,0.80,0.78,0.84,0.82,0.82,3.26,0.84,0.85,0.82,0.78,1.69
1	246682642	246685698	ACGCTCCCTAGATGAGCC	2.25	HG02375:13.85	7.35,8.16,5.82,0.83,2.50,9.14,4.16,1.67,3.19,8.35,5.03,3.33,7.66,5.89,1.65,4.11,7.24,2.46,3.41,4.27,4.93,4.81,10.85,7.30,0.81,5.89,9.68,5.90,1.70,8.64,1.63,6.71,4.13,8.96,12.62,6.77,4.07,6.01,1.68,5.89,10.09,4.25,3.47,8.57,7.46,6.62,4.02,9.08,5.08,5.79,10.94,0.85,0.84,1.68,1.65,1.89,8.64,11.64,6.69,4.19,3.29,15.07,5.89,0.86,3.33,2.45,4.16,7.76,5.88,4.08,3.37,9.68,2.69,11.30,3.48,5.66,9.67,8.21,13.85,6.51,5.98,6.57,4.98,12.01,6.56,5.98,2.48,0.83,4.32,8.37,1.64,4.86,5.96,5.83,8.57,8.24,5.87,3.31,9.11,6.70,5.14,2.51,4.35,2.51,2.62,1.66,1.71,1.65,8.57,5.79,1.64,5.97,2.46,5.88,5.06,2.54,13.90,3.30,7.56,10.87,15.91,9.15,5.06,2.56,5.85,13.83,4.25,1.65,7.48,0.85,5.93
15	94265122	94265546	AAGGGAGGGAGGGAGG	2.25	HG02375:4.89	1.63,2.49,0.83,0.84,0.80,2.51,0.83,2.52,0.82,2.47,0.81,0.80,0.85,1.64,0.82,0.81,1.58,4.20,0.85,2.57,2.48,0.83,0.78,1.62,1.68,0.82,3.45,1.66,0.84,0.85,1.64,0.84,3.44,3.48,4.89,0.85,1.64,1.67,3.46,0.85,0.78,0.84
22	39615733	39617031	ATCC	2.15	HG02375:14.67	8.98,8.98,7.33,10.81,8.35,13.31,3.32,6.66,5.01,10.87,4.79,9.19,7.54,4.16,5.11,5.89,6.58,7.40,3.26,4.83,14.77,5.12,7.69,3.46,6.58,4.81,7.51,2.43,5.64,6.73,4.84,10.12,5.95,6.05,4.09,7.55,9.90,11.40,8.68,5.93,4.89,8.59,6.72,3.36,9.25,11.05,8.67,3.43,5.80,3.31,7.23,4.95,4.23,7.44,5.47,6.49,5.98,4.19,1.68,11.54,3.78,6.91,3.36,6.65,11.71,5.03,8.52,9.86,5.02,5.89,5.16,6.66,6.54,11.66,6.04,2.52,13.07,5.06,6.45,9.86,5.21,7.83,11.32,8.06,7.39,14.67,8.14,10.25,7.39,7.47,9.44,5.74,2.56,7.44,9.99,8.64,11.72,3.29,9.73,4.25,5.83,5.14,10.71,5.03,6.63,4.97,5.86,0.85,11.00,6.00,7.52,11.32,5.86,6.64,5.99,4.14,8.57,4.96,10.69,5.12,9.03,5.04,12.01,6.00,5.85,5.91,7.64,6.11,6.77,4.23,5.99,4.20,12.71,14.72,9.07,11.76,10.87,15.07,6.65,9.27,11.11,5.01,9.46,9.76,16.14,9.10,9.15,5.09,6.77
2	856120	856804	AAGGGGGGGGCTGAGGAAT	2.15	HG02375:3.26	3.26,0.83,1.67,0.80,0.82,0.81,1.61,1.64,0.85,2.50,0.85,1.68,0.84,0.86,0.85,0.83,0.84,0.85,0.84,0.83,0.82,0.86,3.26,0.84,0.84,0.87,0.85,0.84,0.79,0.81
4	169076726	169077194	ATATATC	2.13	HG02375:2.44	1.70,0.84,1.69,1.64,2.44,1.65
20	40812607	40813788	AAG	2.11	HG02375:6.52	0.82,0.81,0.83,0.83,2.50,3.34,0.84,1.68,0.83,2.52,0.82,3.29,1.61,0.82,6.83,2.60,0.80,1.67,0.81,1.94,1.70,1.73,2.45,0.81,1.58,0.81,3.36,1.68,4.20,2.55,4.34,2.57,4.97,1.65,0.80,0.83,0.85,3.91,0.85,2.52,0.84,1.65,1.89,1.73,0.84,0.85,0.82,2.51,1.68,1.72,2.50,4.31,0.84,1.63,0.84,1.79,0.87,0.81,3.22,1.64,6.52,1.63,0.85,4.11,0.83,1.72,3.28,0.85,0.83,1.67,2.59,5.02,2.46,1.62,2.55,6.66,0.86,1.65,0.84,0.83,0.85,5.14,0.87,1.75,0.83,0.86,0.83,1.71,1.65,2.56,1.64,1.68,0.86,0.86,1.69,0.85,1.74,0.85,4.28,0.84,0.82,1.55,0.84,1.66,0.85,5.01,0.79,0.81,3.33,0.85,0.85
15	94265086	94265577	AGGG	2.09	HG02375:4.07	0.81,0.83,1.66,0.83,1.67,1.67,1.60,0.84,1.66,0.85,0.84,0.81,1.61,0.85,0.82,1.60,0.81,3.22,0.97,0.85,0.82,0.84,0.79,0.86,0.84,0.85,4.29,0.83,0.83,0.83,0.84,0.86,3.36,1.66,2.52,0.85,3.29,0.86,0.83,1.67,2.45,0.81,4.07,1.64,0.83,0.86,0.82,1.67,0.83,0.86,1.69,0.85,0.86,1.55,1.63,0.85
10	99437975	99439093	AC	2.08	HG02375:7.33	1.63,3.26,0.83,1.68,3.29,2.41,0.82,4.01,0.84,1.94,0.84,4.25,0.82,2.44,8.59,7.57,4.20,0.85,0.87,0.86,1.66,1.65,1.61,4.95,2.51,4.19,5.02,1.63,4.16,1.63,6.74,1.74,0.81,7.33,1.63,1.71,2.46,0.82,3.31,6.05,2.43,1.65,2.52,4.97,2.36,1.66,3.43,0.83,2.47,4.27,1.72,4.28,6.68,3.38,3.40,1.71,1.55,5.69,3.40,3.31
7	13241902	13243255	AAAG	2.06	HG02375:44.01	18.30,28.26,11.66,15.03,24.29,13.31,20.20,20.56,19.70,10.02,20.15,17.66,16.46,22.12,38.01,6.54,40.25,14.66,20.51,29.34,15.31,12.86,37.28,22.50,14.03,52.89,27.65,22.25,20.77,34.54,36.15,15.90,17.61,17.25,18.42,26.68,19.13,22.07,28.46,7.56,46.34,19.72,33.07,1.62,36.25,4.93,44.01,17.09,11.63,23.17,32.82,8.54,52.11,4.16,18.15,19.26,4.93,43.78,18.72,12.50,22.66,0.84,25.15,8.57,0.83,20.54,13.24,0.86,12.80,0.86,0.86,0.85,5.88,0.84,3.15,25.22,14.43,11.85
1	5273938	5275161	AATGTGTATATATATAT	1.99	HG02375:9.78	2.49,1.67,5.82,0.83,1.67,7.51,2.39,1.66,2.44,4.10,2.56,3.42,4.11,4.81,5.68,3.36,9.77,5.08,1.65,0.85,4.13,7.81,3.35,2.83,3.33,2.52,2.55,1.68,2.45,0.87,9.78,3.32,8.21,2.56,0.85,1.67,5.14,9.23,6.63,4.26,5.14,0.84,2.48,4.14,0.86,3.43,8.35,3.38,11.88,0.85,8.46,6.85,1.68,11.02,6.54,2.50,1.69,5.13,3.33,5.94,2.54
X	13693092	13693918	AAAG	1.97	HG02375:2.44	3.26,3.43,1.63,2.42,0.87,2.44,0.83,0.81
3	116402683	116403683	AAAAT	1.95	HG02375:2.44	0.83,0.81,0.97,2.44,1.67,4.11,0.85,0.84
21	40955031	40956686	AAAGG	1.93	HG02375:35.86	25.24,5.82,0.83,19.15,18.37,10.03,7.52,27.64,22.46,3.37,18.90,12.22,10.46,5.97,13.67,10.38,5.84,8.93,10.48,32.80,18.39,17.71,7.78,13.89,10.06,21.45,28.39,16.09,4.07,14.29,13.45,34.01,13.01,18.86,19.88,14.06,32.14,18.16,10.16,27.27,12.16,6.83,19.27,18.95,14.16,9.98,7.53,9.23,27.10,33.50,12.05,22.46,13.89,12.49,38.81,13.48,25.01,18.82,42.58,38.29,9.70,8.06,35.86,6.84,8.22,11.63,18.05,18.32,15.56,14.59,28.93,6.66,9.07,19.88,7.45,10.23,9.43,8.70,3.42,9.93,16.44,23.90,27.91,6.86,14.56,7.59,12.21,16.91,5.99,11.76,15.25,14.72,16.49,5.88,12.48,14.98,9.93,7.48
2	23893197	23893740	AG	1.93	HG02375:2.44	2.59,1.68,3.30,3.43,0.81,2.44,9.03
4	58204381	58206119	AAAGG	1.90	HG02375:14.67	4.08,5.71,7.33,10.81,6.68,7.49,8.31,5.00,16.70,5.85,7.98,8.35,5.86,4.99,0.85,3.37,1.65,12.33,5.70,4.83,5.75,11.09,9.40,4.33,4.93,3.20,10.85,12.99,5.64,5.05,14.52,3.37,11.06,6.91,8.99,0.84,6.60,2.44,3.15,2.54,9.78,7.73,9.24,5.89,11.77,11.05,6.07,6.00,9.94,3.31,6.43,4.95,5.93,9.09,10.16,8.92,8.54,6.71,5.86,4.12,9.44,12.09,9.25,7.49,5.86,13.42,6.81,3.29,18.42,8.42,8.61,8.32,8.17,13.32,11.21,9.24,3.27,9.27,4.03,8.07,10.43,6.96,6.47,6.44,3.28,14.67,4.07,2.56,7.39,13.29,12.01,9.85,0.85,2.48,3.33,2.59,4.19,9.86,5.68,2.55,10.83,2.57,9.07,10.07,6.63,3.35,6.82,7.07,3.43,3.34,3.48,9.20,9.60,5.81,7.70,6.62,2.57,8.27,7.40,7.68,4.93,7.55,6.00,2.57,8.35,6.75,11.04,6.98,4.23,2.54,7.70,9.24,5.08,7.36,3.30,4.20,5.43,8.37,1.66,6.74,8.54,5.01,11.04,6.51,4.25,12.41,12.47,3.39,2.54
22	37354528	37355329	ACCCATCCATCCATCCATCC	1.90	HG02375:5.70	0.82,1.63,1.63,2.49,2.50,2.49,1.67,0.84,0.84,1.68,0.83,1.70,1.68,0.81,1.71,2.56,0.87,1.64,4.81,4.06,2.42,3.36,0.97,2.55,2.59,0.84,1.65,0.81,2.37,3.39,0.81,1.68,1.68,0.84,2.60,2.48,4.82,0.85,0.83,0.78,2.43,5.03,4.12,1.73,4.20,0.83,3.35,0.85,1.64,1.68,1.72,3.33,1.67,1.73,1.68,4.08,3.23,1.79,4.34,1.74,1.62,3.22,1.64,5.70,1.63,2.56,2.46,0.83,3.43,1.64,2.56,1.65,0.83,0.86,2.51,2.46,0.81,3.40,1.65,0.84,0.83,1.71,0.84,1.74,0.84,1.75,0.83,1.71,0.83,1.64,0.85,0.84,2.53,3.40,0.85,1.68,1.69,0.82,1.65,1.68,2.33,0.84,0.83,1.58,2.48,2.49
10	81187489	81188822	AAAACTGAAATTTATCTTGC	1.89	HG02375:11.41	4.17,6.66,0.83,18.39,0.84,0.85,1.65,14.20,4.23,6.86,0.80,4.13,1.66,3.35,8.33,1.73,31.33,11.41,2.56,3.33,1.62,2.56,3.36,15.22,0.85,5.72,10.92,2.51,3.34,2.37,5.10,1.65
17	37654510	37655029	AAGG	1.88	HG02375:2.44	0.86,8.17,0.85,0.81,1.70,1.69,2.44,1.67
3	37552945	37554168	AAAAG	1.87	HG02375:4.07	2.44,0.83,1.67,0.83,0.84,0.84,0.84,0.82,2.52,0.84,1.68,2.34,0.85,1.73,1.67,2.55,0.82,2.51,0.84,3.23,4.07,3.29,0.83,1.68,1.71,3.38,1.74,1.71,0.82,0.85,1.65
4	141282613	141283910	AAG	1.80	HG02375:17.11	16.33,0.82,2.44,6.66,3.34,10.02,5.86,4.21,5.76,5.75,15.36,11.96,6.06,8.35,4.84,2.52,13.82,10.06,0.83,16.94,9.78,6.87,14.46,19.08,5.80,6.77,2.48,13.78,12.36,11.33,8.37,8.37,5.16,5.83,7.35,5.90,7.26,17.11,1.71,5.00,15.56,17.25,11.91,5.00,6.59,9.94,14.23,5.85,11.58,22.20,5.88,5.94,0.84,0.82,7.42,5.79,3.39
5	43062772	43063885	AAGG	1.77	HG02375:5.70	0.83,0.83,0.83,1.60,4.19,1.65,1.64,3.87,1.69,6.91,0.82,0.84,3.30,1.69,3.26,4.20,3.36,1.68,2.55,0.87,3.43,2.49,2.48,1.61,1.65,0.82,2.52,0.83,4.90,0.86,3.36,3.37,0.87,1.62,4.03,0.82,5.70,4.07,3.32,1.72,0.82,2.56,2.48,1.67,2.51,1.64,3.24,0.85,0.83,2.51,0.83,4.20,1.69,0.86,5.04,2.45,3.33,2.37,1.63,2.54
8	108381874	108382929	AAAG	1.77	HG02375:3.26	2.45,0.80,2.47,0.85,0.84,1.73,0.83,0.85,0.85,0.83,0.82,0.86,0.84,1.61,3.26,0.82,1.71,0.84,0.85,2.52,1.71,4.18,1.63,0.85,0.85
11	3219735	3221310	ACACAGGGTGCAGG	1.76	HG02375:41.56	35.92,21.22,21.17,18.29,6.68,8.32,16.62,25.82,13.36,31.76,39.09,21.72,9.21,20.80,30.63,15.15,36.19,26.30,22.82,28.17,31.19,29.86,20.50,15.57,30.41,32.85,30.88,38.15,15.31,13.46,6.78,4.22,2.55,1.73,21.24,5.03,13.20,16.29,13.41,16.94,16.30,8.59,3.36,18.50,12.61,22.11,32.95,3.43,5.80,7.44,4.82,11.56,27.95,16.53,4.69,32.43,33.31,9.23,10.89,13.18,12.27,27.64,24.38,4.16,14.23,5.03,4.26,18.89,21.77,23.58,18.07,33.28,4.90,7.49,8.63,18.48,13.07,5.90,20.98,20.61,19.12,6.96,9.70,30.61,1.64,41.56,31.75,33.32,9.04,16.61,4.29,4.92,26.48,15.72,21.65,5.19,15.07,34.49,4.05,27.23,15.83,6.86,19.78,11.75,27.33,28.16,18.42,19.61,16.50,9.43,28.42,23.50,23.42,20.95,19.09,8.56,32.27,27.41,26.48,11.51,17.92,20.52,33.58,14.58,37.70,14.20,15.19,29.71,23.56,15.23,21.99,29.09,27.73,16.10,38.43,30.51,32.76,45.03,52.75,3.33,27.81,22.22,41.79,33.90,41.49,10.19,15.72,15.80,27.16,26.25
2	198730362	198731132	AAACTATATATATATAT	1.76	HG02375:2.44	0.82,0.85,0.80,1.70,1.71,0.85,0.81,2.44,0.86,0.87,0.85
X	8451244	8451457	AAATATATATATAT	1.76	HG02375:2.44	0.82,0.81,0.84,0.85,0.86,0.85,1.64,2.44,0.84,0.82
9	27356769	27357441	AT	1.76	HG02375:2.44	0.81,0.83,0.82,0.81,0.82,0.84,0.86,2.44,0.82,0.85,1.65
1	241837573	241838330	AAGGAGGGAGGGAGGGAGG	1.74	HG02375:4.07	1.63,0.83,0.84,0.83,2.47,1.64,0.85,1.60,1.67,0.81,0.84,0.82,0.84,0.86,0.84,3.36,0.85,2.41,3.13,0.84,0.82,0.94,0.86,1.68,0.85,1.64,0.86,1.67,1.73,0.84,0.82,1.74,4.07,0.85,1.64,2.59,0.84,0.85,2.57,1.75,0.83,2.57,2.57,0.83,0.85,2.52,1.69,0.79,4.07,0.85
12	129298182	129299353	ACCGCCGTATGATGGACCTG	1.72	HG02375:6.52	1.63,5.71,1.66,3.34,3.33,1.66,2.50,3.34,1.60,1.67,0.84,1.66,1.70,1.68,1.65,1.63,1.61,3.42,0.82,0.80,0.83,0.81,5.64,1.68,1.69,2.55,0.86,5.78,0.81,3.94,3.39,1.63,0.86,1.68,2.52,1.68,0.87,2.49,4.96,0.83,0.85,3.31,1.56,2.43,3.42,0.84,0.84,2.47,0.94,2.52,5.82,3.35,1.68,0.84,0.84,0.83,0.82,2.50,1.73,2.52,0.81,0.87,0.87,1.61,2.46,6.52,4.07,0.85,1.64,3.28,1.71,0.83,1.67,9.51,1.62,0.85,0.83,4.28,1.65,4.20,4.97,1.66,1.67,0.85,0.79,0.86,0.84,0.87,3.35,2.49,2.48,1.71,0.83,1.71,0.84,0.86,2.57,1.67,2.53,3.40,0.87,2.54,2.54,3.42,1.68,0.85,0.84,1.55,2.51,0.84,3.94,4.96,0.83,2.55,3.39
7	73286826	73287754	AAAG	1.72	HG02375:4.07	0.83,1.70,1.73,0.80,1.94,2.55,0.86,4.19,1.63,3.94,0.85,0.86,1.68,2.55,0.83,0.82,1.67,3.36,0.82,1.69,1.61,1.79,0.87,5.22,4.07,0.81,0.85,1.72,0.83,0.86,0.83,0.79,0.85,0.86
1	183838652	183840235	AAGACACCTACCCTGGCCGG	1.69	HG02375:20.37	8.98,11.42,16.28,11.64,9.18,10.82,16.62,9.99,7.51,5.85,15.16,16.70,16.75,11.65,15.32,15.99,12.34,9.04,8.96,16.10,5.75,11.09,20.50,14.71,18.91,12.02,9.18,8.93,10.48,10.09,16.46,10.12,10.21,18.14,8.17,18.45,14.85,15.47,14.99,11.86,12.22,12.02,9.24,20.18,15.97,11.91,12.14,9.43,19.05,11.58,11.25,6.60,9.32,9.92,11.72,12.97,18.79,10.91,6.70,11.54,6.61,16.41,11.77,13.31,16.74,10.06,11.92,9.86,10.89,12.63,12.91,10.81,12.26,3.33,13.80,10.92,5.72,16.85,10.49,8.96,13.03,12.18,10.51,6.44,10.67,20.37,8.96,17.94,12.32,10.80,15.44,19.69,17.08,7.44,15.82,9.51,7.54,9.86,14.59,13.61,11.66,11.14,12.36,14.27,7.45,11.60,10.88,15.34,16.50,13.71,13.38,13.93,15.06,11.35,19.09,19.69,11.58,8.57,11.58,17.26,17.92,10.67,16.79,6.00,17.14,15.03,12.66,12.73,11.34,12.69,15.22,9.41,11.76,6.78,9.00,7.42,12.60,17.86,9.21,12.48,16.86,11.96,16.72,16.56,12.20,10.19,18.20,11.64,12.73,15.24
3	63299208	63300236	ATATATATATATATCC	1.65	HG02375:10.59	4.17,12.53,2.55,2.47,5.12,6.92,3.20,3.40,10.06,7.62,2.44,2.58,0.84,4.25,6.07,11.60,4.14,7.23,0.81,8.50,1.67,1.68,5.96,5.02,1.68,5.16,6.66,2.45,4.16,2.59,4.08,1.69,6.27,2.61,1.62,3.28,10.59,4.07,3.32,6.86,5.12,0.86,12.56,9.03,9.73,5.77,4.26,10.22,7.71,0.87,2.49,2.47,3.36,0.84,0.84,6.65,2.48,1.69
Y	13664126	13665254	AATGG	1.63	HG02375:3.26	1.63,0.83,1.61,0.82,1.71,0.84,0.82,0.79,2.52,0.84,1.73,1.65,0.84,0.84,0.86,3.26,1.71,0.86,1.64,1.62,0.83,0.83,1.67,0.79,0.84,1.71,0.84,0.85,0.82,0.84,0.81,2.48
6	25070721	25071032	AAGGAAGGGAGGGAGGGAGG	1.63	HG02375:2.44	0.81,0.81,0.83,1.62,0.84,0.82,2.44,0.82,0.84,0.83,0.84,0.82,0.83,0.79
10	124686176	124686602	AAAG	1.63	HG02375:1.63	3.36,1.63
8	99085428	99086025	AT	1.63	HG02375:1.63	1.67,0.82,1.63
7	100055158	100055230	AC	1.63	HG02375:1.63	1.63,0.85
8	1746939	1747211	AGGAGGAGGAGGGGG	1.63	HG02375:1.63	1.63,0.84,0.82
10	51037622	51037623	ACACACCTCACCCTCCT	1.63	HG02375:1.63	1.63
10	91750549	91750739	AAAG	1.63	HG02375:1.63	1.63
11	78353518	78353519	ACACTCACCCTCTCC	1.63	HG02375:1.63	1.63
12	117763373	117763374	AACCCT	1.63	HG02375:1.63	1.63
12	4148761	4148762	AACCCT	1.63	HG02375:1.63	1.63
1	39114565	39114566	AACCCT	1.63	HG02375:1.63	1.63
15	79991578	79991579	AGAT	1.63	HG02375:1.63	1.63
16	50795603	50795604	AGAT	1.63	HG02375:1.63	1.63
18	65619228	65619229	AACCCCCAATCCGCGATCC	1.63	HG02375:1.63	1.63
1	9174149	9174150	AC	1.63	HG02375:1.63	1.63
20	62063983	62063984	ACGGGGAGGGCCCCCCCC	1.63	HG02375:1.63	1.63
2	10722134	10722135	AACCCT	1.63	HG02375:1.63	1.63
2	183310610	183310611	AACCCT	1.63	HG02375:1.63	1.63
22	46872024	46872195	ACGGGAGAGGGAGAGGGAG	1.63	HG02375:1.63	1.63
2	88840614	88840615	AACCCT	1.63	HG02375:1.63	1.63
3	37133286	37133287	AACCCT	1.63	HG02375:1.63	1.63
4	164415322	164415323	AGGGC	1.63	HG02375:1.63	1.63
4	47541818	47541819	AACCCT	1.63	HG02375:1.63	1.63
4	79083194	79083195	ACC	1.63	HG02375:1.63	1.63
5	74098683	74098684	AATGGTGAGGGGCACTGGGG	1.63	HG02375:1.63	1.63
6	145689314	145689315	AACCCT	1.63	HG02375:1.63	1.63
8	103341106	103341107	AAGGAAGGGAAGGAGG	1.63	HG02375:1.63	1.63
8	109029098	109029099	AATGG	1.63	HG02375:1.63	1.63
9	134295589	134295725	AAAGGAAG	1.63	HG02375:1.63	1.63
20	51452324	51452929	AAAG	1.63	HG02375:1.63	0.84,1.63
12	65818549	65818783	AAATATATAT	1.63	HG02375:1.63	0.84,0.81,1.63,0.86
1	85452946	85453437	AT	1.63	HG02375:1.63	0.83,1.63,0.81
10	28000157	28000647	AAAG	1.63	HG02375:1.63	0.82,1.63
8	118870456	118870904	AAAG	1.62	HG02375:1.63	0.85,1.63,0.85,0.86
10	18470013	18470729	AAAAT	1.61	HG02375:1.63	0.82,1.68,2.43,1.63
10	105009964	105011500	ACC	1.59	HG02375:30.15	29.39,20.40,16.28,28.27,20.87,17.47,17.45,13.32,11.69,25.07,17.55,17.54,25.97,13.31,13.61,5.89,17.27,16.44,26.08,12.07,19.70,20.48,12.82,17.30,11.51,21.63,21.70,17.04,14.51,15.98,10.65,19.39,17.01,14.69,16.34,16.77,16.50,16.29,29.97,21.17,14.67,30.91,10.92,21.86,29.42,14.46,13.87,8.57,13.25,19.85,14.46,13.21,20.32,18.18,28.91,16.21,23.92,18.46,18.43,22.25,16.05,11.23,22.70,16.64,21.76,15.10,15.33,22.17,13.40,17.68,15.49,18.30,18.80,20.82,12.94,18.48,16.33,16.01,25.01,13.44,18.25,23.50,22.64,21.75,13.96,30.15,28.50,15.38,13.97,14.95,15.44,18.05,6.83,17.37,14.16,14.70,20.94,19.71,20.27,22.97,10.00,20.57,32.96,13.43,7.45,17.39,20.09,11.93,14.15,14.57,14.21,15.67,20.91,11.35,13.28,19.69,22.34,26.56,14.07,11.51,19.63,20.52,20.98,12.01,8.57,22.55,21.10,14.43,17.45,16.92,16.91,19.68,28.57,16.10,20.44,13.19,10.92,17.86,21.77,12.48,19.38,23.07,20.06,20.50,17.90,14.44,14.89,24.11,12.73,24.56
13	113984117	113985693	AAGCCCAGGTGTGTGCATGG	1.59	HG02375:3.26	0.82,0.82,1.63,0.83,0.83,0.83,1.67,1.67,0.85,1.63,0.82,0.82,0.80,1.61,0.97,0.84,1.70,0.82,0.84,0.83,0.81,0.79,0.84,0.85,1.73,0.86,0.83,0.80,2.34,0.81,0.84,1.65,0.86,0.84,0.82,0.83,0.81,0.90,0.81,0.81,3.26,0.83,0.82,1.65,1.73,0.81,0.82,1.66,0.84,0.84,0.86,0.83,0.82,0.84,0.86,0.86,1.67,0.85,1.64,0.82,0.84,0.81,2.49,0.85
18	77365473	77365820	ACCAGGCGAGGAGCGGAG	1.59	HG02375:2.44	0.81,0.83,0.84,0.85,0.80,1.71,0.82,0.84,0.84,0.82,0.85,0.85,0.83,0.80,1.71,0.83,0.86,0.84,0.84,0.87,0.81,2.44,0.81,0.83,0.81,0.83,0.84,0.82,0.84,0.84,0.86,0.78,0.84
7	154932457	154932924	AGCATCCCTGAGCCCG	1.59	HG02375:1.63	1.63,0.87,0.84,0.83
22	45199915	45200202	CCCCCCCCCCCCCCCCCG	1.59	HG02375:1.63	0.82,1.63,0.83,0.85
1	1137829	1138481	ACCCAGCCCCGAGCCCAGT	1.58	HG02375:4.07	0.83,0.83,0.84,0.80,0.84,0.81,0.80,0.82,0.80,0.81,0.97,0.84,0.85,1.65,2.37,2.54,0.81,1.72,0.84,0.87,0.86,2.41,0.83,0.78,1.68,2.47,0.94,0.84,0.83,2.46,0.84,0.86,2.50,2.53,1.61,0.81,4.07,2.44,0.85,1.64,0.83,1.72,1.64,2.48,0.83,1.67,0.82,1.70,1.67,2.57,1.66,2.48,0.84,2.56,1.57,0.87,0.84,0.83,1.71,0.83,1.65,0.82,0.85,0.82,0.86,2.51,0.86,0.85,0.82,0.82,0.78,0.84,0.83,3.42,1.67,3.94,1.63,0.85
1	246859431	246860489	AC	1.58	HG02375:2.44	0.83,0.86,0.86,3.36,0.86,0.83,0.81,0.84,0.81,0.81,0.82,2.44,0.83,5.74,0.83,0.85,1.69
4	74183942	74184847	AAAG	1.58	HG02375:1.63	0.80,0.85,0.82,1.63,1.68
14	62221333	62222840	ACATGCCACTCATGCCTC	1.57	HG02375:60.31	31.84,6.53,24.43,28.27,15.02,12.48,8.31,19.99,2.50,29.25,27.12,6.68,12.56,46.59,46.80,12.62,32.90,24.66,21.19,7.24,32.83,15.36,10.25,44.99,41.10,32.85,40.06,28.41,22.56,27.76,41.63,30.36,10.21,11.23,28.51,12.38,43.16,24.45,38.95,24.45,12.02,27.72,7.57,17.65,15.31,13.01,11.14,32.31,19.85,49.02,7.43,2.54,30.58,37.51,10.54,32.46,31.04,21.78,35.43,10.38,21.59,43.72,30.78,22.59,36.90,5.96,45.99,37.68,28.63,46.47,21.63,13.08,10.82,8.63,33.61,34.30,19.38,49.22,13.44,27.80,30.46,21.83,16.11,17.24,60.31,3.26,11.96,45.18,23.25,48.05,69.75,6.83,10.75,34.97,31.12,8.37,20.53,25.13,31.48,19.99,29.14,16.48,20.98,28.99,36.44,45.21,18.86,9.43,41.80,46.13,20.91,31.43,18.83,20.69,33.41,24.82,35.35,26.46,22.16,26.02,42.02,38.55,60.13,27.00,44.99,38.39,15.23,21.14,52.20,21.85,38.98,65.42,52.77,23.52,38.04,71.17,56.56,45.51,45.28,36.77,71.75,39.86,44.16,43.85,23.28,34.80,29.64
11	69547792	69548911	AAAG	1.56	HG02375:3.26	0.82,0.83,0.83,2.51,1.68,0.85,0.81,0.85,0.85,0.82,0.83,0.97,1.61,0.85,0.78,1.68,0.84,0.84,0.84,0.84,0.85,1.67,0.83,0.82,0.84,1.79,1.74,0.87,0.81,3.26,0.82,0.83,0.83,1.71,0.83,1.71,1.74,0.84,0.83,0.83,0.82,0.84,0.85,0.86,0.82,1.67,1.66,2.53,1.70,1.65,0.83
11	63778383	63778907	ACCCCCCCCCCC	1.55	HG02375:1.63	0.82,0.82,0.84,1.63,0.86
18	76802817	76803368	AACCCCCACCCC	1.53	HG02375:5.70	4.90,2.45,1.63,1.66,1.67,1.66,4.16,1.67,1.67,0.84,0.80,0.84,2.51,0.83,0.84,1.64,0.81,1.61,1.64,1.71,1.71,0.87,0.82,1.60,0.83,1.62,1.61,0.84,0.97,1.69,2.55,2.52,1.65,2.44,3.15,0.85,4.89,3.43,0.84,3.36,1.70,1.73,1.71,1.66,1.61,2.48,1.69,1.65,3.91,3.24,0.85,0.84,0.84,1.65,2.83,1.73,1.68,0.83,0.84,0.84,1.70,0.82,0.84,3.37,2.58,0.83,3.27,1.73,0.84,0.82,1.69,1.61,3.58,1.74,0.87,1.62,0.82,5.70,6.51,0.85,3.29,0.86,0.85,0.83,3.33,1.73,0.84,3.29,0.81,1.70,3.33,0.86,2.47,2.52,2.48,4.97,1.67,2.56,1.57,0.86,2.51,3.48,1.75,1.66,0.86,1.65,2.57,0.83,3.29,1.71,2.46,0.84,1.71,1.67,1.69,0.85,0.87,1.69,1.69,3.42,1.68,1.69,4.91,1.68,3.88,2.51,0.83,1.69,2.51,0.79,0.81,0.83,1.66,1.70,5.08
5	176523048	176524620	AGG	1.51	HG02375:17.93	4.90,5.71,1.63,14.14,9.18,8.32,6.65,6.66,11.69,6.69,11.17,10.02,10.05,2.50,5.96,7.57,7.40,9.86,4.89,4.83,7.39,5.97,7.69,6.06,1.64,6.41,5.84,9.74,6.45,5.89,4.84,5.90,7.66,6.91,7.35,9.22,5.78,14.66,22.08,5.93,8.15,6.01,10.08,4.20,6.73,7.65,6.94,4.29,10.77,6.62,20.09,7.43,3.39,5.79,17.97,9.73,5.13,4.19,14.24,4.12,8.50,6.05,3.36,13.31,5.86,7.55,0.85,8.21,5.86,0.84,6.02,5.82,8.17,5.00,6.04,4.20,7.35,7.58,17.75,8.07,12.16,5.22,10.51,8.86,7.39,17.93,7.33,9.40,14.79,5.81,6.86,13.95,5.12,5.79,5.83,11.24,5.86,1.64,8.11,5.11,10.83,5.14,12.36,5.87,7.45,10.77,5.86,7.67,8.65,7.71,12.54,9.58,4.18,6.11,8.30,9.41,9.93,15.42,9.10,9.04,5.97,12.31,10.07,7.72,7.71,7.52,0.84,5.94,12.21,6.77,1.69,4.28,11.76,5.08,15.54,5.77,5.04,14.75,13.40,9.15,12.64,9.40,3.34,18.13,20.34,3.40,4.14,14.13,1.70,8.47
20	62719411	62720660	ACAGATCCTGGCCACCCTGC	1.51	HG02375:6.52	3.27,1.63,1.63,1.66,1.67,0.83,3.32,2.50,2.50,0.84,0.80,2.51,4.19,2.50,1.70,1.68,4.94,2.44,4.02,2.46,7.68,3.42,4.33,2.47,1.60,3.34,4.87,2.52,1.94,5.06,2.55,2.59,2.45,0.84,2.48,4.07,2.37,2.44,1.72,0.84,0.84,2.52,0.85,0.87,1.71,2.49,4.14,3.21,2.48,0.85,0.83,3.13,1.62,4.27,2.52,0.84,2.47,1.89,1.73,2.52,1.66,1.67,4.19,5.11,2.51,0.84,0.86,2.50,2.45,3.33,0.86,3.36,1.63,3.37,1.61,0.90,1.74,0.87,4.04,6.44,2.46,6.52,4.07,3.42,2.46,0.83,0.86,2.46,1.71,5.79,3.33,1.73,3.35,2.46,2.43,1.70,3.33,3.43,2.47,0.84,2.48,2.48,2.51,2.56,1.57,1.71,1.67,0.87,1.67,1.75,1.71,0.83,3.29,2.56,0.82,0.84,1.72,0.84,1.69,1.70,1.74,0.85,1.69,1.71,1.68,0.82,4.12,1.68,6.99,0.84,1.66,3.37,0.85,5.52,3.40,1.65,0.83,3.39,4.23
1	248469546	248470570	ACTGGAGCCGCCTGAGG	1.51	HG02375:5.70	1.63,0.82,2.44,0.83,1.67,0.83,2.49,0.83,5.01,2.51,3.19,1.67,0.84,4.16,3.29,0.82,6.52,1.61,3.28,2.56,0.85,4.33,2.47,2.40,1.67,0.81,0.81,0.84,1.94,0.84,2.55,4.90,5.87,2.48,0.81,3.15,0.85,1.63,0.86,3.36,0.84,2.60,0.86,4.14,2.48,4.23,0.83,0.78,2.43,0.85,0.84,0.84,1.65,0.94,1.73,0.83,0.84,2.52,1.70,4.19,0.84,0.83,2.45,1.67,0.86,2.45,4.21,0.81,1.79,0.87,1.74,1.62,2.46,5.70,1.63,2.56,2.46,0.83,3.43,1.64,0.85,0.83,0.83,1.67,2.46,2.55,3.33,3.43,2.52,1.66,2.48,2.51,0.85,2.36,0.87,1.67,4.36,0.83,2.48,1.71,3.31,3.29,0.85,0.84,0.84,0.85,1.74,0.85,2.54,2.57,0.84,3.39,0.82,0.84,0.84,2.50,1.69,3.42,0.84,2.37,1.70,2.48,2.49,1.70,1.69
19	16041790	16042304	AATGAGTGAGTGGGGAGAGG	1.51	HG02375:3.26	0.82,1.67,0.83,1.63,1.61,2.50,0.84,0.85,0.81,0.79,0.84,0.84,1.73,1.69,0.83,0.94,0.85,0.82,0.84,0.83,0.84,1.74,0.81,3.26,0.82,3.43,7.39,2.51,1.62,0.84,0.79,1.74
11	125934213	125935777	AAGAGGTGATAGTATT	1.50	HG02375:89.65	67.76,65.28,100.96,58.20,40.90,70.72,95.58,39.97,30.06,49.31,67.00,62.64,83.76,47.42,46.80,53.86,88.01,41.10,67.64,67.62,59.09,55.46,74.33,44.99,60.83,32.05,87.64,73.05,45.13,49.62,53.24,55.65,56.14,51.83,47.39,67.93,51.98,50.48,84.39,67.75,51.34,45.50,52.92,40.35,63.89,61.23,52.90,46.29,67.93,39.70,74.74,36.33,61.82,57.85,85.18,55.13,64.92,62.08,61.99,66.75,61.35,45.77,55.48,74.86,67.78,57.03,70.69,81.30,61.13,37.05,65.40,33.28,31.06,64.11,46.58,57.97,47.36,40.44,81.49,53.77,59.95,53.95,78.44,53.97,55.83,89.65,71.65,42.72,55.86,58.13,60.06,86.16,68.32,49.63,46.63,57.05,57.78,32.85,55.94,70.62,49.98,51.42,54.39,55.38,62.12,79.52,51.91,21.31,70.73,54.85,48.49,60.93,41.83,53.25,58.10,62.48,69.51,64.25,59.57,35.35,60.60,65.67,40.29,38.59,46.26,35.08,50.63,45.84,60.20,54.99,67.65,71.02,57.98,48.31,62.15,37.93,52.09,86.17,100.47,75.69,58.99,35.89,54.33,83.57,21.97,50.11,60.39,57.37,57.71,50.80
15	34728923	34730551	ACGGCGGCGCGGCGAGG	1.50	HG02375:37.49	27.76,13.87,36.64,26.61,14.19,24.13,29.92,21.65,16.70,9.19,32.70,29.23,8.38,17.47,11.91,22.72,38.66,36.17,32.60,22.54,32.01,25.60,17.94,19.03,33.70,25.64,31.72,34.90,32.23,21.87,9.68,12.65,17.01,32.83,22.88,19.29,13.20,11.40,29.97,28.79,24.45,20.61,28.56,8.41,26.90,25.51,24.28,24.86,25.68,24.81,18.48,11.56,19.48,21.49,0.78,23.92,15.94,8.38,28.02,21.71,27.64,18.49,15.80,26.78,4.19,11.07,5.75,25.96,22.74,31.84,6.66,4.90,19.15,20.70,27.73,17.96,14.32,8.69,17.40,14.56,21.75,22.99,37.49,30.13,4.27,35.33,29.07,11.15,25.44,17.08,21.51,25.81,23.34,18.42,10.68,23.51,20.42,19.16,12.85,20.60,25.17,15.74,36.44,9.21,23.87,32.22,24.00,23.41,19.15,33.46,27.93,24.90,18.83,24.82,29.13,24.82,0.82,20.48,12.59,6.86,16.28,22.55,20.25,11.04,16.58,9.31,3.38,11.98,20.17,20.34,38.43,33.81,19.32,52.01,25.12,23.29,24.44,24.78,35.10,37.84,15.46,20.68,18.29,25.46,22.86
16	48747761	48748364	AAAG	1.49	HG02375:1.63	0.84,0.83,1.64,0.83,1.63,0.84
11	36076288	36076567	ACCCATCCATCCATCCATCC	1.49	HG02375:1.63	0.84,0.83,1.63,0.82,0.84,0.85
6	158577305	158578449	AAATATATTAATATTTATAT	1.48	HG02375:4.07	1.63,1.66,0.83,0.83,1.67,0.84,4.19,0.83,1.68,2.47,0.82,0.85,0.84,2.45,0.83,2.44,0.79,4.07,1.68,1.71,0.80,0.83,0.78,1.62,0.84,1.68,0.84,0.85,0.82,1.67,1.73,0.87,0.81,4.07,0.83,0.86,0.83,4.16,4.11,0.81,1.70,1.66,1.66,0.83,1.64,2.54,1.55,3.42,1.58,2.44,0.85
8	698178	698858	ACCCGCCCATCCCACCGCAG	1.47	HG02375:9.78	7.35,0.82,8.96,2.49,4.17,0.83,2.49,6.66,4.17,1.67,1.67,3.35,0.83,7.66,1.68,1.65,3.29,5.70,0.80,4.92,5.12,0.85,5.19,3.29,2.40,0.81,4.03,2.52,1.94,7.59,5.10,3.46,4.09,2.44,11.04,2.54,4.07,3.43,1.68,0.84,5.88,10.20,7.80,8.28,0.83,4.02,1.65,3.39,4.13,2.34,2.43,7.69,1.68,0.84,6.59,2.83,3.45,7.49,5.02,0.84,5.96,13.14,2.51,5.05,1.72,0.83,0.82,3.33,3.45,4.90,4.21,2.42,1.79,0.87,0.81,3.22,3.28,9.78,3.26,2.56,0.82,4.15,3.43,1.64,6.83,3.31,9.16,10.37,6.70,4.93,6.49,5.96,3.33,2.57,2.47,0.84,2.48,3.31,3.35,2.56,6.29,2.57,0.84,1.74,2.51,1.66,3.42,4.14,2.57,0.83,4.11,0.85,2.46,5.04,0.86,1.71,0.84,5.94,0.87,4.23,1.69,2.57,1.68,0.85,2.45,3.30,3.36,4.66,6.70,4.99,3.37,4.27,3.15,4.07,4.25,1.65,4.16,1.70,2.54
13	114078986	114078992	ACCCACCCATCCATCCATCC	1.47	HG02375:1.63	0.83,0.82,0.84,1.63,0.82,0.83
6	66727280	66728264	ATATATATATATATATCC	1.46	HG02375:2.44	0.85,0.84,0.81,1.69,0.81,0.86,2.41,0.82,2.44,1.64,0.86,1.67,2.51,0.82,0.83,0.84
8	144473627	144474577	ACCCATCCATCCATCCATCC	1.46	HG02375:1.63	0.83,0.84,0.84,0.84,0.81,1.63
6	169465359	169466060	AAAGAGAG	1.45	HG02375:1.63	0.83,0.80,0.82,1.63,0.85,0.82
19	21666391	21667476	AAGAG	1.43	HG02375:3.26	0.81,0.83,0.83,1.67,1.60,4.19,0.82,2.56,2.47,0.81,0.84,0.97,0.82,0.84,0.81,0.87,1.66,1.61,0.83,0.94,0.84,1.68,1.64,2.53,2.58,0.82,0.84,1.74,3.26,0.81,1.71,0.82,0.83,0.83,0.86,0.83,0.85,1.70
5	179539058	179541335	ACCGGGGATGGACGGAGGG	1.42	HG02375:30.15	13.88,18.77,24.43,19.12,3.34,4.99,16.62,14.99,32.56,17.55,8.77,22.55,21.78,10.82,19.57,13.47,11.52,15.62,23.63,8.85,8.21,14.51,19.65,15.57,5.75,12.82,16.69,16.23,2.42,15.98,26.14,7.59,17.86,13.82,3.27,14.26,5.78,20.36,20.51,14.40,14.67,14.60,15.96,10.09,10.93,19.56,10.41,11.14,22.37,14.89,8.84,15.69,7.62,18.18,25.01,9.73,3.42,12.58,7.54,10.71,5.66,12.09,19.34,10.81,20.92,8.39,5.11,23.00,26.80,5.05,12.91,26.62,13.08,19.98,18.11,26.05,4.08,17.69,31.47,12.55,21.72,29.59,22.64,8.86,14.78,30.15,27.68,11.96,23.82,10.80,12.01,33.64,23.91,10.75,11.66,19.88,18.42,23.00,15.40,8.51,19.16,12.00,17.31,10.07,12.42,21.54,10.88,11.93,22.79,16.28,10.03,17.41,7.53,15.71,10.79,6.85,26.48,17.13,13.24,12.33,16.22,27.91,20.15,17.15,22.28,16.70,12.66,10.19,13.09,5.92,19.45,20.54,18.49,10.17,31.89,12.37,9.24,22.51,19.26,9.15,23.60,17.09,16.72,28.38,22.78,18.68,11.58,11.64,26.31,16.09
2	68133789	68134423	AAGGG	1.42	HG02375:6.52	0.85,5.18,4.16,6.52,3.33,4.86,6.86,6.09,0.86,5.79,2.51,1.74,0.85,10.63,6.79
1	224200331	224200622	ACTCC	1.42	HG02375:4.89	4.81,1.70,4.32,4.23,0.86,2.52,4.20,0.85,0.82,0.90,3.22,4.89,4.07,0.85,7.39,1.64,1.67,17.03,3.36,1.66
4	49120526	49123093	AAAGGAATGGAATGGAATGG	1.42	HG02375:4.07	0.82,3.26,0.83,1.66,2.49,0.83,2.51,1.68,0.82,0.82,0.85,1.73,0.82,0.80,0.83,2.52,2.59,0.82,1.63,0.86,0.84,0.84,2.55,0.87,0.86,1.66,0.83,4.13,3.31,0.78,0.81,2.52,1.68,0.94,2.59,1.68,0.85,2.51,2.53,1.72,0.83,1.67,1.73,1.68,0.81,0.90,0.87,4.07,0.81,0.85,0.83,1.73,0.82,2.43,1.65,0.84,1.66,0.84,0.79,0.84,1.67,1.75,2.49,0.83,0.86,0.82,0.85,0.82,1.69,1.74,1.69,0.85,1.71,0.84,0.84,3.11,0.84,0.83,1.71,3.34,0.79,1.63,0.85,1.66
17	76627576	76628168	AGGGG	1.41	HG02375:2.44	0.84,0.84,0.81,0.80,0.97,1.69,0.85,1.73,0.81,0.79,1.72,0.84,0.83,0.83,0.82,0.84,0.84,0.86,0.83,0.82,0.86,0.81,2.44,0.85,1.64,0.83,0.86,0.87,0.84,0.84,0.82,0.84,0.84,3.25,0.83
1	9470981	9471595	ACACCACC	1.41	HG02375:2.44	0.83,0.83,0.83,0.84,0.84,1.73,0.80,0.81,0.84,0.85,0.86,0.83,0.79,0.81,0.80,0.78,0.81,0.84,0.84,0.94,1.73,0.84,0.84,0.83,0.82,0.83,0.84,0.82,0.90,0.82,2.44,0.85,0.86,0.81,0.82,0.83,0.83,1.57,0.84,0.83,0.86,0.86,0.83,0.85,0.86,0.84,1.70,0.86,1.69,0.85,0.84,0.79,0.85
11	100268181	100269088	AT	1.40	HG02375:3.26	1.67,1.66,0.83,0.82,1.62,0.84,0.83,1.69,2.44,0.86,0.87,0.83,1.65,0.78,0.84,2.59,0.83,0.84,1.61,2.42,3.26,4.07,0.86,1.64,2.56,0.82,0.84,1.67,0.83,1.64,0.85,1.69,1.65
21	37364846	37365914	AACTCACACACACCCC	1.40	HG02375:2.44	0.82,0.83,0.85,1.64,0.80,0.83,0.97,0.84,2.54,1.68,0.85,0.86,0.83,0.78,0.86,0.84,0.84,0.81,2.44,0.85,0.85,0.83,2.51,0.83,0.84,0.85,1.65,0.81,0.83,0.85
2	1783129	1784974	ACCAGCAGAGACTC	1.39	HG02375:8.15	4.90,0.83,0.83,0.84,3.35,2.44,0.80,1.64,1.71,0.85,0.82,1.60,3.87,11.81,0.85,2.59,0.84,1.65,5.70,7.10,0.85,5.15,1.68,5.04,5.04,5.95,5.20,5.14,2.49,0.80,0.85,3.31,0.78,3.24,0.85,2.51,4.12,0.86,0.84,3.33,2.52,2.55,1.64,0.84,0.84,4.90,4.16,0.86,5.04,8.17,7.26,6.27,4.34,1.74,2.43,4.83,3.28,8.15,4.89,9.86,0.83,8.54,0.83,6.66,3.35,1.64,4.05,8.51,4.12,2.52,6.63,3.41,0.86,3.48,1.75,0.83,0.86,0.83,1.71,0.82,5.88,0.84,2.54,0.85,0.85,3.30,0.84,1.55,5.02,3.33,3.37,2.56,5.01,1.58,0.81,0.83
X	59999	60601	AACCCT	1.36	HG02375:16.30	9.80,6.53,14.66,9.15,13.35,4.99,0.83,2.50,0.84,1.60,2.51,9.15,1.68,7.40,8.15,17.24,5.12,13.67,7.79,0.82,1.67,21.10,8.86,7.57,8.71,9.28,12.09,2.45,4.13,7.33,17.35,5.08,5.70,0.86,5.04,2.52,0.84,11.05,5.20,4.29,14.08,0.83,6.43,0.85,15.70,10.16,4.86,0.84,1.65,10.36,8.41,13.31,5.86,0.84,14.48,13.40,0.84,0.86,17.16,5.00,9.49,11.76,1.63,6.74,2.42,7.17,0.87,9.57,6.47,8.06,6.57,16.30,0.85,21.36,12.87,4.10,9.39,11.58,1.67,4.32,4.19,1.64,6.49,3.40,0.83,0.83,4.19,6.00,3.48,11.35,0.83,0.83,0.83,5.97,1.64,1.71,0.84,4.23,14.72,7.42,0.78,1.67,4.99,14.33,4.18,4.73,1.70
2	105440065	105441345	ACC	1.35	HG02375:36.67	34.29,23.66,26.05,29.93,10.02,22.46,14.13,19.15,15.03,21.73,26.32,23.39,18.43,14.14,14.46,15.99,19.74,13.15,16.30,19.32,22.16,12.80,43.57,10.38,23.02,24.04,25.87,25.16,15.31,18.50,25.17,18.55,26.37,20.73,17.16,20.96,28.88,18.73,41.80,18.63,24.45,19.75,25.20,36.99,26.90,22.11,29.48,24.86,14.91,19.85,24.91,14.86,10.16,23.97,16.41,17.84,17.94,25.17,29.32,14.01,14.16,12.09,13.45,26.62,21.76,12.58,25.55,20.53,13.40,11.79,19.79,21.63,25.34,15.82,19.84,20.17,17.15,17.69,29.05,22.40,19.98,16.53,30.73,18.53,17.24,36.67,37.45,23.93,37.79,19.93,26.60,30.36,20.50,17.37,28.31,16.42,30.99,17.25,15.40,16.17,21.66,26.56,26.37,24.34,17.39,29.82,14.23,21.31,25.94,5.14,13.38,28.73,16.73,18.33,21.58,18.83,22.34,33.41,22.34,21.38,30.73,28.73,26.02,13.72,13.71,18.37,24.47,16.98,16.58,27.92,21.99,13.69,21.85,23.73,26.17,24.74,27.72,26.39,24.28,31.61,25.28,26.49,33.43,36.27,28.47,10.19,33.92,32.43,22.07,15.24
17	54869571	54870714	ACC	1.35	HG02375:18.74	14.69,17.14,13.84,14.14,13.35,11.65,7.48,5.00,10.02,9.19,13.56,9.19,15.08,13.31,11.91,8.42,16.45,9.04,8.15,13.68,11.49,14.51,13.67,12.11,9.04,8.81,10.02,15.42,12.89,19.34,9.68,10.96,15.31,10.37,11.44,4.19,12.38,9.77,17.35,8.47,8.96,10.30,15.12,9.25,16.81,7.65,23.41,12.00,10.77,11.58,8.04,9.91,10.16,15.70,17.19,8.11,10.25,5.03,17.59,14.01,8.50,12.95,10.93,5.82,8.37,12.58,9.37,14.78,15.07,6.74,5.16,13.31,8.99,11.66,4.31,12.60,14.70,5.90,14.52,8.96,13.03,9.57,6.47,8.86,8.21,18.74,16.28,6.84,13.97,12.46,8.58,12.31,10.25,7.44,10.82,7.78,15.91,5.75,10.54,9.36,9.16,13.71,14.01,11.75,11.60,17.39,8.37,5.11,15.72,11.14,5.85,10.45,15.06,5.24,4.98,7.70,12.41,17.99,7.45,11.51,13.66,15.60,11.75,2.57,3.43,12.53,10.13,8.49,7.85,13.54,5.07,9.41,10.92,9.32,13.90,12.37,11.76,17.86,12.56,10.81,12.64,8.54,10.03,14.98,17.90,10.19,17.37,9.15,11.88,14.39
8	82754072	82755183	AG	1.35	HG02375:6.52	1.63,0.83,1.66,1.66,0.84,3.19,4.18,4.19,8.32,2.55,1.65,4.11,0.81,1.61,1.64,1.71,0.82,1.67,1.62,1.61,0.84,0.97,1.69,2.55,1.63,2.48,1.63,1.58,0.85,0.81,3.36,1.70,0.86,1.66,0.80,2.48,3.39,1.65,0.78,4.05,5.98,2.52,0.86,0.84,3.35,5.11,4.93,1.68,2.58,3.33,0.86,0.82,0.84,2.42,2.69,2.61,0.87,1.62,0.81,0.82,6.52,1.63,2.56,1.64,1.66,0.86,6.56,3.46,0.84,0.82,9.16,0.86,3.30,1.66,0.83,3.35,0.79,2.57,2.51,0.87,2.51,2.62,5.81,5.14,2.48,4.28,0.82,0.85,0.82,3.36,0.86,2.57,2.51,0.84,3.40,4.36,3.38,4.28,1.68,1.69,3.27,1.65,3.36,2.33,4.19,1.66,1.69,4.27,5.85,1.63,4.96,0.83,2.55,2.54
9	136258036	136258512	ACCC	1.35	HG02375:1.63	0.86,1.63,0.83,0.85,0.86,0.85,0.85
2	13428137	13429234	AT	1.34	HG02375:3.26	0.83,0.80,0.84,0.84,1.70,0.81,0.82,1.71,1.67,0.81,0.84,0.84,1.70,0.82,0.81,0.85,1.68,0.84,1.70,0.86,0.83,1.65,3.21,0.83,0.83,0.85,0.84,1.73,0.84,0.85,0.86,0.83,0.86,0.84,4.35,1.62,0.82,3.26,0.81,0.85,0.82,2.59,0.84,2.43,0.85,1.67,0.86,1.70,1.57,0.86,0.84,0.83,0.83,0.86,1.71,1.64,2.47,0.78
2	3632525	3633663	ACAGGCATGAGATCCGGAGC	1.34	HG02375:2.44	0.83,0.80,0.86,0.83,0.85,0.81,0.86,0.84,0.84,0.85,0.86,0.83,0.84,1.67,0.86,1.69,3.22,2.44,2.44,1.71,2.50,0.86,0.84,0.81,0.87,0.83,0.82,0.79
7	2688678	2688977	ACACCCCACTGCGGGCCCC	1.33	HG02375:1.63	0.84,1.73,0.83,2.59,0.87,1.63,0.79
16	87255157	87256714	ACC	1.32	HG02375:8.96	3.27,0.82,5.70,5.82,3.34,7.49,5.82,5.83,4.17,6.69,3.99,3.34,5.03,2.50,3.40,4.21,4.94,1.64,0.81,6.44,2.46,8.53,5.98,1.73,2.47,0.80,5.01,5.68,3.22,5.05,8.71,0.84,2.55,7.78,2.45,5.87,7.43,6.51,7.10,5.93,4.07,4.29,4.20,6.73,2.52,4.25,6.07,2.57,4.14,4.96,6.43,3.30,2.54,4.13,6.25,4.86,5.13,3.36,7.54,5.77,5.66,5.18,3.36,6.65,4.18,2.52,5.11,4.93,5.02,6.74,4.30,2.50,4.09,0.83,5.18,5.04,3.37,5.65,0.90,0.87,5.66,6.44,2.46,8.96,4.07,7.39,2.49,7.72,5.74,5.98,4.14,5.83,6.05,4.19,3.29,7.30,7.66,5.00,2.57,1.65,4.20,2.48,6.63,4.26,3.14,7.71,3.34,4.35,3.35,4.36,3.32,6.85,4.14,4.28,1.65,3.29,7.68,0.82,9.23,5.15,6.00,0.84,2.53,0.85,2.62,2.54,5.92,0.84,5.93,3.27,4.12,5.88,4.66,6.70,1.69,0.85,1.67,1.58,3.25,7.64,3.31,0.83,2.55
16	85867110	85868496	AGGG	1.31	HG02375:12.22	4.90,3.26,9.77,6.65,2.50,0.83,4.99,4.16,5.01,4.18,3.19,4.18,5.86,2.50,7.66,3.37,9.87,4.11,2.44,3.22,3.28,6.83,5.98,6.06,2.47,1.60,5.01,2.43,4.03,6.73,3.87,7.59,3.40,4.32,4.09,10.06,9.08,6.51,14.20,3.39,2.44,2.58,5.88,2.52,6.73,1.70,7.80,2.57,9.11,8.27,4.02,3.30,0.85,4.96,10.94,4.86,1.71,7.55,5.03,7.42,4.72,6.91,1.68,4.99,4.18,5.03,5.96,7.39,6.70,5.05,6.88,8.32,8.99,4.16,2.59,7.56,2.45,4.21,15.33,4.48,6.08,4.35,8.90,3.22,5.75,12.22,5.70,8.54,9.04,3.32,4.29,7.39,5.98,3.31,4.16,6.92,5.02,4.11,1.62,4.25,5.83,6.00,7.42,3.36,4.14,9.11,5.86,2.56,3.14,8.57,5.85,2.61,4.18,3.49,4.15,4.28,5.79,4.28,2.48,3.29,2.56,4.10,1.68,1.72,4.28,6.68,4.22,6.79,4.36,8.46,5.07,2.57,4.20,6.78,13.90,6.60,5.88,11.64,6.70,3.33,5.06,4.27,6.69,19.71,11.39,2.55,7.45,4.99,5.09,4.23
9	137441309	137442444	ACCCAGCCTCCCCC	1.31	HG02375:3.26	0.82,1.63,0.83,0.83,0.83,1.67,0.80,2.51,0.80,2.56,1.71,0.87,0.82,0.80,0.83,1.62,0.84,0.85,0.82,0.84,0.83,1.58,1.69,0.84,1.70,0.83,2.48,0.84,0.84,0.82,0.86,0.83,4.09,0.86,0.84,1.63,0.81,1.79,0.87,1.74,1.61,3.26,0.81,0.82,0.83,0.82,1.71,0.86,1.64,0.81,0.85,1.67,0.86,0.83,0.84,0.85,0.79,1.67,0.87,0.84,1.75,1.71,0.83,0.86,0.82,0.82,0.86,1.71,1.69,0.85,1.69,0.86,0.84,2.54,0.82,0.78,0.84,0.83,1.67,0.79,1.63,0.83,3.33
6	163167851	163168834	AT	1.30	HG02375:2.44	0.83,0.84,0.82,1.61,0.82,0.85,0.87,0.84,1.66,0.83,0.78,0.86,0.84,0.82,2.50,0.82,0.83,0.84,0.81,0.82,2.44,0.81,0.82,0.85,0.86,0.84,0.82,1.57,0.84,2.57,0.82,0.84,0.84,1.69,0.85,0.85,0.84,0.85,0.85,0.85
1	166078595	166079458	AT	1.30	HG02375:2.44	0.82,0.81,1.66,0.83,0.84,0.82,0.80,0.84,1.70,1.73,0.85,0.80,0.81,1.65,0.94,1.69,0.90,0.87,0.87,0.81,2.44,0.82,0.85,0.84,1.70,0.87,0.84,0.85,0.86,0.85
20	45205223	45206121	ACACCTGTGGGCTGCAT	1.30	HG02375:1.63	0.82,0.84,0.82,1.63,0.86,0.83,0.83
2	177237715	177238936	AAAG	1.29	HG02375:7.33	1.63,2.45,6.51,2.49,2.50,1.66,1.66,2.50,1.67,1.67,3.19,1.68,1.68,1.64,0.81,3.22,5.75,2.56,0.85,6.92,2.47,0.80,2.50,4.06,2.42,0.84,0.97,2.53,1.70,3.46,4.09,4.19,2.48,4.07,3.15,0.85,5.70,1.72,0.84,2.52,5.10,5.20,1.71,4.14,0.83,0.80,1.65,1.69,2.48,2.34,2.43,1.71,1.68,0.84,0.82,2.59,0.84,6.65,5.02,0.85,1.64,2.51,5.05,0.86,3.33,0.82,5.00,5.18,5.04,1.63,5.06,4.03,3.58,7.82,3.48,2.43,4.03,3.28,7.33,0.81,3.42,1.64,5.81,2.57,4.10,4.27,5.79,2.50,1.73,4.19,1.64,2.43,0.83,1.71,3.30,5.03,4.97,0.83,9.21,2.57,1.67,0.87,1.67,1.66,0.86,1.71,1.64,0.85,0.86,0.86,0.84,0.85,1.74,0.85,3.38,0.86,0.84,4.24,1.65,1.68,0.78,4.19,2.50,7.10,0.81,0.85,2.48,5.82,4.23
16	5504403	5505693	AAAG	1.28	HG02375:5.70	1.63,2.49,0.83,1.66,0.83,0.83,0.80,3.34,1.68,0.83,3.40,3.37,0.82,2.47,0.81,0.80,8.21,0.85,5.98,0.87,3.20,0.83,1.61,0.84,3.87,0.84,3.40,3.46,1.63,0.84,3.30,2.44,2.37,4.29,5.04,2.52,5.20,0.83,1.65,0.80,3.30,1.65,1.56,0.81,3.35,0.94,0.86,1.67,0.85,1.67,0.84,2.58,1.66,1.63,3.33,1.73,1.63,2.53,3.23,0.90,0.87,1.62,2.42,5.70,4.07,4.11,1.66,5.15,0.82,3.31,1.67,4.32,2.46,0.81,0.83,0.84,0.84,0.79,0.87,0.86,0.83,0.82,0.84,1.69,0.85,0.87,1.69,0.85,0.81,0.85,4.96,3.33
7	45650140	45650588	ACCATCACCTCCCCACCTCC	1.21	HG02375:4.07	0.82,4.07,0.83,0.83,0.83,1.67,1.67,1.60,1.67,0.84,1.68,1.64,0.80,1.71,1.71,2.50,1.62,1.61,0.84,1.94,2.53,3.40,2.45,0.84,1.63,0.79,1.63,0.84,1.68,1.71,1.65,1.61,1.56,1.71,1.68,1.68,0.94,0.86,2.51,0.84,0.82,1.68,0.83,0.83,2.59,3.27,0.84,0.81,0.82,4.07,1.63,0.85,3.29,2.49,2.46,2.48,0.83,1.62,0.83,0.86,0.82,0.84,1.66,0.85,0.84,0.86,3.43,3.31,0.82,0.82,0.84,1.67,0.84,1.70,0.87,0.85,0.86,1.68,0.85,1.65,0.78,0.84,0.84,1.71,3.15,1.70,1.65,1.66
20	47078666	47078939	ACCCCATCCC	1.20	HG02375:1.63	0.84,1.68,1.63,1.66,0.82,0.82,0.83,2.54
6	170483276	170484098	AACAACCCCGAACAGAGAGT	1.16	HG02375:2.44	0.81,0.83,0.83,1.63,0.82,0.85,0.85,0.80,0.84,0.84,0.81,0.79,0.85,0.84,1.65,0.84,0.83,0.84,0.83,2.53,0.81,0.90,1.74,0.81,0.81,2.44,1.63,0.86,0.83,0.83,0.84,0.79,0.84,0.83,0.86,1.64,0.84,1.67,0.84,0.85,0.82,0.85,2.55
22	19712997	19715553	ACAGCGCCCTCACCGCCCCC	1.15	HG02375:3.26	0.81,2.50,1.67,0.80,0.84,2.51,0.83,0.82,0.82,0.85,0.85,1.60,0.81,0.97,1.70,0.86,1.68,1.65,1.63,2.54,1.72,0.84,0.84,1.68,0.87,1.66,2.48,0.83,0.78,1.62,0.84,2.51,2.47,0.94,0.85,0.84,1.68,1.72,0.83,2.45,0.84,0.82,0.90,0.87,0.81,0.81,3.26,0.85,1.64,1.71,0.83,0.84,0.81,0.83,1.68,0.83,0.84,0.85,0.86,0.87,0.87,0.86,0.83,0.82,1.72,1.69,1.69,0.85,0.85,0.78,0.84,0.84,1.71,1.58,1.63,0.83,0.85
19	51314283	51315877	ACCATCCCAGGCAGGGAGG	1.14	HG02375:15.48	4.90,7.34,4.89,11.64,6.68,9.98,6.65,3.33,1.67,10.03,5.58,6.68,5.03,8.32,10.21,7.57,3.29,5.75,2.44,5.63,4.92,4.27,7.69,7.79,5.75,9.61,3.34,4.87,7.25,6.73,1.94,9.28,3.40,6.91,7.35,10.90,9.90,11.40,16.56,5.93,7.33,12.88,4.20,3.36,7.57,12.76,5.20,9.43,17.40,8.27,10.45,4.95,4.23,4.13,13.28,11.35,5.98,6.71,3.35,8.24,6.61,6.91,6.73,4.99,11.71,4.19,2.55,2.46,2.51,3.37,6.88,3.33,6.54,9.16,15.53,4.20,13.07,14.32,13.72,8.96,4.34,6.09,24.26,14.50,4.93,15.48,4.89,9.40,10.68,6.64,12.87,10.67,5.12,9.93,11.66,9.51,10.89,8.21,3.24,14.47,6.66,14.57,3.30,7.55,10.77,4.14,10.88,0.85,7.86,5.14,6.69,1.74,1.67,9.60,4.98,5.99,4.96,9.42,11.51,14.51,11.49,4.20,9.43,11.14,1.67,6.75,6.79,7.85,4.23,7.61,5.13,4.20,5.93,7.36,7.42,5.88,7.76,14.23,5.82,12.64,1.71,9.19,9.46,7.32,7.64,4.96,9.98,7.64,5.93
2	236433908	236435031	AATCAGTCCTCCACATTATG	1.13	HG02375:1.63	1.67,0.83,0.83,0.84,0.84,0.85,0.84,1.63,0.87
21	33396541	33397277	ACATATATAT	1.12	HG02375:4.07	2.50,1.70,1.64,4.06,0.85,3.46,2.45,0.81,3.42,3.33,0.84,2.50,4.07,8.30,5.74,1.70,0.86,3.38,5.13,0.81
6	28765825	28767058	ACTCCATATATATATATAT	1.11	HG02375:2.44	0.83,0.84,0.85,2.46,1.68,1.70,1.71,0.83,0.84,1.68,0.83,0.82,0.81,1.74,2.44,0.81,0.82,0.86,0.82,1.66,0.86,0.82,0.84,0.84,1.65,0.78,0.85,0.81
1	243114285	243115374	AAAG	1.10	HG02375:3.26	0.81,0.83,0.84,0.84,0.84,2.52,0.82,1.71,0.85,0.81,1.61,0.97,0.86,0.84,0.83,1.63,1.68,1.66,2.48,2.51,0.84,1.68,0.84,0.84,0.86,0.83,0.86,2.42,0.81,3.26,0.81,5.81,2.46,3.46,0.81,0.83,0.83,0.83,1.64,0.84,0.87,0.86,0.84,0.82,2.52,1.58,1.70,0.85
19	56360659	56361420	AAATTACACCGCGGCCACGG	1.09	HG02375:4.07	1.66,0.83,4.18,0.84,0.80,1.94,0.81,0.87,0.80,0.81,2.46,4.07,3.41,5.86,5.75,3.28,2.33,5.86,0.83,6.79
7	1305167	1306267	AACCCTACACAATCTCCCCC	1.09	HG02375:2.44	0.83,0.83,0.83,1.67,0.84,0.82,0.82,0.80,0.81,0.84,0.84,0.82,0.86,0.84,0.84,1.71,0.83,0.85,0.83,0.78,0.84,0.83,1.67,0.85,1.68,1.73,0.84,0.90,0.87,0.81,2.44,0.81,0.82,1.72,0.82,0.85,0.82,1.70,0.86,0.83,0.86,0.84,0.84,1.75,0.83,0.86,0.82,0.82,0.87,0.78,0.85,0.83,0.85
MT	13788	14754	AACCCT	1.09	HG02375:1.63	0.82,0.83,0.82,1.63,0.85,0.82,0.78,0.83,0.85
12	306365	306678	AGATGGATGGAT	1.08	HG02375:1.63	0.83,1.63,0.84,0.83,0.84,0.84,0.84,1.58,2.44,0.83
17	78717369	78718993	ACTAGCACTGCCCTGGCT	1.07	HG02375:2.44	0.83,0.83,0.85,0.82,0.80,0.87,1.64,0.80,0.81,0.84,0.84,1.63,1.72,0.84,1.68,0.87,0.83,0.83,0.78,0.84,0.84,0.82,0.84,0.81,0.90,1.61,2.44,2.46,0.86,0.86,1.62,0.79,2.49,0.85
4	190300694	190301011	AAGCACACGCACCTGC	1.07	HG02375:1.63	0.83,0.87,0.87,1.63,0.83,0.82,0.86,0.83,0.86
6	131802734	131803975	AAAG	1.06	HG02375:10.59	4.90,10.61,4.16,5.84,3.33,6.69,10.69,4.83,8.06,4.84,23.82,2.59,7.43,3.39,7.33,4.20,5.95,3.47,0.83,0.78,9.23,1.65,0.84,0.85,19.13,9.49,7.58,8.96,0.81,10.59,5.75,7.47,2.57,9.85,4.27,16.65,8.64,9.21
16	86922163	86923835	ATCC	1.05	HG02375:33.41	15.51,34.27,18.73,22.45,19.20,17.47,17.45,24.15,21.71,24.24,42.28,26.73,21.78,23.30,24.67,15.15,18.10,20.55,26.89,26.56,29.55,19.63,19.65,15.57,27.95,10.42,31.72,19.48,19.34,22.71,20.33,21.92,20.41,16.41,25.33,35.22,24.75,12.21,18.93,22.02,30.15,23.18,19.32,24.38,15.97,22.96,28.62,24.00,23.20,25.64,29.73,16.51,23.71,30.58,32.82,24.32,15.38,26.01,26.81,18.95,27.37,23.32,23.54,26.62,7.53,23.48,27.25,18.07,17.59,18.53,18.07,36.60,22.07,24.98,14.66,21.01,23.68,26.12,23.40,23.30,18.25,14.79,22.64,16.92,22.99,33.41,26.05,17.94,31.22,18.27,16.30,15.59,24.77,17.37,15.82,19.02,22.61,18.89,18.65,22.12,22.49,21.42,28.84,29.37,25.67,27.33,23.44,26.43,18.08,16.28,20.90,18.28,35.97,16.59,26.56,26.53,30.62,18.85,25.65,29.60,29.02,33.66,21.82,21.44,15.42,28.39,27.00,22.92,26.17,30.45,24.52,31.66,27.73,26.27,18.81,20.61,15.96,20.18,27.63,17.47,19.38,19.65,31.76,29.17,30.91,17.83,20.68,24.11,22.07,17.78
19	3173949	3174334	AACACAGGCGTCCCATGAG	1.03	HG02375:1.63	0.83,0.84,0.87,0.81,1.63,0.85,0.86,1.62,1.71,0.82
9	78040588	78041639	AAGGAAGTGAGGGAGG	1.02	HG02375:4.07	2.50,4.73,1.68,2.52,0.83,0.90,1.62,1.64,4.07,0.81,3.33,1.68,1.67,1.57,0.84,1.67,2.62,1.71,2.48,2.57,1.67,0.84,0.85,4.23,1.69,1.64,2.47,4.20,3.11,0.84,0.79,3.40,4.99,2.55
14	84401909	84402814	AAAG	1.02	HG02375:2.44	2.50,0.80,0.81,0.81,1.72,0.84,0.84,0.83,1.65,2.59,0.82,0.90,1.74,1.62,0.81,2.44,0.81,0.85,0.82,2.48,0.81,0.87,0.85,0.85,0.83,1.66
12	33115758	33116071	AG	1.02	HG02375:1.63	0.84,0.84,1.71,2.46,1.63,0.85,2.57,0.83,0.85,0.85
18	75381111	75382038	ACGCCAGTCTCTGCCCC	1.01	HG02375:4.89	0.82,3.26,1.63,1.66,0.83,1.66,2.49,0.83,2.51,1.60,3.34,1.66,2.52,1.65,3.29,0.80,0.82,3.42,1.73,0.80,2.43,1.61,0.84,3.87,2.53,1.70,1.73,0.82,2.48,1.63,1.58,1.69,2.44,2.58,2.52,4.20,2.52,2.55,0.87,0.83,4.02,1.69,0.83,0.78,3.24,2.56,4.12,1.89,0.84,0.83,0.84,2.52,2.55,2.46,2.51,0.84,3.33,1.63,0.84,0.82,0.84,1.61,0.90,0.87,1.74,1.62,0.81,0.82,4.89,2.44,1.64,1.66,2.57,0.85,0.83,2.50,0.86,1.67,1.64,0.81,1.70,0.83,2.57,2.47,2.52,4.14,3.31,2.51,2.36,2.57,0.84,0.87,1.67,1.75,3.32,1.71,0.83,2.57,1.65,2.47,1.71,4.10,0.86,6.68,2.53,0.87,3.38,1.69,1.71,0.84,1.69,4.91,1.65,2.52,1.55,5.02,1.66,1.71,3.34,1.63,0.85,1.65,0.83,0.85,2.54
10	129595104	129596101	ACCCTCCATCCATCCCCC	1.01	HG02375:3.26	0.82,3.26,0.81,1.66,0.83,1.67,0.84,0.85,1.71,0.80,0.83,0.81,0.84,0.85,1.63,1.68,3.15,0.85,0.81,0.86,0.84,0.85,0.87,0.86,3.31,0.83,2.34,0.81,0.85,0.94,1.73,0.84,0.82,0.84,0.84,1.67,0.86,0.84,0.81,0.87,1.62,0.81,0.82,3.26,0.81,0.85,0.83,2.46,0.83,1.67,0.81,1.68,0.83,2.36,0.86,0.84,1.75,0.83,0.86,0.83,1.64,0.82,0.84,0.84,0.85,0.87,0.82,0.78,0.83,1.71,0.84,2.37,1.63,3.40,1.65
4	118986809	118988152	AACATATAATATAT	1.01	HG02375:3.26	0.81,1.66,0.83,1.60,0.84,0.84,1.64,2.44,2.46,0.85,0.85,0.87,2.40,0.83,0.81,5.81,3.37,0.85,0.86,1.63,1.63,1.58,1.69,0.81,1.68,1.68,1.73,0.83,2.41,0.85,0.83,1.68,1.65,1.73,1.68,1.66,1.67,0.85,0.84,1.66,0.82,1.63,0.84,3.23,0.81,1.64,3.26,2.44,0.85,0.86,0.82,1.65,1.67,0.84,0.85,0.87,2.57,0.82,1.71,1.69,0.85
18	77530375	77531970	ACGCCGTCCTCCCCTCC	1.00	HG02375:8.96	5.71,1.63,1.63,3.34,1.66,1.67,3.34,4.18,0.80,8.35,3.35,1.66,2.55,0.84,7.40,0.82,3.26,4.02,2.46,0.85,1.71,5.19,4.93,4.81,1.67,3.25,4.03,1.68,5.81,5.90,0.85,3.46,3.27,5.03,2.48,2.44,2.37,2.54,4.07,4.29,1.68,4.20,5.04,6.80,0.87,0.86,6.63,1.65,2.41,1.65,4.23,5.79,3.91,4.86,1.71,4.19,4.19,4.12,4.72,1.73,3.36,4.99,3.35,4.19,1.70,3.29,1.67,7.58,2.58,4.16,4.90,5.83,5.18,1.68,4.90,3.37,3.23,6.27,2.61,0.87,6.47,0.81,1.64,8.96,4.89,3.42,4.93,1.66,3.43,5.74,0.85,0.83,3.46,0.84,2.46,3.24,5.11,4.17,3.43,3.30,5.87,3.31,5.80,3.41,2.36,7.71,4.18,3.48,2.51,0.87,4.15,2.57,10.76,1.71,4.14,6.58,5.12,9.03,8.39,5.15,3.43,8.35,3.38,3.40,6.11,4.23,5.92,5.13,7.56,5.08,4.91,4.95,5.88,2.33,14.23,7.49,3.37,3.42,1.67,5.52,13.83,4.96,7.48,4.24,2.54
