motif	top_case_zscore	high_case_counts	all_counts
AACCCTAACCCTCACCCT	15.93	HG02384:23.00	0.82,5.84,0.83,1.67,0.83,3.34,1.60,1.67,2.51,0.83,0.85,2.52,0.82,4.11,2.44,4.02,0.82,0.85,1.73,3.29,2.40,1.67,1.62,0.81,5.05,1.94,5.10,2.59,9.81,3.35,1.65,3.26,7.10,2.54,3.26,1.72,0.84,1.68,1.70,4.34,1.66,0.83,7.23,0.83,6.61,9.38,4.86,0.85,1.68,4.12,0.94,0.84,5.82,2.46,4.19,4.21,1.72,4.16,2.45,3.33,5.18,1.68,4.08,1.69,4.84,0.90,6.08,5.22,2.43,5.64,2.46,1.63,4.89,23.00,3.32,2.57,3.28,6.83,0.83,2.50,0.86,2.51,2.46,1.62,5.96,7.50,4.28,5.77,0.83,1.66,0.84,3.41,4.72,1.67,0.84,0.87,4.15,2.57,3.43,1.65,2.47,2.56,3.28,0.84,2.57,0.86,1.67,3.38,1.70,1.74,5.07,1.71,3.36,5.08,0.82,0.82,2.52,13.20,0.84,3.37,0.85,4.73,0.81,0.83,2.49,10.18,5.08
ACCCTC	12.30	HG02384:25.47	1.63,4.90,2.44,6.65,2.50,3.33,6.66,1.67,7.52,5.58,7.52,2.51,1.66,4.25,1.68,7.40,3.29,7.33,3.22,0.82,0.85,6.83,1.73,3.29,3.20,6.68,2.43,12.09,2.52,2.90,2.53,9.36,7.78,1.63,14.26,3.30,8.14,14.20,3.39,1.63,12.02,0.84,8.41,6.73,7.65,6.94,8.57,4.14,8.27,9.64,3.30,7.62,3.31,3.91,2.43,4.27,1.68,5.77,4.72,1.73,2.52,4.99,6.69,0.84,5.11,2.46,5.02,3.37,1.72,3.33,6.54,4.16,2.59,5.04,6.53,1.69,15.33,8.07,7.82,12.18,16.17,4.83,9.03,12.22,4.07,1.71,25.47,4.98,10.30,5.74,5.98,6.62,8.33,3.46,6.70,8.21,1.62,3.40,2.50,1.71,3.30,1.68,7.45,2.51,3.41,12.57,2.57,2.51,2.61,0.87,4.98,3.42,3.31,4.28,4.14,0.82,5.97,9.03,5.15,6.85,7.52,5.91,4.24,4.36,5.08,6.77,12.84,1.68,5.08,16.35,0.82,10.08,12.42,6.70,14.14,2.53,3.42,4.18,1.58,13.83,7.64,4.14,4.16,2.55,2.54
AAGAAGAAGAAGCAG	5.08	HG02384:6.57	0.82,0.81,5.78,6.51,0.86,6.73,0.82,6.57,0.83,0.86,0.86,0.85,0.84,0.85,0.83
AAGGGATAGACAGGGG	4.67	HG02384:13.14	4.08,3.26,2.44,0.83,5.82,4.16,13.37,7.52,1.68,4.99,0.85,3.37,5.76,1.64,1.63,7.24,2.46,4.27,0.82,4.06,0.82,2.44,8.68,0.85,8.15,2.58,3.40,0.86,2.49,1.65,1.65,1.69,3.91,4.05,5.03,0.94,1.67,1.70,4.11,3.35,5.89,5.72,0.83,0.84,2.45,0.81,0.87,0.81,0.82,0.81,0.81,13.14,2.49,0.86,0.82,5.12,3.31,3.35,0.82,0.81,5.11,9.89,4.14,8.28,4.19,0.85,0.79,0.86,0.84,4.35,6.98,1.66,6.85,10.76,5.14,3.41,4.10,2.52,2.57,1.67,8.44,3.49,5.92,0.85,1.68,7.63,3.30,0.78,9.15,5.98,2.51,9.46,8.95,0.85,0.83,5.08
ACCCAGCCCCCAGCCCAGT	4.05	HG02384:8.22	0.82,0.82,4.07,2.49,3.34,2.49,1.67,0.83,2.51,0.80,2.51,1.68,3.33,0.85,3.29,1.63,0.80,4.10,2.56,0.85,0.87,3.29,3.20,3.34,1.62,3.22,0.84,0.97,0.84,0.85,2.59,3.27,1.68,1.65,2.44,3.15,1.69,1.63,1.72,2.52,0.84,4.20,0.85,3.47,3.31,1.65,2.41,2.48,2.48,1.56,1.62,1.71,1.68,3.30,0.94,2.52,2.50,2.51,1.68,3.41,0.82,0.84,0.84,2.58,0.83,0.82,1.73,2.52,5.72,1.69,3.23,0.90,0.87,1.74,2.43,1.61,4.93,1.63,3.26,8.22,1.66,2.57,6.56,2.56,1.65,3.33,0.86,4.19,2.46,0.81,2.55,3.33,1.71,2.47,1.66,2.48,3.41,3.14,1.67,1.74,1.67,0.87,2.49,3.42,2.48,2.57,0.83,1.64,3.41,1.64,0.84,1.67,4.22,0.85,2.62,2.54,1.69,2.57,2.52,0.85,1.64,2.47,1.68,3.11,2.51,2.50,2.53,1.71,2.51,6.31,0.81,2.55,1.65,4.16,1.70,2.54
AATCCCAATTGATGGAG	3.74	HG02384:14.79	0.82,2.44,4.99,1.66,3.34,5.03,3.40,13.15,4.33,4.01,2.42,0.97,3.37,1.70,2.59,7.35,10.06,7.43,3.94,1.63,1.72,2.52,2.55,0.86,3.31,12.70,4.96,1.56,3.42,0.84,2.47,1.64,6.66,1.63,0.83,1.73,3.36,3.27,1.69,1.61,2.61,0.87,1.61,1.63,2.44,14.79,0.83,2.56,3.35,4.11,2.43,2.57,4.20,0.83,4.19,0.85,5.02,3.31,2.57,6.62,1.64,10.91,2.57,7.64,1.74,3.38,16.81,1.69,0.82,3.30,0.84,0.84,2.53,1.67,0.81,2.54
ACACATATATATG	3.60	HG02384:20.54	14.69,6.53,1.63,26.61,5.84,9.15,1.66,5.83,15.86,6.69,7.98,8.35,0.84,17.47,0.85,2.47,5.75,4.07,16.90,1.64,3.41,2.56,1.73,1.64,2.40,1.67,1.62,2.42,6.78,1.69,11.91,3.46,4.90,13.42,4.13,1.63,5.93,0.81,9.44,2.52,1.68,13.45,3.40,3.47,3.43,4.97,11.58,3.21,0.83,5.93,2.48,3.91,8.92,3.36,3.35,4.94,0.94,7.77,5.04,9.15,7.66,0.82,2.51,1.68,2.58,5.82,4.90,5.83,6.72,8.17,9.27,2.42,1.79,4.34,6.96,5.66,25.78,16.42,0.81,7.33,1.71,20.54,5.81,0.86,6.83,4.14,10.82,6.05,3.35,3.29,3.24,1.70,1.67,1.71,1.65,0.83,0.84,0.85,0.79,5.14,15.67,3.35,11.35,0.83,3.31,16.22,2.52,3.43,3.43,2.51,0.85,12.84,2.52,9.81,0.84,10.05,0.83,8.43,2.44,6.79,3.31,0.83,1.70,0.85
AAGGAAGGGAAGGAGG	3.53	HG02384:19.72	6.53,5.84,4.16,3.32,1.67,5.85,2.51,5.82,3.40,3.37,5.76,3.29,2.41,4.92,2.60,6.41,10.02,4.06,5.89,4.84,14.69,9.81,5.87,4.13,17.10,15.77,2.54,5.70,11.16,4.20,9.25,15.97,8.50,4.34,2.57,12.43,11.58,4.13,3.39,3.13,5.87,4.72,1.68,3.35,5.82,7.36,4.16,2.59,5.88,4.08,7.58,13.72,2.69,6.95,7.83,27.49,5.64,0.82,11.41,8.96,4.27,19.72,0.83,3.43,8.21,6.83,4.96,13.32,7.78,6.70,4.11,17.03,5.11,0.86,0.84,7.07,0.87,1.71,0.83,1.65,1.64,4.20,6.85,5.06,3.49,4.23,4.23,1.69,0.83,7.69,3.34,7.88,1.63,1.70,0.83,6.79
AATGAGTGAGCGGGGAGAGG	2.78	HG02384:87.90	9.80,43.25,8.14,17.46,25.87,7.49,55.69,9.16,10.02,31.76,20.74,6.68,19.27,24.96,12.76,21.04,63.33,27.12,19.56,10.46,1.64,46.08,8.54,19.90,25.48,16.83,24.20,18.67,33.04,30.28,13.55,4.22,40.83,18.14,13.07,19.29,18.15,21.17,35.49,2.54,42.38,12.02,44.52,15.97,9.25,19.56,19.94,3.43,19.88,18.20,4.02,4.95,38.11,27.27,6.25,47.02,0.85,79.70,4.19,18.95,88.73,8.64,27.74,66.54,18.41,25.16,6.81,23.82,3.35,24.42,55.93,43.26,14.71,14.99,1.73,10.92,5.72,7.58,19.36,8.96,13.90,26.11,5.66,31.42,9.85,29.34,22.80,42.72,87.90,36.54,36.89,27.90,29.04,31.43,1.67,0.86,71.18,21.35,46.21,28.93,19.99,46.27,3.30,3.36,1.66,1.66,38.51,4.72,0.86,4.18,3.48,10.04,1.75,2.57,2.48,58.74,15.62,17.07,22.16,1.68,4.29,0.86,1.67,3.38,83.19,85.50,3.38,32.14,1.71,0.84,38.98,42.52,75.04,7.56,38.82,30.14,4.16,0.84,12.82,15.04,38.63,21.97,22.08,13.24,28.27,6.79,22.02
AAGGCTCCTGACCCCACCC	2.69	HG02384:27.93	16.33,12.24,11.40,14.97,2.50,15.81,14.96,9.99,11.69,13.37,8.77,18.37,15.92,16.64,8.51,14.31,14.81,8.22,11.41,12.07,13.95,10.24,8.54,17.30,6.58,23.24,15.02,25.16,12.89,1.68,11.62,14.34,16.16,18.14,13.07,16.77,15.68,21.17,18.14,16.09,12.22,12.02,15.96,16.81,19.33,9.35,18.21,7.72,6.63,6.62,21.70,9.91,9.32,16.53,20.32,20.27,12.81,7.55,12.57,14.01,7.55,10.36,9.25,20.79,18.41,6.71,15.33,5.75,11.72,13.47,11.19,14.97,10.62,14.16,14.66,8.40,17.96,21.06,17.75,17.03,16.51,13.92,16.17,24.97,7.39,22.82,18.73,9.40,27.93,12.46,16.30,22.16,29.04,9.10,18.32,8.64,20.10,14.78,17.03,15.32,7.50,5.14,9.07,14.27,14.08,16.57,9.21,11.08,18.86,9.43,10.03,8.70,6.69,5.24,17.43,9.41,5.79,26.56,22.34,13.15,6.83,11.49,17.63,6.00,6.85,20.04,6.75,10.19,6.98,16.92,3.38,11.12,7.56,7.63,20.44,21.44,15.12,19.41,45.21,12.48,11.80,17.09,13.37,24.44,46.37,16.99,7.45,10.81,22.07,10.16
AGCGCGGGAGGCGCAGGC	2.61	HG02384:11.50	4.08,0.81,5.82,5.84,7.49,2.49,2.51,1.68,1.66,3.29,4.93,3.26,2.41,7.68,0.85,4.01,8.35,0.84,5.90,1.70,3.35,7.33,2.44,2.58,2.52,1.68,0.87,0.83,3.21,1.65,4.96,1.62,0.85,2.52,0.84,2.47,0.86,0.84,1.66,8.37,1.64,0.84,0.83,0.86,1.63,0.84,4.03,1.79,3.48,5.66,1.71,11.50,1.66,3.43,1.64,4.27,1.67,1.73,4.19,2.43,8.33,0.86,8.24,2.52,6.63,6.70,0.85,11.00,6.00,7.83,5.86,2.62,8.30,3.42,4.14,1.71,12.41,5.75,3.41,6.57,0.84,5.15,2.57,5.85,2.55,2.62,0.85,5.99,4.20,3.39,4.09,3.36,10.09,0.83,4.21,9.40,3.34,3.15,2.44,6.79,2.48,0.83,10.18,10.16
ACCCTCTCC	2.08	HG02384:13.14	0.82,3.26,13.03,0.83,1.67,0.83,0.83,1.67,5.84,2.51,0.80,1.67,0.84,1.66,2.55,1.68,4.11,11.41,3.22,0.82,3.41,4.27,0.80,8.35,0.81,2.42,6.73,1.70,2.59,1.65,11.40,0.85,2.44,1.68,2.52,0.85,4.34,4.97,1.61,8.26,37.51,0.81,9.40,3.36,9.22,12.36,7.55,3.45,3.33,1.67,0.84,0.85,7.54,6.74,0.86,10.81,0.82,3.33,1.73,0.84,0.82,0.84,9.68,5.21,2.61,2.44,2.56,13.14,0.86,3.28,0.85,0.83,4.16,5.19,1.67,1.64,2.55,0.84,20.43,1.71,0.83,1.71,3.31,0.82,0.82,0.86,0.84,0.87,3.38,2.57,6.54,2.50,8.36,1.70,4.96
AGG	1.96	HG02384:101.87	52.25,37.54,62.69,56.54,34.22,41.60,40.73,29.98,48.43,57.67,40.68,50.11,39.37,42.43,47.65,55.54,64.98,46.85,32.60,41.05,64.02,40.96,47.84,38.93,29.59,44.87,43.40,65.74,48.35,38.69,37.76,32.89,43.38,52.70,55.56,46.12,47.85,61.88,114.37,42.34,39.93,48.08,45.36,38.67,68.93,41.67,60.70,44.58,63.79,38.88,97.24,23.12,38.96,52.89,101.59,37.29,35.02,48.66,44.40,53.56,44.36,37.13,42.87,63.21,43.51,31.87,34.92,43.53,47.73,48.00,31.84,51.58,58.85,38.30,32.78,37.81,62.06,41.28,75.04,34.95,43.44,47.86,59.84,62.83,45.98,67.64,61.88,43.58,101.87,55.64,54.91,62.36,52.10,35.57,54.12,29.39,40.20,35.32,60.81,33.19,43.32,34.28,39.56,49.51,46.38,72.89,34.33,29.84,75.45,48.85,32.60,53.97,34.30,48.89,50.63,40.23,54.61,55.68,47.99,41.11,52.06,63.21,52.88,27.44,28.27,59.30,35.44,40.75,46.24,37.22,46.51,36.79,47.89,50.00,101.40,46.18,36.12,76.85,94.61,37.43,42.14,59.81,68.54,77.26,99.25,45.01,28.95,74.00,37.34,40.64
AACCCACTCCCAAGATAACT	1.84	HG02384:5.75	2.45,0.83,0.83,1.66,2.50,1.60,1.66,4.21,2.47,1.64,0.85,3.29,1.60,1.62,0.84,0.97,2.55,1.73,1.63,1.68,1.65,1.58,3.39,1.63,0.86,2.52,1.68,1.70,1.73,1.71,1.66,0.83,0.80,1.69,0.83,0.78,1.71,1.68,0.84,1.65,1.89,0.84,3.33,0.84,4.19,1.70,1.64,2.51,0.84,1.66,2.45,2.59,0.84,1.63,0.84,0.81,2.69,1.62,3.22,0.81,0.81,1.71,5.75,2.49,1.72,1.64,1.71,2.48,2.51,2.46,0.81,1.70,1.71,1.68,0.83,3.35,2.56,1.57,0.86,4.18,2.61,4.36,2.49,0.83,3.43,2.48,1.71,1.64,1.68,4.29,1.71,1.67,1.69,3.40,2.62,2.54,1.69,0.86,1.68,0.85,1.65,0.84,4.66,0.84,5.90,2.56,0.84,2.37,3.25,4.25,2.48,2.55,1.69
AAAGG	1.58	HG02384:56.68	13.06,8.98,47.22,3.33,0.83,10.82,8.31,4.16,32.56,27.58,19.94,24.22,26.80,12.48,16.17,4.21,12.34,26.30,34.23,5.63,18.06,6.83,17.09,15.57,32.06,5.61,12.52,19.48,6.45,15.98,10.65,12.65,13.61,26.78,26.15,15.09,29.70,96.08,33.92,31.33,11.41,28.33,5.88,30.27,36.99,34.87,13.87,6.86,76.21,11.58,85.99,13.21,15.24,50.41,18.75,13.78,2.56,7.55,14.24,11.54,0.94,19.86,53.80,4.99,11.71,36.06,17.88,16.43,10.05,12.63,18.07,8.32,36.78,15.82,5.18,15.96,9.80,52.24,16.94,17.03,43.44,22.63,59.03,4.03,24.63,23.63,13.84,21.36,56.68,10.80,14.59,39.39,48.68,35.57,16.65,44.09,37.69,19.71,12.16,38.29,7.50,2.57,9.07,4.20,8.28,26.51,53.58,18.75,44.80,12.00,7.52,8.70,8.37,16.59,6.64,2.57,15.72,14.56,6.62,7.40,10.24,14.78,15.95,3.43,11.14,3.34,16.03,1.74,2.54,5.07,12.84,7.56,11.02,34.34,23.09,6.72,20.96,15.91,18.30,15.17,11.11,22.57,8.67,19.52,12.74,7.45,2.49,12.73,0.85
AGCAT	1.48	HG02384:16.43	2.49,11.91,4.01,11.28,9.25,3.35,16.31,8.40,13.45,16.48,5.80,38.57,1.66,11.66,8.63,5.90,0.81,9.70,21.19,5.98,16.43,12.46,8.58,6.66,19.88,4.93,13.78,5.79,5.04,6.74,8.14
ACACATAGCCTGCGTGG	1.44	HG02384:1.64	0.84,1.64,0.84,0.86,0.84,0.82
ACGCCTGCTCTCACTGG	1.29	HG02384:10.68	0.82,5.71,1.63,8.31,5.01,6.66,4.16,0.83,5.01,5.01,1.60,4.18,2.51,6.66,8.51,6.73,7.40,6.58,2.44,8.05,4.92,9.39,2.56,2.60,1.64,4.81,2.50,3.25,6.45,6.73,6.78,5.06,11.06,4.32,5.72,6.71,7.43,3.26,4.73,5.93,9.78,5.15,5.04,3.36,5.04,5.95,10.41,4.29,4.97,4.96,4.82,4.13,5.08,4.13,9.38,8.11,5.98,4.19,5.03,9.06,2.83,5.18,4.20,9.15,9.20,5.03,5.96,3.29,3.35,3.37,2.58,9.15,7.36,4.16,3.45,1.68,3.27,5.90,3.23,1.79,1.74,8.70,6.47,4.03,6.57,3.26,2.44,5.13,10.68,9.14,5.15,3.42,6.62,6.66,6.05,3.35,4.93,7.30,8.51,5.83,3.43,0.82,5.03,1.66,6.63,4.19,8.52,8.65,3.43,6.69,6.09,6.69,6.11,8.30,5.14,0.83,6.00,2.48,11.10,4.10,6.72,3.43,3.43,4.18,5.91,3.40,5.23,6.77,3.38,5.99,7.56,2.54,4.91,1.65,4.20,5.43,6.70,3.33,1.69,2.56,3.34,8.67,8.95,5.10,2.48,6.65,11.03,5.93
AACCCTCACCCTCACCCT	1.29	HG02384:4.93	6.51,0.83,4.17,1.66,0.83,0.80,0.84,0.84,1.64,0.81,0.82,2.43,1.61,0.84,0.85,0.86,0.84,3.30,2.44,4.73,2.54,1.72,0.84,1.68,1.70,2.60,1.71,1.66,0.83,0.80,3.31,2.34,0.81,2.47,0.94,3.36,0.83,1.64,1.67,1.72,0.83,0.83,0.86,2.52,3.27,1.69,3.23,1.79,4.35,2.43,2.42,0.82,1.63,1.63,4.93,1.72,0.82,0.85,0.83,0.83,1.67,2.46,0.81,2.55,4.17,0.86,2.47,1.66,0.84,1.70,6.29,0.86,2.51,2.62,0.83,1.71,0.83,0.86,0.83,2.47,3.28,1.68,1.67,0.84,0.85,3.38,0.85,2.52,3.27,3.36,0.78,0.84,3.33,1.71,3.25,2.49,1.69
AAATAAATACAGTATTTAT	1.08	HG02384:9.04	1.63,1.66,10.02,4.79,4.19,5.89,3.29,5.63,6.41,4.17,7.25,5.81,5.06,7.66,4.32,1.63,2.52,4.95,9.46,1.69,2.44,6.87,0.84,1.70,8.67,4.29,0.83,4.14,6.60,4.23,1.71,9.03,1.67,2.53,5.72,1.67,0.86,3.36,1.69,4.48,1.74,1.62,4.83,3.26,0.85,9.04,4.29,2.46,4.27,4.16,1.73,8.92,2.55,4.19,1.67,2.62,4.98,0.86,3.31,4.28,3.31,3.29,4.93,2.52,2.57,9.19,9.41,5.43,0.84,0.79,0.85,1.65,2.49
ACATATATATGGT	1.06	HG02384:3.29	1.63,1.63,2.50,1.66,2.47,0.81,0.82,3.42,0.81,1.94,1.69,0.85,1.73,0.86,0.84,3.36,1.70,0.86,1.69,0.83,1.71,0.84,4.20,1.66,1.68,1.70,0.82,1.68,0.83,0.87,1.62,2.42,1.63,3.29,1.65,0.86,0.83,2.47,2.51,0.84,0.86,0.82,1.55,0.83,0.84
AATGTCCGAGGCTGCGGTGT	1.03	HG02384:27.93	16.33,20.40,18.73,12.47,7.51,20.80,14.96,8.33,11.69,16.72,15.95,13.36,10.89,30.78,9.36,16.83,14.81,18.08,18.74,9.66,25.44,21.33,5.98,13.84,5.75,20.03,21.70,25.97,8.86,18.50,9.68,10.96,9.36,17.28,10.62,16.77,5.78,18.73,11.83,6.77,16.30,16.31,9.24,21.02,9.25,8.50,12.14,9.43,22.37,9.93,12.05,4.13,12.70,12.40,14.07,19.46,12.81,10.91,18.43,31.31,11.33,12.09,12.61,23.29,14.23,11.74,9.37,9.86,12.56,10.11,12.91,13.31,14.71,9.16,2.59,10.92,17.96,16.01,14.52,8.96,6.95,14.79,8.90,16.92,12.32,9.78,16.28,13.67,27.93,12.46,6.86,8.21,9.39,17.37,14.99,20.75,34.34,11.50,15.40,18.72,9.16,12.85,12.36,18.46,25.67,35.62,10.05,8.52,7.07,7.71,17.56,12.19,4.18,10.48,11.62,25.68,7.45,12.85,12.41,18.91,10.24,13.13,10.07,10.29,9.42,11.69,20.25,10.19,17.45,13.54,13.53,18.83,10.08,22.88,31.07,9.07,18.48,6.99,5.02,6.65,12.64,15.38,16.72,25.23,15.46,11.89,15.72,14.13,7.64,8.47
