motif	top_case_zscore	high_case_counts	all_counts
AAGAGGGAGAAGGAG	13.91	HG02771:20.43	5.77,3.35,20.43,0.86,0.82,25.20
AAAGGAG	8.31	HG02771:9.43	1.63,0.83,0.83,1.70,0.84,0.85,0.83,0.87,0.84,0.84,0.85,0.82,0.85,0.83,9.43,0.83,0.86,0.83,0.84,0.84,0.85,0.85,0.85,3.30,0.78,4.16,0.85,1.58,1.63
ACCCTCTCC	7.03	HG02771:20.43	0.82,3.26,13.03,0.83,1.67,0.83,0.83,1.67,5.84,2.51,0.80,1.67,0.84,1.66,2.55,1.68,4.11,11.41,3.22,0.82,3.41,4.27,0.80,8.35,0.81,2.42,6.73,1.70,2.59,1.65,11.40,0.85,2.44,1.68,2.52,0.85,4.34,4.97,1.61,8.26,37.51,0.81,9.40,3.36,9.22,12.36,7.55,3.45,3.33,1.67,0.84,0.85,7.54,6.74,0.86,10.81,0.82,3.33,1.73,0.84,0.82,0.84,9.68,5.21,2.61,2.44,2.56,13.14,0.86,3.28,0.85,0.83,4.16,5.19,1.67,1.64,2.55,0.84,20.43,1.71,0.83,1.71,3.31,0.82,0.82,0.86,0.84,0.87,3.38,2.57,6.54,2.50,8.36,1.70,4.96
ACACCCTCCATCCATCCC	6.57	HG02771:26.72	5.71,6.53,14.66,2.49,5.01,4.16,8.31,4.16,3.34,7.52,9.57,0.84,2.51,5.82,7.66,5.05,6.58,10.69,4.89,8.85,3.28,4.27,3.42,8.22,10.42,9.18,13.80,11.28,10.93,7.74,10.12,5.95,6.05,9.81,10.90,13.20,14.66,22.87,9.32,8.15,7.73,9.24,12.61,5.04,8.50,11.27,4.29,4.96,16.88,4.95,6.77,6.61,26.57,14.59,0.85,1.68,2.51,4.94,5.66,3.45,2.52,8.32,6.69,5.03,4.26,9.03,4.19,9.26,10.33,15.81,1.63,3.33,5.18,8.40,5.72,8.43,20.98,2.69,7.82,6.09,15.36,14.50,9.85,17.11,13.03,6.84,1.64,2.49,7.72,7.39,12.41,4.16,6.92,10.89,2.46,10.54,0.85,1.67,12.00,4.94,7.55,10.88,5.11,26.72,6.86,5.85,5.22,6.69,5.24,6.64,8.56,3.43,6.62,1.64,10.24,4.10,7.55,8.58,8.35,1.69,8.49,4.36,7.61,1.69,1.71,5.93,16.35,5.77,10.08,14.75,13.40,3.33,6.74,6.84,12.54,14.19,21.97,9.34,9.10,5.82,2.55,7.62
ACACGGGACGGAGCAGAG	6.11	HG02771:8.65	3.27,1.63,0.81,0.83,0.84,0.84,0.83,0.84,1.61,0.82,0.85,1.64,2.43,0.97,0.86,2.45,0.84,0.84,0.87,0.83,7.81,3.24,3.42,0.84,0.94,0.83,1.68,0.85,1.68,0.86,0.86,0.84,0.82,0.85,1.64,0.84,1.62,0.85,0.83,0.82,2.51,8.65,1.67,1.66,0.83,0.83,5.01,2.55,0.85,0.86,0.84,0.83,1.71,2.37,0.81,1.70
AAGGGAGAGAGAGGGAGG	5.43	HG02771:7.07	4.08,0.83,3.34,1.65,0.82,0.97,0.86,0.82,5.86,0.94,0.85,9.86,0.84,4.30,0.90,0.85,0.82,0.86,0.83,1.62,0.85,0.86,7.07,0.85,0.85
ACATACATATGTATC	4.94	HG02771:5.50	0.82,5.50,0.83,0.85,0.86,2.57,1.69,2.45,0.85
AATGAGTGAGTGAGGAGAGG	4.18	HG02771:123.39	57.15,7.34,63.51,4.16,10.02,30.78,19.95,4.16,40.08,39.28,3.19,31.74,15.08,9.15,22.97,11.78,41.95,4.93,0.81,46.69,49.24,22.18,52.97,4.33,29.59,66.50,4.17,4.06,8.86,5.81,43.85,13.61,22.46,26.15,5.87,23.93,58.63,29.18,33.03,2.44,7.73,23.52,13.45,26.06,11.91,5.20,33.43,21.54,21.51,58.66,18.16,9.32,34.71,45.32,16.21,71.75,27.69,43.56,28.02,14.16,17.27,35.31,6.65,46.86,11.74,3.41,4.11,15.07,47.16,9.47,1.66,13.08,31.64,40.54,21.01,39.20,30.33,32.27,40.33,22.59,2.61,52.56,0.81,18.06,6.52,10.58,3.42,19.72,34.05,6.86,18.87,21.35,19.85,30.81,22.48,10.05,23.82,68.92,23.83,63.31,33.42,89.00,24.34,79.51,149.92,3.35,91.21,123.39,63.42,67.71,61.80,69.44,96.03,62.25,79.60,51.30,38.55,5.79,57.55,30.73,36.94,47.85,50.60,44.55,50.94,104.63,8.49,1.74,88.83,50.74,42.78,92.43,16.95,33.53,50.30,36.12,68.31,113.87,61.55,85.96,61.52,28.42,110.38,17.90,11.04,53.77,11.64,42.44,36.41
AATGCGGGGAGGACGAGG	2.78	HG02771:7.07	0.82,0.81,1.66,2.50,5.82,1.67,0.83,0.80,0.84,1.68,0.83,1.70,1.68,2.47,0.82,2.44,0.82,0.85,1.67,4.06,3.22,1.68,2.90,2.55,0.86,2.45,1.68,1.65,0.81,0.79,1.69,4.07,0.86,2.52,1.68,3.36,0.85,0.87,0.86,1.66,1.65,3.21,2.54,2.48,2.43,2.56,1.68,0.84,2.47,0.94,5.82,1.67,1.68,1.70,0.84,0.86,0.83,0.82,2.52,3.27,0.84,4.03,1.79,0.87,0.87,1.62,0.81,1.64,1.63,3.26,1.71,0.82,0.83,0.82,0.83,3.33,1.73,0.84,0.82,2.43,3.40,0.83,0.86,0.82,0.83,0.83,1.67,1.70,7.07,1.71,0.84,1.74,2.51,4.36,1.66,1.71,1.65,0.83,0.82,0.85,3.28,0.86,0.86,5.01,2.53,0.85,0.85,3.36,0.82,2.52,1.55,13.40,2.50,0.84,0.85,2.51,2.44,5.94,4.14,1.66,0.85
AACCCTCACCCTCACCCT	2.60	HG02771:6.29	6.51,0.83,4.17,1.66,0.83,0.80,0.84,0.84,1.64,0.81,0.82,2.43,1.61,0.84,0.85,0.86,0.84,3.30,2.44,4.73,2.54,1.72,0.84,1.68,1.70,2.60,1.71,1.66,0.83,0.80,3.31,2.34,0.81,2.47,0.94,3.36,0.83,1.64,1.67,1.72,0.83,0.83,0.86,2.52,3.27,1.69,3.23,1.79,4.35,2.43,2.42,0.82,1.63,1.63,4.93,1.72,0.82,0.85,0.83,0.83,1.67,2.46,0.81,2.55,4.17,0.86,2.47,1.66,0.84,1.70,6.29,0.86,2.51,2.62,0.83,1.71,0.83,0.86,0.83,2.47,3.28,1.68,1.67,0.84,0.85,3.38,0.85,2.52,3.27,3.36,0.78,0.84,3.33,1.71,3.25,2.49,1.69
AACCACGGAGAGCACGCT	2.26	HG02771:8.65	2.45,5.70,0.83,3.34,4.99,1.66,1.67,4.17,1.67,3.19,0.84,0.83,1.70,4.21,2.47,3.29,2.44,3.22,2.46,0.85,1.71,1.73,1.64,1.60,1.67,1.62,1.61,1.68,0.97,2.55,1.73,0.82,0.84,1.65,3.26,1.58,1.63,1.72,4.20,3.36,1.68,1.73,1.71,1.66,1.65,1.61,0.83,1.69,2.48,3.13,0.81,0.85,3.36,5.03,1.65,2.83,1.73,1.68,0.83,1.67,0.84,3.29,1.68,3.44,4.16,2.45,0.83,5.18,2.52,3.27,1.69,5.65,1.79,4.34,1.74,2.43,2.42,1.64,2.44,1.63,1.64,6.64,4.29,0.82,0.85,0.83,4.16,1.73,1.67,1.64,0.81,1.70,0.83,2.57,5.77,1.68,4.14,9.11,1.67,4.26,8.65,4.29,1.67,2.61,2.51,1.75,6.64,0.86,2.48,4.28,4.96,4.11,0.85,4.93,9.23,1.72,0.86,6.68,3.38,2.55,2.62,2.54,4.23,0.86,6.78,0.82,6.60,0.84,3.11,10.05,3.33,5.13,1.67,3.15,3.25,1.70,2.49,4.24,1.69
AGCGCGGGAGGCGCAGGC	2.21	HG02771:11.00	4.08,0.81,5.82,5.84,7.49,2.49,2.51,1.68,1.66,3.29,4.93,3.26,2.41,7.68,0.85,4.01,8.35,0.84,5.90,1.70,3.35,7.33,2.44,2.58,2.52,1.68,0.87,0.83,3.21,1.65,4.96,1.62,0.85,2.52,0.84,2.47,0.86,0.84,1.66,8.37,1.64,0.84,0.83,0.86,1.63,0.84,4.03,1.79,3.48,5.66,1.71,11.50,1.66,3.43,1.64,4.27,1.67,1.73,4.19,2.43,8.33,0.86,8.24,2.52,6.63,6.70,0.85,11.00,6.00,7.83,5.86,2.62,8.30,3.42,4.14,1.71,12.41,5.75,3.41,6.57,0.84,5.15,2.57,5.85,2.55,2.62,0.85,5.99,4.20,3.39,4.09,3.36,10.09,0.83,4.21,9.40,3.34,3.15,2.44,6.79,2.48,0.83,10.18,10.16
AAAGGAGGGAGGGAGGAAGT	1.77	HG02771:3.14	0.83,1.60,0.84,2.47,0.85,0.81,0.84,0.84,0.82,0.83,0.85,3.14,0.84,1.75,0.83,0.83,4.28,0.83,0.85,0.82,0.84,0.84,0.85,0.85,4.28,4.21,3.15,0.81
ACCCTCCATCCATCCCTC	1.65	HG02771:3.93	0.82,0.83,0.83,1.66,1.66,0.84,0.82,0.82,0.81,0.80,0.87,0.80,0.83,0.81,1.61,2.53,0.85,0.82,0.84,0.81,2.37,1.63,0.86,1.68,0.87,0.83,2.41,2.48,1.65,1.56,3.24,3.30,0.84,0.83,0.83,0.84,0.84,2.42,1.79,0.87,0.81,0.81,0.81,1.64,0.86,0.84,1.64,0.81,0.83,0.86,0.82,0.84,3.93,1.71,0.87,2.57,0.85,0.86,0.85,0.85,0.82,0.82,0.84,0.78,1.67,0.83,0.85,1.67,0.81,0.85,3.33,0.85
ACGTATATATGC	1.55	HG02771:1.57	1.73,1.57,0.85
ACGCCGGGGGCTCCGCAGGC	1.48	HG02771:2.36	0.83,1.67,0.81,0.82,0.82,0.81,0.97,0.86,0.83,0.81,0.84,0.84,0.85,0.81,0.84,0.84,2.50,0.84,0.86,0.84,0.81,0.81,0.82,0.85,0.82,2.36,0.86,0.85,0.82,0.84,1.63,0.85,0.83
ACCCTGCATCCTCC	1.43	HG02771:2.36	0.83,0.83,0.84,0.84,1.66,0.85,0.81,0.80,0.85,0.81,0.81,0.84,1.70,2.52,0.83,5.52,0.86,0.84,0.85,0.78,0.82,0.84,0.84,0.82,0.83,0.84,0.82,0.83,0.83,0.82,2.36,0.78,0.85,0.81
ACACCCCACACTCTC	1.38	HG02771:1.57	0.86,1.57,0.84,2.33,0.83,0.83
AAAGGCTGGAGGGGTCGGG	1.27	HG02771:2.36	0.85,0.97,0.82,3.15,0.86,0.87,0.78,1.72,2.42,0.81,0.82,0.83,1.67,2.36,0.86,0.84,0.83,1.65,0.86,0.84,0.82,0.82,1.55,0.85,0.84,0.79,0.85
AAGGAGAGGG	1.19	HG02771:1.57	0.81,0.97,0.86,0.81,0.85,1.57,0.86,0.86
ACTC	1.18	HG02771:4.72	0.82,0.81,0.83,2.50,1.66,0.83,1.67,2.51,0.84,0.84,2.50,2.55,0.82,2.44,0.80,1.64,0.85,1.73,0.80,0.83,2.52,1.94,0.84,1.70,2.45,0.84,0.83,0.81,0.79,0.85,3.26,1.72,2.52,0.84,0.84,3.40,2.57,0.83,3.31,2.48,0.83,0.85,0.84,2.51,0.86,1.68,2.50,2.51,3.35,0.85,0.84,0.84,1.72,3.33,0.82,1.67,1.73,3.36,4.08,1.69,0.81,2.69,0.87,2.43,0.82,0.81,0.86,5.19,1.67,0.82,1.62,1.70,3.33,2.47,0.84,0.85,4.72,0.86,0.84,1.75,3.32,2.57,0.83,4.28,2.47,1.71,3.28,0.84,0.86,14.20,1.69,2.55,2.62,0.85,1.69,0.84,1.64,1.66,1.69,5.13,0.84,1.58,3.40,1.65,2.49,1.70,1.69
AACAT	1.07	HG02771:1.57	2.47,3.31,12.36,10.08,1.57,4.93
