motif	top_case_zscore	high_case_counts	all_counts
AAAAGGAGAAGGAG	137.04	HG02388:137.04	137.04
AATGAGTGAGTGGGGAGAGG	10.86	HG02388:14.77	2.45,1.63,1.67,1.66,0.83,5.00,0.83,0.80,1.66,2.55,4.21,2.41,1.71,1.71,2.60,2.47,2.40,2.50,2.43,2.42,2.53,5.10,1.73,0.84,4.95,3.94,1.69,0.81,3.36,2.52,0.85,1.73,3.31,2.41,0.85,0.83,1.62,3.36,1.65,1.89,2.52,1.68,1.64,0.84,0.84,1.63,2.50,3.45,1.68,0.82,3.37,1.61,4.48,0.87,5.75,0.81,2.56,2.49,2.57,14.77,1.71,0.83,1.67,1.62,0.83,1.65,0.83,3.48,1.75,0.86,0.83,2.47,0.85,0.86,3.49,0.85,0.85,0.82,0.84,0.79,0.83,0.85,0.85
AAGGAG	8.00	HG02388:28.72	2.45,14.14,0.83,0.84,15.48,5.75,0.86,0.81,8.41,9.35,0.81,1.64,0.82,28.72,9.43,4.14,0.86,11.98,2.48,0.84,5.85,0.84,5.01
AATGGTGAGGAGCACTGGGG	2.54	HG02388:4.92	0.83,0.83,0.84,1.65,0.80,0.85,0.97,1.70,0.86,5.72,1.68,1.65,2.37,0.85,0.81,1.72,0.84,0.84,3.47,2.49,2.41,1.65,0.84,0.82,0.86,1.63,0.86,0.82,2.69,1.74,4.85,2.44,0.82,0.86,4.92,0.83,0.86,1.62,2.55,1.74,3.36,0.84,0.81,0.83
ACCCAGCCCCCAGCCCAGT	2.37	HG02388:6.56	0.82,0.82,4.07,2.49,3.34,2.49,1.67,0.83,2.51,0.80,2.51,1.68,3.33,0.85,3.29,1.63,0.80,4.10,2.56,0.85,0.87,3.29,3.20,3.34,1.62,3.22,0.84,0.97,0.84,0.85,2.59,3.27,1.68,1.65,2.44,3.15,1.69,1.63,1.72,2.52,0.84,4.20,0.85,3.47,3.31,1.65,2.41,2.48,2.48,1.56,1.62,1.71,1.68,3.30,0.94,2.52,2.50,2.51,1.68,3.41,0.82,0.84,0.84,2.58,0.83,0.82,1.73,2.52,5.72,1.69,3.23,0.90,0.87,1.74,2.43,1.61,4.93,1.63,3.26,8.22,1.66,2.57,6.56,2.56,1.65,3.33,0.86,4.19,2.46,0.81,2.55,3.33,1.71,2.47,1.66,2.48,3.41,3.14,1.67,1.74,1.67,0.87,2.49,3.42,2.48,2.57,0.83,1.64,3.41,1.64,0.84,1.67,4.22,0.85,2.62,2.54,1.69,2.57,2.52,0.85,1.64,2.47,1.68,3.11,2.51,2.50,2.53,1.71,2.51,6.31,0.81,2.55,1.65,4.16,1.70,2.54
ACCGGGGATGGACGGAGGG	2.05	HG02388:8.21	4.90,3.26,2.44,0.83,0.83,2.50,0.83,1.67,4.17,0.84,4.19,4.16,0.85,4.21,4.11,0.82,5.70,4.02,4.10,1.71,2.56,1.73,4.93,4.01,2.50,2.43,5.64,0.84,1.94,2.53,4.25,2.59,2.45,0.84,2.48,4.89,0.79,0.85,3.26,5.15,4.20,2.52,3.36,0.85,2.60,0.86,2.49,0.83,3.21,1.65,0.85,2.48,2.34,2.43,1.71,2.52,3.35,2.47,1.89,1.73,0.84,3.33,5.02,1.68,0.85,5.75,4.19,2.53,5.16,1.66,1.63,4.16,2.59,5.04,1.63,2.53,6.45,1.79,1.74,6.09,2.43,0.81,4.93,5.70,4.07,1.71,5.75,0.83,4.29,8.21,5.12,3.31,4.16,0.86,6.70,2.43,3.40,0.83,0.84,6.63,2.51,6.29,4.29,1.67,3.48,2.51,1.75,5.81,0.86,2.48,1.71,1.65,2.47,1.71,6.57,2.52,0.86,1.71,0.84,3.40,0.87,0.85,0.85,1.71,1.68,1.69,4.91,0.82,3.36,10.87,3.35,2.50,1.69,2.56,5.85,11.04,5.69,5.94,2.48,0.83,3.39,1.69
AAGG	1.62	HG02388:73.85	39.19,17.95,52.11,59.87,55.09,69.05,30.75,27.48,41.75,43.46,51.85,21.72,21.78,46.59,40.84,25.25,23.03,19.73,15.48,20.12,54.99,24.74,17.94,51.04,46.86,25.64,5.01,38.96,27.40,25.23,49.37,36.26,69.75,36.28,58.01,53.67,36.30,57.81,60.73,51.66,37.49,42.93,32.76,43.72,37.83,56.12,42.49,37.72,70.42,17.37,78.75,43.76,37.26,24.79,70.33,34.05,46.13,11.75,18.43,42.03,45.31,36.27,58.85,12.48,56.06,17.61,58.76,53.38,62.81,23.58,33.56,56.57,27.79,43.30,25.01,35.29,52.26,43.81,47.61,52.87,30.41,47.86,45.28,30.61,55.01,42.38,60.25,39.31,47.65,33.22,36.89,73.85,56.37,43.84,39.14,54.46,27.64,23.82,74.59,47.65,37.49,29.99,45.33,47.83,45.55,58.81,52.75,42.62,56.59,56.56,28.42,40.91,36.81,47.14,63.08,41.94,48.82,71.96,33.09,24.66,29.87,55.82,33.58,38.59,33.41,37.58,38.82,30.56,41.00,45.68,38.06,35.94,39.49,33.90,46.61,27.21,23.52,69.87,47.72,28.28,37.08,49.56,52.66,61.50,73.22,43.31,46.33,45.73,32.25,33.87
AGGATATATATATAT	1.51	HG02388:1.64	0.81,0.85,0.78,0.84,1.64,0.83
AACCCG	1.45	HG02388:4.10	0.82,1.67,2.49,0.83,0.84,2.51,1.66,0.85,0.82,0.82,0.80,1.64,0.85,0.85,0.87,1.64,1.67,2.90,0.85,0.82,5.03,2.48,1.58,0.85,2.52,0.84,1.73,0.83,0.83,0.84,0.94,0.83,2.51,1.70,0.82,1.67,1.72,0.82,2.53,2.69,4.34,0.81,3.28,0.81,1.71,1.66,4.10,2.50,0.82,3.40,0.86,0.82,0.84,1.67,0.79,0.87,0.87,0.83,1.71,0.85,0.84,0.84,1.55,1.66,1.71,0.81,0.83,0.85,0.85
ACACTGTCCACCTCCCACAG	1.28	HG02388:65.65	63.68,39.98,51.29,50.72,32.55,34.94,33.25,32.48,65.96,29.25,49.46,44.27,14.24,56.57,22.97,78.27,83.90,30.41,36.67,64.40,21.34,22.18,14.52,44.12,15.62,55.28,45.91,21.10,47.55,12.62,17.43,14.34,0.85,46.65,9.81,48.64,27.23,14.66,29.18,77.91,33.41,30.91,42.00,30.27,23.54,11.05,3.47,18.86,4.14,13.23,25.72,56.14,41.50,23.14,49.23,31.62,35.88,28.52,36.02,53.56,54.75,37.13,41.19,39.92,55.23,29.35,13.63,41.88,21.77,21.05,58.51,7.49,44.95,12.49,41.40,10.08,20.41,20.22,33.89,28.68,16.51,23.50,8.90,43.50,31.20,45.64,6.51,16.24,43.54,37.37,7.72,65.65,58.07,33.91,29.14,6.05,50.25,56.67,0.81,48.50,0.83,12.85,7.42,18.46,8.28,27.33,6.70,13.64,27.51,24.00,1.67,5.22,17.57,15.71,15.77,15.41,15.72,5.79,16.44,17.07,14.78,4.20,5.15,11.14,20.04,0.84,9.34,15.70,5.92,6.77,17.97,20.17,1.69,14.72,9.90,34.44,15.53,0.83,8.43,1.67,19.71,24.41,31.42,9.10,2.49,14.43,4.23
