#contig	start	end	unit	top_case_zscore	high_case_counts	all_counts
10	100891231	100892462	AAAG	12.74	HG02130:14.34	0.82,0.85,1.66,14.34,0.82,0.84,17.14,1.71,5.79,0.85,4.10,2.55,0.85,3.27,0.84,0.78,1.70,0.83
1	64704265	64705213	AAGGAG	10.75	HG02130:10.75	10.75
4	125665344	125666173	AAAG	10.32	HG02130:10.75	0.85,0.81,5.88,0.83,10.75,0.85,0.87,0.84
2	192531921	192532976	AAAG	7.85	HG02130:9.86	0.83,0.82,0.85,1.71,0.85,0.78,1.68,0.84,1.63,9.86,5.21,2.61,5.64,4.07,1.64,0.83,3.39,5.77
7	158440849	158441870	AAATGGACTACAGCCACGCC	7.31	HG02130:12.55	6.07,2.57,3.37,12.55,3.29,2.57,11.66,3.40
13	95896429	95897169	AAAG	6.27	HG02130:6.27	6.27,9.03
16	57554007	57554687	AACAT	6.27	HG02130:6.27	6.27,0.83
3	184470186	184470744	AAGGAGGTGGTGGGAG	6.11	HG02130:6.27	4.32,4.90,1.65,0.83,6.27
12	94007620	94008629	AAAG	5.62	HG02130:8.07	1.63,3.26,3.33,1.68,0.85,0.80,0.83,0.81,1.68,0.97,1.69,0.83,2.37,0.85,2.44,1.68,1.68,4.25,2.54,0.94,1.67,0.86,0.83,0.82,0.84,8.07,0.87,1.62,2.42,0.81,0.81,0.82,0.86,0.82,0.85,0.83,0.83,1.67,0.81,0.86,0.85,1.71,2.57,0.85,2.54,1.64,4.27,0.84
1	216223234	216224422	AAAGG	5.17	HG02130:18.82	1.63,5.70,1.66,5.82,8.31,3.34,7.52,9.57,4.19,1.70,9.05,7.40,4.89,8.21,1.71,7.69,7.21,1.67,5.05,7.59,7.66,8.64,3.27,10.06,0.83,15.77,14.40,14.67,8.59,5.88,8.41,18.71,6.86,1.66,9.93,1.65,5.93,9.09,13.28,0.81,4.27,11.75,10.05,6.59,0.86,1.68,0.84,9.37,7.39,5.16,8.32,9.99,10.08,7.35,7.58,12.10,18.82,2.61,3.22,5.75,11.41,12.21,2.56,2.46,10.80,6.86,10.67,9.39,14.06,9.16,9.51,4.19,10.68,13.61,1.66,2.57,5.14,4.18,4.66,0.81,1.70
16	57893223	57894353	AAAAT	5.08	HG02130:18.82	1.66,3.19,7.57,9.39,13.82,8.41,12.14,7.72,12.43,9.64,14.85,11.10,10.09,2.50,4.16,22.48,14.32,18.82,3.48,13.69,7.33,8.14,12.82,10.05,7.39,9.73
16	16093077	16094219	AAAAG	4.73	HG02130:32.26	16.32,20.79,10.02,9.98,16.72,4.18,12.56,24.67,10.69,4.89,16.90,11.49,1.71,12.11,18.43,15.98,17.43,23.61,25.52,13.07,10.73,8.96,7.62,20.18,20.18,17.01,3.47,19.72,18.20,9.91,22.02,11.72,25.94,17.94,18.46,18.43,1.66,27.25,7.39,25.26,14.63,18.30,10.62,19.15,0.86,26.89,22.05,11.80,32.26,0.87,10.44,31.54,9.78,6.57,6.64,9.10,11.24,15.07,9.03,24.32,16.28,14.07,7.64,11.58
9	107254974	107255714	AGAGAGATATATATCTATAT	4.35	HG02130:5.38	1.70,0.83,5.38,3.33,0.86,1.65,1.65,2.57,3.38,1.68,0.85
10	23639366	23640096	AAG	4.30	HG02130:4.48	0.84,0.82,0.85,0.86,4.48,2.61
9	121429614	121430880	AAAG	4.16	HG02130:10.75	6.91,7.35,6.60,6.52,0.86,5.88,3.36,5.04,3.31,6.62,4.20,3.33,1.68,10.75,2.61,5.22,7.28,13.14,5.70,5.81,14.52,5.83,8.64,3.29,2.43,4.35,4.28,2.48,6.00,0.85,2.51,2.50,4.21,1.70,1.69
7	71085727	71086924	ATCC	4.06	HG02130:7.17	1.63,1.66,1.67,0.83,0.83,5.83,2.50,1.67,0.80,1.66,1.70,1.68,1.64,2.46,1.71,1.71,1.60,2.50,0.81,1.61,3.36,0.97,1.70,0.82,0.81,0.79,0.85,0.84,0.84,0.87,0.86,1.65,2.41,1.69,0.85,1.65,1.89,1.73,0.84,0.83,0.84,0.85,3.35,1.68,2.58,3.33,0.83,1.73,0.81,7.17,0.87,1.74,1.62,0.82,1.64,0.83,4.29,1.64,3.42,0.83,0.83,2.59,0.84,1.64,0.81,1.66,0.83,1.57,3.49,1.65,0.86,0.82,0.82,0.84,0.86,0.84,0.87,0.85,3.42,0.85,1.65,0.79,1.70,2.48,1.66,0.85
9	90360877	90361812	AAG	3.72	HG02130:8.07	1.94,0.86,9.11,2.41,8.07,0.81,1.64,2.51,17.29,11.95
14	99694555	99696017	ATCC	3.61	HG02130:11.65	4.90,2.45,0.81,5.82,2.50,4.99,1.66,6.66,1.67,7.52,2.39,2.51,2.50,2.55,0.84,2.47,1.64,1.63,4.02,1.64,0.85,5.13,5.19,1.64,3.20,5.01,1.62,1.68,3.87,4.22,3.40,4.32,4.90,0.84,1.65,0.81,2.37,2.54,2.44,6.87,5.04,1.68,0.84,7.65,8.67,10.29,2.49,8.27,0.80,5.78,7.62,5.79,3.13,1.71,0.84,3.35,0.82,7.55,6.05,2.52,3.33,4.18,2.52,3.41,2.51,5.89,0.86,0.83,2.45,6.66,6.04,3.36,0.82,1.69,0.81,11.65,6.95,4.35,2.43,8.06,1.64,1.63,0.81,3.42,0.82,0.83,1.72,8.21,5.98,5.79,0.83,6.05,5.02,4.11,6.49,5.96,0.83,0.86,3.30,5.03,4.14,2.48,1.67,5.11,3.93,4.29,3.34,0.87,1.67,2.62,3.32,5.14,2.48,3.43,2.48,1.64,6.83,4.10,2.52,2.57,4.28,4.18,7.64,0.87,3.38,3.38,4.28,2.52,4.24,7.42,0.84,0.78,2.51,4.16,2.53,2.56,5.85,3.94,2.44,0.85,9.10,5.82,8.49,8.47
20	52453506	52454795	AAGGAAGGAGGGAGGGAGGG	3.50	HG02130:14.34	11.43,3.26,17.10,0.83,4.17,10.82,3.32,0.83,3.34,4.79,1.67,5.86,8.51,3.37,6.58,8.96,8.85,8.21,5.98,9.52,3.29,2.40,4.17,8.93,6.45,9.25,6.78,5.90,1.70,5.18,5.72,1.68,10.73,3.26,8.68,5.93,2.44,3.43,5.88,8.41,5.88,7.65,5.20,3.43,14.46,2.48,2.54,4.13,7.81,0.81,3.42,12.58,7.54,2.47,5.66,1.73,6.65,7.53,11.92,4.11,1.67,4.21,6.02,0.83,6.54,4.16,6.04,4.20,0.82,4.21,14.34,6.08,8.70,4.85,2.42,3.28,3.26,4.11,3.32,5.74,4.27,7.44,10.82,2.59,10.05,3.29,1.70,1.67,2.52,3.31,9.94,4.19,0.85,5.50,1.67,0.87,6.64,1.65,1.71,4.93,0.84,6.86,11.69,2.55,4.23,2.57,4.20,0.85,0.82,1.65,1.68,10.09,2.51,8.32,0.79,6.51,6.79,1.65,5.82
14	101012000	101013274	AGGGCCGGGGCGGGGCG	3.45	HG02130:10.75	4.08,4.90,0.83,3.33,0.83,5.01,1.68,2.50,12.76,6.58,0.82,1.61,1.64,3.42,5.84,2.42,6.73,7.74,10.96,6.71,9.08,2.37,1.69,3.26,1.72,8.40,7.57,6.07,2.57,9.10,2.48,4.23,1.56,0.81,0.84,1.68,5.77,4.72,5.18,0.84,0.83,3.35,6.71,1.70,4.11,5.89,0.86,0.86,10.75,1.74,6.09,5.66,3.28,0.81,4.89,4.10,1.67,0.82,5.68,0.85,0.79,1.63,0.83
7	6461149	6461620	AGCGCGGGCGGCGCAGGC	3.35	HG02130:6.27	0.82,1.67,0.83,0.83,3.34,2.39,1.67,0.84,4.25,0.82,0.82,2.56,2.60,0.82,0.80,0.84,0.84,0.85,2.52,1.72,0.84,1.70,0.86,0.80,0.83,0.85,0.83,0.78,0.85,0.84,0.94,0.83,9.20,1.70,0.84,0.83,0.82,1.67,2.42,6.27,3.48,1.74,0.81,0.82,0.83,0.86,0.82,0.83,2.59,0.84,0.82,1.62,0.85,1.71,1.68,0.83,2.51,0.85,1.57,0.86,0.87,0.84,0.87,0.83,1.71,4.14,1.71,0.83,0.82,0.82,1.72,2.57,0.84,1.70,1.74,0.85,2.57,0.84,4.24,1.65,0.84,0.78,0.85,0.84,0.81,1.65,0.83,0.85,2.54
10	42354934	42383231	AATGG	3.34	HG02130:337.85	280.83,257.04,307.76,270.24,179.45,295.35,194.49,228.18,242.98,361.06,168.31,206.30,313.27,198.84,219.52,180.10,206.45,191.51,202.11,179.50,196.16,189.43,290.48,278.57,272.91,213.12,277.10,291.38,162.78,329.70,255.57,258.03,273.90,94.17,217.35,218.03,207.09,227.18,224.79,214.25,267.30,240.39,239.41,226.15,205.96,282.32,217.66,271.75,226.99,290.33,248.32,265.84,277.77,217.35,211.77,141.06,152.90,303.70,245.47,173.05,206.71,322.12,325.34,208.77,313.79,200.44,245.27,156.04,262.11,174.32,296.01,310.29,204.32,294.76,263.08,205.85,236.80,199.68,251.74,337.85,291.95,227.13,298.39,158.69,228.27,185.82,210.88,271.72,234.95,261.60,189.62,242.89,158.85,211.76,128.23,264.51,262.12,273.49,344.58,273.14,216.59,263.08,256.30,258.46,265.03,241.03,275.45,163.67,240.50,215.12,158.00,150.59,186.56,231.33,291.31,260.20,270.58,266.41,159.68,277.88,226.17,180.60,195.58,141.50,155.93,140.30,203.36,306.45,167.51,269.86,221.57,187.40,195.78,279.67,236.33,120.39,116.78,223.58,199.27,171.35,178.66,270.00,216.47,212.87,206.63,142.68,292.85,266.89,173.98,132.94
2	151989298	151990426	AAAG	3.33	HG02130:11.65	4.90,5.71,4.99,4.99,3.34,1.67,6.58,4.93,8.15,2.56,7.21,8.17,4.19,10.73,8.47,1.68,2.52,6.80,4.34,6.63,10.75,7.23,0.83,7.62,6.61,2.43,1.71,15.10,4.19,3.30,0.84,2.50,4.18,1.70,3.44,10.81,1.63,5.00,2.59,2.52,4.08,2.53,11.65,3.48,3.22,2.46,4.89,0.81,4.27,5.74,7.69,1.67,5.19,7.54,5.68,3.36,8.28,3.14,0.84,6.09,0.84,3.32,6.85,4.20,0.86,2.53,2.62,4.23,3.39,0.84,1.58,3.33,0.85
X	19092180	19092821	AAGGAG	3.26	HG02130:5.38	1.66,1.67,0.83,0.85,3.46,1.69,1.72,1.71,0.80,0.94,0.84,4.16,1.67,1.68,5.38,1.64,0.82,1.71,1.73,1.67,5.75,3.24,3.40,2.61,0.87,0.85,0.84,1.66
2	119329540	119330917	AAG	3.24	HG02130:17.03	1.63,4.16,9.15,9.14,0.83,15.86,6.69,0.80,5.85,2.51,1.66,12.76,0.84,0.82,1.64,0.81,1.61,1.64,0.85,2.60,0.82,0.80,6.68,5.68,7.25,2.52,9.68,1.69,3.40,3.46,4.09,3.35,14.03,0.81,7.10,8.47,10.30,4.20,5.04,7.57,11.05,1.73,3.43,14.91,2.48,14.46,11.56,2.54,4.13,2.34,1.62,11.10,1.68,0.84,0.82,2.59,6.73,12.48,2.51,4.19,5.96,2.46,4.19,0.84,1.72,1.66,22.88,4.16,9.49,0.82,1.69,4.84,17.03,6.95,13.92,4.04,12.08,0.82,4.89,2.56,13.14,3.32,9.44,0.82,15.37,2.48,1.67,0.86,1.67,3.29,0.81,2.55,5.83,1.71,2.47,5.03,1.66,3.31,2.51,5.97,3.93,0.86,2.51,2.62,2.49,5.99,3.31,2.57,1.65,2.47,5.12,1.64,8.39,6.85,1.67,1.69,1.70,1.74,5.08,4.23,2.57,2.52,0.85,2.45,5.77,6.21,3.33,0.84,4.18,3.15,4.88,0.83,3.33,1.70,0.85
4	4773462	4774720	AGCAT	3.21	HG02130:22.40	15.51,9.79,5.70,9.18,1.66,1.67,3.19,12.56,6.81,5.05,3.29,13.04,9.66,3.28,10.38,18.08,13.62,23.55,2.90,4.32,4.90,5.87,10.73,7.62,7.57,5.10,1.73,4.97,16.51,6.77,8.26,10.16,3.42,4.19,4.19,3.30,9.50,8.32,6.69,10.90,5.96,9.21,10.11,9.47,9.15,2.50,1.73,3.36,19.38,22.40,21.72,3.28,4.89,6.51,11.96,24.65,12.46,5.15,4.96,11.66,12.97,8.37,5.75,3.24,0.86,3.30,0.84,5.02,4.26,3.14,0.86,0.84,2.62,10.79,4.28,1.64,13.66,11.49,6.72,4.18,4.24,6.98,12.69,7.70,4.20,8.47,7.36,10.72,7.56,11.64,9.21,8.95,2.55,9.10,2.49,3.39,6.77
17	19867497	19867790	ACGGGAGAGGGAGAGGGAG	3.11	HG02130:3.58	3.30,1.68,3.58,0.81,2.49,1.64,2.43
19	15726293	15727488	AATGAGTGAGTGAGGAGAGG	3.08	HG02130:5.38	0.83,1.67,1.66,0.83,1.66,1.70,1.64,2.60,0.82,1.68,0.85,3.46,0.82,6.71,0.83,1.63,0.79,2.49,1.65,0.85,0.84,0.86,0.83,0.84,0.85,2.45,0.83,5.38,0.81,0.85,1.64,0.86,0.82,4.16,1.73,0.82,0.85,0.82,0.83,0.84,2.61,0.87,2.57,1.71,1.64,1.70,0.85,0.84,0.84,0.78,1.69,0.85,0.84,0.85,1.69
7	151551633	151551998	ACACACACCGCCCTCC	3.06	HG02130:5.38	0.81,0.83,0.84,0.84,0.81,0.81,0.84,0.97,1.69,0.82,0.79,1.69,0.86,1.68,0.83,0.81,1.89,0.86,0.84,0.84,0.84,0.84,2.42,5.38,0.81,0.83,0.86,0.85,0.83,0.83,1.65,0.84,4.26,0.79,0.86,0.87,1.67,0.87,0.83,0.83,2.48,1.64,3.41,0.82,0.84,0.86,1.69,2.52,0.85,3.27,1.68,1.55,3.37,0.85,1.67,2.55,0.83,1.66,1.70
19	6994998	6995998	ACCACCACCACCATC	3.05	HG02130:19.72	13.88,8.98,21.17,12.47,8.35,15.81,16.62,9.16,3.34,11.70,8.77,11.69,14.24,4.99,9.36,6.73,5.76,12.33,8.15,10.46,9.03,12.80,8.54,6.92,8.22,12.02,8.35,8.93,11.28,10.93,7.74,10.96,12.76,11.23,22.06,5.87,14.03,1.63,14.20,16.09,3.26,3.43,7.56,15.97,14.29,5.10,5.20,1.71,13.25,4.96,12.86,5.78,12.70,6.61,13.28,6.49,11.10,6.71,15.92,9.89,11.33,13.82,5.88,6.65,11.71,9.23,10.22,13.96,9.21,16.00,6.02,2.50,8.99,3.33,11.21,1.68,4.08,5.06,7.26,19.72,18.25,7.83,15.36,2.42,8.21,6.52,4.89,10.25,11.50,14.12,3.43,19.69,2.56,14.06,5.83,5.19,13.40,1.64,4.05,6.81,6.66,10.28,12.36,5.03,16.56,3.31,1.67,1.70,11.79,4.29,9.20,6.09,10.88,6.11,8.30,6.85,5.79,3.43,9.93,6.58,5.12,7.39,8.39,6.00,9.42,10.86,5.91,4.24,6.98,9.31,10.99,11.98,10.92,4.24,1.64,17.32,7.56,6.21,13.40,3.33,3.37,7.69,4.18,9.46,5.69,9.34,8.27,9.98,11.88,9.31
2	235297029	235298633	AAAACCTAGGCTAGAAG	3.04	HG02130:45.70	34.29,23.66,26.87,19.96,41.73,28.29,37.40,20.82,25.05,22.57,42.28,30.90,35.18,35.78,28.93,28.61,41.13,31.23,26.89,27.37,27.91,29.86,36.74,27.68,34.52,24.84,44.24,31.65,28.20,36.17,29.04,29.51,31.47,25.05,34.32,34.38,23.10,53.74,35.49,25.41,34.23,33.48,32.76,24.38,32.78,33.16,31.22,33.43,25.68,28.95,20.89,19.81,27.95,23.14,22.66,17.84,27.33,24.33,30.16,24.72,26.43,31.95,20.18,29.94,39.33,30.19,25.55,27.10,35.17,25.26,36.14,26.62,30.24,36.64,34.50,26.89,30.21,32.02,30.66,45.70,24.33,27.85,32.35,41.89,25.45,35.04,31.75,24.78,30.40,28.24,49.76,29.54,28.18,32.26,39.14,38.90,41.04,23.82,26.76,28.08,40.82,41.13,28.84,31.89,25.67,32.30,35.16,28.13,26.72,27.43,24.24,30.47,28.44,27.93,26.56,22.25,43.03,33.41,38.89,23.02,30.73,31.19,37.77,26.59,25.70,36.75,32.91,27.16,38.39,17.77,26.22,30.81,27.73,27.97,28.62,32.98,33.60,20.96,32.65,29.11,37.08,22.22,25.91,29.17,43.93,40.77,25.65,21.62,23.76,24.56
17	25263072	25268103	AATGG	3.02	HG02130:17.92	8.16,10.61,9.77,9.15,7.51,9.15,9.14,8.33,10.02,14.21,11.17,11.69,11.73,9.98,8.51,7.57,6.58,11.51,9.78,11.27,4.10,5.12,11.96,6.92,12.33,11.22,10.85,10.55,8.86,15.98,8.71,13.49,14.46,1.73,4.09,9.22,5.78,8.14,6.31,5.93,4.07,13.74,7.56,7.57,4.20,11.05,13.01,14.57,3.31,9.10,3.21,8.26,11.86,12.40,4.69,11.35,5.98,11.75,15.08,9.89,5.66,10.36,12.61,5.82,10.04,10.90,8.52,5.75,6.70,6.74,10.33,9.15,6.54,15.82,15.53,2.52,10.62,5.90,8.88,17.92,10.43,4.35,8.90,6.44,12.32,11.41,8.14,11.96,6.57,4.15,8.58,6.56,6.83,8.27,10.82,6.92,9.21,10.68,13.78,5.96,6.66,9.43,4.94,8.39,9.94,6.63,12.56,8.52,7.86,6.00,5.85,8.70,5.86,10.48,19.92,5.14,9.10,13.71,12.41,5.75,11.95,6.57,10.07,10.29,5.14,15.87,11.81,8.49,8.72,11.00,8.46,3.42,12.60,14.41,9.81,11.54,7.56,7.76,10.05,8.32,9.27,11.96,6.69,8.67,11.39,8.49,17.37,10.81,12.73,3.39
3	159737200	159738341	AAAG	2.96	HG02130:4.48	0.84,1.68,0.82,0.85,0.84,1.70,0.86,0.83,3.26,5.14,3.31,1.71,0.85,0.84,2.50,0.86,0.82,4.48,0.81,0.81,0.83,0.82,0.83,0.86,0.81,0.85,0.83,0.84,0.83,1.71,0.84,1.69,0.82,0.85
11	57170317	57171692	AAG	2.93	HG02130:22.40	10.61,4.90,4.89,4.16,5.01,10.82,6.65,3.33,15.88,4.79,7.52,1.68,7.66,5.05,8.23,9.04,5.70,9.66,3.28,5.12,11.96,9.52,4.11,10.42,2.50,16.23,8.06,8.41,9.68,1.69,13.61,16.41,17.98,11.74,13.20,5.70,9.46,2.54,9.78,9.44,8.40,3.36,12.61,20.41,7.80,18.86,3.31,13.23,21.70,3.30,5.08,9.92,2.34,6.49,11.96,9.23,5.86,8.24,13.21,4.32,4.20,4.16,8.37,5.03,10.22,12.32,8.37,12.63,7.74,5.82,8.99,5.83,5.18,7.56,24.50,10.95,14.52,22.40,13.03,12.18,10.51,14.50,9.85,9.78,4.89,3.42,11.50,6.64,6.01,5.74,7.69,12.41,7.49,22.48,15.07,6.57,0.81,13.61,6.00,1.65,16.57,6.70,8.52,9.43,6.00,4.18,6.96,13.39,5.24,7.47,8.56,10.76,5.14,14.07,4.27,5.75,9.23,5.15,5.14,5.85,5.91,6.79,5.23,10.15,0.85,8.56,3.36,4.09,8.25,5.04,5.43,11.72,4.16,1.69,3.42,10.03,1.58,3.40,5.79,2.49,5.93
X	107153217	107154649	AAAGG	2.92	HG02130:49.29	17.96,15.50,16.28,12.47,11.68,14.98,16.62,24.15,7.51,14.21,15.16,15.87,13.40,13.31,20.42,12.62,16.45,16.44,17.93,11.27,18.06,11.95,20.50,15.57,23.02,12.82,11.68,14.61,13.70,23.55,2.90,39.63,18.71,31.10,26.15,46.96,20.63,26.06,29.97,38.95,25.26,47.22,11.76,39.51,19.33,31.46,20.81,27.43,19.88,20.68,29.73,18.99,29.64,43.80,16.41,17.02,17.94,33.56,10.89,26.37,17.93,27.64,17.65,43.25,16.74,16.77,33.21,15.60,41.87,18.53,13.77,52.41,17.16,22.48,2.59,38.65,19.60,33.70,4.03,49.29,25.20,13.05,50.94,16.11,4.93,13.85,25.24,15.38,14.79,19.93,19.73,24.62,6.83,12.41,26.65,31.98,23.45,25.46,25.13,25.53,9.16,26.56,14.01,24.34,13.25,39.76,13.40,19.61,23.14,10.03,21.76,7.53,32.30,4.98,15.41,14.07,23.13,10.76,26.31,12.80,13.13,31.90,28.30,12.85,17.54,16.03,35.65,10.47,23.69,9.30,13.69,26.89,24.58,11.45,23.09,15.96,23.29,14.23,14.14,13.48,35.89,33.43,15.77,7.32,38.22,14.06,34.09,15.28,22.86
6	144423893	144425047	AAAGG	2.92	HG02130:5.38	0.83,4.99,0.83,1.67,1.67,1.67,0.80,0.84,1.66,1.65,0.82,2.56,1.67,0.81,0.81,0.86,0.83,0.80,1.62,0.84,0.84,0.86,0.83,3.35,2.55,2.53,0.82,1.73,0.81,5.38,0.87,1.61,2.44,1.71,0.82,0.86,0.83,0.83,5.02,4.05,2.55,0.79,0.84,0.85,0.86,0.84,1.69,0.82,0.83
1	219648413	219649499	AAAGAGAGAGAG	2.86	HG02130:10.75	4.90,1.67,2.50,0.85,2.47,2.41,6.92,0.81,2.42,2.52,0.97,5.18,2.45,4.89,1.58,0.85,4.07,3.43,2.52,10.93,0.84,1.70,6.62,3.30,0.81,4.27,1.68,4.16,1.63,1.67,4.31,3.36,0.82,2.53,5.65,10.75,1.74,4.04,2.42,1.64,4.07,1.63,11.96,8.22,4.98,7.72,2.46,5.12,0.83,3.33,0.84,4.86,2.55,5.00,11.14,1.65,5.87,0.83,0.79,2.51,0.83,1.68,8.72,0.85,4.20,5.08,2.45,2.47,3.25,2.55
5	51189804	51189805	AGAT	2.69	HG02130:2.69	2.69
4	83923116	83923604	AAGGG	2.69	HG02130:2.69	2.51,2.69
X	132610332	132611052	AAAAG	2.69	HG02130:2.69	0.82,2.69,2.51
2	33141296	33141320	ACCCCCGCCCTCGCCCTC	2.66	HG02130:2.69	0.83,2.69,0.81,0.84
18	5566366	5567122	AATGG	2.60	HG02130:8.07	6.71,3.39,1.63,9.25,6.54,8.07,7.39,5.96
3	140601360	140602760	AAAG	2.56	HG02130:6.27	0.82,2.44,1.67,0.83,2.49,0.83,0.83,3.34,0.80,0.83,1.65,0.85,0.80,0.83,2.52,0.97,2.59,0.82,3.35,2.44,4.07,6.01,0.84,1.68,0.87,0.86,1.66,2.48,3.21,0.83,1.69,0.81,0.84,0.84,2.52,0.83,3.29,2.58,2.50,1.63,1.67,6.90,0.82,1.69,1.61,6.27,0.87,5.22,2.43,1.64,1.63,4.93,0.82,0.86,0.84,1.71,0.83,0.84,1.75,5.81,0.86,0.83,0.84,1.74,2.52,0.85,0.78,1.71,1.67,2.37,0.83,0.83
11	133224092	133224517	ACC	2.51	HG02130:8.07	0.82,2.45,6.51,5.82,0.83,7.49,4.99,3.33,1.67,1.67,0.84,2.50,4.25,0.84,2.47,2.44,1.61,1.64,2.47,2.50,4.06,0.84,0.84,2.45,2.48,1.63,7.10,2.44,3.36,0.84,2.55,3.47,4.29,1.66,4.96,4.02,3.30,0.85,3.13,0.81,1.68,0.84,0.94,0.86,0.84,4.16,0.82,5.86,3.33,4.90,0.86,5.04,2.45,0.84,2.42,8.07,4.85,6.57,0.81,0.81,1.64,4.15,2.46,7.69,0.83,3.46,2.43,3.40,1.67,2.57,2.47,0.84,4.14,0.84,0.85,0.79,0.86,1.67,0.87,2.51,0.87,2.49,3.42,4.14,3.31,0.82,3.41,1.72,0.86,0.84,4.22,3.40,0.87,1.69,3.38,1.71,2.52,0.85,1.64,0.84,1.55,3.35,0.83,2.53,1.71,1.58,4.07,2.55,4.14,2.49,0.85,2.54
8	59628875	59629668	ACATACATATATATGAT	2.51	HG02130:3.58	3.26,5.85,1.68,0.83,0.81,4.21,3.58,0.86,5.01,0.86,2.55
9	14718997	14719986	AAGG	2.44	HG02130:5.38	4.99,1.64,2.53,2.45,4.25,1.65,2.50,0.84,1.67,5.38,0.81,4.03,1.63,3.42,1.64,6.66,4.19,2.48,1.68
1	4692147	4694000	ACAGCCC	2.40	HG02130:6.27	0.82,2.44,0.83,3.34,4.16,0.83,3.33,1.67,0.84,2.51,1.68,1.66,1.65,0.80,3.41,0.87,3.29,3.20,1.67,0.81,1.68,1.94,0.84,2.55,3.35,1.65,8.68,4.07,0.86,0.84,2.52,2.52,5.10,1.65,2.41,0.85,1.68,0.84,3.30,0.94,0.84,2.51,1.68,0.82,1.68,4.30,0.83,0.82,0.83,1.68,1.69,6.27,1.74,1.62,1.61,0.81,1.71,0.82,0.86,0.82,0.83,0.83,0.86,3.35,2.46,4.05,0.85,1.67,0.86,0.82,1.68,2.48,0.84,1.57,1.71,1.74,0.83,0.86,1.65,1.64,3.28,1.68,0.86,0.84,1.69,1.70,2.54,0.86,0.84,4.09,0.82,1.68,2.33,1.67,0.83,1.71,2.51,5.52,1.65,0.85
16	66004839	66005783	ACATATATATG	2.36	HG02130:4.48	1.61,3.46,0.84,1.65,8.68,1.68,1.70,1.71,1.67,0.83,1.68,4.48,0.81,4.03,1.64,4.89,0.81,3.28,0.86,0.86,2.45
18	666391	667909	ACCATCACCATCTCCATC	2.34	HG02130:9.86	2.45,0.82,0.81,3.34,4.99,4.99,1.67,1.67,5.01,5.01,1.68,0.83,2.55,1.64,1.63,6.44,0.85,1.71,1.64,0.80,4.17,2.43,9.67,1.94,2.53,0.82,4.19,0.79,2.54,1.63,4.29,2.52,4.20,1.70,4.34,1.71,3.31,3.31,2.41,2.48,6.77,4.13,12.16,2.56,6.59,5.66,2.59,8.41,13.31,1.67,2.52,6.81,2.46,2.51,5.89,3.44,6.66,4.16,1.73,1.68,3.27,0.81,9.86,3.48,3.48,3.22,2.46,7.33,4.89,5.13,1.66,0.86,7.39,3.42,0.83,0.83,0.86,4.11,4.05,0.85,5.00,9.23,3.31,1.66,1.67,2.56,2.36,1.71,2.51,1.74,4.18,1.75,6.85,2.48,0.85,3.28,0.84,5.85,0.84,0.87,3.38,7.61,0.86,1.68,5.93,0.82,0.82,0.84,1.71,0.84,1.58,2.44,1.70,3.31,0.83,1.70
19	56360718	56361339	AAATCACACCGCAGCCTCGG	2.30	HG02130:4.48	0.84,0.87,2.55,2.48,1.69,2.44,2.52,1.73,2.41,0.86,4.48,2.43,2.44,1.72,0.86,0.84,2.43,0.84,0.86,0.82,0.85,2.62
21	46972937	46973456	ACACCCCCTCCCAGTCCCCC	2.21	HG02130:3.58	0.81,0.83,1.67,1.68,1.66,0.87,0.82,0.81,0.81,0.84,0.79,0.83,0.84,1.67,0.86,0.83,0.82,3.58,0.81,0.83,1.67,0.82,0.85,1.69,1.71,1.58
14	84258402	84259223	AAAG	2.20	HG02130:2.69	3.33,0.85,2.54,0.86,0.81,2.69,1.72,0.86
21	36435148	36435738	AC	2.18	HG02130:4.48	0.81,1.67,2.50,0.84,3.35,1.68,1.65,0.81,2.41,0.82,0.85,0.82,0.80,2.43,0.81,1.94,0.82,0.81,0.81,0.84,2.57,0.83,0.83,0.78,0.81,2.52,0.85,0.82,0.83,0.82,0.86,0.81,4.48,1.74,0.87,1.64,0.81,0.85,0.82,0.85,0.83,3.33,0.82,0.81,0.85,1.71,1.68,0.83,2.51,2.61,0.84,0.87,0.83,0.86,0.83,1.71,0.84,1.71,0.84,0.85,0.85,1.71,1.68
20	49282127	49283366	AAAAG	2.16	HG02130:32.26	17.91,20.79,15.82,23.56,13.85,20.48,8.81,14.61,10.09,14.69,30.97,18.89,22.68,15.13,18.43,14.16,19.00,51.57,7.74,14.97,23.53,15.51,32.26,15.60,5.70,6.84,12.32,31.56,25.64,19.98,10.37,34.05,26.56,12.59,2.57,5.85,24.84,8.57,10.92,6.78,5.82,0.84,11.70,7.10,7.64
21	10830052	10861041	AATGG	2.15	HG02130:211.49	105.31,114.24,115.61,183.76,93.48,171.39,108.88,97.43,197.05,198.08,97.32,64.31,168.36,149.76,152.30,90.05,97.06,124.11,112.46,107.06,110.80,143.35,129.01,145.34,71.52,84.93,186.96,103.89,77.36,141.30,124.88,158.53,233.07,59.61,114.39,155.98,88.28,122.95,99.38,139.73,149.14,103.88,150.37,122.74,91.63,201.54,181.24,134.59,106.87,207.61,77.95,151.08,136.34,81.82,102.37,52.70,63.21,193.80,141.58,86.52,143.47,107.09,217.74,81.51,159.83,64.58,116.68,76.38,90.44,96.85,141.12,203.81,108.70,154.04,170.78,144.52,159.23,118.79,144.43,211.49,133.81,118.35,100.27,91.02,100.17,127.95,157.95,178.59,82.15,99.66,121.84,146.06,67.47,115.81,68.28,164.24,144.88,153.58,197.83,129.34,132.45,117.40,155.76,146.01,126.72,88.63,126.42,92.92,63.66,94.27,125.40,117.51,110.43,129.20,113.70,96.72,108.40,186.74,52.95,76.46,116.93,102.61,79.74,103.77,105.38,109.40,100.42,144.31,134.35,77.83,171.67,121.51,89.07,137.29,70.33,45.35,154.58,79.18,83.73,103.97,112.93,112.78,150.44,78.84,99.25,44.16,171.24,152.15,89.11,83.83
12	26668457	26669945	AAAGG	2.14	HG02130:17.03	8.16,2.45,4.07,4.99,11.68,12.48,9.97,9.16,5.01,8.36,10.37,10.02,12.56,4.16,11.06,8.42,9.05,9.86,4.89,8.85,4.10,10.24,12.82,13.84,10.69,8.81,4.17,3.25,14.51,10.93,1.94,16.86,7.66,14.69,2.45,15.93,7.43,8.14,12.62,14.40,8.15,4.29,11.76,7.57,14.29,7.65,7.80,4.29,8.28,6.62,2.41,10.73,4.23,6.61,13.28,3.36,15.08,4.12,8.50,9.50,7.57,8.32,6.69,10.06,9.37,9.03,13.40,5.05,11.19,10.81,11.44,6.66,4.31,5.88,14.70,13.48,11.30,17.03,12.16,5.22,1.62,4.83,3.28,8.96,5.70,5.13,7.39,10.80,3.43,22.16,5.98,4.96,5.83,9.51,3.35,7.39,1.62,10.21,7.50,2.57,4.94,5.03,3.31,5.80,4.19,7.07,6.86,6.69,2.61,0.84,7.86,9.13,3.42,10.76,11.14,4.14,2.56,7.39,8.39,5.15,16.70,3.38,1.70,6.11,0.85,7.61,4.28,5.88,1.69,17.99,6.60,0.84,1.55,4.19,6.65,1.69,5.13,2.51,6.51,1.70,5.79,3.33,2.54
X	152885024	152886322	ACACATATATACATATAT	2.12	HG02130:4.48	2.45,0.83,1.66,0.83,1.67,0.80,0.85,2.52,0.85,0.82,1.67,0.81,0.85,0.86,2.48,0.81,2.52,1.68,0.87,0.83,0.78,0.84,1.68,2.83,1.66,1.67,0.84,2.55,0.84,0.82,1.73,1.68,0.82,1.61,4.48,2.49,0.85,3.29,1.65,1.66,0.79,0.86,0.84,4.24,2.47,1.71,0.81,0.85
1	244426172	244427085	AAATACCGGAGGGAGGAAGG	2.11	HG02130:2.69	0.83,0.82,0.86,0.81,2.69,0.83,0.85,1.69,0.85,1.58
1	183838711	183840173	AACTACCCTGGCCGGAAGAC	2.09	HG02130:8.07	0.82,5.71,1.63,2.49,3.34,3.33,0.83,3.33,0.83,3.34,2.39,4.18,2.50,2.55,5.05,2.47,2.47,5.70,1.61,4.92,1.71,1.71,1.73,0.82,0.80,5.84,0.81,1.61,0.84,1.69,3.40,4.32,8.99,3.35,1.65,3.26,3.15,4.23,3.26,4.29,0.84,2.52,3.36,4.25,0.87,7.72,0.83,4.14,3.21,0.83,0.85,1.65,3.91,4.05,4.27,1.68,2.51,0.82,4.72,2.59,3.36,1.66,1.67,5.87,2.55,3.29,0.84,5.05,3.44,3.33,4.09,2.50,2.59,0.84,2.45,4.21,5.65,8.07,3.48,2.61,1.62,5.64,4.11,4.89,1.63,2.56,3.29,3.32,5.15,3.28,2.56,3.31,0.83,5.19,7.54,5.75,4.05,2.55,2.50,3.43,0.82,5.03,3.31,3.31,0.84,0.85,3.14,4.29,1.67,1.74,2.51,3.49,3.32,1.71,0.83,1.71,0.83,4.11,2.46,4.20,1.72,0.86,1.67,7.59,0.85,1.74,5.08,2.54,1.71,1.68,3.39,0.82,1.65,1.68,2.33,1.67,6.65,2.53,3.42,3.34,4.73,2.44,2.55,2.49,0.85,3.39
15	50855766	50856837	AAAATAACATAACAT	2.08	HG02130:9.86	7.51,9.21,5.89,8.96,4.84,6.80,0.84,9.16,7.56,10.11,9.86,4.85,7.25,4.05,2.55
20	60680111	60681460	ATCC	2.06	HG02130:10.75	4.90,8.16,3.26,4.99,4.17,4.16,4.99,2.50,6.68,3.34,7.98,2.51,9.21,1.66,5.11,6.73,1.65,7.33,6.44,9.03,8.53,6.83,7.79,6.58,8.35,4.87,3.22,7.57,5.81,3.37,5.10,0.86,4.09,1.68,2.44,3.15,3.39,2.44,0.86,4.20,6.73,9.25,5.95,6.94,2.57,7.46,1.65,1.61,8.26,5.93,4.96,4.69,0.81,3.42,4.19,5.86,4.94,1.89,6.91,2.52,3.33,10.04,1.68,3.41,1.64,6.70,5.89,12.91,5.82,2.45,7.49,5.18,2.52,4.08,6.74,2.42,10.75,8.69,5.22,7.28,3.22,8.21,6.52,4.07,6.84,4.11,7.47,3.43,7.39,3.31,5.83,3.46,0.84,2.46,3.24,5.96,9.16,1.71,5.77,1.68,5.86,1.70,5.50,3.43,5.02,0.87,4.18,2.62,7.47,5.14,0.83,0.82,6.83,4.93,2.52,3.43,5.01,1.69,4.24,3.38,2.52,5.08,4.91,6.60,5.88,3.11,6.65,0.84,0.85,0.84,1.58,3.25,4.25,4.96,1.66,7.64
7	102799829	102801805	AATGGTGAGGGGCACTGGGG	2.00	HG02130:23.30	8.16,2.45,7.48,3.34,9.98,11.64,0.80,9.19,4.16,4.25,6.73,21.39,4.11,8.15,3.22,12.80,4.81,11.36,5.64,7.57,10.65,5.95,8.64,13.07,22.64,6.60,15.77,12.70,11.41,18.03,14.28,10.09,5.88,6.80,9.54,7.72,21.54,5.79,20.89,9.32,4.19,0.84,7.42,10.88,2.52,7.66,9.86,4.21,11.19,2.50,8.99,7.49,12.94,17.15,5.06,12.91,23.30,3.48,8.70,18.60,8.86,21.19,8.54,4.11,11.63,12.87,14.77,7.69,4.14,12.10,19.26,9.03,15.40,13.61,8.33,12.00,3.30,3.36,4.97,5.80,4.19,6.82,4.72,11.14,6.96,4.18,5.24,17.43,4.96,11.14,11.58,7.40,7.68,7.39,9.23,12.01,6.00,5.01,3.38,4.24,14.83,15.23,5.07,9.41,7.56,15.25,17.17,9.24,34.16,5.02,17.47,11.80,18.80,6.69,13.40,23.59,22.93,6.62,4.16,5.08
3	10914560	10915718	AGGAT	1.97	HG02130:8.07	0.82,0.82,1.66,1.66,0.83,0.83,0.84,1.68,0.83,1.70,0.84,1.65,1.63,0.82,0.85,0.85,0.87,0.82,0.80,0.81,3.36,1.94,1.69,2.59,5.87,1.65,0.81,7.62,0.81,6.87,0.84,0.84,0.85,1.73,0.86,3.31,4.96,3.21,1.65,0.85,0.84,0.82,0.84,0.84,0.83,1.67,7.76,9.24,2.45,1.69,5.65,8.07,0.87,1.61,4.89,2.56,4.93,1.66,6.86,0.82,2.56,9.10,0.86,0.82,0.81,1.67,2.57,0.82,0.83,0.83,1.67,0.85,0.79,0.84,2.61,1.67,1.75,0.83,0.83,1.71,2.48,0.82,0.85,3.28,2.52,2.57,4.18,0.84,0.87,0.85,3.42,3.36,0.85,5.72,3.36,0.78,0.84,1.69,0.85,2.51,0.81,0.85,0.83,2.55,1.69
16	89389995	89390491	AGAGCCCAGGGCAGGGGGGC	1.91	HG02130:3.58	1.63,0.83,1.66,0.82,0.81,1.64,1.67,0.84,0.84,0.86,0.79,2.54,0.81,0.86,0.84,0.85,0.85,1.65,1.62,1.71,0.83,0.84,0.85,0.82,1.68,1.72,1.67,0.84,0.81,3.58,1.63,0.83,1.67,1.70,0.83,0.83,0.86,0.87,1.67,0.83,0.82,1.71,0.85,1.69,0.82,1.58
16	20728406	20729139	AAG	1.89	HG02130:5.38	0.82,4.90,0.83,5.82,0.83,2.50,0.84,2.50,1.70,2.47,0.81,0.82,0.85,2.40,0.81,5.05,1.69,2.55,1.63,2.52,2.48,1.63,0.85,0.81,1.72,0.84,2.52,0.84,0.85,1.73,0.86,2.49,4.96,0.80,0.83,3.39,0.83,2.34,1.62,1.71,0.94,0.86,2.55,1.64,1.68,4.16,0.83,0.86,0.82,3.37,0.81,5.38,0.81,0.81,2.46,0.81,2.44,1.71,3.29,2.57,3.28,0.85,1.73,4.93,0.85,1.68,0.83,0.85,2.36,0.86,1.75,1.65,0.86,1.65,2.56,0.84,0.84,0.87,1.69,0.85,0.82,0.82,2.52,0.84,0.83,0.85,2.37,0.85,1.66,0.85
6	166433900	166435103	ATATATATATATCC	1.85	HG02130:8.96	1.63,1.63,4.07,6.68,5.82,9.97,4.99,1.63,1.64,0.85,1.60,11.68,3.25,0.97,1.70,0.81,3.15,4.23,0.81,0.86,0.84,1.68,4.14,10.74,5.03,0.94,4.32,0.84,1.70,7.39,0.84,6.74,6.02,2.52,6.53,2.42,8.96,0.87,1.62,0.82,3.26,0.81,1.71,0.82,2.57,4.10,0.83,0.84,0.82,0.81,3.40,1.68,3.31,6.63,5.86,3.41,0.79,7.83,9.60,2.57,6.85,3.41,4.93,2.57,1.71,2.51,4.36,0.85,0.85,5.13,3.36,1.69,6.21,3.34,0.79,4.88,4.23
1	156898068	156898692	AAG	1.83	HG02130:5.38	1.63,0.83,0.83,2.49,0.83,0.83,1.67,0.83,2.52,0.82,1.61,0.84,4.84,0.85,0.86,0.83,1.63,0.79,0.85,1.63,0.84,3.36,0.84,5.95,0.86,1.61,0.83,0.84,3.30,0.86,1.67,2.55,0.84,2.58,2.50,2.45,0.83,0.86,1.68,0.82,5.38,0.87,4.35,0.81,1.61,0.81,0.82,2.57,0.82,0.85,0.83,0.83,1.73,2.51,3.24,2.55,0.83,0.86,1.66,0.84,0.85,3.14,0.87,1.66,1.71,3.41,1.64,4.20,2.57,1.67,0.84,1.70,3.49,1.69,1.69,4.20,1.69,2.47,1.66,1.69,1.67,4.16
7	126543075	126544418	ACACATATACATATATATAT	1.83	HG02130:4.48	0.82,1.63,1.66,0.83,0.84,1.67,0.84,3.40,0.84,1.65,2.44,0.85,0.85,1.73,0.82,1.60,0.83,0.81,0.84,0.85,1.73,4.90,2.37,0.85,2.44,4.29,2.52,1.70,0.87,1.66,2.48,2.51,0.86,3.33,0.84,2.55,1.68,0.86,1.66,0.82,0.86,1.61,4.48,1.74,1.62,1.64,0.81,0.81,1.64,0.83,0.86,1.64,0.85,0.83,1.73,0.84,1.62,0.85,0.82,0.84,0.83,0.83,1.67,1.57,0.86,1.67,0.87,0.83,0.83,0.82,0.84,0.86,0.87,3.38,0.86,0.85,2.45,2.37,0.81,1.70
X	1707950	1708620	AGGGGGGGGGGGGGGGGGGG	1.80	HG02130:2.69	0.83,0.84,0.84,0.81,0.85,0.97,0.85,0.83,0.81,0.79,0.85,0.84,0.86,0.83,1.73,0.84,0.81,2.69,0.87,0.81,0.83,0.84,0.81,0.83,1.71,0.84,0.83,0.84,0.83,0.84,0.84,1.74,0.85,0.84,0.78,0.84,0.84,0.85,0.83,0.83
1	244070175	244070176	AAAG	1.79	HG02130:1.79	1.79
8	27776806	27776978	AAGAAGGGGATGGGAAGAGG	1.79	HG02130:1.79	1.79
9	71988191	71988192	AATGG	1.79	HG02130:1.79	1.79
9	81592547	81592548	AAAT	1.79	HG02130:1.79	1.79
X	145342204	145342528	ACACATATATACGTATATAT	1.79	HG02130:1.79	1.79
8	2480032	2481570	AGAGCGCGGAGGCGCCAGG	1.78	HG02130:3.58	0.83,0.83,1.67,0.80,0.83,0.84,3.22,0.83,0.97,0.84,0.86,0.83,0.87,0.86,1.65,0.83,0.94,0.86,0.84,0.84,0.84,3.33,0.83,0.86,1.63,1.61,3.58,1.66,2.46,0.85,0.86,0.85,0.82,1.68,1.70,0.79,0.84,0.86,0.82,1.68,0.84,1.71,0.85,0.82,0.82,1.55,0.84,0.79,0.85,3.31
18	62055973	62057394	AAAGG	1.77	HG02130:41.22	12.25,19.58,18.29,13.35,18.30,29.92,18.32,30.06,14.20,34.03,15.15,15.62,14.67,37.03,26.26,14.51,11.11,21.70,30.62,28.60,20.24,17.86,20.61,14.57,20.68,21.70,8.26,28.79,26.57,12.81,32.72,15.92,37.08,29.36,25.22,13.31,13.39,14.26,19.71,21.77,10.95,25.82,9.99,22.43,27.76,41.22,21.72,15.66,42.72,24.08,27.33,12.41,23.45,18.07,21.27,25.82,12.85,22.25,38.60,24.02,40.59,50.23,22.16,25.15,33.42,4.18,15.67,10.04,20.95,11.62,15.41,0.83,13.71,0.83,28.77,3.41,14.78,6.72,24.87,24.85,15.87,15.19,16.13,9.60,21.14,16.26,10.08,20.34,49.06,32.16,12.60,24.84,24.28,13.31,17.70,19.65,25.91,5.52,14.64,36.52,11.58,16.63,5.09,5.08
12	114449937	114450448	AGGGGGGGGGGGGGGGGG	1.77	HG02130:1.79	0.86,0.83,1.79,0.85
12	133174237	133174383	AGAGGAGGCGGGGCGCGCGG	1.77	HG02130:1.79	0.84,2.52,1.79
3	105802379	105803631	AAGG	1.76	HG02130:4.48	0.82,1.63,0.83,1.66,0.83,0.83,1.67,0.84,1.67,1.68,0.82,0.82,0.85,0.85,0.87,3.29,4.01,0.81,2.52,0.97,1.70,0.86,4.09,1.68,0.83,1.63,0.79,0.81,0.86,0.84,1.68,2.52,0.85,1.73,1.71,2.49,1.65,0.80,1.65,1.69,0.83,0.81,1.71,0.84,0.82,1.73,0.83,1.67,0.84,1.70,0.84,1.68,0.86,1.63,3.33,1.73,0.84,1.63,0.84,0.81,4.48,0.87,0.87,1.61,1.64,0.85,1.64,1.66,0.86,2.56,1.65,0.83,3.46,1.67,2.55,0.86,0.84,2.62,2.48,0.86,0.83,0.85,0.85,0.85,0.86,0.84,0.81,2.49
15	50855994	50856673	AAAATAACAT	1.73	HG02130:4.48	2.55,0.83,5.04,4.21,4.48,7.28,3.22,4.86,6.81
19	6775561	6777151	ATCC	1.72	HG02130:13.44	5.71,7.34,3.26,2.49,5.84,5.82,2.49,9.16,4.17,5.85,3.19,1.67,10.05,6.66,2.55,5.05,2.47,4.93,7.33,8.05,5.75,8.53,4.27,7.79,7.40,7.21,10.85,5.68,10.48,8.41,3.87,7.59,6.80,4.32,7.35,11.74,9.08,5.70,4.73,9.32,9.78,6.87,5.88,4.20,14.29,3.40,6.07,6.00,6.63,5.79,3.21,6.60,1.69,10.74,2.34,5.67,4.27,10.91,7.54,4.94,0.94,5.18,7.57,5.82,9.20,3.35,5.11,4.93,2.51,5.89,6.02,8.32,15.53,9.16,8.63,3.36,7.35,2.53,5.65,13.44,6.08,7.83,6.47,7.25,5.75,4.89,4.89,3.42,7.39,3.32,13.73,4.92,4.27,5.79,3.33,4.32,6.70,9.03,5.68,5.96,0.83,11.14,4.12,3.36,5.80,3.31,12.56,6.82,4.72,9.43,8.36,2.61,7.53,7.86,13.28,0.86,3.31,9.42,2.48,6.58,9.39,2.46,4.20,6.86,2.57,5.85,4.22,6.79,10.47,3.38,4.23,7.70,4.20,5.93,5.72,9.90,8.40,4.66,4.19,3.33,5.06,5.13,3.34,7.32,3.40,7.45,16.63,8.49,8.47
7	156374423	156375321	AG	1.71	HG02130:2.69	1.67,5.05,0.84,1.69,0.81,0.84,0.84,0.83,0.80,0.85,0.84,0.83,2.69,0.85,1.64,1.66,0.82,0.87,0.86,0.86
12	93735573	93736153	AGCAT	1.71	HG02130:1.79	3.25,0.84,1.79,0.87,0.84
9	84415392	84416386	AAAG	1.64	HG02130:5.38	0.82,7.33,2.49,0.83,0.83,0.83,0.80,3.40,2.52,2.55,0.86,2.52,0.81,2.54,2.44,1.68,4.20,1.70,0.87,1.66,0.80,0.85,4.13,2.43,2.51,0.82,5.86,0.84,1.67,0.84,4.30,5.00,1.73,5.65,5.38,0.87,0.82,0.81,3.29,2.46,0.84,1.70,0.84,0.87,0.84,3.42,1.64,1.71,3.49,3.38,1.68,2.48,0.85
19	10487630	10488020	ATCC	1.59	HG02130:3.58	0.81,3.33,0.83,1.67,1.66,1.70,0.82,0.81,0.82,0.97,0.84,0.84,2.37,1.69,0.86,0.84,1.68,1.73,0.86,0.83,0.83,0.83,1.69,0.78,0.82,0.86,0.83,1.67,0.84,0.83,0.83,0.84,3.58,0.81,0.82,0.81,1.63,0.86,1.64,2.48,1.67,0.81,0.83,1.66,1.70,1.57,0.86,0.84,2.49,0.86,2.57,0.82,0.85,0.86,0.84,1.69,0.87,0.86,0.84,2.47,1.68,0.84,0.85,1.67,0.85,0.85
18	626145	627569	AAAG	1.58	HG02130:17.03	23.66,6.65,6.68,5.82,9.97,2.50,3.34,6.38,20.05,8.38,2.50,0.85,5.05,6.58,1.61,6.83,3.42,2.60,9.04,10.42,1.67,15.42,5.64,2.52,1.94,4.22,5.95,4.90,4.13,4.89,4.73,1.69,8.15,7.73,10.92,5.04,4.20,4.25,0.87,11.14,5.80,4.14,8.84,1.65,6.61,5.47,11.35,0.85,10.91,3.30,0.86,4.20,1.66,3.35,7.39,5.86,2.53,6.88,9.98,4.90,0.86,1.68,5.72,0.84,4.84,17.03,14.77,3.48,4.85,16.11,7.39,7.33,16.28,12.82,19.10,5.15,3.28,10.25,5.79,5.83,12.97,7.54,5.75,4.05,6.81,7.71,1.65,1.68,8.28,7.45,2.51,1.70,0.86,1.67,0.83,3.43,2.47,4.93,8.58,7.52,6.11,0.85,2.52,4.91,1.65,0.78,2.50,2.56,6.69,6.51,5.10,1.65,2.49,12.73
13	30233354	30234652	AAAG	1.56	HG02130:4.48	1.63,0.81,1.67,1.70,0.84,0.82,1.63,1.61,1.64,1.71,0.85,0.80,2.43,1.70,2.45,3.26,2.54,0.84,0.84,1.70,0.87,1.71,1.65,0.80,0.83,0.85,2.48,3.35,0.82,0.84,0.84,2.52,3.35,1.66,2.59,2.53,0.81,4.48,2.61,1.62,0.81,3.26,5.70,0.82,8.21,5.12,0.83,0.86,2.43,0.85,1.66,0.87,1.64,0.84,0.86,1.67,0.85,0.85,0.82,0.85,1.66
4	88535994	88537893	ACAGCAGCG	1.50	HG02130:4.48	2.45,0.82,0.81,2.49,0.83,2.49,1.67,2.50,1.67,0.80,2.51,0.83,1.65,2.47,0.80,1.64,1.71,1.71,0.87,2.47,3.20,2.50,2.90,0.84,0.85,0.86,2.45,1.68,0.81,0.85,2.44,0.84,1.68,2.55,1.71,1.66,1.61,3.30,0.85,1.65,0.78,1.62,2.52,1.89,0.86,0.83,2.51,0.84,2.55,0.82,3.35,0.84,4.30,1.66,3.27,0.83,0.82,4.48,1.74,2.61,1.62,0.81,1.64,0.81,0.81,3.42,0.82,1.66,1.64,1.71,1.65,0.83,1.73,1.67,2.46,0.81,1.67,1.71,1.66,1.66,0.85,2.57,1.67,0.87,0.84,0.87,1.66,1.71,0.83,1.71,1.65,0.82,1.72,0.86,2.51,0.84,1.70,0.85,3.42,0.85,0.84,0.78,0.83,0.84,0.85,1.67,1.58,1.63,1.65,1.69
X	100748557	100749704	AGCCCC	1.45	HG02130:16.13	4.90,8.98,5.70,10.81,5.01,4.99,4.16,5.00,7.51,6.69,4.79,3.34,8.38,9.15,6.81,7.57,4.94,4.93,1.63,4.02,8.21,5.97,3.42,2.60,2.47,3.20,5.84,8.93,4.84,5.05,7.74,13.49,10.21,5.18,3.27,14.26,3.30,14.66,8.68,11.01,7.33,17.17,7.56,10.93,6.73,9.35,3.47,10.29,7.46,5.79,8.04,2.48,8.47,6.61,10.94,4.86,12.81,11.75,4.19,8.24,15.10,11.23,0.84,20.79,12.55,4.19,11.07,5.75,10.05,8.42,6.02,20.80,2.45,14.16,4.31,7.56,4.90,6.74,6.45,16.13,3.48,7.83,12.13,2.42,6.57,8.15,4.89,10.25,7.39,4.15,5.15,8.21,6.83,6.62,5.00,12.10,7.54,9.86,4.86,9.36,7.50,7.71,7.42,17.62,0.83,19.05,5.02,6.82,7.07,12.00,9.20,6.96,2.51,4.36,8.30,7.70,7.45,11.14,7.45,13.98,2.56,7.39,9.23,12.01,1.71,7.52,13.50,10.19,13.09,6.77,9.30,5.13,7.56,9.32,4.91,9.07,3.36,7.76,8.37,7.49,7.58,11.96,13.37,6.31,12.20,11.04,6.62,13.30,6.79,11.85
4	49632912	49660021	AATGG	1.43	HG02130:181.92	135.52,108.53,140.85,98.95,92.64,122.30,90.60,120.75,132.76,139.57,94.92,96.88,143.24,134.78,127.63,97.62,110.22,104.39,79.86,114.30,116.55,96.42,136.69,164.37,129.88,104.16,135.21,145.28,121.68,70.65,107.46,134.08,111.43,69.11,135.64,115.73,91.58,83.87,149.86,112.63,136.91,121.06,110.89,112.66,83.22,154.77,133.54,134.59,115.15,131.52,134.20,137.05,103.32,106.61,109.40,83.50,58.94,110.74,144.10,91.47,100.05,189.99,153.00,94.82,175.72,112.38,116.68,83.77,169.99,101.90,193.61,199.65,110.33,209.00,138.01,79.82,107.79,94.36,139.59,181.92,143.37,142.72,170.62,100.69,106.74,81.50,153.07,151.24,82.97,153.64,145.00,109.14,76.86,120.77,81.60,177.21,128.13,106.77,175.13,159.12,149.95,150.82,123.62,173.70,122.58,115.96,121.40,81.83,66.80,157.70,139.61,156.68,97.88,98.64,141.09,159.20,104.26,144.77,95.15,109.34,139.12,110.00,166.20,79.76,81.39,111.07,59.91,137.52,136.97,64.29,161.53,102.68,79.82,153.40,136.56,39.58,115.94,55.89,85.40,113.12,141.58,117.06,130.38,89.09,120.40,97.67,132.36,99.77,105.24,116.85
13	49892014	49893144	AAAAG	1.43	HG02130:2.69	1.63,0.83,0.83,0.80,0.84,1.71,0.83,0.85,2.69,0.82,0.85,0.83,0.86,3.40,0.83,0.84,0.83,3.29,10.24,1.71,0.85
5	142328833	142329093	AG	1.42	HG02130:1.79	1.94,0.83,0.83,1.79,0.83,0.81,0.82,0.84
X	152662941	152664159	ACCTGCGCCTCCTGCCTC	1.40	HG02130:3.58	1.63,0.82,0.84,0.84,0.83,0.82,0.85,0.85,0.87,0.83,0.81,0.84,0.85,0.86,2.45,1.69,1.68,0.87,0.83,1.65,0.94,1.68,0.84,0.85,0.84,0.86,0.83,2.45,1.67,3.45,0.82,0.84,0.81,3.58,0.87,1.62,0.82,0.83,1.62,0.86,0.82,0.83,4.14,0.85,1.71,0.87,0.84,0.87,0.86,0.86,1.64,2.52,2.53,0.85,1.69,3.39,2.52,0.84,0.85,0.84,0.81,1.70,0.85
11	134870548	134871471	ATCC	1.37	HG02130:4.48	0.82,0.82,0.83,2.50,0.80,1.67,0.82,4.02,1.71,2.60,0.80,0.84,0.97,0.84,1.70,0.86,4.09,2.37,0.85,0.81,2.52,0.84,0.85,2.60,2.57,0.83,0.83,0.80,0.85,1.65,0.94,3.45,1.67,1.68,1.66,0.82,0.86,4.03,4.48,2.61,0.87,3.22,0.81,0.85,0.82,0.85,2.48,0.84,0.82,4.05,1.65,1.68,2.48,0.84,1.75,1.66,0.86,3.31,2.47,1.64,0.84,0.85,0.86,0.84,3.36,0.84,1.66,1.69
1	65378888	65379777	AAGG	1.36	HG02130:3.58	2.48,2.44,11.04,0.86,19.94,1.65,0.80,0.84,0.84,3.58,2.46,1.63,2.56,0.83,1.64,0.83,0.83,0.85,2.57,3.43,0.86,0.84
20	49225986	49227163	ACCCCTGCCTCCCCTGCC	1.36	HG02130:2.69	0.83,0.83,0.83,0.83,0.83,0.85,0.84,0.82,0.85,0.81,0.84,1.70,0.84,0.79,0.85,0.81,1.68,2.55,0.86,0.85,2.34,0.82,1.89,0.86,0.83,0.85,0.83,0.82,0.83,0.86,0.82,2.69,0.81,0.82,0.81,0.81,0.82,0.85,0.83,5.19,0.82,1.67,0.82,0.84,0.85,0.87,0.83,0.85,0.86,0.84,0.85,0.84,0.78,0.85,0.79,0.83,0.85
5	39074871	39075996	AC	1.36	HG02130:1.79	0.84,0.84,0.82,1.79,0.87,0.87,0.85,0.81
11	11268734	11268763	ACAGAGAGAGAGAG	1.36	HG02130:1.79	0.83,0.82,0.83,1.79,0.81,0.81,0.84,0.84
6	39313300	39313774	AG	1.34	HG02130:2.69	0.80,0.84,1.65,0.81,1.71,0.78,1.62,0.84,0.84,2.45,0.86,0.84,2.69,1.74,0.87,0.81,1.63,2.57,1.65,0.83,0.85,0.84,0.82,0.81,0.85
19	8765351	8766288	AAGCCCACCTCCTCCCTG	1.34	HG02130:1.79	1.68,1.70,0.83,0.83,1.79,0.83,0.83,0.86
1	37849471	37850689	AAAG	1.33	HG02130:3.58	4.90,2.50,1.66,0.80,0.84,4.07,0.85,0.81,0.84,0.97,2.55,0.82,6.51,5.80,0.83,1.68,0.82,0.83,0.82,1.61,3.58,0.87,1.62,1.61,0.81,0.81,0.82,0.86,0.81,0.86,0.84,1.67,0.84,0.87,2.57,2.48,0.83,0.84,0.82,1.67,1.70,0.83,0.83
10	126786694	126787857	AG	1.30	HG02130:7.17	2.45,2.45,2.50,2.50,0.83,3.33,5.01,7.52,3.99,0.84,9.21,2.50,3.40,2.52,2.47,0.82,1.61,3.41,4.27,0.87,2.47,2.50,4.87,2.42,3.36,3.87,6.75,4.25,1.73,2.45,0.84,4.95,4.07,6.31,1.69,6.52,4.29,1.68,2.52,4.25,1.73,3.43,4.14,1.65,1.61,4.13,1.69,1.65,2.34,1.68,1.68,2.47,0.94,2.59,1.68,1.66,1.67,5.87,4.26,3.29,1.67,3.33,4.09,4.16,1.73,1.68,0.82,0.84,2.42,7.17,3.48,1.62,0.81,3.28,3.26,4.89,2.56,6.57,3.43,1.64,2.56,5.00,3.46,1.67,2.46,1.62,2.55,3.43,1.65,2.52,1.66,2.51,2.56,1.67,0.87,4.36,0.83,5.14,3.31,0.82,0.82,0.84,0.86,0.84,1.69,2.55,3.49,5.92,3.38,1.71,3.36,2.54,4.12,0.84,4.66,1.67,0.83,1.71,0.84,5.52,2.44,0.85,1.65,3.33,3.39
18	75382595	75383668	ACGCCAGTCTCTGCCCC	1.29	HG02130:14.34	3.27,1.63,8.14,7.48,3.34,3.33,13.30,10.83,5.84,7.52,3.19,10.86,1.68,5.82,1.70,6.73,4.94,3.29,6.52,3.22,9.03,4.27,4.27,11.25,7.40,5.61,6.68,6.49,5.64,4.21,4.84,7.59,11.06,6.05,7.35,4.19,4.13,7.33,14.99,5.93,3.26,4.29,6.72,5.89,5.88,9.35,6.07,6.00,9.94,9.93,5.63,1.65,5.08,5.79,14.07,8.92,10.25,8.39,6.70,9.06,3.78,9.50,4.20,11.64,6.69,8.39,10.22,4.93,12.56,5.89,6.02,7.49,4.09,2.50,9.49,9.24,6.53,5.90,12.91,14.34,6.95,5.22,10.51,9.67,9.85,8.15,8.96,9.40,19.72,4.15,6.86,8.21,10.25,9.10,5.00,6.05,6.70,9.03,9.73,5.11,9.16,3.43,9.07,4.20,9.11,16.57,7.54,6.82,10.22,8.57,4.18,3.48,5.86,4.36,4.15,3.42,4.96,4.28,9.93,8.22,5.97,5.75,5.88,3.43,6.85,6.68,7.59,4.24,7.85,5.92,6.77,7.70,5.88,11.02,13.90,2.47,6.72,11.64,14.23,4.99,11.80,8.54,7.52,7.10,8.95,9.34,9.10,5.82,5.09,6.77
4	127389748	127390163	AAGG	1.28	HG02130:1.79	0.83,1.79,0.85,1.72,0.82,1.68,0.84,0.85,0.85
21	34694285	34694448	AATATATATACGG	1.28	HG02130:1.79	0.82,1.69,0.85,0.84,4.03,1.79,3.22,0.83,0.83
5	584302	585355	ACCCACCCACCCACCCATCC	1.28	HG02130:1.79	0.80,0.83,1.63,0.84,1.79,1.66,0.84,0.84,0.84
6	51854394	51854591	AAAGAAGGAAGG	1.24	HG02130:1.79	0.83,0.85,0.86,0.83,0.83,0.84,1.79,0.86,0.83
6	107036618	107037631	AAGGAGGAGGAGGAG	1.20	HG02130:4.48	0.82,0.82,1.63,3.33,0.83,0.83,0.80,0.83,1.68,0.82,0.81,1.61,3.29,0.80,1.61,0.97,0.86,0.82,6.31,1.68,1.71,1.65,0.80,1.65,0.83,0.78,0.81,1.71,1.68,0.84,0.82,2.83,0.86,1.68,2.50,0.84,0.84,1.72,1.66,1.63,1.67,2.45,0.84,4.48,3.48,3.23,1.64,0.85,1.66,2.57,4.92,1.73,1.64,0.81,2.50,0.86,0.82,1.68,1.66,1.67,3.93,5.02,0.86,2.57,0.83,1.64,0.82,0.84,2.52,1.64,2.51,0.84,2.51,2.37,0.81,0.85,3.33,1.69
7	158440654	158442040	AAATGGACTACAGCCACGGC	1.17	HG02130:9.86	18.21,7.72,15.17,9.86,12.32,12.87,24.98,11.91
1	168997557	168998722	AAAG	1.15	HG02130:3.58	3.26,0.81,1.60,0.84,0.85,0.82,0.81,1.68,0.84,4.29,0.83,0.85,0.84,4.19,0.84,0.83,1.72,3.58,0.82,0.82,1.73,0.82,0.86,1.65,2.48,5.97,2.57,1.69,4.20,0.84,2.37
20	56408171	56409363	AAGGGGCCCTCGCGGGGAG	1.14	HG02130:2.69	0.82,1.66,0.83,1.65,0.82,1.71,0.82,0.80,0.83,1.61,0.84,0.97,0.84,0.85,0.82,0.83,0.79,0.85,0.81,0.84,1.73,0.83,0.80,0.85,0.78,0.81,0.84,0.84,0.84,0.86,0.81,2.69,0.81,0.82,0.82,0.83,0.84,1.57,0.84,1.75,1.65,0.86,1.64,0.85,0.86,1.69,0.82,0.82,0.78,0.84,0.79,1.65
3	41932656	41933178	AAAGAAGGGACGGGAGGGGG	1.11	HG02130:4.48	0.82,2.44,4.16,2.50,4.16,1.67,2.50,1.67,1.68,2.55,2.47,0.82,1.63,0.80,2.43,1.61,1.69,2.55,1.73,1.68,0.83,4.07,1.58,1.63,1.72,1.68,4.34,0.86,3.31,1.65,0.83,3.24,0.85,2.52,2.47,0.86,1.68,0.84,0.84,2.46,0.86,0.83,0.82,3.37,0.81,4.48,2.61,1.74,0.81,1.61,0.81,1.71,5.75,0.86,0.85,2.48,0.83,0.86,2.51,1.64,0.81,0.85,1.68,1.66,1.66,0.84,0.85,1.67,2.57,1.65,0.87,2.52,4.09,1.68,2.33,0.84,0.83
X	152663031	152664225	ACCTGCGGCTCCTGCCTC	1.08	HG02130:2.69	0.81,1.66,0.83,0.83,0.83,1.67,0.85,0.80,0.85,0.83,0.81,0.84,0.97,0.84,0.86,0.84,0.81,0.79,0.84,1.68,0.83,1.65,2.56,0.82,0.94,0.84,0.83,0.85,0.84,0.86,2.50,0.82,0.84,0.82,0.84,2.69,0.81,0.82,0.81,1.71,0.84,0.81,0.82,0.83,0.84,0.85,0.79,0.84,0.87,0.86,1.65,1.68,0.86,0.84,0.84,1.70,0.85,0.85,0.83
8	143064482	143065637	ACACTGACCCTCCATAGACC	1.08	HG02130:1.79	0.82,0.84,0.85,0.87,0.83,0.78,1.79,0.81,0.87,0.87,0.84
X	143793484	143794487	ACATATATATATAT	1.06	HG02130:1.79	0.83,0.83,0.86,0.83,0.86,1.79,0.87,0.81,0.82,0.84,0.82,0.82
3	11614158	11615032	AAAG	1.06	HG02130:1.79	0.81,2.49,0.83,0.84,2.52,1.79,0.82,0.87,0.86,0.86,0.82
12	133841120	133841461	ACCCTC	1.05	HG02130:2.69	0.82,0.83,1.68,0.83,0.81,0.82,0.85,1.62,0.97,2.55,1.68,0.84,0.85,0.84,2.69,0.81,0.81,0.85,0.84,0.81,1.71,1.65,1.66,2.36,3.49,0.83,0.86,0.83,2.52,0.85,0.83,0.84
X	155259552	155260363	AACCCT	1.03	HG02130:33.16	5.71,8.98,14.66,10.81,14.19,15.81,10.81,4.16,20.04,11.70,12.76,4.18,7.54,4.99,8.51,11.78,16.45,4.93,24.45,20.12,8.21,7.68,16.23,18.17,9.86,8.01,11.68,10.55,16.12,9.25,17.43,17.71,13.61,22.46,26.96,11.74,14.85,19.54,37.86,9.32,12.22,14.60,10.08,18.50,17.65,3.40,19.94,15.43,27.34,3.31,20.09,9.08,9.32,24.79,13.28,25.94,14.52,15.94,9.22,7.42,32.09,9.50,5.88,12.48,5.86,6.71,17.88,14.78,6.70,13.47,14.63,12.48,17.16,13.32,11.21,9.24,14.70,17.69,28.24,33.16,23.46,22.63,19.41,16.92,18.06,27.71,23.61,18.80,18.89,15.78,19.73,10.67,11.10,29.78,12.49,16.42,14.24,16.43,17.84,27.23,10.83,18.85,21.43,33.57,8.28,19.05,7.54,26.43,22.79,8.57,6.69,18.28,13.39,15.71,23.24,16.26,19.03,23.13,17.37,9.04,10.24,40.22,2.52,20.58,7.71,16.70,10.97,10.19,12.21,16.07,9.30,15.40,19.33,16.95,30.26,30.51,11.76,47.35,19.26,22.46,7.58,18.80,44.30,31.54,15.46,24.63,7.45,10.81,20.37,13.55
10	133144566	133145596	AAGGAAGGAAGGGAGGGAGG	1.02	HG02130:2.69	0.82,0.83,0.80,1.73,1.64,0.97,0.84,0.86,2.45,0.84,0.84,1.68,0.85,1.71,1.66,0.85,2.43,0.84,0.86,1.61,2.69,2.61,0.81,0.82,0.81,0.83,0.86,0.83,3.46,1.64,0.81,0.78
6	25458766	25459905	AAAG	1.01	HG02130:26.88	8.16,18.73,15.02,8.31,21.65,27.55,24.73,10.02,9.21,17.47,1.68,12.82,23.36,30.84,10.93,48.40,9.50,25.26,29.42,1.70,43.01,15.70,12.81,13.40,9.44,17.27,7.53,15.10,25.34,0.82,16.85,26.88,16.51,23.45,10.47,5.70,11.11,19.72,0.83,17.84,0.84,14.22
13	85924466	85925692	AAG	1.01	HG02130:2.69	1.66,1.68,1.70,0.85,1.64,0.81,0.81,0.83,0.83,8.39,0.84,0.85,0.82,2.53,1.66,1.73,0.84,0.81,2.69,0.81,0.85,0.85,0.82,0.79,0.87,0.83,2.57,2.52,0.82,0.83,0.84,0.79
X	66671521	66672965	AAG	1.00	HG02130:9.86	4.08,1.63,5.70,0.83,5.01,5.82,5.83,0.83,6.69,3.99,0.84,2.51,8.32,1.70,0.84,0.82,4.93,3.22,0.82,1.71,1.71,0.87,5.75,2.40,4.06,0.97,6.75,1.70,0.86,1.63,1.68,4.95,0.81,0.79,0.85,0.81,5.15,2.52,7.57,4.20,6.80,3.43,1.66,4.96,5.63,5.08,4.13,2.34,5.13,1.68,3.35,6.59,0.94,7.77,0.84,8.32,3.35,3.41,2.46,4.19,2.53,1.66,7.36,5.00,1.73,10.08,1.63,2.53,0.81,9.86,4.34,2.61,4.85,0.81,4.11,4.89,1.63,1.71,4.11,0.83,3.43,3.28,0.85,0.83,1.67,1.73,4.19,3.29,0.81,8.51,2.50,7.71,4.94,2.52,3.31,8.28,0.84,7.67,5.50,10.28,10.03,5.22,7.53,5.24,4.98,11.13,8.27,4.28,1.65,7.40,5.12,1.64,4.20,6.00,6.00,1.67,13.50,3.40,6.11,8.46,5.92,8.56,5.04,7.63,4.09,7.42,2.52,3.11,3.35,3.33,4.21,5.98,9.19,4.73,4.88,7.64,1.65,7.48,3.39,5.08
13	44715944	44716739	AGCCGAGCCGGGCCG	1.00	HG02130:1.79	0.82,0.83,0.81,0.82,0.85,1.61,1.79,0.83,0.86,0.86,0.85,0.83,0.85,0.85
