motif	top_case_zscore	high_case_counts	all_counts
AAACAGGTCGTGAGGGCGC	5.17	HG02852:6.09	2.51,0.82,0.85,1.65,2.50,0.83,2.48,6.09,1.71,4.95,0.85
AGAT	2.87	HG02852:30.47	18.78,15.50,10.58,27.44,12.52,14.98,20.78,12.49,23.38,14.21,15.95,11.69,19.27,16.64,22.97,25.25,11.52,27.95,23.63,13.68,15.59,17.07,18.80,26.82,8.22,18.43,11.68,9.74,12.89,19.34,18.39,16.86,22.97,12.96,15.52,18.45,18.15,22.80,14.99,7.62,18.74,13.74,10.08,10.93,14.29,12.76,17.34,13.72,19.88,27.30,8.84,14.03,11.86,16.53,10.94,13.78,19.65,17.62,16.76,7.42,20.77,17.27,18.49,14.97,12.55,8.39,11.92,15.60,10.89,26.95,17.21,14.97,5.72,22.48,18.98,20.17,15.51,9.27,12.91,17.03,17.38,26.11,14.56,8.06,9.03,13.85,18.73,16.24,22.18,11.63,16.30,12.31,12.81,8.27,14.16,10.37,17.59,15.60,8.92,25.53,10.83,47.13,9.89,16.78,34.79,18.22,10.05,21.31,6.29,11.14,6.69,30.47,21.75,18.33,31.54,25.68,11.58,18.85,9.10,9.87,16.22,19.70,10.91,18.01,11.14,9.19,9.28,12.73,18.32,17.77,22.83,11.98,21.01,11.86,10.63,10.72,15.12,10.09,11.72,9.15,7.58,16.23,15.88,10.25,20.34,5.94,16.55,10.81,11.03,10.16
AAGGTAATCAATAGAGG	2.56	HG02852:2.61	0.83,0.85,0.83,2.61
AATGGCTAGG	1.77	HG02852:2.61	0.86,0.86,0.82,0.86,0.81,0.79,2.61,2.57,0.82,0.86,0.84,0.86,0.82,0.84,0.78
ACACACACCCTCACAT	1.75	HG02852:2.61	0.83,0.83,0.83,0.87,0.84,0.86,0.84,1.57,0.86,1.67,2.61,0.83,0.86,0.85,0.84,0.82,1.55,0.85
AAGGAGGAGGAGGAG	1.73	HG02852:2.61	0.82,0.81,0.83,0.84,0.80,0.87,0.80,11.74,0.79,0.86,0.84,0.83,0.85,0.84,0.81,1.67,2.61,1.66,0.85,0.86,0.84,0.85,0.86,0.84,0.84,0.79,0.81,0.85,0.85
AACAGGGCTCAGTGATCAGG	1.48	HG02852:3.48	2.45,0.82,0.81,0.83,0.83,1.67,0.80,0.84,0.84,0.83,0.85,2.47,0.82,0.81,1.61,1.73,0.80,0.83,0.81,0.84,0.84,0.86,1.63,1.68,2.44,1.69,1.63,1.72,1.68,1.70,1.71,2.49,0.83,1.65,2.43,0.84,0.82,0.86,0.84,0.83,0.85,0.82,0.84,3.44,0.83,1.73,0.81,0.90,0.87,1.62,0.81,0.82,1.63,1.63,0.85,0.82,0.83,0.82,0.83,1.73,1.67,0.82,1.62,0.85,0.82,1.68,1.66,1.66,0.85,0.79,0.84,3.48,0.84,0.87,0.83,0.86,1.71,0.83,1.64,1.71,1.64,0.86,1.67,0.84,0.85,0.85,0.84,0.81,1.66
AAGGAGGGGAGAGGAG	1.37	HG02852:1.74	0.82,0.85,0.85,0.87,0.85,0.82,0.82,1.74
ACCACCCAGCCTCC	1.22	HG02852:6.96	3.27,1.63,2.44,1.66,0.83,0.83,0.83,2.50,2.51,1.60,1.67,4.16,2.55,3.37,2.47,4.11,2.44,1.61,0.82,2.56,0.87,0.82,1.60,1.67,3.25,4.84,4.22,3.40,3.46,2.45,0.84,0.83,4.07,2.37,1.69,3.26,0.86,1.68,2.52,0.84,5.95,2.60,1.71,0.83,3.21,1.65,1.69,4.13,3.91,1.62,0.85,0.84,0.84,2.47,1.89,0.84,1.66,3.35,1.70,4.93,2.51,1.68,1.66,3.27,2.50,1.73,1.63,2.53,1.61,1.79,0.87,5.22,5.66,1.61,1.64,4.07,1.63,4.11,1.66,5.15,5.12,2.48,3.33,3.46,1.67,1.64,3.24,2.55,1.67,3.43,3.30,3.36,3.31,2.48,4.26,5.50,1.71,5.85,6.96,4.18,2.62,2.49,3.31,0.86,9.93,2.47,5.12,5.75,1.72,3.43,1.67,3.38,2.62,5.08,1.69,1.71,1.69,3.27,1.65,5.43,6.70,2.50,1.69,3.42,1.67,3.15,7.32,5.10,1.65,3.33,5.09,7.62
AATAGATCTATTCAG	1.11	HG02852:2.61	0.81,0.83,1.65,0.86,1.74,0.82,0.85,4.14,0.83,0.84,0.79,1.71,2.61,4.20,0.86,6.79,0.78,3.37,2.48
AAACTATATATAG	1.07	HG02852:5.22	0.82,0.82,2.49,0.83,0.83,3.33,0.84,1.67,1.68,2.55,1.68,3.29,4.11,2.44,0.80,1.71,0.82,1.62,3.22,1.68,1.94,3.37,1.70,4.07,2.54,3.43,2.52,0.84,0.85,2.57,3.31,0.80,0.83,1.69,5.98,1.68,0.84,0.82,1.89,0.84,1.66,0.84,1.64,1.68,0.86,0.83,0.82,0.84,2.42,0.90,2.61,1.61,0.81,0.81,0.85,0.83,1.71,1.65,0.83,2.59,0.84,3.29,0.81,0.85,1.65,1.68,0.83,1.67,1.57,0.86,2.51,5.22,1.67,5.81,0.86,0.86,9.10,0.82,0.85,1.64,0.84,0.86,0.86,0.84,1.69,0.85,1.69,4.23,0.86,0.84,4.91,0.82,0.84,4.66,0.83,5.06,0.79,3.25,0.83,0.83,2.54
