#contig	start	end	unit	top_case_zscore	high_case_counts	all_counts
11	84337321	84338149	AAAAT	14.87	HG02385:14.95	2.41,4.27,25.20,14.95
18	72833189	72834363	AAAG	11.58	HG02385:14.12	0.83,0.83,0.80,0.82,3.28,0.85,0.87,0.82,1.60,0.81,1.70,0.82,1.65,2.44,1.58,0.85,2.58,0.84,0.85,0.83,0.80,1.56,0.84,3.78,12.95,1.67,0.86,0.84,0.82,1.61,0.90,1.74,0.87,0.81,0.85,14.12,0.82,0.85,2.48,3.46,1.67,0.81,1.67,3.41,0.82,0.86,0.84,3.38,0.86,1.58
9	78965836	78966914	AAAG	7.67	HG02385:13.29	6.53,5.01,0.84,0.82,4.22,6.71,4.95,7.33,2.54,4.89,1.68,6.00,2.49,0.80,0.84,6.59,0.82,1.67,0.86,4.99,6.72,14.70,4.84,3.28,1.63,3.42,0.82,13.29,0.82,4.27,1.67,1.64,2.55,1.71,4.96,4.28,1.70,3.36,0.79
9	134295075	134296307	AAAG	6.86	HG02385:34.05	23.30,17.47,24.41,17.93,15.36,16.44,18.36,2.41,11.72,12.58,14.23,17.03,8.17,16.33,17.38,26.69,18.74,34.05,10.30,18.05,3.42,14.99,20.94,20.27,19.57,24.85,16.88,7.62
15	57367520	57368352	AAAGAAGG	6.58	HG02385:6.64	15.97,4.21,6.64
X	104005932	104007147	AAGGAG	6.56	HG02385:7.47	0.83,0.84,1.65,8.85,0.82,0.84,2.55,0.84,0.84,0.83,0.84,7.47,1.70,0.82
22	39384237	39385200	AAAG	6.47	HG02385:11.63	0.83,0.84,0.85,0.87,0.84,0.82,6.51,2.37,4.23,2.52,3.36,0.85,0.87,1.71,2.49,1.65,0.86,0.82,11.63,11.24,4.19,1.62,4.19,0.86,1.66,0.86,2.48,0.86,1.69,0.85,6.11,0.85,0.86,0.85,0.84,4.27,1.67,0.79
8	17320628	17321894	AAG	6.43	HG02385:12.46	2.45,0.82,3.26,3.34,3.33,6.66,3.34,5.86,1.66,6.81,3.22,4.27,0.85,3.46,2.47,1.62,2.90,3.37,4.25,0.86,2.45,4.13,0.81,3.26,2.58,2.52,1.68,0.87,0.80,1.65,3.39,3.31,9.38,2.52,4.20,6.71,0.85,1.64,5.02,1.68,7.74,4.16,0.86,5.90,0.90,2.61,0.87,3.22,2.44,3.42,12.46,0.85,2.50,6.05,1.67,4.93,2.43,2.57,0.82,7.54,1.67,2.62,0.86,0.85,0.86,0.82,3.30,1.55,1.67,3.34
12	96192103	96193261	AAG	5.54	HG02385:7.47	1.67,0.84,3.29,0.80,1.68,0.82,0.84,3.39,0.81,1.68,0.85,16.57,12.41,0.83,0.78,0.85,0.84,0.82,0.86,0.84,0.83,1.63,0.84,1.61,0.81,0.85,7.47,4.29,0.83,1.67,0.81,0.82,0.79,0.86,0.84,0.87,1.71,0.82,0.85,1.68,0.87,0.86,0.82,0.82,0.84,0.78,0.84,0.85,1.66
21	33396541	33397277	ACATATATAT	5.28	HG02385:8.30	2.50,1.70,1.64,4.06,0.85,3.46,2.45,0.81,3.42,3.33,0.84,2.50,4.07,8.30,5.74,1.70,0.86,3.38,5.13,0.81
9	132937940	132938761	AAAG	5.22	HG02385:10.80	6.77,5.04,2.41,18.80,10.80,17.93
X	12211318	12212546	AAAG	5.01	HG02385:10.80	4.08,1.63,5.01,3.19,1.66,2.55,4.92,8.54,4.17,3.25,5.06,3.43,5.04,6.86,4.23,5.79,3.13,0.81,3.42,0.94,5.88,3.35,6.81,3.35,0.83,5.88,5.38,9.56,10.80,2.59,4.35,0.86,2.57,4.93,0.84,0.84,5.06,5.99
5	77725157	77726579	AAATAAATACTGTATTTAT	4.99	HG02385:69.76	30.77,2.50,31.76,49.28,22.46,30.63,17.67,40.28,27.71,45.96,38.40,28.19,25.48,37.34,31.43,27.76,27.11,16.86,32.83,28.60,25.16,64.33,25.41,31.78,57.96,32.79,21.86,28.91,17.15,30.65,69.11,0.85,26.45,2.56,0.84,46.25,28.50,30.26,26.84,51.95,30.39,0.84,24.42,42.43,31.87,31.64,41.15,22.59,37.42,38.01,28.19,69.76,20.75,20.10,47.64,30.63,7.45,1.66,36.84,0.79,21.75,33.09,31.19,10.91,12.85,14.83,11.84,1.71,3.39,0.78,37.68,22.46,26.81,0.85
4	141921187	141921446	AAGAGGAGG	4.98	HG02385:4.98	4.98
2	237423922	237425273	AAAG	4.74	HG02385:7.47	1.63,1.63,1.63,0.83,0.83,1.67,1.67,0.82,2.56,0.85,0.87,2.47,0.80,0.97,0.84,2.55,0.86,1.63,1.63,3.15,0.81,1.72,1.68,0.85,2.60,1.71,0.83,1.61,0.83,1.56,1.62,1.68,0.84,0.84,1.67,0.84,1.72,0.83,0.82,0.83,1.73,0.82,8.43,2.69,0.87,0.87,4.85,2.42,1.63,0.81,0.85,7.47,2.46,0.85,0.83,7.78,0.82,4.20,2.51,0.86,0.87,1.71,0.82,0.86,0.84,1.69,1.71,1.64,0.84,0.85,0.81,0.85
2	213663119	213663940	AAAG	4.71	HG02385:4.98	0.83,0.85,4.98,1.67,4.11,1.72
8	97262279	97263368	AAGAAGGAG	4.61	HG02385:34.05	0.83,22.86,18.53,34.05,18.42,32.03,36.59
2	178440609	178441213	ACACATATATATAT	4.04	HG02385:4.15	4.15,2.48,1.71,2.56
10	133144429	133145032	AAGGAATGAAGGGAGGGAGG	3.96	HG02385:8.30	2.50,0.80,2.41,0.82,3.37,2.55,2.59,4.09,0.84,3.94,1.63,4.20,5.88,1.70,0.87,1.71,1.65,2.41,5.08,0.84,0.82,1.67,3.45,0.84,2.42,3.58,5.22,3.22,1.64,2.56,8.30,3.43,4.10,5.12,1.65,3.46,0.84,5.75,5.68,2.55
11	126792693	126793605	AAG	3.94	HG02385:4.15	0.83,0.84,0.86,4.15,0.84,0.86,0.82
1	243114285	243115374	AAAG	3.69	HG02385:5.81	0.81,0.83,0.84,0.84,0.84,2.52,0.82,1.71,0.85,0.81,1.61,0.97,0.86,0.84,0.83,1.63,1.68,1.66,2.48,2.51,0.84,1.68,0.84,0.84,0.86,0.83,0.86,2.42,0.81,3.26,0.81,5.81,2.46,3.46,0.81,0.83,0.83,0.83,1.64,0.84,0.87,0.86,0.84,0.82,2.52,1.58,1.70,0.85
10	129537493	129538676	ACACCC	3.62	HG02385:4.98	0.81,0.84,0.80,1.68,0.83,0.81,1.58,1.63,2.52,2.60,3.43,0.85,0.86,1.64,4.98,1.62,0.86
2	97147020	97148628	AAAG	3.49	HG02385:7.47	0.82,2.44,1.67,0.83,0.83,1.67,3.99,0.84,3.35,0.83,1.70,2.52,4.94,3.29,5.63,2.46,1.71,1.73,4.11,0.80,3.22,0.84,4.13,0.81,1.72,0.84,0.84,3.47,2.48,2.43,0.84,1.68,1.89,1.73,2.52,2.50,1.67,3.41,3.29,4.19,2.53,4.16,8.63,0.84,0.82,0.84,2.42,2.61,2.42,3.28,1.63,2.56,7.47,0.86,3.42,1.65,2.50,1.73,3.35,1.64,4.05,2.47,0.83,1.67,0.84,0.83,0.82,0.87,1.71,0.85,1.65,0.85
19	49684845	49686051	ATCC	3.38	HG02385:11.63	3.27,6.53,5.70,4.16,1.67,3.33,6.65,4.16,8.35,5.85,4.79,7.52,3.35,1.66,5.96,5.05,4.11,2.47,7.33,3.22,8.21,1.71,4.27,7.79,3.29,4.01,3.34,6.49,6.45,6.73,6.78,5.06,9.36,5.18,3.27,3.35,3.30,8.14,3.15,2.54,4.89,5.15,4.20,5.04,10.93,4.25,6.07,5.14,5.80,4.14,1.61,0.83,5.93,4.96,4.69,3.24,1.71,5.87,2.51,5.77,2.83,3.45,5.88,4.16,5.86,1.68,2.55,3.29,4.19,4.21,2.58,4.16,7.36,6.66,2.59,4.20,5.72,4.21,5.65,1.79,2.61,4.35,1.62,5.64,4.93,0.81,4.07,5.98,1.64,11.63,5.15,4.10,5.12,4.14,4.16,9.51,2.51,6.57,8.11,2.55,3.33,5.14,0.82,4.20,3.31,9.11,3.35,6.82,7.07,4.29,6.69,4.35,5.86,2.62,4.15,3.42,3.31,5.14,4.14,6.58,5.97,3.28,5.88,5.15,3.43,3.34,5.91,4.24,6.11,6.77,4.23,1.71,4.20,4.24,9.00,6.60,5.88,5.43,5.02,4.99,4.21,4.27,3.34,1.58,6.51,3.40,5.79,4.16,6.79,3.39
X	51363800	51364996	AAG	3.32	HG02385:19.93	8.32,0.83,1.67,10.03,19.94,23.82,8.05,17.24,13.15,10.02,16.23,0.79,0.83,11.86,0.78,9.23,13.31,0.84,14.24,0.86,0.83,19.93,0.85,10.54,0.85,14.16,3.43,0.84,0.84,0.78,0.84,8.67,7.48,5.08
4	13322591	13322592	AC	3.32	HG02385:3.32	3.32
4	47342016	47342017	AC	3.32	HG02385:3.32	3.32
7	13242244	13242519	AAGG	3.32	HG02385:3.32	3.32
10	108009892	108011035	ACACATATATCTATATGT	3.22	HG02385:4.15	0.85,0.82,0.83,0.97,0.81,4.14,0.80,0.85,0.84,0.82,0.83,0.87,4.15,0.84,0.83,0.86,0.83,0.87,0.83,0.85,1.64,0.86,0.87,1.69,0.85
10	64648764	64649981	AAAG	3.17	HG02385:9.97	1.63,1.66,4.16,4.16,3.34,5.85,7.98,0.84,5.03,8.32,4.25,1.68,1.65,4.93,8.96,4.92,4.27,3.46,9.74,5.05,6.75,0.86,3.27,0.83,4.89,1.72,3.36,5.04,0.85,3.47,3.43,1.66,3.21,2.48,2.34,1.62,6.59,0.94,4.32,5.04,4.16,5.02,3.35,4.26,3.29,1.68,0.86,4.09,6.04,0.81,3.58,6.08,3.48,3.23,4.03,4.11,6.52,2.44,9.97,3.43,2.46,1.71,0.83,1.67,1.67,2.46,2.43,1.70,0.82,4.97,3.35,3.14,3.43,0.84,3.49,3.32,5.14,0.83,0.86,0.83,1.64,0.85,0.84,2.57,0.86,1.70,5.07,3.39,0.82,2.47,0.84,1.55,0.84,0.85,3.34,9.76,0.85,1.65,0.83
2	37573824	37574651	AACATATATAT	2.99	HG02385:3.32	2.52,0.84,0.82,0.82,1.63,3.32,2.55,6.29
17	12928796	12929987	AAAG	2.93	HG02385:7.47	1.63,4.16,0.84,2.51,3.40,1.61,0.82,4.27,3.29,0.81,0.97,1.69,5.08,1.68,7.57,6.73,6.07,2.49,2.41,2.34,0.85,0.85,0.84,1.61,1.74,2.42,7.33,1.63,7.47,1.64,1.64,4.86,1.70,4.26,0.79,0.87,3.43,0.86,0.84,0.87,1.67,0.83
9	14990821	14992140	AAGATGGTGGGGCAAGGTGT	2.86	HG02385:15.78	11.42,4.07,4.99,7.49,1.66,2.51,2.51,10.82,3.40,0.84,1.65,8.22,9.78,7.24,9.85,6.83,9.40,6.06,5.61,4.17,5.68,4.03,4.21,4.84,10.96,6.80,11.23,2.45,1.68,4.95,7.33,8.68,13.55,4.89,8.59,3.36,2.52,9.25,9.35,14.74,4.29,5.80,0.83,5.63,1.65,8.26,4.86,3.36,4.19,6.91,9.25,0.84,7.66,4.93,6.88,4.99,4.09,3.33,8.63,5.88,2.45,1.79,0.87,7.83,2.43,2.42,4.89,2.44,6.84,3.29,15.78,4.29,5.12,8.27,13.32,6.05,4.19,7.39,14.59,13.61,2.50,1.71,2.47,5.03,2.48,4.14,1.70,5.50,0.86,2.51,13.93,4.15,3.42,3.31,12.85,9.10,6.58,5.97,6.00,3.34,7.59,0.85,0.85,5.92,5.99,10.08,7.63,5.72,4.20,5.86,4.99,3.37,0.85,0.84,5.69,1.70,0.83,6.65,2.55,3.39
17	5135071	5136121	AAACAGTGCAGTAT	2.79	HG02385:10.80	5.71,0.82,0.82,4.02,5.98,5.81,2.55,1.65,13.03,20.51,0.84,5.89,0.84,3.40,1.71,2.48,4.19,0.84,0.86,2.50,1.67,4.31,0.90,1.74,2.61,2.42,2.46,1.63,2.56,0.82,10.80,0.85,8.27,2.59,13.96,0.85,1.67,1.57,1.74,0.82,0.84,8.56,1.67,1.70,3.39
4	24388733	24389875	AAAG	2.75	HG02385:4.98	1.66,0.83,8.31,3.19,0.84,4.21,1.67,0.81,2.45,0.81,1.58,0.81,0.86,0.87,1.71,2.54,0.83,1.56,0.84,1.68,0.85,3.27,0.87,1.64,0.85,4.98,1.64,0.83,0.83,2.36,0.86,0.84,1.74,1.67,0.85,1.71,1.69,1.64,0.82,0.84,0.85,0.83,2.55
18	626145	627569	AAAG	2.64	HG02385:19.10	23.66,6.65,6.68,5.82,9.97,2.50,3.34,6.38,20.05,8.38,2.50,0.85,5.05,6.58,1.61,6.83,3.42,2.60,9.04,10.42,1.67,15.42,5.64,2.52,1.94,4.22,5.95,4.90,4.13,4.89,4.73,1.69,8.15,7.73,10.92,5.04,4.20,4.25,0.87,11.14,5.80,4.14,8.84,1.65,6.61,5.47,11.35,0.85,10.91,3.30,0.86,4.20,1.66,3.35,7.39,5.86,2.53,6.88,9.98,4.90,0.86,1.68,5.72,0.84,4.84,17.03,14.77,3.48,4.85,16.11,7.39,7.33,16.28,12.82,19.10,5.15,3.28,10.25,5.79,5.83,12.97,7.54,5.75,4.05,6.81,7.71,1.65,1.68,8.28,7.45,2.51,1.70,0.86,1.67,0.83,3.43,2.47,4.93,8.58,7.52,6.11,0.85,2.52,4.91,1.65,0.78,2.50,2.56,6.69,6.51,5.10,1.65,2.49,12.73
8	33376119	33377398	AAAG	2.62	HG02385:6.64	4.90,2.45,4.07,1.66,1.67,0.83,0.83,2.52,1.65,0.81,3.41,6.92,1.64,0.80,0.83,0.81,7.74,1.70,0.86,1.63,1.72,5.88,0.84,4.34,0.86,0.83,6.43,1.65,1.69,0.82,1.89,2.50,3.35,1.70,1.64,1.66,2.50,1.73,0.84,0.84,0.81,0.87,0.81,1.63,0.85,6.64,0.82,3.31,1.67,0.86,0.84,3.40,0.84,0.83,2.48,0.85,0.82,0.86,0.84,0.85,1.64,0.83,1.71,0.84,0.83,1.69
2	70660722	70661127	AATAG	2.52	HG02385:3.32	0.81,0.81,0.82,0.83,1.61,1.66,0.83,0.84,4.03,3.32,2.47
11	29665441	29666337	AT	2.49	HG02385:3.32	0.81,0.84,0.80,0.97,1.58,0.78,0.85,0.85,1.67,0.81,0.81,1.61,3.32,0.86,0.83
4	28664676	28665557	AAGGAG	2.49	HG02385:2.49	5.75,2.49
20	22485612	22486576	AAAG	2.48	HG02385:6.64	5.78,24.11,6.05,14.77,6.64,6.01
19	34247710	34249044	AAAG	2.46	HG02385:16.61	5.71,17.10,0.83,3.32,1.67,1.66,3.29,14.67,3.46,3.29,6.41,9.68,4.22,7.78,18.45,4.13,10.59,2.37,5.08,3.26,8.40,1.68,5.95,9.43,2.48,3.39,0.84,1.67,7.58,4.30,8.99,3.33,2.59,0.84,2.45,17.75,9.70,2.42,1.63,5.13,16.61,0.86,9.03,3.46,14.78,0.83,0.85,3.43,3.48,12.55,4.36,12.45,0.86,9.42,11.15,5.93,4.12,1.66,0.84,1.71,2.51,0.79,10.58,0.85,0.83,0.85,1.69
14	104674078	104675369	ACACCAGCAGAGCCGGG	2.45	HG02385:3.32	0.84,0.82,0.84,0.86,0.94,0.84,4.03,0.90,2.43,0.81,0.85,3.32,0.85,0.83,0.85,0.84,0.84,0.81,0.85
18	77305774	77307028	ACACTCACCCTCTCC	2.42	HG02385:9.14	2.45,3.26,1.63,5.82,1.67,2.50,4.16,3.33,5.01,4.18,5.58,4.18,3.35,4.99,3.40,3.37,1.65,3.29,3.26,9.66,2.46,5.97,2.56,3.46,1.64,6.41,3.34,4.06,2.42,4.21,1.94,5.90,5.10,3.46,4.09,2.52,3.30,6.51,3.94,0.85,3.26,3.43,0.84,0.84,2.52,1.70,6.07,2.57,2.48,7.23,0.83,1.69,4.96,6.25,4.05,1.71,0.84,0.84,1.65,2.83,5.18,3.36,3.33,5.86,4.19,3.41,8.21,0.84,1.68,1.72,2.50,4.90,1.67,4.31,5.04,3.27,3.37,9.68,5.38,2.61,2.61,5.66,2.42,0.82,2.44,0.81,4.27,6.57,9.14,2.57,2.46,4.27,4.96,4.16,7.54,5.75,1.62,1.70,2.50,2.57,3.30,4.20,0.84,0.85,6.29,6.00,0.84,4.35,1.67,3.49,4.98,2.57,0.83,0.83,4.27,1.64,2.52,1.72,2.57,5.01,1.69,1.70,4.36,0.85,1.69,2.57,2.52,1.69,7.36,0.82,2.52,1.55,3.35,2.50,2.53,2.56,4.18,3.94,0.81,0.83,3.33,1.70,1.69
17	67641633	67642649	ACACATATATATACATATAT	2.38	HG02385:3.32	0.83,0.83,0.97,1.63,0.84,0.85,0.86,0.84,0.84,0.90,5.70,3.32,1.73,0.83,6.70,0.87,0.85,0.84,0.85
20	49282127	49283366	AAAAG	2.30	HG02385:31.56	17.91,20.79,15.82,23.56,13.85,20.48,8.81,14.61,10.09,14.69,30.97,18.89,22.68,15.13,18.43,14.16,19.00,51.57,7.74,14.97,23.53,15.51,32.26,15.60,5.70,6.84,12.32,31.56,25.64,19.98,10.37,34.05,26.56,12.59,2.57,5.85,24.84,8.57,10.92,6.78,5.82,0.84,11.70,7.10,7.64
2	221410192	221411844	AAG	2.20	HG02385:22.42	4.08,3.26,2.44,0.83,6.68,4.16,4.99,13.32,14.19,2.51,0.80,0.84,11.06,2.52,8.23,5.75,4.07,0.80,5.75,17.07,5.13,6.92,4.93,3.20,7.51,2.43,12.09,5.05,5.81,8.43,13.61,19.01,10.62,9.22,6.60,5.70,18.14,15.24,10.59,1.72,17.64,11.77,11.77,11.05,8.67,10.29,24.02,15.72,16.88,4.13,5.08,11.57,3.91,8.92,3.42,4.19,5.03,4.94,0.94,1.68,3.33,0.84,5.03,7.66,3.29,1.67,7.58,22.37,15.81,5.72,13.32,8.63,17.64,11.43,17.69,8.07,18.82,8.69,26.98,15.36,20.14,12.32,12.22,17.91,21.36,17.25,22.42,12.87,12.31,14.52,23.16,4.16,8.64,11.72,9.03,17.84,7.66,13.33,1.71,7.42,7.55,4.14,9.94,3.35,1.70,10.22,2.57,4.18,0.84,4.15,4.28,2.48,7.71,7.45,4.93,4.27,10.67,1.68,2.57,0.86,4.18,1.69,5.09,4.36,2.54,5.92,3.42,9.24,3.27,2.47,1.68,5.43,4.19,7.49,0.84,2.56,5.85,1.58,2.44,2.48,6.65,1.70,6.77
7	97687663	97688499	AAAG	2.12	HG02385:3.32	2.52,0.82,0.85,0.84,0.84,0.83,0.83,2.41,0.82,0.86,2.42,0.82,3.32,0.82,0.86,2.62,0.78,0.84,0.85,2.54
4	103240905	103242330	AATATATATATGAG	2.08	HG02385:4.15	0.82,1.63,1.66,1.60,1.65,4.27,0.83,1.62,1.61,0.83,0.86,0.86,0.83,0.83,0.80,2.54,2.48,1.56,0.81,1.71,2.47,1.89,0.84,1.72,0.81,0.85,4.15,0.84,0.84,0.83,1.71,0.86,0.85,1.69,4.12,1.66,0.84,1.58,5.69,0.83
17	19867497	19867790	ACGGGAGAGGGAGAGGGAG	2.04	HG02385:2.49	3.30,1.68,3.58,0.81,2.49,1.64,2.43
20	17061164	17062393	AAAAT	2.01	HG02385:20.76	4.16,1.67,24.22,16.64,10.10,16.90,11.77,20.37,26.90,5.10,7.72,6.61,8.54,12.77,16.65,12.94,28.52,20.76,12.81,10.68,9.73,9.11
5	122103323	122104755	AAG	1.91	HG02385:4.98	1.66,0.83,0.83,4.16,5.01,1.60,0.84,0.83,0.85,0.82,1.62,1.61,2.52,0.84,0.86,0.82,1.68,1.58,7.62,0.84,0.84,1.70,0.83,0.80,3.30,0.85,1.65,0.78,0.85,0.84,0.84,3.30,0.94,2.59,1.67,1.68,1.70,3.44,5.00,0.81,0.87,1.63,4.98,1.64,0.86,0.84,3.24,0.83,0.85,0.79,1.67,0.83,0.83,0.82,0.82,0.86,2.57,0.87,0.85,2.57,1.69,2.47,0.84,0.84,0.85
19	16041842	16042297	AAGAGGAATGAGTGAGTGAG	1.90	HG02385:2.49	0.84,3.35,4.20,2.57,6.63,2.49,4.93
19	54922285	54923384	AG	1.89	HG02385:7.47	0.82,1.63,0.81,3.33,3.34,5.82,0.83,0.83,9.18,5.85,2.39,2.51,1.68,3.33,0.85,4.21,2.47,1.64,2.41,1.64,7.68,3.42,1.73,1.64,1.60,1.67,0.81,2.42,2.52,4.84,4.22,4.25,0.86,3.27,3.35,3.30,3.26,0.79,2.54,4.89,2.58,2.52,2.52,2.52,2.60,2.57,3.31,1.65,0.80,2.48,4.23,4.13,2.43,1.71,4.19,0.84,0.82,0.84,2.50,1.67,3.35,2.55,1.64,3.35,1.72,1.66,3.27,1.67,4.31,1.68,2.45,0.84,1.74,6.09,1.62,4.83,0.82,1.63,0.81,1.71,7.47,3.43,0.82,3.42,3.31,1.67,2.59,1.67,1.64,1.62,2.55,2.50,1.71,5.87,1.66,0.83,0.84,3.41,0.79,0.86,0.84,5.22,3.35,3.49,6.64,5.99,1.65,1.71,0.83,2.47,5.12,4.10,1.68,0.86,2.57,4.18,1.69,0.85,3.49,2.54,4.23,4.28,0.84,3.39,0.82,0.82,0.84,1.55,2.51,2.50,2.53,4.27,1.67,2.37,0.81,1.70,2.48,4.16,3.39,3.39
14	97980593	97981103	AAGG	1.85	HG02385:3.32	0.82,1.66,0.85,0.82,0.81,0.80,0.85,0.87,2.52,0.97,1.70,2.37,0.86,0.85,0.87,0.86,0.80,0.83,2.47,0.85,0.84,0.84,0.83,0.82,0.81,0.82,3.32,1.64,0.84,1.62,0.86,0.83,0.84,0.84,0.87,0.82,0.84,1.69,0.82,0.85,0.81,1.65
1	92305101	92306737	AAAATCATGCATGATATTAC	1.83	HG02385:47.34	4.08,6.53,9.77,8.31,6.68,23.30,10.81,8.33,15.86,12.54,7.18,12.53,12.56,9.15,11.06,16.83,3.29,6.58,9.78,26.56,24.62,5.97,5.98,29.41,13.15,23.24,10.85,14.61,26.59,19.34,23.23,22.77,22.12,13.82,32.68,43.61,25.58,4.89,11.83,25.41,22.00,7.73,20.16,8.41,58.00,23.81,6.07,36.86,13.25,28.12,31.34,10.73,20.32,12.40,13.28,12.97,6.83,15.10,6.70,42.85,5.66,11.23,15.13,8.32,8.37,13.42,17.88,15.60,6.70,10.11,9.47,9.98,37.60,9.16,11.21,20.17,40.01,16.85,6.45,15.23,30.41,3.48,10.51,53.16,10.67,26.89,54.55,18.80,24.65,47.34,22.31,31.18,11.10,11.58,17.49,24.20,36.01,18.89,37.30,29.78,5.83,5.14,22.25,23.50,4.14,11.60,8.37,5.11,6.29,30.85,19.23,5.22,9.20,13.09,34.86,14.55,30.62,33.41,23.17,4.93,21.34,17.24,15.95,18.87,7.71,8.35,27.00,22.07,20.94,18.61,11.84,27.38,36.97,5.08,8.18,25.56,19.32,13.20,51.91,4.99,22.75,9.40,10.03,22.08,34.98,8.49,8.27,2.49,19.52,25.40
11	63880626	63882254	ATCC	1.79	HG02385:9.97	4.90,2.45,2.44,5.82,2.50,5.82,4.16,1.67,1.67,5.01,3.99,3.34,6.70,2.50,5.96,2.52,4.11,4.93,4.07,8.85,2.46,7.68,3.42,4.33,6.58,1.60,8.35,6.49,4.03,8.41,10.65,5.90,3.40,1.73,3.27,2.52,3.30,4.89,5.52,6.77,11.41,1.72,5.04,4.20,5.88,5.10,1.73,3.43,5.80,6.62,1.61,4.95,5.08,7.44,3.91,3.24,5.13,4.19,3.35,4.94,2.83,6.05,4.20,4.16,5.02,4.19,3.41,3.29,4.19,4.21,5.16,5.82,4.09,8.33,3.45,1.63,5.90,6.45,2.69,4.34,6.96,4.85,8.06,7.39,4.07,2.44,7.69,4.11,9.97,1.72,3.28,2.56,4.96,5.00,3.46,6.70,1.64,7.30,5.11,5.83,4.28,4.12,5.03,2.48,4.14,4.19,1.70,8.65,3.43,5.02,3.48,2.51,6.11,6.64,4.28,3.31,6.85,4.14,4.93,8.53,4.10,5.88,2.57,1.71,6.68,4.22,2.55,6.11,2.54,4.23,7.70,5.04,5.08,1.64,2.47,1.68,2.33,2.51,4.99,3.37,2.56,4.18,2.37,3.25,4.25,3.31,6.65,5.09,5.08
6	27389417	27390406	AAAG	1.72	HG02385:18.27	15.09,12.02,21.43,12.05,15.70,0.84,14.53,18.27,22.21,9.10,0.84
20	40336163	40336939	AAGG	1.70	HG02385:2.49	0.84,3.31,0.86,0.84,0.81,0.87,2.42,0.81,2.49,0.86,0.81,0.85
21	43113638	43114862	ATCC	1.69	HG02385:11.63	5.71,1.63,1.63,4.16,5.84,7.49,5.82,4.16,5.84,3.34,6.38,4.18,7.54,1.66,9.36,3.37,8.23,4.11,8.15,6.44,6.57,7.68,5.13,6.06,4.11,7.21,4.17,2.43,3.22,7.57,6.78,8.43,8.51,2.59,2.45,5.87,3.30,7.33,4.73,7.62,4.07,6.01,5.88,5.04,10.09,5.95,0.87,12.00,7.46,5.79,3.21,1.65,2.54,6.61,3.13,5.67,5.13,5.03,7.54,4.12,3.78,8.64,4.20,6.65,6.69,5.03,8.52,3.29,5.02,4.21,6.02,4.99,3.27,9.16,5.18,4.20,4.90,2.53,2.42,6.27,7.82,3.48,7.28,6.44,8.21,4.89,0.81,2.56,2.46,11.63,8.58,6.56,2.56,5.79,1.67,2.59,7.54,3.29,7.30,6.81,6.66,9.43,7.42,5.87,9.11,4.97,4.19,7.67,3.93,8.57,5.85,6.09,2.51,7.86,13.28,6.85,6.62,11.14,3.31,7.40,8.53,11.49,5.04,1.72,8.57,4.18,5.91,7.64,8.72,7.61,3.38,9.41,10.08,11.02,5.72,4.95,5.88,4.66,7.54,5.82,2.53,10.25,8.36,2.37,6.51,5.10,4.96,5.82,8.49,6.77
1	8049812	8050951	ACC	1.66	HG02385:4.15	3.27,0.81,0.83,0.83,0.83,0.84,0.80,1.68,1.65,0.82,0.81,0.80,0.85,1.73,0.81,4.84,0.81,0.79,0.85,0.81,0.86,0.84,2.52,1.68,0.85,1.65,0.83,0.78,0.85,1.68,0.84,3.78,1.68,0.84,1.70,0.83,2.45,0.86,1.68,2.53,0.90,1.74,1.74,0.81,0.82,1.63,0.81,0.82,4.15,1.71,0.83,0.82,0.81,0.85,3.33,2.57,0.84,1.66,0.83,0.84,1.70,0.79,0.86,0.84,0.87,0.84,0.87,2.49,0.86,0.83,0.86,0.83,0.82,1.71,1.64,0.84,2.57,0.86,0.84,0.85,1.69,1.69,1.64,2.52,0.83,0.81,1.66
1	14147753	14147754	AAAT	1.66	HG02385:1.66	1.66
1	203563851	203563852	AC	1.66	HG02385:1.66	1.66
1	42920138	42920139	AGGG	1.66	HG02385:1.66	1.66
18	47851173	47851213	AAGAGGAGG	1.66	HG02385:1.66	1.66
2	30639527	30639528	AAAT	1.66	HG02385:1.66	1.66
3	31823803	31823804	AACCCT	1.66	HG02385:1.66	1.66
4	70755353	70755354	AAAT	1.66	HG02385:1.66	1.66
7	44636328	44636392	AGGGGGGGGGGGGGGG	1.66	HG02385:1.66	1.66
8	144263334	144263335	AG	1.66	HG02385:1.66	1.66
8	73637483	73637608	ACATATATATATATATAT	1.66	HG02385:1.66	1.66
3	122901616	122901999	AAAG	1.59	HG02385:1.66	0.83,0.87,0.81,1.66,0.82
2	69322947	69323774	AAGGGAGG	1.55	HG02385:1.66	0.83,0.84,3.44,1.66,0.84
18	5957466	5958804	AAG	1.54	HG02385:2.49	0.83,0.80,0.84,1.63,0.80,0.85,0.80,0.83,0.84,0.84,0.84,0.82,2.50,0.86,3.42,2.49,0.87,0.83,1.74,0.85,0.84,0.81,0.85
1	2390013	2391645	AAGGAGGACCACCAGG	1.53	HG02385:20.76	8.98,2.44,1.66,3.34,1.66,8.31,4.16,0.83,2.39,1.67,1.68,9.98,4.25,13.98,0.82,2.44,12.07,3.28,1.71,2.56,4.33,6.58,5.01,2.43,10.48,4.21,1.94,6.75,11.06,6.91,17.98,6.71,2.48,1.58,7.62,2.44,9.24,6.73,14.29,9.35,9.54,12.86,7.46,17.37,28.93,2.54,7.44,6.25,2.43,9.40,4.19,5.03,4.12,7.55,1.73,6.65,3.35,5.87,4.26,4.11,1.67,6.74,15.49,15.81,13.08,7.49,19.84,12.60,17.15,10.95,6.45,16.13,7.82,8.70,9.70,8.86,16.42,0.81,2.44,6.84,21.36,20.76,17.08,23.99,17.49,11.24,20.94,18.89,9.73,17.87,5.83,2.57,17.31,5.87,7.45,23.19,12.56,2.56,13.36,10.03,13.93,9.20,6.98,8.30,16.26,18.20,8.57,7.45,8.22,8.53,13.13,14.27,1.72,4.28,4.18,2.53,2.55,19.19,6.77,10.99,8.56,7.56,4.24,9.00,4.12,12.60,0.78,5.02,10.81,6.74,11.96,8.36,14.19,11.39,3.40,9.93,15.80,2.55,9.31
19	13706005	13706538	ACCCACCCATCCATCCATCC	1.52	HG02385:1.66	0.85,0.85,1.66,0.83,0.81,0.84
1	45260332	45260582	AAATATATAT	1.51	HG02385:2.49	0.83,0.83,0.84,0.82,3.40,1.63,0.86,2.42,1.61,0.81,2.49,1.67,0.84,0.85
18	1916265	1917063	AT	1.48	HG02385:2.49	1.68,0.84,0.85,0.85,0.84,0.84,1.73,0.83,1.71,0.84,0.84,0.83,1.61,0.82,2.49,0.83,0.83,0.85,1.68,0.84,0.83,0.83
17	59582598	59583544	AAAG	1.47	HG02385:2.49	0.83,1.67,0.84,0.85,0.87,0.84,0.81,3.40,0.84,0.84,0.84,2.58,0.87,0.82,2.49,2.56
17	72478391	72478952	AAGG	1.46	HG02385:1.66	0.86,5.88,0.81,1.66,0.85,1.74
2	150762156	150763055	AG	1.45	HG02385:3.32	0.83,0.84,0.80,0.84,3.40,1.64,0.87,0.80,1.69,2.55,1.68,0.79,0.81,2.58,0.84,0.85,1.71,1.66,0.83,1.61,0.83,0.85,0.81,0.85,0.84,0.82,0.86,0.84,0.82,0.81,1.63,3.42,1.64,3.32,0.83,0.83,1.73,0.84,2.55,0.85,1.71,1.66,1.69
2	1520522	1522061	AAGGTGAGAGGCAGCAGC	1.41	HG02385:14.95	8.16,7.34,7.33,8.35,4.16,9.14,5.83,3.34,9.19,2.39,8.35,12.56,6.66,6.73,1.65,13.97,13.04,4.02,8.21,9.39,7.69,3.46,5.75,3.20,10.02,8.93,8.41,4.25,7.78,10.62,1.65,9.46,9.32,8.15,0.84,0.87,2.57,6.63,9.10,5.63,4.95,5.79,16.41,7.30,13.67,1.68,1.68,5.66,6.91,8.41,4.99,15.06,6.71,5.75,2.51,6.74,5.16,4.99,7.76,6.53,9.27,0.90,10.44,2.43,14.50,1.64,0.81,6.51,6.84,14.95,6.86,3.28,4.27,4.96,2.59,5.02,1.64,3.24,3.43,9.89,5.03,7.45,4.97,2.51,0.86,3.34,0.87,12.22,1.66,1.71,0.83,2.57,2.47,7.55,3.43,15.42,4.24,3.49,5.13,0.84,1.69,0.82,14.84,5.43,3.35,13.31,0.84,2.37,5.10,1.65,1.66,7.64,8.47
17	21833853	21834314	AG	1.40	HG02385:3.32	0.83,1.71,2.40,2.55,0.86,1.67,5.82,0.84,2.61,1.71,3.32,0.85,2.48,2.50,5.02
22	47774425	47775367	AGGAGGCGGCGGCGG	1.39	HG02385:3.32	1.63,0.82,2.49,0.84,1.64,0.81,0.85,0.87,0.80,0.83,0.86,0.83,0.81,2.44,0.80,0.85,3.31,1.62,0.85,1.68,0.82,2.51,0.85,0.84,0.84,1.72,0.83,0.82,1.63,0.84,1.61,0.81,0.82,0.81,3.32,0.86,1.64,1.65,0.86,0.83,1.71,1.65,0.85,1.68,2.57,0.86,0.85,0.87,1.69,0.84,1.55,0.83,0.84,0.85,1.67,2.37,0.81,0.85
3	122257700	122258962	AAAG	1.36	HG02385:12.46	4.25,0.81,6.31,11.01,5.70,0.84,12.41,5.18,12.60,11.80,11.50,12.46,1.72,5.98,12.10,9.73,5.11,9.89,10.22,4.96,0.86,0.84,7.63,9.81,12.48,5.90,5.79,11.88
10	118331928	118333251	AAAG	1.36	HG02385:10.80	1.63,2.44,3.33,6.68,1.66,1.67,0.83,5.01,2.39,6.70,0.84,9.05,1.63,2.41,3.41,6.83,5.19,12.02,2.43,3.22,0.97,6.80,3.46,5.72,3.94,11.01,8.59,4.20,2.52,9.35,0.86,19.88,10.75,4.02,4.95,4.69,3.36,4.12,3.36,1.67,1.68,1.67,8.99,0.83,6.72,0.82,3.37,1.61,0.90,2.61,2.61,5.70,1.63,6.84,10.80,6.86,4.92,0.85,0.83,3.33,4.32,0.84,16.22,4.25,2.51,0.85,0.86,2.51,0.87,3.31,1.71,1.64,2.57,0.84,5.06,1.58,1.70
14	70305799	70306759	AC	1.32	HG02385:4.15	0.82,0.83,0.83,1.67,2.51,2.51,0.83,0.84,1.64,1.63,0.80,0.82,1.71,2.56,0.82,1.60,4.17,0.81,3.22,0.97,1.69,2.55,1.68,0.81,1.69,0.81,0.86,0.84,3.40,2.57,1.66,2.48,0.83,0.83,0.78,0.81,0.84,1.68,0.82,1.89,1.73,1.68,0.83,1.67,1.68,1.64,0.84,0.84,2.58,0.83,1.63,3.45,0.84,0.84,2.42,0.90,0.82,4.15,0.82,1.67,0.85,2.50,0.82,1.68,0.83,0.84,0.85,0.79,1.71,0.84,0.84,0.83,2.57,1.71,1.64,0.85,1.71,0.84,0.85,0.85,0.86,1.68,1.64,2.52,0.84,1.66,0.84,3.42,1.67,4.14,1.70,1.69
X	155260162	155260257	AACCCGAACCCTAACCCT	1.31	HG02385:1.66	0.78,0.84,0.82,1.66,0.83,0.83,0.78,0.85
X	85165977	85166605	AATATATATATATG	1.30	HG02385:2.49	2.51,0.84,1.68,1.73,0.85,1.56,2.51,1.66,1.67,1.79,2.49
7	76052358	76052861	AG	1.28	HG02385:4.15	3.33,3.32,1.71,1.62,0.97,2.53,0.86,2.52,4.14,3.21,1.63,0.87,1.61,2.46,3.42,4.15,1.64,4.25,1.67,3.14,0.82,0.85,3.25
3	74708238	74709825	AATATACACAGTATAT	1.26	HG02385:19.10	8.98,13.06,6.51,19.96,10.02,13.31,9.14,9.16,10.85,8.36,14.36,13.36,6.70,9.98,6.81,9.26,7.40,13.15,11.41,15.29,10.67,5.12,6.83,5.19,8.22,5.61,17.53,6.49,20.15,8.41,18.39,10.12,9.36,6.05,7.35,13.42,7.43,5.70,9.46,7.62,11.41,3.43,5.04,5.04,10.93,18.71,14.74,6.00,2.49,9.93,8.04,14.03,17.78,14.05,10.94,9.73,12.81,13.42,22.62,9.89,18.88,2.59,7.57,13.31,6.69,9.23,11.07,13.14,10.89,5.05,9.47,8.32,4.90,6.66,13.80,4.20,6.53,10.95,8.07,3.58,5.21,6.96,14.56,18.53,5.75,10.59,5.70,14.53,13.97,19.10,17.16,13.95,17.93,6.62,9.99,12.97,9.21,7.39,5.68,4.25,8.33,6.86,10.71,10.91,10.77,16.57,7.54,7.67,12.57,6.86,5.02,6.09,4.18,6.98,9.13,5.99,3.31,13.71,9.10,12.33,4.27,9.85,12.59,2.57,6.00,15.03,7.59,2.55,2.62,8.46,7.61,5.13,5.88,11.02,13.90,9.07,6.72,7.76,15.07,6.65,3.37,12.82,9.19,16.56,8.95,11.89,13.24,6.65,5.94,7.62
22	44757320	44758854	AACCCCTGGCTGTAACT	1.23	HG02385:29.07	22.86,6.53,16.28,9.98,15.02,19.97,15.79,8.33,9.18,16.72,8.77,23.39,12.56,4.16,27.23,11.78,13.98,9.86,10.59,3.22,26.26,15.36,9.40,4.33,15.62,9.61,5.01,6.49,15.31,15.98,29.04,6.75,22.97,17.28,13.89,15.93,24.75,10.59,10.25,18.63,17.93,18.03,10.92,29.43,27.74,19.56,22.55,9.43,14.08,12.41,7.23,22.29,10.16,19.01,15.63,9.73,8.54,36.91,8.38,6.59,14.16,8.64,12.61,9.15,13.39,10.06,13.63,12.32,10.89,16.00,6.02,9.98,3.27,13.32,25.88,14.28,9.80,7.58,26.63,14.34,8.69,7.83,29.92,13.69,5.75,8.96,13.03,10.25,8.22,29.07,6.86,8.21,23.06,9.93,8.33,6.92,5.02,13.14,17.03,16.17,5.00,2.57,6.59,21.82,10.77,20.71,23.44,11.93,24.36,13.71,12.54,15.67,19.24,17.46,10.79,6.85,3.31,8.57,14.89,7.40,16.22,19.70,8.39,14.58,6.85,11.69,3.38,17.83,16.58,9.31,15.22,17.97,5.04,23.73,15.54,16.49,20.16,27.95,8.37,20.79,4.21,5.13,10.87,35.48,20.34,15.29,21.51,8.31,19.52,11.85
6	134133280	134134223	AAGGGGAGGG	1.23	HG02385:3.32	0.83,0.83,0.83,1.67,0.80,2.51,0.83,0.85,1.65,0.81,0.80,0.85,0.85,0.83,2.43,2.52,0.83,3.15,0.85,2.44,0.86,0.84,0.84,2.55,0.87,0.80,1.69,0.84,0.82,1.89,0.84,0.84,1.64,0.84,0.84,0.82,0.83,0.84,0.81,0.87,0.82,0.81,0.82,3.32,0.82,0.85,0.83,1.67,0.84,0.82,1.62,0.83,2.47,1.66,1.66,0.84,0.85,0.87,1.65,1.64,0.84,0.86,1.71,0.85,0.84,1.69,1.64,0.78,0.84,0.83,1.70
22	37195703	37195960	ATCC	1.23	HG02385:1.66	0.81,0.84,0.84,0.84,1.66,0.83,0.86,0.84
3	169095597	169096829	AAAG	1.21	HG02385:2.49	0.85,0.80,0.83,2.55,0.83,0.83,0.84,0.84,0.83,1.68,1.69,0.81,0.82,2.49,2.56,0.84,0.85,0.82,1.71,2.54,3.33,0.85
2	178440439	178441346	ACATATATATATAT	1.19	HG02385:1.66	0.80,2.34,1.66,3.43,1.71,0.85,1.65
4	141731419	141731784	AGAGAGAGAGAGGGAGAGGG	1.12	HG02385:1.66	0.81,0.84,0.82,0.86,0.81,0.81,1.66,0.82,0.83
14	94836851	94837239	AC	1.11	HG02385:1.66	0.83,0.84,0.80,0.82,0.80,0.84,0.81,1.66,0.81,0.84
20	55665328	55665726	ACACACACCTCCACCC	1.09	HG02385:3.32	4.90,1.66,1.66,4.19,0.85,0.85,2.60,1.64,0.81,0.81,1.63,2.44,0.84,0.83,0.85,4.18,3.35,1.68,0.82,0.83,1.74,0.81,2.46,3.32,1.68,0.83,0.83,0.84,1.65,0.85,2.52,0.85,1.66,1.69,1.63
6	8253565	8254865	AATATATACATATAT	1.07	HG02385:7.47	1.63,0.81,2.50,2.50,0.83,2.50,1.67,3.34,3.34,1.68,0.83,4.21,4.11,7.40,0.81,4.27,3.29,3.25,2.42,5.05,0.97,3.37,1.70,3.35,0.79,1.69,0.81,1.68,2.52,5.95,1.66,0.83,4.23,4.13,3.91,5.13,0.84,5.77,2.83,2.59,8.39,4.26,0.82,7.58,0.86,1.66,0.84,5.65,3.58,2.61,0.81,4.07,3.42,5.75,7.47,0.85,4.14,8.37,9.86,1.62,2.55,6.71,0.83,7.07,3.34,1.67,2.62,3.42,6.62,0.86,4.96,0.85,3.28,3.36,2.57,0.85,5.23,0.84,1.68,3.88,0.84,3.37,0.79,1.63,0.83,0.85
14	28416437	28417584	AAAG	1.06	HG02385:3.32	0.82,0.83,0.84,0.84,0.81,2.46,1.71,0.97,3.40,0.83,0.79,1.63,0.86,6.73,0.85,0.84,0.84,0.85,0.84,0.83,2.59,0.90,0.87,0.81,0.81,0.85,3.32,0.86,0.83,4.16,0.86,1.62,1.71,1.68,1.57,3.34,0.87,1.66,3.40,0.85,0.85,1.68,0.85,0.84,0.81,0.85
13	72227757	72229151	AAAAT	1.05	HG02385:6.64	0.82,0.82,1.63,0.83,1.67,14.13,0.83,0.84,0.84,5.86,4.25,2.47,3.26,2.41,4.10,1.71,0.85,3.46,0.82,0.80,1.67,0.81,1.68,2.90,3.40,3.46,5.72,2.52,0.83,4.73,1.69,1.63,0.86,4.20,3.36,0.84,2.55,1.73,8.28,1.65,2.41,1.65,4.23,1.56,0.85,2.52,0.82,1.89,0.86,5.88,1.66,0.84,0.84,2.53,5.16,0.83,0.82,3.33,3.45,5.04,1.63,2.53,3.23,2.69,0.87,2.61,5.66,2.42,5.75,3.26,2.56,6.57,6.64,2.57,4.10,0.85,2.48,0.83,2.59,5.02,2.46,3.40,2.57,1.68,0.84,3.41,1.57,0.87,1.67,1.75,0.83,0.86,5.79,1.71,2.47,0.85,2.57,0.87,0.85,1.64,3.30,0.78,0.84,0.84,1.71,5.01,2.37,0.81,0.85,3.31,0.83,0.85,0.85
10	36031108	36032222	AAAG	1.05	HG02385:4.98	2.90,4.32,10.62,3.35,10.30,8.41,6.80,0.84,0.81,4.27,4.98,5.83,2.62,2.51,0.86,1.64,4.12
6	49668661	49669978	AATGTATACATATAT	1.02	HG02385:12.46	4.08,0.82,4.99,0.83,1.66,6.66,6.68,3.34,0.83,3.40,9.05,4.11,4.02,1.71,3.46,3.29,4.01,4.17,2.43,2.42,0.84,10.65,1.69,2.55,0.86,2.45,1.68,4.95,7.33,13.41,0.85,4.89,2.58,10.08,9.25,12.61,4.29,11.25,4.13,3.39,5.79,8.54,9.23,4.12,3.36,1.67,1.68,1.68,2.58,4.99,6.54,0.83,14.66,0.84,4.08,4.21,8.88,3.58,0.87,1.74,12.94,8.06,13.14,5.70,9.40,4.11,12.46,5.15,11.96,5.79,5.00,1.73,3.35,4.05,1.70,1.66,1.70,2.36,0.86,3.34,1.65,4.11,8.21,3.36,6.68,5.23,3.38,3.38,10.92,1.69,3.30,6.74,0.85,3.34,12.61,4.25,9.15
11	123327187	123328472	AAAG	1.00	HG02385:14.95	1.63,7.52,19.94,13.36,14.14,11.91,5.89,3.29,10.59,2.46,4.03,16.82,3.87,4.22,9.81,6.71,8.25,10.59,13.41,13.85,2.52,7.57,8.50,1.73,7.72,10.77,2.34,3.36,5.18,4.99,8.37,6.02,9.49,19.38,8.96,0.87,6.52,9.40,8.22,14.95,13.73,6.56,14.52,14.89,22.48,4.19,11.79,5.90,6.51,0.83
