#contig	start	end	unit	top_case_zscore	high_case_counts	all_counts
1	207580399	207581257	AAG	22.59	HG02621:22.66	0.85,5.05,14.57,22.66,0.83
17	3167047	3168158	AAAAT	20.92	HG02621:21.82	0.85,5.80,0.84,1.66,1.73,0.82,0.81,0.86,0.82,21.82,0.84,0.79,8.57,0.84
11	108278913	108279621	AAAATAAAATAACAT	14.27	HG02621:14.27	14.27,7.45
X	46596987	46597880	AAAG	11.75	HG02621:11.75	11.75,12.41
7	151607327	151608409	AAAAT	8.19	HG02621:22.66	22.66,15.44,15.53,20.79
19	21717673	21718507	AAAG	8.15	HG02621:8.39	2.59,0.86,0.82,8.39,2.53,0.85
3	56160490	56161525	AAAGG	7.48	HG02621:7.55	0.81,0.81,7.55,0.84,0.84
4	118058849	118059568	ACATATATATAT	6.71	HG02621:6.71	6.71
17	55527081	55528128	AAAG	5.95	HG02621:15.94	3.35,2.44,4.02,0.85,15.94,5.79,8.40,12.27,6.74,8.14
5	4285269	4286472	AAGCTATATATATATAGTG	5.78	HG02621:7.55	2.45,0.83,0.84,0.82,1.64,2.56,0.83,0.86,0.82,0.84,1.73,0.83,0.82,0.85,1.66,1.67,0.86,0.87,0.81,2.59,7.55,0.85,0.79,0.87,0.86,0.84,0.84,0.85,2.54,3.35,0.81,0.83,4.24
2	189861340	189862250	ACATATATATATGAG	5.73	HG02621:5.87	4.02,5.87,3.14,1.71,11.11
2	162516698	162517598	AAAG	5.46	HG02621:7.55	1.63,0.84,3.99,2.50,0.84,0.81,0.85,3.34,0.84,1.73,0.83,0.85,1.68,0.87,1.71,1.69,0.84,0.84,1.70,0.86,0.90,0.87,1.61,0.85,0.86,1.71,0.84,0.82,0.81,1.71,0.82,7.55,1.67,0.79,1.67,3.35,0.83,0.83,0.84,3.43,0.84,1.68,4.24,1.64,0.84,0.85,0.83,0.83,0.85
20	30681985	30683110	AAAG	5.36	HG02621:8.39	0.84,2.41,1.71,0.97,2.48,1.70,0.86,0.83,0.83,1.61,2.54,0.82,4.19,0.85,0.84,4.16,0.83,0.84,0.87,1.64,0.86,1.64,1.62,1.71,4.12,8.39,0.83,2.51,0.79,0.86,1.75,3.31,1.71,2.46,1.71,0.84,2.55,2.62,2.54,2.54,0.82,1.68,1.55,1.66,0.84,3.42,0.84,3.40,2.48,0.85,3.39
GL000216.1	0	13158	AATGG	5.22	HG02621:73.01	26.94,25.30,29.31,24.94,20.03,52.41,36.57,31.64,35.90,40.95,35.10,26.73,5.86,40.77,51.90,26.09,48.53,31.23,18.74,36.22,38.57,47.78,57.24,66.61,31.24,56.89,52.58,40.58,37.07,32.80,30.01,10.96,33.17,20.73,17.16,25.16,23.10,18.73,46.54,27.95,19.56,18.89,25.20,22.70,19.33,22.11,40.76,32.58,9.11,24.81,27.32,52.01,46.58,35.54,39.85,8.92,19.65,36.91,51.10,28.84,14.16,55.27,46.24,17.47,39.33,46.13,51.95,17.25,32.66,13.47,56.79,60.73,31.06,47.46,11.21,26.89,24.50,18.54,37.12,23.30,68.64,41.77,22.64,11.28,11.50,7.33,13.03,22.22,27.11,41.52,18.88,3.28,22.21,14.06,29.14,27.66,55.27,17.25,9.73,7.66,58.31,54.84,47.80,73.01,25.67,24.85,76.19,20.46,39.30,55.71,38.46,53.10,41.83,44.52,19.09,19.69,33.93,61.68,29.79,41.93,53.77,31.19,50.36,31.73,37.70,56.79,21.94,52.63,35.77,32.99,46.51,25.67,30.25,59.32,35.98,18.14,21.00,41.92,23.44,36.60,37.08,79.46,50.15,13.40,43.93,28.03,33.92,31.59,27.16,40.64
9	122561862	122562612	AT	5.14	HG02621:6.71	0.82,0.83,0.84,0.82,0.82,3.41,1.67,1.61,0.97,1.58,0.85,0.85,0.86,4.18,0.87,0.82,0.82,6.71,0.84,1.75,1.64,1.69,0.86,1.67,0.79,2.48
4	191031504	191031898	AACCCCTAACCCTAACCCT	5.03	HG02621:5.03	5.03,0.84,8.37
12	10005082	10005980	AAAG	5.01	HG02621:5.03	0.83,4.94,0.83,5.03
X	3441922	3443330	ACC	4.78	HG02621:12.59	3.27,1.63,3.26,4.16,2.50,4.99,5.82,1.67,7.51,1.60,0.84,1.68,0.83,1.70,2.52,0.82,2.44,1.61,4.27,4.27,2.60,4.11,3.20,1.67,2.43,0.81,4.21,4.22,0.85,5.18,5.72,5.87,5.78,2.44,2.37,8.47,4.07,0.86,1.68,5.04,8.50,1.73,4.29,6.63,3.31,2.41,2.48,6.77,3.31,1.56,1.62,10.25,7.55,0.84,1.65,2.83,4.32,2.52,3.33,4.18,4.26,1.64,5.86,1.68,0.86,6.66,2.45,8.33,6.04,5.04,1.63,3.37,4.84,1.79,3.48,2.61,5.66,4.03,3.28,2.44,4.89,1.71,1.64,3.32,0.86,3.28,0.85,2.48,2.50,4.32,0.84,9.86,4.05,4.25,1.67,3.43,3.30,12.59,2.48,5.80,1.67,5.97,1.57,5.14,2.51,8.70,0.84,7.86,1.66,6.85,2.48,6.85,4.11,2.56,1.64,3.36,0.86,1.71,4.18,4.22,2.55,0.87,4.23,4.23,3.42,6.72,5.93,3.27,4.12,1.68,5.43,1.67,0.83,1.69,3.42,6.69,2.37,4.07,4.25,1.65,7.48,1.70,5.93
GL000216.1	27655	83217	AATGG	4.63	HG02621:280.28	145.31,121.58,122.94,163.80,103.49,236.28,157.92,175.71,178.68,208.11,122.04,120.27,109.73,155.58,179.53,143.07,152.99,127.40,114.09,132.82,141.17,174.07,168.30,209.36,148.79,157.84,219.51,150.97,102.34,207.74,102.62,115.53,176.93,75.16,111.94,128.31,121.29,73.28,116.73,126.18,89.64,148.53,138.61,73.98,79.02,123.30,169.10,143.16,74.56,165.43,79.56,177.50,149.05,166.94,100.02,61.61,97.38,255.04,212.79,103.00,113.27,208.99,252.20,128.09,207.52,168.57,200.99,82.95,114.72,114.53,228.03,270.36,147.11,167.36,81.08,142.84,89.01,102.79,147.66,88.72,212.88,171.43,122.11,45.11,81.29,69.27,99.33,91.43,81.33,135.37,119.26,81.24,88.82,79.41,114.08,128.80,201.83,98.56,80.27,91.90,183.27,182.53,196.96,280.28,160.68,154.89,192.56,109.11,131.25,179.12,116.20,198.47,169.83,167.61,122.83,147.22,158.87,318.66,123.28,152.92,174.11,158.43,164.52,162.94,147.36,215.47,167.92,211.37,204.15,131.97,227.49,133.49,150.41,235.60,150.46,83.28,134.42,128.87,99.64,139.74,171.08,227.28,176.35,68.59,162.70,92.57,151.39,170.44,115.42,138.87
8	146300674	146301281	AACCCTAACCCTCACCCT	4.57	HG02621:5.87	0.83,0.82,0.83,0.83,1.66,1.64,1.67,5.87,3.31,1.66,0.82,0.84,3.43,0.85,2.52,0.83
1	175299418	175300663	AAAG	4.47	HG02621:6.71	1.66,0.83,1.67,0.81,1.68,0.86,1.70,0.86,0.84,0.86,0.82,0.86,6.71,0.83,0.86,5.81,2.48,3.41,6.57,0.86,3.43,0.84,0.85,1.68,0.85,0.82,0.82,2.53,0.85,0.83,2.55,1.69
X	124484430	124485154	ACAGAGAGAGAGAGAG	4.23	HG02621:5.87	0.85,0.84,0.87,5.87,1.67,0.85,0.82,3.36,3.34,0.84,0.85,0.85,4.09,4.12,1.55,2.50,0.85,0.79,0.81,1.69
10	524359	524578	AGAGGGGGGCGGGGC	4.20	HG02621:4.20	4.20
17	36542737	36543321	ACACACACATATATATATAT	4.17	HG02621:4.20	4.20,2.57,3.88,0.85
12	93878347	93879023	ACATATATATATAT	4.10	HG02621:4.20	0.85,0.85,0.78,4.20,1.57
20	58396409	58396965	AAGGGGTGGGATCGCTGGGG	3.54	HG02621:7.55	1.63,0.83,2.59,0.83,1.73,0.82,0.86,0.82,0.87,0.81,2.49,1.64,4.94,7.55,2.48,3.31,0.84,1.70,8.57,1.74,3.35,0.83,2.57,0.86,0.83,4.93,4.27,0.84,3.43,1.67,0.84,0.85,1.69,0.86,5.04,3.39,0.82,0.82,5.88,1.55,5.02,3.33,0.85,0.84,0.79,1.63,0.85
3	8135088	8135741	AT	3.51	HG02621:4.20	0.83,0.81,0.85,1.67,4.20,0.84,2.36,1.67,0.85,0.83,0.85
11	42816686	42817835	AAAAT	3.36	HG02621:6.71	1.66,1.67,1.67,2.51,0.85,1.68,0.82,0.82,0.81,1.61,0.82,3.46,0.80,1.62,2.42,0.84,3.37,0.82,2.44,1.58,1.63,2.55,0.86,1.66,0.83,2.54,0.83,0.84,1.89,3.45,2.52,0.83,2.51,0.84,3.41,0.82,2.51,0.84,0.83,2.45,2.50,0.82,2.53,1.61,1.79,1.74,1.74,2.43,0.81,0.82,2.44,3.29,0.83,1.72,1.65,0.83,2.51,0.82,0.81,4.25,0.86,6.71,0.84,0.85,3.14,0.83,2.57,2.48,2.57,2.48,2.56,4.28,2.51,0.85,2.62,0.85,0.85,4.28,3.36,1.69,0.82,0.84,4.18,0.85,2.48,0.85,1.69
5	14792781	14793426	AAATATATATATAT	3.33	HG02621:3.36	3.36,1.67,1.70,0.79
3	86433763	86434572	ACATATATACATATATAT	3.28	HG02621:3.36	3.36,0.83,0.83,1.65,1.67
8	144492767	144493727	ACC	3.24	HG02621:20.98	9.80,8.98,14.66,8.31,14.19,9.15,12.47,7.49,14.19,11.70,10.37,8.35,15.92,8.32,5.96,11.78,6.58,13.15,13.04,10.46,12.31,5.97,7.69,12.11,11.51,16.02,11.68,10.55,8.86,16.82,7.74,7.59,11.06,14.69,8.17,14.26,10.73,12.21,14.99,10.16,10.59,14.60,7.56,8.41,5.88,7.65,13.01,10.29,12.43,8.27,15.27,7.43,11.86,9.09,17.19,5.67,17.94,17.62,9.22,12.36,11.33,9.50,9.25,9.98,10.88,9.23,14.48,13.14,12.56,8.42,14.63,10.81,8.17,6.66,9.49,7.56,8.98,10.11,15.33,11.65,11.30,10.44,8.90,9.67,10.67,13.04,17.10,7.69,15.61,5.81,17.16,14.77,8.54,10.75,10.82,6.05,5.86,11.50,10.54,13.61,19.16,8.57,14.01,20.98,14.08,23.19,9.21,12.79,11.79,12.86,13.38,6.96,8.37,8.73,14.94,9.41,14.89,11.14,12.41,10.69,9.39,9.85,19.31,3.43,11.14,7.52,8.44,8.49,11.34,11.00,11.84,11.12,11.76,22.03,15.54,8.25,17.64,13.97,11.72,13.31,7.58,13.67,11.70,11.83,10.58,10.19,17.37,13.30,10.18,8.47
12	59829984	59831191	AAAG	3.24	HG02621:19.30	1.63,2.45,2.49,2.50,1.66,3.33,3.99,3.36,6.78,0.85,3.46,3.27,6.51,14.20,2.44,2.52,7.65,1.73,0.86,14.89,8.84,0.78,3.35,6.59,4.72,0.86,6.73,7.49,3.41,4.21,0.86,2.45,9.99,6.72,16.01,8.96,1.74,13.92,11.32,2.42,0.82,8.96,11.96,4.93,22.61,3.29,14.59,5.11,2.57,19.30,6.63,7.45,5.24,6.83,4.29,5.02,0.81
2	123031178	123031888	ACACGTGTATGC	3.03	HG02621:3.36	10.83,3.36,1.67,3.49,0.84,2.55,0.85
7	122683474	122684464	AAGG	3.02	HG02621:4.20	0.83,0.83,0.85,0.82,0.81,0.87,2.50,0.81,0.84,0.97,0.85,0.81,0.83,0.82,0.94,0.84,0.84,0.84,0.85,1.67,0.83,0.84,2.43,0.81,0.81,0.81,0.83,0.86,4.20,1.66,0.84,0.85,0.79,1.75,0.86,0.86,1.74,0.85,0.79,0.81,0.83
X	100748557	100749704	AGCCCC	3.01	HG02621:17.62	4.90,8.98,5.70,10.81,5.01,4.99,4.16,5.00,7.51,6.69,4.79,3.34,8.38,9.15,6.81,7.57,4.94,4.93,1.63,4.02,8.21,5.97,3.42,2.60,2.47,3.20,5.84,8.93,4.84,5.05,7.74,13.49,10.21,5.18,3.27,14.26,3.30,14.66,8.68,11.01,7.33,17.17,7.56,10.93,6.73,9.35,3.47,10.29,7.46,5.79,8.04,2.48,8.47,6.61,10.94,4.86,12.81,11.75,4.19,8.24,15.10,11.23,0.84,20.79,12.55,4.19,11.07,5.75,10.05,8.42,6.02,20.80,2.45,14.16,4.31,7.56,4.90,6.74,6.45,16.13,3.48,7.83,12.13,2.42,6.57,8.15,4.89,10.25,7.39,4.15,5.15,8.21,6.83,6.62,5.00,12.10,7.54,9.86,4.86,9.36,7.50,7.71,7.42,17.62,0.83,19.05,5.02,6.82,7.07,12.00,9.20,6.96,2.51,4.36,8.30,7.70,7.45,11.14,7.45,13.98,2.56,7.39,9.23,12.01,1.71,7.52,13.50,10.19,13.09,6.77,9.30,5.13,7.56,9.32,4.91,9.07,3.36,7.76,8.37,7.49,7.58,11.96,13.37,6.31,12.20,11.04,6.62,13.30,6.79,11.85
19	56509552	56510386	ACACACATATATATATAT	2.99	HG02621:3.36	3.36,1.71,3.36,2.57,1.65,2.49
17	851573	852015	AGAGGAGGAGGCCGCGGGG	2.87	HG02621:3.36	0.84,0.82,0.86,3.36,3.31,2.56,0.84,4.99
9	139016552	139017761	AACC	2.86	HG02621:10.07	4.08,2.45,1.63,4.16,3.34,7.49,4.16,4.16,3.34,3.34,2.39,3.34,7.54,1.66,11.91,2.52,1.65,2.47,1.63,3.22,0.82,4.27,1.71,2.60,1.64,4.01,5.01,5.68,4.03,3.36,1.94,5.90,5.95,2.59,6.54,2.52,1.65,0.81,2.37,3.39,4.89,4.29,2.52,4.20,5.04,5.10,4.34,2.57,1.66,6.62,4.82,3.30,3.39,1.65,3.91,4.05,1.71,5.03,5.03,4.12,0.94,3.45,5.88,3.33,7.53,1.68,0.85,3.29,2.51,4.21,4.30,4.99,6.54,3.33,4.31,2.52,4.08,6.74,7.26,4.48,3.48,2.61,6.47,8.86,4.93,1.63,3.26,5.13,3.29,4.15,3.43,3.28,5.12,3.31,2.50,0.86,5.86,6.57,1.62,2.55,1.67,3.43,2.47,10.07,5.80,3.31,1.67,3.41,3.93,3.43,2.51,6.09,5.86,2.62,1.66,5.14,4.96,0.86,2.48,5.75,9.39,5.75,5.04,6.00,6.85,4.18,4.22,3.40,6.98,4.23,4.23,4.28,6.72,3.39,5.72,3.30,3.88,2.51,5.82,2.53,3.42,1.67,3.94,4.88,1.70,3.31,4.16,4.24,4.23
8	140125600	140126798	AAGACGACTCCACCCCACAG	2.84	HG02621:10.91	4.90,0.81,0.83,0.83,2.51,4.93,6.68,4.06,3.87,4.09,2.48,0.86,0.83,7.30,0.94,3.36,3.58,1.74,0.81,1.61,2.44,0.85,2.48,3.35,1.62,0.85,2.50,3.43,14.01,10.91,6.63,1.70,9.43,0.84,4.35,8.37,7.47,4.28,4.14,2.57,6.62,2.47,11.10,0.84,0.86,12.85,8.35,0.84,2.62,5.92,2.54,1.68,3.39,0.82,4.20,5.02,5.82,8.43,5.13,5.85,3.25,0.85,3.33,4.23
18	74068574	74069999	ACCCAGCGGAGAGTGGCGT	2.84	HG02621:9.23	1.63,1.63,0.83,0.83,1.66,5.82,1.67,1.67,6.69,2.55,0.84,3.29,0.82,1.61,0.82,1.71,2.56,2.60,6.58,1.60,2.50,1.62,2.42,1.94,1.69,2.45,5.03,1.65,0.85,1.63,3.36,4.20,0.85,1.73,1.71,0.83,1.65,1.61,0.83,3.39,1.65,1.56,5.13,2.52,2.51,2.47,2.83,1.73,0.83,0.84,2.46,2.51,0.84,4.16,4.20,3.27,0.84,0.90,1.74,2.43,0.81,0.82,1.63,0.85,1.64,2.49,0.82,0.85,2.50,1.73,2.51,1.64,1.62,1.70,1.65,9.23,4.14,3.35,3.41,0.79,2.57,5.22,1.67,2.62,9.13,1.71,2.57,4.96,17.26,6.57,3.36,2.51,2.55,1.74,0.85,5.99,0.84,4.09,3.30,2.52,0.78,1.66,6.84,7.10,0.81,6.79,19.03,4.99,1.69
18	2158343	2159535	AAAG	2.83	HG02621:12.59	5.70,9.98,6.65,7.54,5.89,0.82,1.64,3.26,2.41,6.06,3.34,4.95,7.62,0.83,11.72,7.30,2.52,6.70,1.65,8.64,3.36,8.32,1.67,0.84,0.86,3.33,4.17,2.57,4.12,12.59,2.48,4.19,9.38,3.93,9.43,4.35,10.48,5.81,7.70,2.48,0.86,0.83,1.64,7.68,5.75,7.55,3.43,2.57,6.68,5.06,2.62,11.84,2.57,1.68,9.07,9.24,5.43,1.66,9.27,5.01,14.98,8.95,10.75,5.82,4.24
7	44950040	44951058	AAAG	2.73	HG02621:3.36	0.83,0.85,0.85,0.84,0.84,3.36,0.86,0.82,0.86,2.52
2	237818711	237819699	ACATATATATATAT	2.72	HG02621:3.36	0.84,0.85,0.83,3.36,0.83,1.67,1.71,3.34,0.83,0.85
17	54954765	54956228	AAG	2.70	HG02621:14.27	8.98,11.42,8.96,5.82,9.18,15.81,9.14,5.83,4.18,0.80,3.34,4.19,0.83,11.06,0.84,9.87,1.64,8.15,1.61,5.75,6.83,0.87,4.93,12.82,2.43,12.89,7.74,5.90,4.25,7.78,5.52,0.86,1.68,3.40,6.00,2.49,4.95,16.09,8.26,6.25,4.05,3.42,4.19,4.12,3.45,4.20,13.31,8.37,3.35,4.26,5.75,9.21,0.84,2.58,2.45,3.33,1.73,3.36,1.69,4.84,6.47,0.81,2.44,4.89,0.83,5.12,0.83,4.16,6.92,14.27,0.83,9.21,7.07,1.71,2.51,9.93,2.57,1.64,5.97,0.82,2.52,3.43,6.68,4.22,5.94,1.69,1.64,4.20,5.82,0.84,10.25,3.40,1.65,2.55,5.93
X	100107587	100108864	AAAG	2.70	HG02621:5.87	0.84,0.80,0.83,0.85,8.39,0.84,1.68,0.84,0.86,0.83,0.86,0.84,1.66,1.66,0.82,0.84,1.61,2.69,0.81,4.11,0.86,0.82,0.86,5.87,4.14,3.31,3.41,0.84,1.67,2.48,2.56,3.36,1.72,2.57,1.67,1.69,5.09,2.54,0.84,0.82,0.78,1.66,0.84,0.85,5.85,0.85,2.48
12	84947091	84948175	AAAAT	2.64	HG02621:5.03	0.85,5.03,0.87,6.64,0.84,2.57,3.40,4.23,0.85,4.09,11.72
3	182889802	182890242	AAATATATATAATATATAT	2.63	HG02621:3.36	3.36,1.57,1.71,1.64,1.71,0.84,2.62,0.79,0.85
18	68872306	68873589	ATCC	2.60	HG02621:8.39	2.45,0.82,4.07,4.17,0.83,1.66,2.50,5.84,1.67,3.99,1.67,5.03,2.55,2.52,0.82,0.82,0.81,0.80,2.46,1.71,1.71,2.60,0.82,1.60,1.67,1.62,0.81,0.97,0.84,4.25,3.46,1.63,2.52,0.83,0.79,2.54,2.44,2.58,2.52,1.68,0.85,0.87,6.86,3.31,6.62,2.41,3.30,7.62,0.83,0.78,0.81,0.85,3.36,0.84,2.47,0.94,3.45,1.68,0.83,5.02,1.68,2.55,5.02,1.68,3.44,0.83,0.82,2.50,2.59,3.36,4.90,3.37,2.42,5.38,4.34,5.22,1.62,4.03,2.46,1.63,3.26,3.42,3.32,2.57,4.92,2.48,6.92,2.51,4.93,1.62,3.40,0.83,2.57,2.47,8.39,2.48,1.66,0.84,1.70,5.14,5.85,0.87,5.02,1.75,1.66,1.71,4.96,5.14,4.96,1.64,1.71,1.68,0.86,6.85,2.51,0.84,0.85,2.62,0.85,2.54,3.42,1.68,3.39,3.27,1.65,0.78,5.86,0.83,3.37,2.56,0.84,0.79,4.07,4.25,4.14,4.24,5.08
1	78352857	78354140	AAG	2.57	HG02621:23.50	5.10,7.55,28.39,12.00,20.53,21.51,2.51,23.50,5.80,5.86,1.71,10.03,4.15,30.62,15.72,9.43,16.10,18.48,12.56,8.54,7.64
4	49140929	49158820	AATGG	2.53	HG02621:549.64	389.41,366.38,421.75,448.18,306.31,465.08,362.39,397.23,447.55,619.31,369.32,324.90,472.42,443.45,479.88,311.38,417.83,392.89,369.98,392.01,380.00,467.59,464.76,572.70,429.92,453.49,514.97,490.23,375.53,509.69,377.55,354.16,529.93,239.30,254.94,340.47,301.98,346.87,366.76,269.29,286.05,364.88,380.54,330.40,291.70,441.34,502.09,360.05,292.43,392.90,302.96,369.04,409.88,451.23,330.55,252.94,263.94,516.79,487.58,320.55,265.24,512.12,433.79,386.77,509.60,361.47,407.94,286.62,426.24,307.38,504.25,497.47,368.60,420.49,345.02,311.72,472.79,242.64,448.62,392.51,477.02,348.96,370.36,306.09,371.96,335.77,387.56,381.95,356.54,305.61,295.16,416.85,260.48,418.55,257.29,414.06,462.28,363.83,437.82,327.60,411.53,354.77,360.14,549.64,319.69,425.74,368.38,277.89,418.90,358.24,346.10,385.62,306.19,439.97,470.58,389.44,393.87,587.65,261.45,397.91,394.31,397.31,553.16,374.77,322.14,386.67,393.22,445.67,446.68,337.54,474.43,391.91,328.54,453.41,359.80,275.42,314.20,383.49,420.31,397.60,373.34,405.85,313.42,400.51,398.63,238.65,378.06,443.98,335.24,261.64
14	25598640	25599469	ACTATATATATATG	2.51	HG02621:2.52	2.52,3.43,1.67,3.32
22	27873476	27874999	AAACC	2.47	HG02621:19.30	7.35,6.53,10.58,9.98,10.85,7.49,11.64,11.66,10.85,6.69,11.17,5.01,8.38,9.15,16.17,13.47,9.05,13.15,9.78,12.88,13.13,9.39,18.80,13.84,8.22,7.21,14.19,14.61,14.51,15.98,15.49,7.59,18.71,10.37,7.35,7.55,9.90,8.96,14.20,11.01,8.15,10.30,11.76,8.41,10.09,5.95,13.87,12.00,9.11,16.54,18.48,13.21,11.86,12.40,9.38,13.78,8.54,8.39,7.54,5.77,11.33,8.64,14.29,5.82,13.39,6.71,6.81,7.39,8.37,15.16,10.33,12.48,10.62,11.66,3.45,15.12,10.62,5.90,14.52,15.23,7.82,17.40,6.47,12.08,10.67,10.59,13.03,17.94,9.86,11.63,12.01,10.67,11.10,7.44,10.82,12.10,11.72,12.32,8.11,10.21,7.50,12.00,10.71,19.30,14.08,6.63,10.88,11.08,12.57,12.86,10.87,7.83,14.22,17.46,12.45,14.55,16.55,8.57,6.62,12.33,14.51,9.85,8.39,10.29,11.14,15.03,16.03,7.64,14.83,9.31,11.84,13.69,10.92,12.71,9.00,7.42,7.56,7.76,12.56,10.81,15.17,23.07,12.54,13.40,13.83,6.79,12.41,14.13,6.79,11.01
3	49237562	49238280	AG	2.45	HG02621:3.36	0.81,4.17,1.62,1.68,0.85,1.68,0.85,0.84,4.32,1.70,3.36
14	27687853	27688818	AAAG	2.38	HG02621:16.78	13.40,8.41,13.78,0.83,16.78,2.49,14.56,21.94,10.15,8.56,3.36,4.19,12.82
3	86433702	86434649	ACATATATATATATATAT	2.38	HG02621:2.52	0.86,0.83,2.52,0.82,0.82,0.83
2	33141284	33141627	AACCCT	2.33	HG02621:6.71	0.82,2.44,1.66,2.50,1.66,0.83,1.67,2.51,0.80,0.84,2.55,1.68,2.47,0.82,0.81,3.22,2.46,0.85,3.42,1.73,1.64,1.60,1.67,3.25,4.03,1.68,0.85,4.90,0.84,2.48,2.44,3.15,0.81,2.58,0.84,1.68,1.68,1.70,1.73,1.71,4.14,1.65,0.80,0.83,1.65,1.56,3.24,2.56,0.84,1.65,0.94,2.59,2.50,2.51,0.84,0.85,1.64,1.67,1.68,1.72,1.66,0.83,2.59,0.84,4.08,4.21,1.61,0.90,0.87,1.74,2.43,1.64,2.44,2.44,0.85,1.64,3.43,1.64,0.85,1.65,0.83,2.59,0.85,0.83,1.71,4.12,6.71,0.83,0.83,2.51,2.56,3.14,1.71,2.61,1.67,2.62,4.15,1.71,1.65,5.14,1.71,4.93,1.68,1.72,6.00,2.51,0.84,0.85,0.87,0.85,1.69,1.71,1.68,1.69,1.64,1.68,3.88,5.02,4.16,0.84,3.42,4.18,3.15,4.88,4.25,1.65,2.49,3.39
1	70246706	70248130	AAAG	2.32	HG02621:12.59	11.43,11.40,6.68,8.31,1.67,7.51,10.87,5.01,6.73,0.82,2.46,13.84,8.35,9.25,11.62,4.25,10.37,10.25,4.23,0.81,10.30,1.68,0.84,0.84,4.29,1.66,2.48,2.48,9.38,8.11,13.42,4.12,6.61,1.73,8.61,7.36,5.00,1.73,5.88,2.45,1.79,3.48,0.87,4.85,5.64,4.89,8.14,4.11,4.15,1.71,0.83,5.19,3.35,6.81,12.59,8.28,1.70,4.18,0.84,2.55,8.72,0.84,0.83,5.08
10	30065231	30065501	AAAG	2.32	HG02621:2.52	1.68,0.81,2.52,0.79,0.83,0.82,0.83
9	137868336	137869711	ACACATATATATAT	2.30	HG02621:10.07	0.82,9.77,4.16,0.83,4.16,0.83,1.67,5.58,1.67,1.68,1.70,2.52,3.29,8.22,8.05,2.46,1.71,5.19,6.58,7.21,8.93,1.61,2.52,1.94,0.84,5.10,1.73,7.55,0.83,0.79,5.08,10.59,4.29,3.36,1.68,3.36,0.87,4.29,1.66,2.48,4.23,0.83,3.91,2.43,2.56,4.19,8.24,3.78,1.73,0.84,2.50,1.70,4.11,5.02,0.86,3.33,4.90,1.67,1.73,5.04,2.45,2.53,1.61,2.69,0.87,4.35,4.04,2.42,3.28,4.89,5.70,1.71,0.82,5.81,1.72,1.64,1.71,2.48,2.50,3.46,3.35,6.57,8.11,5.96,0.83,0.86,10.07,0.83,1.66,2.51,6.29,5.85,3.48,0.84,2.57,11.58,6.00,1.64,0.85,0.84,4.29,3.43,5.01,2.55,0.87,4.23,5.07,0.86,7.54,0.84,0.85,2.51
18	70873952	70875062	AAAACATATATATGT	2.30	HG02621:5.87	0.85,0.81,1.65,5.87,5.50,3.43,2.62,2.57,4.93,10.97,0.86,5.72,0.84,4.16,2.54
5	3445665	3446922	ACC	2.28	HG02621:4.20	0.82,1.63,0.83,3.32,1.60,1.70,0.84,1.64,1.61,2.46,0.85,1.60,0.83,1.69,1.70,0.84,0.83,0.85,0.86,0.84,0.87,0.83,0.83,0.81,1.71,0.84,0.84,2.50,0.84,0.84,1.64,0.84,0.83,2.52,0.81,1.61,0.81,0.83,1.72,0.82,0.86,0.85,4.20,0.83,1.66,0.79,1.71,0.87,0.87,0.83,0.86,0.82,0.82,3.36,1.71,1.67,0.85,1.74,0.85,0.86,0.82,0.84,0.78,0.84,1.66,0.84,2.44,0.83,0.85
9	138276170	138277777	AACCATTCCTAGCCATTCCT	2.24	HG02621:17.62	4.08,0.82,4.07,2.49,3.34,0.83,2.49,2.50,7.51,6.69,3.35,0.83,0.85,0.82,2.44,0.82,4.27,1.73,1.64,1.60,3.25,4.84,3.37,0.85,5.87,5.70,4.73,2.54,2.44,0.84,0.84,0.84,1.70,3.47,2.49,0.83,1.61,0.83,2.48,0.85,1.68,4.32,1.68,1.66,1.67,2.52,1.70,1.67,0.83,2.45,0.83,5.18,1.68,1.69,4.03,1.74,0.87,2.43,2.42,0.81,3.26,1.71,0.82,2.57,4.14,0.82,1.62,2.55,14.16,17.14,10.71,17.62,0.84,0.85,4.72,10.28,1.67,1.74,1.67,1.75,1.66,0.86,0.86,14.89,13.98,6.83,10.67,9.23,29.53,0.85,13.09,0.85,6.77,10.92,17.99,0.82,1.55,0.84,1.67,6.31,2.44,12.74,2.48,18.29,0.85,0.85
15	79350936	79352149	AAGGG	2.15	HG02621:7.55	4.08,4.07,3.33,0.83,0.83,1.66,1.67,5.01,3.34,1.60,3.34,0.84,2.50,3.40,0.84,2.47,4.11,0.81,2.41,2.46,1.71,2.56,2.60,0.82,4.81,1.67,1.62,3.22,1.68,1.94,2.53,0.85,3.46,3.27,5.03,0.83,3.15,2.54,0.81,1.72,3.36,3.36,2.52,4.25,4.34,3.31,2.48,4.02,1.65,0.85,5.47,0.81,1.71,0.84,1.65,1.73,1.68,3.33,1.67,2.52,2.55,1.64,2.51,0.84,4.30,3.33,1.63,2.50,1.68,3.27,2.53,4.84,1.79,4.34,2.61,1.62,3.22,0.82,1.63,1.63,4.27,7.39,0.83,2.57,2.46,3.42,5.79,2.50,1.73,0.84,1.64,4.86,4.25,3.33,1.71,4.12,7.55,3.31,3.35,4.26,3.14,1.71,2.51,3.48,4.18,1.75,0.83,5.99,6.00,4.14,2.47,0.85,2.46,1.68,1.72,5.01,2.53,1.70,5.23,5.92,1.71,5.04,1.69,3.27,2.47,7.76,2.51,2.50,3.37,5.13,2.51,4.88,0.85,1.65,2.49,1.69
10	702563	704598	ACCTGCCGCTGG	2.14	HG02621:9.23	4.08,6.53,2.44,4.99,3.34,6.66,3.32,1.67,5.84,8.36,3.19,3.34,5.03,0.83,3.40,5.05,1.65,4.93,1.63,1.61,1.64,4.27,2.56,6.06,4.11,4.81,4.17,6.49,4.84,3.37,3.40,3.46,2.45,1.68,3.30,3.26,3.94,2.54,5.70,4.29,4.20,5.04,0.84,4.25,3.47,2.57,2.49,3.31,8.04,1.65,5.93,2.48,3.13,0.81,2.56,2.52,6.70,3.30,0.94,1.73,5.88,0.83,5.02,3.35,1.70,6.57,1.67,3.37,0.86,3.33,7.36,1.67,3.45,2.52,4.08,3.37,4.84,1.79,2.61,5.22,9.70,4.03,0.82,4.07,5.70,3.42,0.82,4.15,0.86,2.46,6.62,4.16,6.05,7.54,6.57,2.43,2.55,4.17,3.43,4.12,9.23,1.66,3.31,1.67,4.26,4.72,1.71,4.18,2.61,3.35,5.24,1.66,3.42,2.48,6.00,4.96,3.29,1.71,5.75,0.84,4.29,4.28,5.85,7.59,3.40,3.49,2.54,5.92,3.42,4.20,4.24,3.27,1.65,4.20,2.33,1.67,8.32,1.69,5.13,6.69,3.94,3.25,4.25,4.96,4.16,2.55,5.08
X	83445930	83447495	ATATATATATATCC	2.12	HG02621:20.14	8.98,9.15,1.67,4.16,1.66,11.69,4.18,4.79,5.85,7.54,5.96,2.52,2.47,8.96,12.31,4.27,5.13,1.73,13.15,5.01,7.25,5.89,3.87,5.52,5.10,11.27,9.93,9.64,9.08,12.70,5.79,10.94,9.73,12.81,11.75,4.19,16.48,5.66,13.82,10.93,19.13,5.86,3.35,11.92,9.03,15.07,14.32,15.49,10.81,10.82,4.21,3.58,8.69,5.22,4.27,11.96,3.33,11.24,4.19,8.51,13.33,7.71,11.54,20.14,9.11,18.22,0.84,13.64,9.43,16.28,5.02,9.58,9.20,18.33,12.45,11.98,14.07,8.57,9.93,10.69,8.53,18.88,10.07,18.01,6.00,10.02,10.97,5.94,2.62,21.15,16.81,11.02,15.54,18.97,8.40,8.54,9.21,3.33,4.21,7.69,23.40,14.98,17.08,26.33,10.75,10.81,7.64,14.39
14	102021502	102022709	AC	2.10	HG02621:5.87	1.63,0.81,0.83,2.50,0.83,0.83,3.34,3.19,2.51,0.85,4.21,1.65,0.82,2.56,0.87,4.11,1.60,1.67,1.94,2.53,1.70,1.65,0.85,2.44,4.29,1.68,1.73,4.96,3.30,0.83,1.56,2.43,2.52,2.51,0.82,0.94,0.83,2.51,0.84,0.86,3.27,1.67,1.73,1.63,1.61,0.90,2.61,2.61,1.62,0.82,0.81,1.63,0.85,1.64,0.83,0.86,0.82,2.56,0.83,0.86,0.82,2.55,1.67,2.47,5.87,3.31,2.48,5.02,3.43,1.67,0.84,0.83,0.86,2.57,0.83,2.47,0.82,5.14,0.84,2.53,3.49,4.23,0.86,0.84,3.39,0.82,3.30,2.52,1.67,0.84,2.51,1.58,0.85,2.48,0.83,0.85,0.85
Y	58975466	58978360	AATGGAATGGAATGGAGTGG	2.09	HG02621:10.07	8.16,1.63,2.44,5.82,5.01,4.99,3.32,5.83,5.01,1.67,7.18,1.67,5.03,2.50,4.25,4.21,5.76,4.93,3.26,2.41,1.64,6.83,6.83,2.60,1.64,1.60,5.01,1.62,4.03,4.21,10.65,2.53,2.55,3.46,3.27,5.87,3.30,3.26,5.52,3.39,1.63,6.87,4.20,6.73,5.04,7.65,4.34,3.43,2.49,4.14,2.41,1.65,2.54,4.96,3.91,6.49,3.42,5.87,7.54,6.59,2.83,5.18,5.88,3.33,5.02,5.87,2.55,4.11,0.84,5.05,6.02,3.33,5.72,5.00,8.63,2.52,1.63,3.37,6.45,3.58,6.95,1.74,9.70,3.22,1.64,3.26,8.96,3.42,3.29,4.98,5.15,10.67,1.71,7.44,5.83,1.73,5.86,1.64,2.43,1.70,4.17,2.57,5.77,10.07,4.14,2.48,5.86,2.56,4.72,3.43,5.02,5.22,3.35,2.62,1.66,1.71,1.65,6.00,6.62,5.75,8.53,5.75,5.88,6.86,4.28,2.51,5.06,5.09,3.49,5.08,4.23,5.99,6.72,7.63,4.91,3.30,6.72,6.21,0.84,4.16,5.90,5.13,2.51,6.31,2.44,2.55,1.65,2.49,4.24,1.69
10	38868835	38875362	AATGG	2.08	HG02621:31.05	18.78,22.03,19.54,24.94,11.68,14.98,16.62,12.49,21.71,30.09,15.95,12.53,22.62,16.64,26.38,13.47,15.63,18.08,17.93,16.10,23.80,15.36,29.90,17.30,18.08,12.82,16.69,21.10,13.70,25.23,16.46,28.67,28.07,9.50,19.61,15.09,12.38,17.91,21.30,19.48,17.93,20.61,21.00,18.50,21.02,19.56,22.55,19.72,17.40,20.68,12.86,20.64,24.56,14.88,12.50,18.65,11.10,24.33,16.76,15.66,21.71,19.00,29.42,10.81,28.45,19.29,17.03,14.78,27.63,10.11,17.21,30.78,22.88,29.98,25.01,27.73,11.43,26.96,16.94,24.20,19.12,20.02,17.79,18.53,13.14,15.48,19.54,23.93,10.68,14.12,23.17,27.08,11.10,28.12,7.49,19.88,20.10,23.82,29.19,17.02,13.33,23.14,18.95,31.05,12.42,19.88,18.42,12.79,7.07,13.71,13.38,16.54,18.41,9.60,17.43,15.41,16.55,29.13,8.27,18.09,23.90,23.81,15.95,20.58,16.28,14.20,20.25,22.92,17.45,12.69,21.14,16.26,24.37,29.66,22.08,11.54,9.24,11.64,13.40,16.64,17.70,18.80,15.88,14.19,15.46,12.74,21.51,19.12,16.13,12.70
17	36542444	36543457	ACACACATATATATATATAT	2.07	HG02621:2.52	2.52,0.85,3.42,0.86,0.85,0.82,7.76,5.94
7	158144069	158145423	ACCGCTCCCCTCCTG	2.05	HG02621:6.71	0.82,2.45,1.63,2.49,1.67,0.83,1.66,1.67,0.84,2.39,1.67,5.03,3.33,1.70,3.37,0.82,0.82,2.44,0.80,2.46,3.41,1.71,2.60,1.64,0.83,2.43,4.03,2.52,4.84,5.95,1.73,3.27,0.84,0.81,3.15,1.69,1.63,1.72,1.68,1.68,0.84,0.87,1.71,2.49,0.83,1.61,0.83,1.69,2.34,2.43,3.36,0.84,1.65,0.86,1.68,0.83,1.70,1.64,5.02,0.84,0.86,1.66,0.83,0.84,2.45,2.53,3.58,1.74,1.74,0.81,0.81,3.28,1.63,0.81,1.71,4.93,2.49,0.86,1.64,0.85,1.65,1.67,3.46,4.19,0.82,0.81,2.55,0.82,6.71,1.66,1.66,0.84,4.26,1.57,1.71,0.84,3.48,0.84,4.36,1.71,2.48,3.43,0.83,1.64,4.27,3.28,2.57,0.86,2.53,3.40,4.36,1.69,3.38,0.84,1.64,0.82,0.84,3.88,10.05,2.53,2.56,2.51,5.52,0.81,0.85,4.16,2.55,2.54
16	27958039	27958536	AG	1.99	HG02621:3.36	0.83,1.67,0.84,0.84,0.82,0.81,0.86,0.83,0.83,0.87,0.81,0.82,0.86,2.43,3.36,1.57,0.83,1.65,3.41,3.34,0.87,0.82,1.68,0.85,1.63
5	92825637	92826372	ACC	1.96	HG02621:3.36	0.82,0.83,0.83,3.32,0.80,0.83,0.85,0.81,0.80,0.85,1.67,0.81,0.97,1.69,0.85,0.84,1.63,0.84,0.87,0.86,0.80,0.83,0.85,0.83,0.81,0.84,0.82,1.61,0.81,0.83,0.82,0.86,0.86,3.36,0.83,0.85,2.57,0.87,0.84,1.75,0.82,0.84,0.85,0.85,1.71,0.83,0.83,0.85
9	127196522	127196823	AG	1.96	HG02621:2.52	2.52,1.70,0.87,1.65,1.68,1.71,0.84,0.83
12	50271464	50274548	AC	1.95	HG02621:3.36	0.82,0.84,0.80,0.84,0.83,0.82,0.81,0.80,0.85,0.83,0.81,0.84,0.84,0.85,0.86,0.84,1.70,1.71,0.85,0.83,0.84,0.84,0.82,0.83,0.84,1.68,0.86,0.83,0.83,0.86,0.82,2.53,0.90,0.81,0.82,0.83,0.82,0.83,1.70,3.36,0.83,0.79,0.87,0.83,1.71,0.85,1.69,0.84,0.78,0.85,2.51,0.83,0.83,0.85
12	96030403	96031422	ACGTC	1.94	HG02621:4.20	0.82,3.34,2.47,4.17,4.11,4.17,4.20,1.71,1.69,8.47,0.82
2	107407658	107408182	AAGAAGGAGG	1.89	HG02621:5.87	5.87,2.62,9.85,6.72,5.94,3.42,6.70,4.99
10	10450318	10451829	ACAGAGCTGGTCCATGCCCC	1.89	HG02621:5.87	2.45,1.63,2.44,4.16,1.66,1.66,1.67,3.34,1.67,1.60,0.84,1.68,2.50,3.40,2.52,0.82,1.64,0.81,3.22,2.56,1.71,3.46,4.93,0.80,0.81,3.22,5.05,0.97,0.84,1.70,0.86,3.27,0.84,0.81,4.73,2.54,0.81,2.52,2.52,0.84,3.40,1.73,0.86,1.66,1.65,1.61,1.65,0.85,3.31,0.78,0.81,1.71,0.84,1.65,1.89,0.86,1.68,1.67,1.68,3.29,0.84,0.86,2.50,1.63,4.16,1.73,1.63,1.61,4.48,1.74,0.87,0.81,3.22,0.82,2.44,2.44,4.27,2.46,1.66,1.72,1.64,1.71,2.48,3.33,1.73,0.84,3.29,3.24,0.83,0.86,2.47,5.87,0.83,2.48,0.79,2.57,1.67,1.74,2.51,1.75,3.32,0.83,0.86,0.83,1.71,0.82,1.68,2.57,0.84,2.53,1.70,0.87,3.38,4.23,4.28,3.39,2.45,2.47,1.68,2.33,2.51,0.83,2.53,3.42,3.34,1.58,1.63,3.40,2.48,0.83,1.70,1.69
22	43974127	43976042	AATGATGCCTGCGTGTAGGG	1.88	HG02621:10.07	6.53,2.45,7.33,4.99,6.68,5.82,4.16,4.16,3.34,5.01,3.99,4.18,4.19,3.33,6.81,5.89,0.82,1.64,4.89,4.02,4.10,3.41,5.13,2.60,8.22,3.20,5.84,5.68,6.45,4.21,1.94,4.22,10.21,6.91,4.09,1.68,4.95,5.70,5.52,2.54,4.89,3.43,3.36,4.20,8.41,5.95,6.94,8.57,6.63,7.44,2.41,2.48,7.62,1.65,5.47,3.24,1.71,6.71,4.19,4.12,6.61,6.05,9.25,2.50,4.18,1.68,3.41,1.64,10.89,3.37,6.88,4.16,4.90,5.00,0.86,0.84,1.63,4.21,4.84,5.38,6.08,3.48,7.28,2.42,4.11,5.70,4.07,3.42,7.39,4.15,6.01,2.46,1.71,5.79,4.16,5.19,2.51,4.11,2.43,7.66,6.66,2.57,5.77,10.07,4.97,4.14,2.51,3.41,6.29,9.43,7.52,3.48,2.51,3.49,4.98,5.99,2.48,4.28,4.14,4.93,6.83,2.46,3.36,6.00,5.14,5.01,7.59,5.09,4.36,1.69,3.38,1.71,3.36,4.24,3.27,3.30,1.68,5.43,4.19,5.82,5.06,5.13,7.52,5.52,7.32,2.55,7.45,4.16,5.09,3.39
6	24220582	24221535	ACTCTCTCGCTCGCTCGCTC	1.88	HG02621:3.36	0.84,1.66,3.36,1.67,3.32,0.83,1.72,1.68,1.65,6.69,3.25,1.65,0.85
6	29535723	29536485	AAG	1.88	HG02621:2.52	0.82,0.81,0.84,2.52,0.83,0.86,0.82,0.85,0.81,0.85
18	666391	667909	ACCATCACCATCTCCATC	1.81	HG02621:9.23	2.45,0.82,0.81,3.34,4.99,4.99,1.67,1.67,5.01,5.01,1.68,0.83,2.55,1.64,1.63,6.44,0.85,1.71,1.64,0.80,4.17,2.43,9.67,1.94,2.53,0.82,4.19,0.79,2.54,1.63,4.29,2.52,4.20,1.70,4.34,1.71,3.31,3.31,2.41,2.48,6.77,4.13,12.16,2.56,6.59,5.66,2.59,8.41,13.31,1.67,2.52,6.81,2.46,2.51,5.89,3.44,6.66,4.16,1.73,1.68,3.27,0.81,9.86,3.48,3.48,3.22,2.46,7.33,4.89,5.13,1.66,0.86,7.39,3.42,0.83,0.83,0.86,4.11,4.05,0.85,5.00,9.23,3.31,1.66,1.67,2.56,2.36,1.71,2.51,1.74,4.18,1.75,6.85,2.48,0.85,3.28,0.84,5.85,0.84,0.87,3.38,7.61,0.86,1.68,5.93,0.82,0.82,0.84,1.71,0.84,1.58,2.44,1.70,3.31,0.83,1.70
19	7704637	7705515	AC	1.79	HG02621:3.36	0.82,0.83,0.84,1.68,1.65,0.81,0.87,0.82,2.40,0.81,0.81,1.68,1.70,0.82,0.83,0.81,0.85,1.65,0.85,0.84,0.84,0.85,0.86,1.67,0.84,0.87,0.86,0.85,2.50,1.65,3.36,0.83,0.86,0.87,0.83,1.65,0.83,0.82,0.82,0.84,0.86,0.84,0.86,0.85,0.84,0.84,0.83,1.66,0.85
18	65876756	65878047	AAATATATATAT	1.76	HG02621:8.39	5.71,3.26,11.40,3.34,5.82,7.48,0.83,2.51,3.19,1.67,8.38,1.65,3.29,0.81,2.41,5.75,1.71,1.73,1.64,4.81,6.68,4.84,4.21,1.94,0.84,7.66,0.82,0.84,0.83,1.63,3.15,4.07,6.01,1.68,3.36,0.85,3.47,2.57,1.65,4.23,3.31,6.49,5.13,2.52,5.86,4.12,4.32,5.88,0.83,2.52,0.85,1.64,5.05,2.58,0.83,0.82,2.52,1.63,0.84,0.81,0.87,1.61,1.63,3.26,3.28,0.83,3.46,0.84,3.43,3.30,8.39,0.83,3.35,1.70,4.18,0.87,1.75,6.85,0.83,2.57,3.31,0.85,2.46,2.52,2.57,1.71,1.67,3.38,5.94,2.62,3.38,5.13,1.68,1.69,7.36,0.84,0.78,0.84,4.21,4.27,3.94,6.51,0.85,1.65,0.83,3.39,3.39
3	23767369	23767787	AAAG	1.75	HG02621:2.52	0.83,0.83,0.84,1.70,0.86,0.84,0.82,4.27,0.82,2.52,0.87,0.83,0.84,0.81
2	75381223	75382077	AC	1.74	HG02621:2.52	1.66,4.16,0.83,0.86,0.81,0.83,0.87,0.87,1.71,2.52,0.84
20	36751637	36752133	AATAGGTATATTATATATAT	1.71	HG02621:2.52	0.82,0.82,3.47,0.83,0.78,2.52,0.87,0.82,0.84,0.84,1.69,0.84,1.65
7	71145504	71145958	AGGG	1.69	HG02621:2.52	0.84,0.85,0.84,0.85,0.82,0.81,0.85,2.52,0.83,0.83,0.86,0.86,0.85,0.84,0.79
X	31302053	31303196	AAG	1.68	HG02621:16.78	19.59,17.38,2.47,16.78,17.90,9.96,10.76,9.87,6.00,13.44,11.64,8.32,16.01,20.06,11.64,5.93
17	36542600	36543131	ACACATATATATATATATAT	1.68	HG02621:1.68	1.68,0.86,0.85
1	2052930	2053326	AACTACCGCCGTGACCCT	1.68	HG02621:1.68	1.68,0.84
19	7427020	7427362	AGG	1.68	HG02621:1.68	1.68,0.82,3.42
13	76561604	76561608	AACCCT	1.68	HG02621:1.68	1.68
1	45849980	45849981	AGAT	1.68	HG02621:1.68	1.68
14	87996875	87996876	AC	1.68	HG02621:1.68	1.68
16	51044596	51044597	AACCCT	1.68	HG02621:1.68	1.68
2	51666232	51666287	ACATATACATGTATAT	1.68	HG02621:1.68	1.68
2	68668077	68668078	AC	1.68	HG02621:1.68	1.68
4	33128428	33128429	AACCCT	1.68	HG02621:1.68	1.68
4	65699897	65700106	ACACACATGTATACATATAT	1.68	HG02621:1.68	1.68
4	97569666	97569909	AAGG	1.68	HG02621:1.68	1.68
6	97668966	97668967	AC	1.68	HG02621:1.68	1.68
8	133928960	133928961	AAGG	1.68	HG02621:1.68	1.68
7	87177009	87177849	AAAGGAAGGGAAGGGAAGGG	1.67	HG02621:2.52	0.83,0.82,0.85,0.83,0.81,0.94,0.84,0.83,0.81,0.81,0.82,0.81,0.85,1.67,2.52,0.86,0.84,0.83,0.86,0.83,0.84,0.84,0.85,0.85,0.78,0.81
7	136223773	136223968	AT	1.67	HG02621:1.68	1.68,0.87
2	207800037	207800268	ATCC	1.67	HG02621:1.68	1.67,0.86,0.82,1.68
9	109160211	109160826	AT	1.66	HG02621:2.52	0.81,1.66,0.84,0.82,0.97,0.82,0.84,0.84,0.86,0.84,0.81,0.81,1.72,0.85,2.52,4.20,0.85
4	65699966	65700466	ACATATATGTATACATGCAT	1.66	HG02621:1.68	1.68,2.36,1.68
4	48106728	48106876	AAAATATATATTATATATAT	1.66	HG02621:1.68	1.68,0.83,0.85,0.85
X	118074772	118074861	AAG	1.66	HG02621:1.68	1.68,0.83,0.84,0.85
5	127875702	127876115	ATATATATCATATATC	1.66	HG02621:1.68	1.68,0.79,2.57,0.85
X	2954461	2954548	AATATTATATAT	1.66	HG02621:1.68	0.83,1.63,1.68,0.83
X	16396393	16396596	AACATATATACGATATGT	1.66	HG02621:1.68	0.82,1.68,0.82,0.84
10	113725884	113726080	AAAG	1.65	HG02621:1.68	1.68,0.84,0.86,0.84
X	16396385	16396711	AACATATATATGATATGT	1.65	HG02621:1.68	0.83,0.84,0.85,1.68,0.86
11	21908189	21908507	AT	1.65	HG02621:1.68	0.83,0.81,1.68,0.79
7	131255949	131256837	AAAG	1.64	HG02621:1.68	22.44,0.83,0.85,1.68
3	5830323	5831216	AAATGCGCAGGAAT	1.64	HG02621:1.68	1.68,0.83,0.83,2.45,0.84
22	39279730	39280142	AAAAG	1.64	HG02621:1.68	0.82,1.68,0.87,0.84
2	18127173	18127784	AGGG	1.63	HG02621:2.52	1.63,0.84,0.82,0.85,0.84,0.82,0.84,2.52,1.66,0.86,0.86,0.82,0.84,0.78,1.67,0.85
4	74183942	74184847	AAAG	1.63	HG02621:1.68	0.80,0.85,0.82,1.63,1.68
2	9792597	9792969	ATCC	1.59	HG02621:1.68	0.83,0.81,1.68,0.84,0.87
9	119393797	119395007	AAAG	1.58	HG02621:3.36	0.82,2.45,4.16,0.83,0.84,0.80,0.84,0.85,0.80,1.62,0.79,0.85,0.85,0.87,1.69,0.78,1.62,1.71,0.82,3.35,0.84,0.82,0.83,0.81,0.81,0.81,0.82,0.83,0.82,3.36,1.66,0.87,0.84,0.87,0.83,1.68,0.86,1.70,1.69,1.69,0.82,0.84,0.83,0.84,1.67,2.37,0.85,0.85
20	43066989	43067285	AAAAATATAATATAT	1.57	HG02621:2.52	0.81,0.83,0.83,0.80,0.84,0.84,0.80,0.82,0.85,1.65,0.83,1.69,1.56,0.86,1.68,0.86,0.87,0.81,0.85,0.86,2.52,0.84,0.86,0.82,0.82
9	139042297	139042949	AATGAGTGAATGAGTGAGCG	1.57	HG02621:1.68	1.68,0.85,1.68,0.85,0.84
12	101382786	101383999	ATCC	1.56	HG02621:5.03	0.82,1.63,0.83,0.83,1.66,0.83,0.83,3.34,0.84,1.68,1.66,1.61,0.82,2.56,2.56,0.87,2.47,3.34,0.81,1.61,1.68,2.90,1.70,0.86,0.82,0.81,2.37,2.54,0.86,0.84,1.68,1.70,1.73,0.86,1.66,2.54,1.65,2.34,1.68,1.68,1.89,0.86,0.83,3.35,0.85,0.82,6.70,0.84,1.72,6.66,2.45,0.83,2.52,1.63,0.84,0.90,0.87,0.87,1.64,0.81,1.63,4.27,0.82,0.82,2.56,2.48,1.67,0.86,1.67,1.64,3.24,1.70,0.83,0.86,2.47,5.03,0.83,1.67,1.57,0.84,3.35,1.75,4.15,2.57,3.43,0.83,1.71,1.64,2.52,0.86,1.71,0.84,1.70,0.87,4.23,1.71,0.84,1.69,2.52,2.33,1.69,2.56,1.67,0.79,1.63,1.70,0.83,0.85
17	77867102	77868663	ACCATCACCATCATCATC	1.56	HG02621:2.52	0.80,0.80,1.61,1.65,0.81,0.83,2.52,0.84,0.79,0.86,1.65,0.86,0.82,0.84,0.86,0.86,2.53,0.82,0.84,0.85,0.79,0.81
4	65699828	65700511	ACATACATGTATACATATAT	1.55	HG02621:1.68	1.68,1.67,5.12,8.37,1.70
11	1691115	1692426	ACACTACCCACACTGCCC	1.54	HG02621:7.55	0.82,1.63,1.66,0.83,1.66,1.66,1.67,2.51,1.60,0.84,1.66,2.55,5.05,5.76,1.64,3.26,0.80,0.82,0.85,1.71,0.82,0.80,5.01,4.06,0.81,0.97,0.84,1.73,3.27,2.52,10.73,4.07,6.31,1.69,2.58,0.84,6.73,4.20,0.86,0.83,0.83,6.43,0.83,2.54,0.83,3.13,2.56,0.84,1.68,7.42,1.89,0.86,0.84,0.83,4.11,1.67,6.74,1.72,0.83,2.45,0.83,1.73,1.68,2.45,1.69,0.81,1.61,1.64,0.81,1.71,6.57,1.66,2.57,4.92,2.56,4.14,1.64,3.24,1.71,2.47,7.55,2.48,0.83,1.57,3.43,1.67,1.74,0.84,1.75,0.83,2.57,0.83,6.85,2.48,2.47,0.85,3.28,3.43,0.86,1.67,0.84,5.23,0.85,0.86,0.84,0.85,3.27,1.65,0.84,0.84,0.83,0.84,4.27,0.79,1.63,0.85,4.14,2.55
Y	58979355	58980971	AATGGAATGGAATGGAGTGG	1.53	HG02621:4.20	3.27,2.45,0.81,1.67,1.66,0.83,0.84,1.67,0.84,0.83,1.70,4.94,0.82,1.61,1.64,0.85,2.56,1.73,0.82,3.34,4.06,0.81,0.84,1.94,0.84,0.85,0.84,0.83,0.81,2.37,0.85,0.81,1.70,1.65,2.34,0.81,0.85,0.84,0.82,0.94,0.86,0.84,3.33,0.84,1.68,1.64,0.84,0.84,0.86,0.83,0.82,1.73,0.82,1.61,1.74,1.74,1.62,0.81,1.64,0.81,2.44,0.82,0.83,0.82,2.48,0.86,0.82,0.85,1.67,1.65,4.20,0.83,0.84,2.36,0.87,0.83,0.83,0.84,0.85,1.69,1.71,0.84,0.85,0.82,0.84,1.55,2.51,0.84,0.79,2.54
10	113001240	113001535	AATATATAATTATAT	1.49	HG02621:1.68	0.85,0.94,0.81,1.68,0.79,0.83
13	114436355	114436626	AC	1.48	HG02621:1.68	0.84,1.68,1.57,0.83,0.86,0.82
X	73617698	73618724	AAG	1.47	HG02621:4.20	0.85,1.60,0.84,0.84,1.70,0.82,0.83,1.63,1.58,3.39,0.81,1.72,2.52,4.25,1.73,1.66,0.80,1.65,0.85,0.84,1.89,0.82,1.67,0.86,0.83,0.83,2.59,0.84,3.37,0.81,3.58,0.82,0.85,1.72,1.71,2.59,0.84,1.64,0.85,0.83,4.20,0.79,1.74,0.87,3.42,0.82,1.68,1.67,4.22,0.85,2.54,0.86,0.84,1.69,1.65,0.83,2.49,1.69
22	48810399	48811587	AAAAGAGGCCCACAAAGAGG	1.47	HG02621:4.20	0.82,2.51,3.34,3.40,0.82,7.57,0.78,2.46,0.86,2.59,1.74,5.86,4.20,0.87,0.85,5.04,4.73,1.66
X	44389856	44391012	AC	1.47	HG02621:2.52	2.50,0.84,1.73,1.68,0.84,0.86,0.83,0.84,0.81,0.81,2.59,0.83,2.52,1.67,2.36,0.86,0.86
4	36785464	36786477	AAAG	1.47	HG02621:1.68	0.84,1.65,1.68,0.83,0.85,0.85
21	35777689	35779092	AAACCCACAGACAAC	1.45	HG02621:21.82	19.59,5.71,7.33,14.14,14.19,10.82,13.30,13.32,10.85,9.19,19.14,10.86,13.40,9.98,11.91,19.36,18.10,17.26,9.78,20.12,13.95,8.53,9.40,12.11,11.51,15.22,20.03,15.42,13.70,17.66,11.62,14.34,17.01,8.64,8.99,15.93,9.08,8.14,14.20,16.09,12.22,17.17,13.44,3.36,20.18,8.50,3.47,8.57,13.25,2.48,12.86,8.26,13.55,10.74,13.28,8.11,20.50,12.58,9.22,21.43,15.10,12.09,10.09,14.14,15.90,13.42,7.66,13.14,16.75,12.63,8.61,11.65,12.26,14.16,17.25,6.72,14.70,13.48,17.75,15.23,9.56,13.05,9.70,10.47,14.78,17.11,15.47,5.98,10.68,14.12,16.30,7.39,10.25,14.06,15.82,3.46,13.40,17.25,12.16,17.02,14.99,13.71,28.02,21.82,9.11,14.08,7.54,14.49,14.15,10.28,8.36,10.45,6.69,9.60,18.26,13.69,10.76,11.14,14.07,11.51,10.24,18.06,10.07,18.87,11.99,20.88,22.78,24.62,10.47,11.00,14.38,14.55,10.92,14.41,14.72,9.90,15.12,17.86,12.56,9.98,5.90,8.54,8.36,11.04,10.58,11.04,14.06,24.11,16.97,11.85
17	80807225	80808832	AACAACAGCACAGCC	1.45	HG02621:6.71	1.63,1.63,1.63,0.83,2.49,2.50,1.67,0.84,0.80,2.51,0.84,4.99,2.55,0.84,1.65,2.47,2.44,1.61,3.41,0.85,0.87,1.64,0.80,1.67,6.49,0.84,0.97,2.53,3.40,7.78,1.63,3.35,1.65,0.81,2.37,2.54,0.81,0.86,2.52,2.52,2.52,0.85,0.87,2.57,4.14,3.21,3.30,2.54,2.48,2.34,3.24,3.42,0.84,2.51,4.12,1.89,0.86,0.84,3.33,3.35,0.84,1.70,0.84,0.84,0.86,6.66,1.63,0.83,0.86,0.84,1.63,2.53,0.81,1.79,1.74,4.35,1.62,1.61,4.11,0.81,2.44,4.27,4.11,1.66,0.86,0.82,1.71,1.65,2.50,1.67,3.29,0.81,1.70,1.67,0.86,2.47,6.71,2.48,2.48,3.35,0.85,3.14,2.57,1.67,0.87,0.84,1.75,1.66,1.71,6.62,2.57,3.29,2.56,2.46,1.68,0.86,0.86,2.51,1.69,0.85,7.85,0.85,0.86,2.52,5.08,0.82,4.12,5.04,2.33,1.67,3.33,3.37,1.71,3.34,3.15,0.81,5.94,3.31,4.16,0.85,4.23
16	3898785	3899830	AC	1.45	HG02621:3.36	0.87,1.69,0.81,2.44,3.36,2.48,1.70,1.67,4.14,0.83,1.64,5.06,2.55,0.87,2.54,0.86,1.64,0.78,1.67,0.83,0.84,0.83
1	5273938	5275161	AATGTGTATATATATAT	1.43	HG02621:9.23	2.49,1.67,5.82,0.83,1.67,7.51,2.39,1.66,2.44,4.10,2.56,3.42,4.11,4.81,5.68,3.36,9.77,5.08,1.65,0.85,4.13,7.81,3.35,2.83,3.33,2.52,2.55,1.68,2.45,0.87,9.78,3.32,8.21,2.56,0.85,1.67,5.14,9.23,6.63,4.26,5.14,0.84,2.48,4.14,0.86,3.43,8.35,3.38,11.88,0.85,8.46,6.85,1.68,11.02,6.54,2.50,1.69,5.13,3.33,5.94,2.54
16	51512444	51513355	ACATATATATATAT	1.43	HG02621:3.36	0.82,0.83,0.80,3.29,0.83,1.56,3.36,3.35,3.29,2.57,5.09,2.52,3.11
14	106049011	106049351	ACCAGGGCCCAGTGATCAGG	1.41	HG02621:2.52	0.82,1.63,0.83,0.84,0.80,0.84,0.82,0.82,2.56,0.83,0.97,0.84,0.82,0.84,0.81,0.86,0.84,0.80,0.83,0.85,0.82,1.66,0.86,0.82,0.87,0.81,0.86,0.82,0.82,0.85,2.52,0.83,0.83,0.84,0.79,0.87,0.86,0.83,0.86,0.86,0.84,0.87,1.71,0.82,1.68,0.78,0.84,0.81,1.65
4	166699783	166700618	AAAG	1.41	HG02621:1.68	1.70,0.85,1.68,0.82,1.72,0.87,0.84
13	114271614	114272225	AACGGCTCTGCAGGTG	1.41	HG02621:1.68	0.84,0.86,0.81,0.82,1.68,0.86,0.85
2	237423922	237425273	AAAG	1.40	HG02621:4.20	1.63,1.63,1.63,0.83,0.83,1.67,1.67,0.82,2.56,0.85,0.87,2.47,0.80,0.97,0.84,2.55,0.86,1.63,1.63,3.15,0.81,1.72,1.68,0.85,2.60,1.71,0.83,1.61,0.83,1.56,1.62,1.68,0.84,0.84,1.67,0.84,1.72,0.83,0.82,0.83,1.73,0.82,8.43,2.69,0.87,0.87,4.85,2.42,1.63,0.81,0.85,7.47,2.46,0.85,0.83,7.78,0.82,4.20,2.51,0.86,0.87,1.71,0.82,0.86,0.84,1.69,1.71,1.64,0.84,0.85,0.81,0.85
16	53086419	53087502	AGG	1.40	HG02621:3.36	1.63,0.83,0.80,0.84,0.85,0.82,0.85,0.87,0.82,1.62,0.81,0.84,3.87,1.70,0.82,0.83,1.69,0.84,3.43,0.83,0.80,0.83,0.81,0.85,1.68,0.82,0.94,1.73,2.50,1.67,0.85,0.82,0.81,0.81,0.81,0.85,0.83,0.86,1.65,1.67,1.73,0.85,0.83,0.82,3.36,0.85,2.36,0.84,2.51,1.75,0.86,0.83,0.85,1.72,0.84,2.53,0.87,1.69,1.71,0.82,0.78,1.67,1.66,0.84,1.58,1.63,0.83
10	133054665	133055112	AAAG	1.39	HG02621:1.68	0.84,0.87,0.86,0.87,1.68,0.84,0.84
X	36451878	36452622	AAGGGAGGGG	1.38	HG02621:1.68	0.86,1.68,0.83,1.71,0.85,0.82,0.83
2	204370868	204371978	AT	1.37	HG02621:2.52	0.81,0.83,0.85,0.82,0.81,0.81,0.81,0.84,0.85,0.86,0.85,0.86,0.80,0.84,1.65,0.84,0.85,0.81,0.83,0.86,1.70,1.67,2.52,0.84,0.83,0.83,0.84,0.86,0.84,1.55,0.79,1.63,1.70
15	70574701	70575957	ATCC	1.36	HG02621:6.71	4.08,0.81,6.65,2.50,0.83,4.16,0.83,1.67,2.51,1.67,3.35,2.50,4.25,1.68,1.65,0.82,0.81,3.22,1.71,6.06,3.20,0.83,2.43,0.81,0.84,1.94,0.84,3.40,2.59,5.72,0.84,2.48,0.81,0.85,5.70,3.43,6.72,0.84,2.52,2.55,1.73,5.14,0.83,3.31,1.61,1.65,3.39,4.13,0.78,1.62,1.71,2.52,3.35,2.47,1.89,0.86,2.52,0.83,0.84,2.55,1.64,0.84,0.84,0.86,1.66,2.45,2.50,1.73,3.36,1.63,1.69,0.81,1.79,1.74,2.61,1.62,2.42,2.46,1.63,2.56,0.82,1.66,3.43,1.64,4.14,0.86,1.67,3.29,4.05,1.70,1.67,2.57,0.82,6.71,0.83,4.14,1.67,3.41,1.57,5.14,2.51,3.48,0.84,0.87,3.32,0.83,2.57,2.48,5.75,1.64,3.36,2.57,1.67,3.38,4.24,0.87,3.38,4.23,2.57,0.84,3.39,2.45,2.47,1.55,1.67,4.99,0.84,5.13,2.44,0.85,4.14,5.82,1.70
17	3887952	3888186	ACATGGGAGGGATGAGC	1.36	HG02621:2.52	1.63,2.50,0.83,0.83,0.84,0.83,1.70,0.84,0.82,0.82,0.85,0.87,0.81,0.84,0.87,0.86,0.83,0.83,0.84,0.81,1.61,0.86,2.52,0.83,1.67,0.84,0.87,2.57,0.83,0.82,0.86,0.84,0.85,0.87,0.85,0.85,0.79
22	18359223	18360651	AACCTCCCTCACCTCCCT	1.34	HG02621:2.52	0.81,1.63,0.87,0.83,4.19,3.33,0.81,0.81,1.71,2.52,0.84,0.84,3.30,1.69,0.84,0.85
12	124719259	124719933	ACC	1.32	HG02621:5.03	2.45,1.63,1.66,2.49,2.50,0.84,1.60,1.67,1.66,0.85,2.52,1.65,0.80,1.64,1.71,1.71,1.73,5.61,2.50,1.62,1.68,0.97,3.37,1.70,1.73,1.63,1.68,4.95,1.69,0.81,0.84,0.85,0.87,3.43,2.48,0.80,0.83,3.39,2.48,2.34,1.68,4.19,0.82,1.89,0.86,1.68,0.83,1.68,1.70,0.84,1.68,0.86,0.83,2.50,4.31,2.52,0.84,3.23,1.79,3.48,0.81,1.61,1.64,2.44,1.63,2.46,0.83,1.71,1.65,2.50,1.73,0.84,0.82,1.62,0.85,1.67,1.71,5.03,0.83,2.51,0.85,1.57,3.43,5.02,1.74,0.84,1.75,4.15,1.71,1.71,0.83,0.82,1.64,3.36,0.86,1.71,0.84,0.84,2.55,0.87,1.69,1.71,0.84,1.69,0.82,3.30,0.84,0.78,0.85,3.34,0.79,2.44,0.85,1.65,3.33
16	30759925	30760977	ACC	1.31	HG02621:4.20	0.82,3.34,2.50,0.83,1.67,0.83,1.60,0.84,0.85,0.82,0.81,0.80,2.47,2.40,1.67,2.43,0.82,0.83,0.79,1.72,0.84,0.84,0.85,1.73,2.57,0.83,1.65,0.80,1.69,0.83,1.62,1.71,1.68,0.82,0.83,1.67,1.64,1.67,0.86,1.63,2.59,0.82,0.84,0.90,0.87,0.81,0.86,1.71,1.65,0.86,0.84,0.81,0.83,1.71,0.82,4.20,0.83,0.83,1.70,0.79,1.71,0.84,1.74,0.84,1.75,1.66,1.65,0.86,1.65,0.85,2.46,0.84,0.86,4.22,1.69,4.23,3.42,1.68,1.64,3.36,1.55,2.51,0.83,1.69,4.27,0.84,1.58,2.44,1.70,2.48,1.69
10	10307487	10308563	AACACCAGCGTCATG	1.30	HG02621:8.39	0.82,0.82,3.33,0.83,0.83,0.84,0.80,1.66,2.55,2.52,1.65,1.63,0.82,0.85,1.73,0.82,0.81,0.84,0.97,2.53,0.85,1.73,0.82,2.52,3.30,0.81,5.08,0.81,2.58,1.68,0.84,0.84,1.71,1.61,0.83,0.78,0.85,0.84,0.84,0.82,0.86,3.36,0.83,0.84,2.52,1.70,1.64,0.84,0.83,1.67,1.63,1.61,1.79,0.87,3.22,0.82,2.44,1.63,0.85,1.66,0.86,0.82,0.85,0.83,0.82,0.81,2.50,2.57,4.12,8.39,4.14,1.66,8.37,7.67,7.07,4.29,9.20,0.87,7.70,4.28,2.48,8.22,1.71,0.82,0.84,0.86,0.84,5.06,0.85,0.87,2.54,1.69,1.64,0.82,1.68,1.55,1.67,7.10,16.27,5.10,1.65,1.66,3.39
4	125411414	125412633	AAG	1.30	HG02621:5.03	0.83,5.03,4.14,0.86,0.87,3.42,2.47,2.46,0.84,1.71,6.98,4.23,10.27,2.52,2.45,7.76,8.43,2.37,0.83,3.33,4.23
3	4315545	4315938	AGGGCATGGGAGGGG	1.25	HG02621:1.68	0.78,1.62,0.82,1.68,1.67,0.84,0.79,1.63
2	109815173	109816857	AATGG	1.24	HG02621:196.36	105.31,110.16,121.31,143.02,106.00,146.43,130.49,147.40,124.41,234.85,137.20,126.12,155.80,136.45,146.35,110.25,130.78,119.18,113.28,104.64,119.01,110.92,148.66,217.14,136.46,127.39,153.57,116.88,101.54,165.69,121.01,94.44,177.78,76.02,94.78,89.73,132.84,83.05,102.54,89.76,101.05,117.62,126.01,110.97,87.43,113.10,125.74,151.73,80.36,107.53,73.13,117.23,155.82,147.11,70.33,93.23,76.88,186.25,181.80,74.16,101.00,188.26,160.57,119.77,145.60,133.35,170.33,92.80,109.70,99.37,154.89,151.40,127.50,136.56,89.71,108.39,138.00,70.77,144.43,151.45,220.70,93.98,79.25,90.22,119.06,86.39,126.20,152.10,83.79,134.54,72.93,107.50,98.21,136.48,63.28,91.63,168.33,88.70,110.27,115.72,151.61,122.54,119.50,196.36,125.89,121.76,90.42,96.33,73.88,102.85,104.50,126.22,141.38,154.51,145.24,159.20,110.88,226.15,100.94,108.52,115.22,129.70,202.29,117.49,95.10,116.08,106.32,112.05,158.78,101.52,174.21,143.76,102.51,138.14,88.32,78.34,116.78,125.76,115.54,139.74,96.92,160.63,73.55,93.03,124.47,59.45,140.64,141.34,105.24,98.22
12	131130182	131131426	ACCTCCCTCGCC	1.24	HG02621:2.52	0.83,0.83,0.84,0.82,0.83,0.85,4.29,1.70,0.83,0.84,0.90,0.81,1.63,0.82,1.64,2.52,0.84,0.84,1.65,0.83,0.82,3.40,1.74,0.84,0.82,0.83,0.83
1	116979551	116979784	AAATATATATATAGG	1.24	HG02621:1.68	0.97,1.68,0.83,0.86,0.85,0.82,0.85,0.85
19	12496987	12497728	AAGGGG	1.22	HG02621:2.52	0.82,0.84,0.80,0.84,0.84,4.11,1.63,0.80,2.46,0.85,0.85,0.80,0.81,0.83,0.84,0.84,0.83,0.81,1.68,1.68,0.86,0.83,2.52,1.66,0.83,2.56,0.86,0.87,0.86,0.85,0.86,0.84,0.83,0.85
6	70276623	70277095	ATATATATATC	1.22	HG02621:1.68	0.82,1.70,1.68,0.83,0.84,5.94,2.55,5.08
X	155259552	155260363	AACCCT	1.21	HG02621:33.57	5.71,8.98,14.66,10.81,14.19,15.81,10.81,4.16,20.04,11.70,12.76,4.18,7.54,4.99,8.51,11.78,16.45,4.93,24.45,20.12,8.21,7.68,16.23,18.17,9.86,8.01,11.68,10.55,16.12,9.25,17.43,17.71,13.61,22.46,26.96,11.74,14.85,19.54,37.86,9.32,12.22,14.60,10.08,18.50,17.65,3.40,19.94,15.43,27.34,3.31,20.09,9.08,9.32,24.79,13.28,25.94,14.52,15.94,9.22,7.42,32.09,9.50,5.88,12.48,5.86,6.71,17.88,14.78,6.70,13.47,14.63,12.48,17.16,13.32,11.21,9.24,14.70,17.69,28.24,33.16,23.46,22.63,19.41,16.92,18.06,27.71,23.61,18.80,18.89,15.78,19.73,10.67,11.10,29.78,12.49,16.42,14.24,16.43,17.84,27.23,10.83,18.85,21.43,33.57,8.28,19.05,7.54,26.43,22.79,8.57,6.69,18.28,13.39,15.71,23.24,16.26,19.03,23.13,17.37,9.04,10.24,40.22,2.52,20.58,7.71,16.70,10.97,10.19,12.21,16.07,9.30,15.40,19.33,16.95,30.26,30.51,11.76,47.35,19.26,22.46,7.58,18.80,44.30,31.54,15.46,24.63,7.45,10.81,20.37,13.55
11	59399538	59400595	AT	1.20	HG02621:2.52	0.81,2.52,0.85,1.56,1.66,0.86,0.83,2.52,0.83,0.79,2.49,0.83,0.82,1.71,0.82,2.57,1.71,0.84,0.85,0.82,1.55,0.85,0.84,0.79,0.85
19	6865200	6865876	AAAG	1.19	HG02621:1.68	1.68,5.80,3.41,3.42,7.45,2.54
10	51134994	51135218	AAAG	1.19	HG02621:1.68	1.63,0.84,0.85,0.85,0.86,1.68,0.87,1.71,0.83
21	26360972	26361813	AACCCTCCCCACTCC	1.18	HG02621:3.36	0.82,0.83,0.83,1.60,0.84,0.79,2.52,1.68,0.83,0.83,0.82,2.51,0.84,0.85,0.81,3.43,0.81,0.83,1.65,3.36,2.48,0.84,0.85,1.71,1.74,1.75,1.66,2.57,0.83,0.85,0.84,2.55,2.54,4.09,0.78,0.84,1.58,1.63,0.85
19	3332074	3333208	AAGGAAGGAAGGAGGG	1.18	HG02621:2.52	0.82,1.66,0.83,0.84,0.81,1.64,0.82,0.83,0.81,0.83,1.65,0.78,0.84,3.78,1.64,0.84,0.86,0.82,1.71,2.52,0.87,0.84,0.83,0.83,1.70,0.82,0.84,0.84,0.84,1.65
2	62891951	62892574	AAAG	1.17	HG02621:1.68	0.87,0.82,0.81,0.82,1.68,0.83,0.82,0.78,0.84
4	160670254	160670768	AAAAAGGGAAGAAGAAAGG	1.17	HG02621:1.68	0.79,0.82,1.68,0.82,0.84,0.86,2.62,0.82,0.84
8	37363214	37364522	AAAGAAGGAAGGGAGGG	1.16	HG02621:7.55	3.26,2.44,3.33,2.50,2.50,3.32,4.16,0.83,3.34,0.80,12.53,2.55,0.82,3.29,1.63,4.92,0.85,5.75,0.80,2.50,2.43,3.22,2.52,1.94,2.53,0.82,2.52,3.30,3.26,4.73,1.63,0.86,0.84,3.36,4.20,4.25,4.34,1.71,4.02,0.83,3.39,0.83,1.56,2.43,1.71,2.52,1.68,3.30,2.83,4.20,4.99,1.68,1.70,0.82,0.84,0.84,1.72,1.66,0.83,0.86,3.27,1.69,5.65,1.79,4.34,2.61,0.81,7.39,1.63,0.81,2.56,2.46,1.66,1.72,1.71,3.33,4.32,0.84,0.82,0.85,6.66,2.57,5.77,7.55,3.31,7.45,4.26,2.36,3.43,0.84,0.87,0.84,1.75,1.66,0.86,4.14,2.48,4.11,6.83,2.46,0.84,2.57,1.67,10.97,3.40,2.62,1.69,0.85,1.71,4.20,3.39,4.91,5.77,0.78,1.67,1.66,1.69,15.04,4.73,4.07,0.85,1.65,1.66,3.39,1.69
8	144486822	144487932	ACACCTGGCATCAGGCCGG	1.15	HG02621:2.52	0.82,0.83,0.83,0.80,0.85,0.84,0.82,1.61,0.82,0.85,2.60,0.82,0.80,0.81,0.85,0.84,1.63,0.86,1.68,1.70,1.65,0.78,0.85,0.84,0.86,0.85,0.84,0.84,0.87,0.81,0.81,0.82,0.85,0.83,0.86,0.81,0.85,0.83,0.82,2.52,1.66,0.86,0.87,0.84,0.83,0.84,0.87,0.85,0.84,0.82,1.69,0.85,0.84,0.83
20	14842060	14842486	AAATATATATAT	1.13	HG02621:2.52	0.83,0.84,1.70,2.59,0.81,1.69,1.62,0.85,0.86,0.84,0.83,0.85,1.71,2.47,2.52,1.66,0.86,1.64,0.82,1.66,0.85
5	1950542	1951857	ACAGCAGACGGCGCACGC	1.12	HG02621:2.52	0.82,1.66,0.83,1.67,0.84,0.85,1.73,0.84,0.85,0.86,0.84,0.85,1.71,0.85,0.84,2.51,0.84,0.84,0.87,0.82,1.63,0.82,2.52,1.66,0.86,1.65,0.85,0.82,0.84,0.78,0.83,0.84,0.81
4	49135612	49140282	AATGG	1.10	HG02621:22.66	14.69,14.69,18.73,14.14,6.68,12.48,15.79,14.99,10.85,23.40,10.37,16.70,12.56,14.14,9.36,11.78,9.05,15.62,10.59,12.07,17.24,13.65,11.11,18.17,19.73,20.03,11.68,11.36,10.48,20.19,9.68,7.59,19.56,6.05,7.35,13.42,11.55,13.03,14.20,8.47,9.78,11.16,15.12,12.61,11.77,21.26,11.27,17.15,9.94,14.06,9.64,8.26,7.62,9.09,7.03,7.30,6.83,16.78,15.92,8.24,7.55,12.95,14.29,12.48,15.06,10.90,13.63,7.39,11.72,11.79,12.91,12.48,14.71,14.16,17.25,10.92,11.43,12.64,22.59,17.03,13.03,6.96,13.75,8.86,13.96,14.67,21.98,15.38,12.32,9.14,8.58,17.23,6.83,19.03,9.16,18.15,10.89,10.68,12.97,11.06,15.83,16.28,12.36,22.66,12.42,11.60,14.23,9.38,16.50,14.57,20.90,10.45,6.69,9.60,21.58,15.41,16.55,19.70,10.76,14.80,8.53,11.49,31.90,6.86,10.28,10.86,25.31,11.04,11.34,11.84,17.76,11.98,9.24,18.64,19.63,11.54,12.60,15.53,27.63,9.15,13.48,12.82,10.87,10.25,15.46,2.55,21.51,11.64,5.94,11.85
X	1561635	1562666	ACACACGCCGCCATCGTGG	1.08	HG02621:1.68	1.68,1.57,0.87,3.35,1.65,3.43,0.83,5.99
1	163343469	163344426	AAAG	1.08	HG02621:1.68	0.82,0.85,1.68,0.83,1.71,0.83,0.82,0.82,0.84,4.88
18	55379812	55380914	AAAG	1.07	HG02621:5.03	0.85,0.85,0.84,0.87,9.89,5.03,6.82,2.49,6.00,3.38,4.28,2.33,5.94,9.93
13	114078550	114079300	AATGGATGAATGGGTGGGTG	1.07	HG02621:3.36	0.82,0.81,3.33,2.51,0.80,0.85,2.48,0.83,0.78,0.85,5.77,0.83,0.82,0.86,0.82,1.74,0.83,0.83,1.62,1.67,0.86,3.36,0.83,1.66,0.84,1.71,4.14,0.86,0.82,1.71,1.69,0.85,0.84,3.27,0.84,6.21,1.71,1.65
1	235130997	235132353	ACATATATACCTATATAT	1.05	HG02621:4.20	3.27,2.44,0.83,0.83,0.83,4.18,0.80,1.68,3.33,1.70,1.68,0.82,0.81,1.61,1.71,2.60,1.64,2.50,0.84,0.97,1.69,1.63,0.84,0.81,1.58,0.85,0.81,1.72,1.68,1.68,0.84,3.47,0.83,1.65,1.61,0.83,1.56,0.84,2.83,0.86,1.68,0.85,3.29,0.84,0.86,1.73,2.45,0.81,2.69,2.61,2.43,1.61,2.46,1.63,0.81,1.71,2.46,0.83,4.29,2.46,0.83,2.50,0.86,1.67,1.64,1.62,0.83,1.71,0.82,4.20,0.83,1.71,2.51,0.87,1.66,0.83,0.86,2.47,1.71,0.86,4.28,2.51,0.84,0.87,1.69,1.68,0.82,2.52,0.78,1.67,3.37,2.56,2.51,0.79,1.70
X	109932521	109933691	AGATATATAGATATATAT	1.03	HG02621:3.36	1.60,1.66,0.81,0.85,1.73,1.64,3.34,0.84,4.25,4.90,1.58,1.69,0.81,1.68,0.84,0.85,1.73,1.66,1.65,0.83,0.83,0.85,0.83,0.82,0.83,1.68,1.61,0.90,1.74,4.04,0.81,0.85,0.82,2.49,0.86,0.82,0.83,2.59,0.84,0.81,1.70,1.67,1.65,3.36,0.86,4.96,1.71,0.85,0.85,1.66,0.85
11	69627819	69630113	ACCCATCC	1.02	HG02621:3.36	1.63,4.16,1.66,1.60,0.84,1.68,1.66,0.85,1.68,1.61,0.85,0.80,0.84,2.55,0.86,1.68,0.79,0.85,0.84,0.84,2.48,0.80,0.83,0.83,1.56,0.82,0.84,0.84,0.83,0.83,0.86,0.84,0.82,0.81,0.90,2.61,0.87,0.81,0.81,0.81,1.63,2.46,1.64,0.85,0.83,1.73,1.67,2.43,1.70,1.65,3.36,1.67,0.79,0.86,0.84,0.87,0.84,0.87,1.66,0.83,0.86,1.65,2.56,0.82,2.57,0.84,1.69,1.64,1.65,0.78,0.85,2.51,1.58,0.85,0.83,1.66,0.85,1.69
1	2842746	2843980	AGCCC	1.01	HG02621:9.23	3.27,2.45,2.44,4.16,8.35,6.66,1.66,2.50,6.68,9.19,4.79,5.85,8.38,6.66,6.81,4.21,0.82,5.75,4.07,4.02,6.57,6.83,4.27,1.73,6.58,3.20,6.68,0.81,2.42,2.52,6.78,3.37,8.51,2.59,3.27,5.03,3.30,3.26,4.73,6.77,4.07,3.43,2.52,3.36,11.77,2.55,6.07,6.86,4.14,5.79,4.02,4.13,4.23,2.48,4.69,1.62,2.56,3.36,6.70,4.12,3.78,5.18,6.73,1.66,3.35,2.52,2.55,0.84,3.37,5.16,4.16,3.27,9.99,7.76,3.36,5.72,4.21,5.65,8.96,6.95,5.22,0.81,3.22,2.46,5.70,2.44,5.13,5.75,4.15,1.72,8.21,4.27,3.31,1.67,6.92,6.70,4.11,6.49,3.40,6.66,5.14,4.94,9.23,6.63,4.97,4.19,5.11,3.93,1.71,2.51,5.22,3.35,3.49,4.98,4.28,7.45,2.57,4.14,3.29,4.27,4.93,3.36,6.00,2.57,7.52,4.22,8.49,6.98,3.38,4.23,0.86,1.68,7.63,3.27,1.65,4.20,1.55,5.02,2.50,5.06,7.69,4.18,2.37,5.69,1.70,2.48,6.65,5.09,3.39
15	68196810	68197348	AGAGAGAGAGAGAGGG	1.01	HG02621:5.03	0.82,0.82,1.63,0.83,2.50,1.67,2.51,3.19,1.67,0.84,1.66,0.85,1.68,0.82,1.63,0.85,3.42,0.87,0.82,1.60,1.67,1.62,0.81,4.21,1.94,0.85,4.19,1.65,2.44,0.85,6.01,1.68,0.86,0.83,1.61,1.65,1.65,1.56,1.71,2.52,3.45,3.36,3.33,3.35,0.85,0.82,2.51,3.37,0.83,3.27,2.50,0.84,2.42,0.87,1.62,3.22,0.81,2.44,2.56,2.46,0.83,4.29,2.46,0.86,0.84,0.81,1.70,5.03,0.83,0.84,0.85,2.36,2.51,0.87,0.87,0.83,9.41,0.85,5.75,0.84,0.86,0.86,3.38,0.85,0.85,0.86,3.39,2.45,2.47,0.84,2.50,4.18,2.37,5.69,0.85,0.83,2.49,0.85
12	122184458	122185100	AAGGTGGGAGGCTGGGGTAG	1.01	HG02621:4.20	0.82,0.82,1.63,0.83,0.83,2.51,0.84,0.83,1.68,0.82,1.64,0.82,0.85,0.85,0.82,3.34,1.62,0.84,3.87,1.69,2.55,3.35,1.58,1.69,0.81,1.68,3.40,1.73,0.86,2.49,1.65,0.83,1.56,0.81,0.85,2.52,1.68,0.84,3.33,0.82,1.67,4.31,1.69,4.84,0.90,2.61,1.74,2.43,0.81,2.44,1.63,2.56,0.82,1.66,1.64,0.85,0.83,0.86,0.84,0.81,0.86,4.20,0.83,3.31,0.84,0.84,0.86,2.57,3.28,2.57,0.84,1.70,1.69,1.69,2.45,0.82,1.68,2.51,0.81
11	69529243	69530213	AAAG	1.00	HG02621:2.52	0.83,0.85,0.85,0.85,0.84,1.70,0.84,1.58,0.85,1.63,0.84,0.83,0.83,2.34,0.83,1.68,1.61,0.86,0.83,1.70,2.52,0.83,0.84,0.83,1.71,0.82,1.68,0.85,1.65
