motif	top_case_zscore	high_case_counts	all_counts
AGAGAT	5.31	HG02524:17.03	6.53,1.63,4.89,7.48,0.83,3.33,10.81,2.50,3.34,5.58,1.67,3.35,7.49,5.89,8.23,2.44,2.41,0.82,1.71,5.13,4.33,3.29,5.61,5.84,4.87,4.84,0.84,3.87,9.28,2.55,2.59,6.71,4.95,2.44,4.73,7.62,3.26,1.72,19.32,4.20,2.52,3.40,6.07,0.86,2.49,4.96,8.84,4.23,1.65,5.47,1.62,2.56,5.03,0.82,0.94,4.32,3.33,1.67,6.71,5.11,3.29,4.19,3.44,5.82,5.72,3.33,6.04,4.20,4.08,6.74,9.68,3.58,2.61,1.74,2.43,8.06,2.46,3.26,3.26,2.56,2.46,13.29,6.86,7.39,0.85,2.48,1.67,1.73,11.72,12.32,17.03,3.40,2.50,1.71,12.59,6.63,1.67,5.97,1.57,5.02,4.35,3.49,6.64,3.42,2.48,1.71,4.96,0.82,3.41,3.28,4.20,3.43,5.91,0.87,8.56,4.20,1.69,1.64,0.82,3.88,2.51,7.49,2.44,6.79,2.48,1.66,2.55,5.93
ACATAGATAGATAGAT	4.16	HG02524:8.11	1.63,0.82,0.81,2.49,0.83,0.83,2.50,1.67,3.34,1.68,0.84,1.65,4.11,1.61,4.92,0.87,2.47,3.37,3.40,3.27,0.84,0.83,0.85,3.26,4.29,0.84,0.83,0.83,1.61,4.13,1.69,0.83,1.71,0.94,1.73,2.50,0.84,4.26,0.84,0.84,0.83,1.73,0.84,2.53,0.81,0.87,0.81,4.83,2.46,1.63,0.82,4.29,2.48,2.50,4.32,0.82,8.11,1.70,0.84,0.83,4.20,0.87,0.84,0.84,0.85
AAAG	3.88	HG02524:36.48	4.90,4.90,3.26,5.82,10.02,27.46,7.48,3.33,6.68,3.34,5.58,6.68,5.86,12.48,1.70,15.99,15.63,2.47,6.52,7.24,5.75,2.56,8.54,6.06,10.69,9.61,5.01,9.74,4.84,5.05,14.52,11.81,31.47,12.96,28.60,28.51,6.60,13.03,22.87,6.77,8.15,21.46,4.20,15.13,16.81,16.16,5.20,7.72,14.91,13.23,10.45,1.65,6.77,7.44,7.03,14.59,2.56,11.75,1.68,3.30,5.66,4.32,6.73,4.99,10.04,6.71,6.81,2.51,3.37,9.47,7.49,5.72,13.32,5.18,8.40,16.33,40.44,13.72,9.86,2.61,18.27,8.90,7.25,12.32,12.22,12.21,4.27,9.86,15.78,16.30,21.33,9.39,24.82,11.66,14.70,12.56,9.86,36.48,4.25,11.66,3.43,2.47,2.52,2.48,5.80,3.35,4.26,3.93,2.57,15.05,4.35,2.51,7.86,16.60,3.31,5.14,3.31,1.64,1.71,7.39,2.52,6.85,0.84,4.22,5.09,5.23,1.69,4.23,1.71,5.88,0.85,17.17,0.82,3.36,0.78,6.70,9.98,10.96,5.98,3.34,3.15,4.88,6.79,3.31,1.66,1.70,3.39
AAAAG	2.95	HG02524:12.16	0.82,6.53,2.44,7.48,7.51,6.66,6.68,2.51,1.60,10.02,3.35,2.55,2.47,12.22,3.28,1.71,5.13,1.73,0.82,3.20,0.83,8.86,2.90,5.90,9.36,4.09,3.35,1.65,4.89,5.08,1.63,6.87,6.73,2.52,2.55,1.73,6.00,1.65,0.83,2.54,1.56,0.81,2.56,5.03,3.35,0.94,3.45,1.70,2.46,6.74,4.30,8.32,4.90,5.00,5.88,4.08,16.01,2.42,8.96,8.70,4.85,0.81,4.93,4.98,3.28,1.67,1.67,4.93,12.16,1.65,10.77,0.87,0.85,1.64,19.21,5.06,0.85,6.72,0.85,0.82,2.47,10.09,4.19,7.49,4.21,0.84,1.70,3.39
AAGAGGTGGTAGTATT	2.56	HG02524:21.89	4.90,3.26,1.66,24.20,0.83,7.51,3.34,9.36,0.84,0.80,3.28,1.71,1.71,19.90,13.97,23.24,5.95,4.90,1.69,5.70,2.58,1.68,18.50,1.70,0.87,14.57,0.83,0.83,7.81,3.42,2.51,0.82,0.94,11.23,18.30,1.67,2.51,7.58,9.15,11.44,1.67,12.94,10.92,7.35,1.69,0.81,0.87,0.81,0.81,15.60,0.81,0.81,3.42,7.47,1.64,4.96,4.16,1.73,2.51,21.89,1.70,6.63,6.62,1.70,2.54,1.65,0.85
AAACT	2.43	HG02524:2.43	0.84,1.65,2.43
AATATATTCCACGTGTATC	2.34	HG02524:2.43	0.81,1.61,2.43,0.87,1.70
AAGGAAGGGAAGGAGG	2.23	HG02524:17.03	6.53,5.84,4.16,3.32,1.67,5.85,2.51,5.82,3.40,3.37,5.76,3.29,2.41,4.92,2.60,6.41,10.02,4.06,5.89,4.84,14.69,9.81,5.87,4.13,17.10,15.77,2.54,5.70,11.16,4.20,9.25,15.97,8.50,4.34,2.57,12.43,11.58,4.13,3.39,3.13,5.87,4.72,1.68,3.35,5.82,7.36,4.16,2.59,5.88,4.08,7.58,13.72,2.69,6.95,7.83,27.49,5.64,0.82,11.41,8.96,4.27,19.72,0.83,3.43,8.21,6.83,4.96,13.32,7.78,6.70,4.11,17.03,5.11,0.86,0.84,7.07,0.87,1.71,0.83,1.65,1.64,4.20,6.85,5.06,3.49,4.23,4.23,1.69,0.83,7.69,3.34,7.88,1.63,1.70,0.83,6.79
AAGG	1.82	HG02524:74.59	39.19,17.95,52.11,59.87,55.09,69.05,30.75,27.48,41.75,43.46,51.85,21.72,21.78,46.59,40.84,25.25,23.03,19.73,15.48,20.12,54.99,24.74,17.94,51.04,46.86,25.64,5.01,38.96,27.40,25.23,49.37,36.26,69.75,36.28,58.01,53.67,36.30,57.81,60.73,51.66,37.49,42.93,32.76,43.72,37.83,56.12,42.49,37.72,70.42,17.37,78.75,43.76,37.26,24.79,70.33,34.05,46.13,11.75,18.43,42.03,45.31,36.27,58.85,12.48,56.06,17.61,58.76,53.38,62.81,23.58,33.56,56.57,27.79,43.30,25.01,35.29,52.26,43.81,47.61,52.87,30.41,47.86,45.28,30.61,55.01,42.38,60.25,39.31,47.65,33.22,36.89,73.85,56.37,43.84,39.14,54.46,27.64,23.82,74.59,47.65,37.49,29.99,45.33,47.83,45.55,58.81,52.75,42.62,56.59,56.56,28.42,40.91,36.81,47.14,63.08,41.94,48.82,71.96,33.09,24.66,29.87,55.82,33.58,38.59,33.41,37.58,38.82,30.56,41.00,45.68,38.06,35.94,39.49,33.90,46.61,27.21,23.52,69.87,47.72,28.28,37.08,49.56,52.66,61.50,73.22,43.31,46.33,45.73,32.25,33.87
ACACCAGACAGTCCCC	1.81	HG02524:2.43	1.63,2.45,0.84,1.69,0.83,2.43,1.71,0.83,0.84
ACAGAGGG	1.64	HG02524:63.24	37.54,19.54,3.33,3.34,3.33,1.66,5.83,19.22,2.39,6.68,4.19,4.16,3.40,2.52,33.72,42.74,5.70,21.73,3.28,26.45,4.27,0.87,5.75,21.63,31.96,28.07,5.90,58.69,38.58,23.93,44.78,52.85,11.86,23.18,21.02,73.14,20.41,44.23,16.29,67.10,26.47,24.91,8.26,5.08,5.79,2.34,0.81,10.25,1.68,3.35,5.77,3.78,0.86,22.70,11.64,14.26,6.81,8.21,2.51,2.53,16.35,21.63,32.69,33.31,25.01,35.29,47.18,14.77,11.31,31.54,59.61,32.84,89.65,56.18,52.58,20.76,26.26,33.31,40.80,5.19,33.50,18.89,63.24,3.40,1.67,9.11,15.07,24.72,17.14,5.85,3.48,6.11,18.26,3.42,23.99,2.48,0.82,21.34,39.40,25.18,15.42,3.38,22.92,5.08,26.53,1.68,22.88,28.04,2.52,43.47,4.19,4.99,4.21,6.84,4.18,64.65,7.32,3.40,4.14,22.45,22.02
AAGGTATGGGTGCGG	1.13	HG02524:3.24	2.45,3.26,1.66,1.67,0.83,0.84,0.80,2.50,1.70,0.82,1.64,0.83,2.42,0.84,0.83,3.13,3.24,1.67,0.84,2.45,1.69,0.81,3.24,0.82,1.68,0.83,1.68,0.85,1.68,1.65,0.83,1.71
