motif	top_case_zscore	high_case_counts	all_counts
AACATATATATATATGG	7.45	HG02722:7.45	7.45
AATGAGTGAGTGAGGAGAGG	6.42	HG02722:149.92	57.15,7.34,63.51,4.16,10.02,30.78,19.95,4.16,40.08,39.28,3.19,31.74,15.08,9.15,22.97,11.78,41.95,4.93,0.81,46.69,49.24,22.18,52.97,4.33,29.59,66.50,4.17,4.06,8.86,5.81,43.85,13.61,22.46,26.15,5.87,23.93,58.63,29.18,33.03,2.44,7.73,23.52,13.45,26.06,11.91,5.20,33.43,21.54,21.51,58.66,18.16,9.32,34.71,45.32,16.21,71.75,27.69,43.56,28.02,14.16,17.27,35.31,6.65,46.86,11.74,3.41,4.11,15.07,47.16,9.47,1.66,13.08,31.64,40.54,21.01,39.20,30.33,32.27,40.33,22.59,2.61,52.56,0.81,18.06,6.52,10.58,3.42,19.72,34.05,6.86,18.87,21.35,19.85,30.81,22.48,10.05,23.82,68.92,23.83,63.31,33.42,89.00,24.34,79.51,149.92,3.35,91.21,123.39,63.42,67.71,61.80,69.44,96.03,62.25,79.60,51.30,38.55,5.79,57.55,30.73,36.94,47.85,50.60,44.55,50.94,104.63,8.49,1.74,88.83,50.74,42.78,92.43,16.95,33.53,50.30,36.12,68.31,113.87,61.55,85.96,61.52,28.42,110.38,17.90,11.04,53.77,11.64,42.44,36.41
AATGTCCGTGGCTGCGGTGT	5.32	HG02722:26.51	2.45,13.87,13.03,2.49,5.01,2.50,4.99,2.50,5.84,3.34,10.37,7.52,2.51,16.64,3.40,4.21,3.29,3.29,7.33,6.44,9.85,3.41,5.13,2.60,3.29,2.40,4.17,17.04,19.34,2.52,4.84,3.37,5.10,2.59,2.45,2.52,0.83,8.96,13.41,5.93,1.63,12.02,5.04,6.73,0.84,5.95,1.71,3.31,3.31,1.61,4.13,5.93,2.48,4.69,6.49,2.56,3.36,4.19,3.30,1.89,1.73,2.52,4.16,18.41,4.19,5.11,4.93,15.07,2.53,3.44,4.99,3.27,2.50,5.18,5.88,4.08,5.90,4.84,2.69,6.08,6.09,2.43,2.42,2.46,7.33,3.26,4.27,5.75,4.15,3.43,10.67,4.27,5.79,4.16,5.86,6.57,1.62,9.36,8.33,3.43,9.07,1.68,4.97,26.51,4.19,9.38,9.43,6.86,0.84,3.48,4.18,0.87,4.15,0.86,9.10,12.41,8.22,0.85,7.39,10.91,2.57,2.57,15.87,7.59,7.61,6.77,10.27,5.04,2.54,7.36,17.32,5.88,27.17,15.91,7.49,5.90,1.71,0.84,25.23,21.15,15.29,5.79,3.33,3.39,16.09
AATGTCCGAGGCTGCGGTGT	5.23	HG02722:35.62	16.33,20.40,18.73,12.47,7.51,20.80,14.96,8.33,11.69,16.72,15.95,13.36,10.89,30.78,9.36,16.83,14.81,18.08,18.74,9.66,25.44,21.33,5.98,13.84,5.75,20.03,21.70,25.97,8.86,18.50,9.68,10.96,9.36,17.28,10.62,16.77,5.78,18.73,11.83,6.77,16.30,16.31,9.24,21.02,9.25,8.50,12.14,9.43,22.37,9.93,12.05,4.13,12.70,12.40,14.07,19.46,12.81,10.91,18.43,31.31,11.33,12.09,12.61,23.29,14.23,11.74,9.37,9.86,12.56,10.11,12.91,13.31,14.71,9.16,2.59,10.92,17.96,16.01,14.52,8.96,6.95,14.79,8.90,16.92,12.32,9.78,16.28,13.67,27.93,12.46,6.86,8.21,9.39,17.37,14.99,20.75,34.34,11.50,15.40,18.72,9.16,12.85,12.36,18.46,25.67,35.62,10.05,8.52,7.07,7.71,17.56,12.19,4.18,10.48,11.62,25.68,7.45,12.85,12.41,18.91,10.24,13.13,10.07,10.29,9.42,11.69,20.25,10.19,17.45,13.54,13.53,18.83,10.08,22.88,31.07,9.07,18.48,6.99,5.02,6.65,12.64,15.38,16.72,25.23,15.46,11.89,15.72,14.13,7.64,8.47
AAATGGACTACAACCACGCC	4.70	HG02722:45.56	28.56,13.84,9.98,27.54,19.14,11.66,22.54,38.45,15.16,19.21,26.80,19.14,18.72,44.60,36.19,25.48,35.04,7.24,36.11,38.40,29.90,33.74,15.62,13.62,39.23,23.54,15.31,15.98,13.55,26.14,42.33,40.86,33.54,8.25,11.40,26.03,16.94,13.04,16.31,0.84,14.29,27.21,12.86,18.20,23.30,4.95,28.91,20.27,18.79,26.01,36.86,28.84,14.16,0.86,38.67,23.29,29.29,13.42,11.50,10.89,16.84,18.93,33.28,35.14,16.39,41.17,11.43,16.14,0.90,40.84,19.14,20.14,0.82,20.35,31.62,13.13,21.35,19.03,30.99,9.86,19.46,14.99,25.71,45.56,0.85,24.85,25.08,16.54,11.71,0.87,19.92,7.70,40.55,20.68,26.31,25.60,27.09,13.43,36.84,19.41,12.73,15.70,24.53,11.84,14.55,17.65,31.36,11.64,38.26,10.96,17.94,10.87,25.23,17.90,21.23,21.62,25.40
ACACTACCC	3.97	HG02722:64.61	31.84,33.46,49.67,22.45,24.20,29.12,40.73,19.99,26.72,49.31,30.31,12.53,32.67,29.95,51.05,28.61,23.03,25.48,19.56,62.79,24.62,34.98,17.09,60.56,25.48,24.04,53.42,21.10,56.41,21.03,23.23,43.85,46.78,49.24,43.31,51.99,42.90,36.64,46.54,27.10,23.63,33.48,27.72,22.70,29.42,27.21,41.62,25.72,40.59,15.72,44.20,58.62,22.86,4.13,17.97,57.56,32.46,1.68,40.21,41.20,38.70,9.50,15.13,29.11,2.51,36.06,35.77,35.31,28.47,28.63,23.23,31.61,54.76,26.65,24.15,23.53,26.95,44.65,54.87,17.92,30.41,26.98,34.77,63.64,36.13,15.48,54.55,23.07,29.57,19.93,31.75,50.88,52.95,25.64,24.15,15.56,58.62,30.39,12.97,28.08,8.33,7.71,46.15,17.62,33.96,64.61,45.21,29.84,51.87,36.00,22.57,51.36,15.06,6.98,6.64,16.26,0.83,7.71,14.07,18.09,29.02,32.84,41.13,40.31,5.14,55.12,25.31,22.92,9.60,38.07,14.38,15.40,7.56,28.81,31.89,65.14,50.41,21.74,28.47,24.95,2.53,16.23,20.06,8.67,56.95,3.40,32.26,39.91,36.49,11.85
ACACCACAGCGACACCC	3.30	HG02722:14.91	8.16,8.16,7.33,0.83,15.79,9.99,0.83,0.84,0.84,2.50,0.85,2.47,0.81,8.05,9.03,3.41,1.71,11.25,4.11,6.41,6.68,4.06,0.84,4.84,5.95,6.05,0.83,4.73,8.96,1.72,0.84,7.57,1.68,2.60,5.14,0.83,3.31,4.02,0.83,2.54,11.57,25.79,7.69,1.68,8.24,10.38,4.32,11.77,0.83,13.39,3.35,0.85,9.03,5.89,11.19,9.98,3.27,4.16,0.86,0.82,2.42,0.90,0.87,0.81,9.03,4.89,0.85,10.68,0.83,0.86,0.82,1.71,2.50,1.73,0.84,1.64,0.83,7.42,3.36,6.63,14.91,1.67,3.41,3.34,5.02,0.87,5.14,5.14,2.47,1.71,9.85,12.59,2.57,4.28,0.84,11.81,8.46,6.77,5.99,5.93,10.63,1.65,6.72,9.21,8.32,5.98,17.35,0.81,5.79,5.94,5.08
ACGTGAGGCATGAGTGGC	3.30	HG02722:3.31	3.31,0.86,3.41,0.85
AACCACGGAGAGCACGCT	2.74	HG02722:9.11	2.45,5.70,0.83,3.34,4.99,1.66,1.67,4.17,1.67,3.19,0.84,0.83,1.70,4.21,2.47,3.29,2.44,3.22,2.46,0.85,1.71,1.73,1.64,1.60,1.67,1.62,1.61,1.68,0.97,2.55,1.73,0.82,0.84,1.65,3.26,1.58,1.63,1.72,4.20,3.36,1.68,1.73,1.71,1.66,1.65,1.61,0.83,1.69,2.48,3.13,0.81,0.85,3.36,5.03,1.65,2.83,1.73,1.68,0.83,1.67,0.84,3.29,1.68,3.44,4.16,2.45,0.83,5.18,2.52,3.27,1.69,5.65,1.79,4.34,1.74,2.43,2.42,1.64,2.44,1.63,1.64,6.64,4.29,0.82,0.85,0.83,4.16,1.73,1.67,1.64,0.81,1.70,0.83,2.57,5.77,1.68,4.14,9.11,1.67,4.26,8.65,4.29,1.67,2.61,2.51,1.75,6.64,0.86,2.48,4.28,4.96,4.11,0.85,4.93,9.23,1.72,0.86,6.68,3.38,2.55,2.62,2.54,4.23,0.86,6.78,0.82,6.60,0.84,3.11,10.05,3.33,5.13,1.67,3.15,3.25,1.70,2.49,4.24,1.69
ACAGGGTCCCCCAGCTCAG	1.70	HG02722:3.31	3.26,0.83,0.83,1.67,0.83,0.85,0.84,0.82,0.80,0.87,0.80,2.43,0.81,0.82,0.81,1.72,0.85,0.94,0.84,0.85,0.82,0.82,0.81,0.87,0.82,0.81,0.81,0.82,0.83,1.67,1.67,0.83,3.31,1.67,0.85,0.84,0.87,0.83,0.86,0.83,1.64,1.68,0.85,0.84,0.84,0.85,1.67,1.58,0.83,3.39,0.85
AAGGAGGG	1.69	HG02722:2.48	0.84,0.80,0.85,0.84,1.73,0.82,0.84,2.48,0.82,1.71,1.74,1.68
AAGGG	1.62	HG02722:4.97	1.63,0.81,0.83,1.67,1.66,0.83,1.67,5.84,1.67,0.84,0.83,3.40,1.68,1.65,1.64,1.63,1.64,0.85,0.87,0.82,0.80,1.67,0.81,1.61,2.52,0.85,1.63,0.84,1.65,0.81,2.37,1.69,0.81,0.86,3.36,1.68,2.52,1.70,4.34,0.86,0.83,1.65,3.30,3.39,2.48,2.34,0.81,0.84,0.84,0.94,1.73,0.84,6.69,0.84,0.85,3.44,0.83,0.86,2.52,0.82,0.84,1.61,3.48,2.61,0.81,1.64,0.81,2.44,0.85,2.49,3.28,1.71,1.67,1.73,2.51,2.46,0.81,2.55,0.86,0.82,1.66,4.97,0.84,0.85,1.57,2.57,3.34,0.87,0.84,1.75,2.49,2.57,1.65,1.71,0.83,0.82,1.71,2.52,1.72,0.84,1.70,1.74,0.85,2.57,1.69,2.45,2.47,2.33,0.84,0.83,3.37,1.58,0.81,2.55,0.83,2.49,1.70,0.85
AAAAG	1.56	HG02722:10.77	0.82,6.53,2.44,7.48,7.51,6.66,6.68,2.51,1.60,10.02,3.35,2.55,2.47,12.22,3.28,1.71,5.13,1.73,0.82,3.20,0.83,8.86,2.90,5.90,9.36,4.09,3.35,1.65,4.89,5.08,1.63,6.87,6.73,2.52,2.55,1.73,6.00,1.65,0.83,2.54,1.56,0.81,2.56,5.03,3.35,0.94,3.45,1.70,2.46,6.74,4.30,8.32,4.90,5.00,5.88,4.08,16.01,2.42,8.96,8.70,4.85,0.81,4.93,4.98,3.28,1.67,1.67,4.93,12.16,1.65,10.77,0.87,0.85,1.64,19.21,5.06,0.85,6.72,0.85,0.82,2.47,10.09,4.19,7.49,4.21,0.84,1.70,3.39
ACCCTATCC	1.55	HG02722:241.86	57.15,41.62,105.03,66.52,50.91,73.21,26.60,78.28,33.40,47.64,58.23,63.48,36.02,79.04,19.57,69.85,60.87,34.52,13.85,53.93,45.96,60.58,52.11,24.22,98.64,48.87,70.94,95.77,33.85,52.15,50.34,32.04,27.22,63.07,58.83,43.61,39.60,29.31,173.52,119.40,60.31,30.91,24.36,8.41,61.37,20.41,11.27,27.43,13.25,77.75,126.17,20.64,12.70,57.85,82.83,230.24,81.15,25.17,9.22,182.94,60.41,12.09,36.99,58.22,14.23,3.35,5.96,44.35,16.75,39.58,39.58,26.62,28.61,14.16,102.64,51.25,11.43,86.78,20.17,50.18,49.53,86.15,97.04,31.42,81.29,62.75,47.22,66.65,80.51,16.61,57.49,21.33,94.80,112.50,17.49,45.81,202.66,110.88,30.00,33.19,5.83,89.12,28.02,135.94,79.51,241.86,31.81,45.18,61.30,12.86,95.30,24.37,154.77,15.71,193.38,42.80,143.15,11.14,86.87,40.28,132.29,160.89,85.62,86.62,12.85,151.16,56.54,103.56,326.29,49.91,66.81,65.03,4.20,99.16,181.54,154.20,68.05,357.10,519.95,21.63,49.72,55.54,54.33,50.46,410.02,33.97,43.85,81.48,111.18,70.28
AAACAGGTCGTGAGGGCGC	1.53	HG02722:2.48	2.51,0.82,0.85,1.65,2.50,0.83,2.48,6.09,1.71,4.95,0.85
ACTCCCTCCTCC	1.48	HG02722:1.66	0.82,0.81,0.83,1.66,0.85,0.85
AAAGAGGGAGAGAGAG	1.29	HG02722:3.31	2.44,1.60,0.83,1.70,0.82,0.81,1.64,3.41,0.85,0.81,0.86,0.83,0.82,0.84,0.85,1.70,2.52,3.31,0.85,3.32,0.83,0.82,3.38,0.86,0.85,1.64,1.58,3.25
AACCCTCACCCT	1.28	HG02722:4.97	1.63,0.83,2.50,0.84,1.60,0.84,4.21,1.63,0.82,0.83,0.81,2.53,1.70,4.32,2.45,1.68,3.26,2.37,0.86,0.84,2.55,4.34,3.43,3.31,1.65,0.80,2.48,0.84,0.82,0.84,0.84,2.55,0.84,0.82,1.67,2.59,0.84,0.82,0.81,2.69,0.87,4.85,0.81,4.11,2.44,0.81,0.82,2.56,0.83,0.82,1.70,4.97,0.85,1.57,1.71,0.87,5.14,2.57,0.83,0.82,3.28,2.52,0.85,0.87,0.85,5.13,1.68,0.85,1.64,0.78,2.44,1.65,1.70
