#contig	start	end	unit	top_case_zscore	high_case_counts	all_counts
7	38649302	38650280	AAAG	17.47	HG02768:17.58	1.61,0.84,1.73,17.58,0.85
22	22927696	22928892	AAAG	15.50	HG02768:16.74	0.83,4.21,0.81,1.64,4.84,0.83,10.54,0.84,0.84,0.86,16.74,1.71,14.75,0.83
19	19013159	19013810	AAAAAGGAAAGG	15.07	HG02768:15.07	15.07
11	102341345	102342222	AAAG	14.99	HG02768:16.74	16.74,0.84,2.62,6.85,2.48,5.88,0.83,1.70
7	11237369	11238845	AAGG	10.77	HG02768:27.63	0.82,0.82,2.49,0.83,0.83,11.66,4.17,2.51,4.79,5.86,2.55,1.65,9.04,3.26,8.05,4.92,1.71,2.56,13.84,1.64,17.63,0.83,0.84,9.68,1.69,15.31,12.09,2.45,5.03,2.48,3.94,5.08,3.26,2.58,10.92,2.52,7.57,0.87,0.86,0.83,12.41,6.43,10.73,8.47,3.31,10.16,1.62,5.13,0.84,7.42,3.78,1.73,3.33,0.84,0.84,14.48,3.35,1.68,4.30,0.83,2.45,4.16,2.59,0.84,5.72,5.90,0.87,8.70,2.43,11.28,2.46,3.26,8.96,4.27,7.47,6.01,8.21,1.65,3.33,7.78,4.19,2.46,1.62,1.70,0.86,15.66,0.83,6.63,27.63,5.11,0.79,5.02,7.83,4.18,6.11,18.26,5.14,2.48,1.71,0.83,3.29,1.71,4.93,5.15,1.71,2.51,10.13,1.70,3.49,11.00,0.85,7.56,14.41,4.09,3.30,0.84,6.99,7.58,8.54,3.34,0.79,13.02,0.85,5.79,0.83
13	49033813	49034342	AAAGGAAG	7.54	HG02768:7.54	7.54
3	118366455	118367230	AATAG	7.54	HG02768:7.54	7.54
4	4265224	4265788	AAAG	7.48	HG02768:7.54	7.54,13.71,11.32,3.33
15	26244030	26245006	AAGGAG	6.48	HG02768:6.70	0.86,6.70,3.43,2.62,2.37
GL000216.1	0	13158	AATGG	6.47	HG02768:76.19	26.94,25.30,29.31,24.94,20.03,52.41,36.57,31.64,35.90,40.95,35.10,26.73,5.86,40.77,51.90,26.09,48.53,31.23,18.74,36.22,38.57,47.78,57.24,66.61,31.24,56.89,52.58,40.58,37.07,32.80,30.01,10.96,33.17,20.73,17.16,25.16,23.10,18.73,46.54,27.95,19.56,18.89,25.20,22.70,19.33,22.11,40.76,32.58,9.11,24.81,27.32,52.01,46.58,35.54,39.85,8.92,19.65,36.91,51.10,28.84,14.16,55.27,46.24,17.47,39.33,46.13,51.95,17.25,32.66,13.47,56.79,60.73,31.06,47.46,11.21,26.89,24.50,18.54,37.12,23.30,68.64,41.77,22.64,11.28,11.50,7.33,13.03,22.22,27.11,41.52,18.88,3.28,22.21,14.06,29.14,27.66,55.27,17.25,9.73,7.66,58.31,54.84,47.80,73.01,25.67,24.85,76.19,20.46,39.30,55.71,38.46,53.10,41.83,44.52,19.09,19.69,33.93,61.68,29.79,41.93,53.77,31.19,50.36,31.73,37.70,56.79,21.94,52.63,35.77,32.99,46.51,25.67,30.25,59.32,35.98,18.14,21.00,41.92,23.44,36.60,37.08,79.46,50.15,13.40,43.93,28.03,33.92,31.59,27.16,40.64
13	90370448	90371605	AAAAT	6.35	HG02768:24.28	5.83,11.54,24.28,12.57,11.62,19.03,12.41,7.39,9.19,23.56,13.69,10.08,14.02,3.33,7.88,16.14,14.89,7.64
1	228361297	228362634	ACAGCGAGCCGCGCCC	6.17	HG02768:10.05	3.43,10.05,2.62,9.41,16.28,11.84,0.85
4	191031405	191031794	AACCCTAACCCTAAGCCCT	5.86	HG02768:5.86	5.86
17	67641633	67642649	ACACATATATATACATATAT	5.73	HG02768:6.70	0.83,0.83,0.97,1.63,0.84,0.85,0.86,0.84,0.84,0.90,5.70,3.32,1.73,0.83,6.70,0.87,0.85,0.84,0.85
4	147024612	147025828	AG	5.64	HG02768:7.54	0.82,0.81,2.49,0.83,0.83,0.80,1.64,1.73,0.81,0.84,0.86,0.84,0.81,3.15,0.85,1.63,0.86,0.84,1.68,0.83,0.83,4.02,0.83,0.78,0.81,0.84,0.84,0.84,0.84,0.83,0.86,1.68,0.90,0.87,0.81,0.83,2.57,0.83,0.83,2.51,1.70,0.82,0.84,7.54,0.85,0.86,1.67,0.87,0.86,1.72,0.86,0.85,0.85,0.85,0.83,1.69,0.84,0.79,0.85,0.83,0.85
1	64863412	64864308	AAAG	5.01	HG02768:5.02	3.43,5.02,0.81
2	107407852	107408825	AAGAAGGGAG	4.94	HG02768:15.07	15.07,17.64,19.38,14.53
18	62055973	62057394	AAAGG	4.77	HG02768:50.23	12.25,19.58,18.29,13.35,18.30,29.92,18.32,30.06,14.20,34.03,15.15,15.62,14.67,37.03,26.26,14.51,11.11,21.70,30.62,28.60,20.24,17.86,20.61,14.57,20.68,21.70,8.26,28.79,26.57,12.81,32.72,15.92,37.08,29.36,25.22,13.31,13.39,14.26,19.71,21.77,10.95,25.82,9.99,22.43,27.76,41.22,21.72,15.66,42.72,24.08,27.33,12.41,23.45,18.07,21.27,25.82,12.85,22.25,38.60,24.02,40.59,50.23,22.16,25.15,33.42,4.18,15.67,10.04,20.95,11.62,15.41,0.83,13.71,0.83,28.77,3.41,14.78,6.72,24.87,24.85,15.87,15.19,16.13,9.60,21.14,16.26,10.08,20.34,49.06,32.16,12.60,24.84,24.28,13.31,17.70,19.65,25.91,5.52,14.64,36.52,11.58,16.63,5.09,5.08
1	191876173	191877166	AAAG	4.72	HG02768:5.86	3.26,1.66,1.67,0.80,4.93,0.80,1.67,1.69,1.68,0.83,5.86,0.83
10	30362710	30362891	AAGG	4.19	HG02768:4.19	0.83,4.19
6	32209588	32210921	AAAGAAGGAAGGAAGGAAGG	4.10	HG02768:9.21	0.83,4.16,0.84,5.01,0.85,2.46,0.83,3.25,0.97,3.40,1.73,2.52,4.13,4.07,2.37,6.52,1.68,4.20,1.68,4.34,3.31,1.61,4.13,1.69,8.60,1.68,2.51,1.73,1.68,8.37,3.44,0.83,0.83,0.86,0.84,1.69,0.81,3.58,5.21,1.62,0.81,3.42,1.64,1.66,1.72,1.64,0.85,1.67,1.64,0.85,9.21,0.87,0.83,3.42,4.28,4.93,0.86,2.55,0.85,7.61,4.20,2.54,0.82,0.83,10.87,1.63,0.83,0.85
9	103839626	103840835	AAG	4.06	HG02768:6.70	0.81,0.84,0.87,0.84,1.63,1.68,1.68,6.62,0.82,0.84,3.33,0.84,0.84,10.67,5.15,2.50,0.86,0.84,0.85,2.47,0.84,1.66,6.70,0.87,0.83,1.71,2.48,2.57,1.72,1.71,1.71,0.84,0.84,3.15,0.81,2.55
4	140492746	140493754	AAG	3.58	HG02768:7.54	1.63,0.80,1.71,5.84,8.47,3.36,2.48,1.65,3.30,1.70,2.53,7.36,2.53,2.44,3.42,6.86,7.54,0.85,1.74,0.82,0.85,0.82,4.18,0.86,6.54,1.67,0.83
2	70837819	70839052	AACGATGCTGCCACCTCTGT	3.41	HG02768:5.86	0.82,0.82,0.83,0.83,0.84,0.84,0.84,0.84,0.82,0.81,0.82,1.71,0.85,0.87,0.83,2.52,0.97,1.63,2.52,0.83,0.81,0.84,0.84,1.66,2.41,0.85,0.81,0.94,0.86,0.84,0.85,0.84,0.86,0.83,1.63,3.33,0.86,0.84,0.84,0.90,1.71,1.65,1.62,0.85,2.50,2.57,0.82,0.84,5.86,0.84,2.62,2.49,0.86,0.83,3.41,5.04,0.86,1.67,0.85,0.87,0.86,1.69,1.64,0.82,0.84,1.71,0.84,0.79,0.85,0.83,0.83,0.85,1.69
12	117238744	117238968	AAAAT	3.35	HG02768:3.35	3.35
8	2830665	2832099	ACCATCATCCTCT	3.34	HG02768:10.88	3.27,0.82,4.89,2.49,2.50,0.83,3.32,5.00,2.51,3.99,0.84,1.68,2.50,4.25,7.57,4.11,6.58,3.26,1.61,2.46,4.27,0.85,4.33,2.47,4.01,5.01,2.43,2.42,3.36,4.84,1.69,4.25,1.73,3.27,4.19,0.83,8.14,4.73,4.23,3.26,2.58,4.20,1.68,3.36,4.25,6.07,4.29,2.49,2.48,4.95,4.23,1.65,0.78,2.43,3.42,2.52,3.35,7.42,3.78,2.59,1.68,7.49,5.02,4.19,1.70,0.82,4.19,3.37,3.44,3.33,2.45,0.83,7.76,4.20,1.63,6.74,4.84,3.58,0.87,3.22,1.64,1.63,3.26,0.85,3.29,1.66,0.86,1.64,3.42,5.79,5.00,1.73,3.35,4.93,1.62,3.40,0.83,10.71,3.36,1.66,3.31,10.88,5.97,1.57,1.71,1.67,0.84,2.62,2.48,8.57,4.14,2.47,2.56,6.57,2.52,0.86,0.86,3.34,2.53,1.70,2.62,6.77,7.61,1.71,1.68,0.85,4.20,1.55,2.50,9.40,0.84,3.15,2.44,3.40,1.65,4.16,0.85,8.47
18	50611864	50612217	AAGAAGAAGG	3.34	HG02768:3.35	3.35,2.54,0.83
22	24438784	24439050	AC	3.34	HG02768:3.35	3.35,1.57,1.64,0.84
11	133906405	133907519	AAGAGTCGAGAAGAGTGGAG	3.29	HG02768:3.35	3.35,3.41,1.71,5.72
12	132879467	132882785	ACACCCTCACCCGGGC	3.27	HG02768:12.56	1.63,3.26,5.70,11.64,2.50,4.99,5.83,3.34,1.67,3.19,3.34,3.35,0.83,3.40,7.57,1.65,5.75,0.81,5.63,2.46,8.53,0.85,4.33,4.81,5.01,3.25,6.45,2.52,3.87,2.53,5.95,5.18,2.45,0.84,3.30,3.26,7.89,1.69,0.86,4.20,0.84,1.68,3.40,2.60,0.86,4.97,3.31,4.82,9.08,2.54,4.96,7.03,4.05,9.40,2.52,7.54,0.82,1.89,3.45,1.68,4.16,12.55,3.35,1.70,1.64,4.19,7.74,6.66,1.63,5.00,1.73,0.84,0.82,6.74,5.65,1.79,6.08,1.74,5.66,3.22,5.75,15.48,6.51,6.57,0.83,8.58,4.92,2.56,1.65,0.83,6.92,4.19,4.11,1.62,0.85,1.67,4.28,4.20,4.14,8.28,12.56,1.70,3.14,2.57,4.18,4.35,2.51,4.36,2.49,3.42,4.14,2.57,1.65,3.29,3.41,8.21,7.55,1.72,5.14,5.01,5.91,1.70,5.23,6.77,1.69,7.70,4.20,5.93,2.45,5.77,0.84,8.54,6.70,2.50,5.06,5.98,6.69,10.25,11.39,2.55,5.79,4.16,2.55
2	62892043	62893024	AG	3.25	HG02768:9.21	0.82,6.51,5.84,5.63,4.10,2.56,1.60,2.43,2.54,8.26,5.03,1.65,1.89,9.15,1.67,5.89,0.86,0.84,9.21,4.29,5.81,3.31,4.96,2.47,6.57,2.57,0.86,4.18,2.62,5.92,1.71,9.24,2.54,4.91,1.55,5.90,2.51,4.88,4.96,3.33,0.85,3.39
9	36972553	36973485	AAAGGAACGG	3.20	HG02768:4.19	9.56,5.77,4.19,7.39,6.72,2.53
9	36972520	36973405	AACGG	3.18	HG02768:3.35	1.74,3.30,3.35,0.82,3.36,0.84
2	177237715	177238936	AAAG	3.16	HG02768:9.21	1.63,2.45,6.51,2.49,2.50,1.66,1.66,2.50,1.67,1.67,3.19,1.68,1.68,1.64,0.81,3.22,5.75,2.56,0.85,6.92,2.47,0.80,2.50,4.06,2.42,0.84,0.97,2.53,1.70,3.46,4.09,4.19,2.48,4.07,3.15,0.85,5.70,1.72,0.84,2.52,5.10,5.20,1.71,4.14,0.83,0.80,1.65,1.69,2.48,2.34,2.43,1.71,1.68,0.84,0.82,2.59,0.84,6.65,5.02,0.85,1.64,2.51,5.05,0.86,3.33,0.82,5.00,5.18,5.04,1.63,5.06,4.03,3.58,7.82,3.48,2.43,4.03,3.28,7.33,0.81,3.42,1.64,5.81,2.57,4.10,4.27,5.79,2.50,1.73,4.19,1.64,2.43,0.83,1.71,3.30,5.03,4.97,0.83,9.21,2.57,1.67,0.87,1.67,1.66,0.86,1.71,1.64,0.85,0.86,0.86,0.84,0.85,1.74,0.85,3.38,0.86,0.84,4.24,1.65,1.68,0.78,4.19,2.50,7.10,0.81,0.85,2.48,5.82,4.23
17	38112089	38112945	AAAGGAAG	3.16	HG02768:4.19	0.83,1.66,0.83,0.81,0.85,1.65,3.36,0.83,0.82,0.82,0.85,0.84,0.83,4.19,1.71,0.83,0.86,0.87,0.85,0.85,0.84,1.65
3	189029160	189030441	AAAG	3.12	HG02768:5.86	1.63,0.85,1.63,0.84,0.84,0.83,0.82,0.82,0.86,0.82,0.83,5.86,1.57,0.87,0.87,0.83,0.83,1.71,6.62,5.97,0.85,3.36,5.86,2.50,2.53,5.08
20	36039718	36040043	AAGAAGGGAAGGGAAGGG	3.03	HG02768:3.35	3.30,3.35,1.71,2.52,2.54,3.35
1	2897070	2898055	AACAGGGGGTCTGGT	2.82	HG02768:3.35	0.83,0.83,5.03,1.67,3.35,1.67,1.55,1.63
4	184280564	184281592	AACTCAGGCCACCAAGG	2.77	HG02768:4.19	0.82,2.50,0.83,3.33,0.80,0.97,0.86,0.83,0.94,0.82,0.82,3.31,4.19,1.67,0.83,0.83,1.64,0.84,0.86,1.69,0.84,2.50,0.84,1.63,0.85
X	53490599	53491155	AAAG	2.76	HG02768:4.19	0.83,0.85,0.82,0.83,1.68,1.70,0.83,0.80,0.83,0.84,0.86,0.84,0.86,0.86,0.87,1.61,0.85,0.86,0.84,4.19,1.57,0.86,0.87,3.43,0.82,0.84,0.84,1.69,0.85,2.54,0.85,0.84,0.84,1.67,1.58,0.85
7	71571786	71572249	AAGGGAGGGAGGGAGG	2.75	HG02768:3.35	0.83,0.81,3.35,1.67,0.86,0.86,2.52,0.78,3.42
22	47043465	47045370	ATCC	2.73	HG02768:27.63	13.06,12.24,16.28,14.97,14.19,20.80,16.62,14.99,16.70,16.72,15.16,10.02,17.59,7.49,23.82,10.94,15.63,13.15,15.48,16.10,10.67,13.65,11.96,10.38,14.80,16.83,10.02,12.17,19.34,16.82,23.23,20.24,18.71,15.55,15.52,20.13,10.73,19.54,14.99,15.24,13.85,15.45,18.48,18.50,10.93,17.01,9.54,9.43,17.40,11.58,18.48,14.86,10.16,26.45,18.75,13.78,19.65,11.75,15.08,12.36,11.33,16.41,17.65,14.97,12.55,14.26,17.03,20.53,13.40,17.68,13.77,18.30,15.53,14.16,8.63,10.08,14.70,13.48,16.94,18.82,19.98,18.27,17.79,9.67,9.85,19.56,13.84,7.69,16.43,7.47,10.30,21.33,17.08,24.82,15.82,14.70,20.94,11.50,13.78,8.51,23.33,13.71,14.01,25.17,8.28,16.57,27.63,10.23,18.86,25.71,19.23,13.06,6.69,13.97,14.11,14.55,14.07,21.42,17.37,20.55,25.60,9.85,22.66,6.86,14.56,9.19,12.66,13.58,19.19,23.69,18.61,15.40,25.21,18.64,13.08,12.37,13.44,17.08,25.96,18.30,26.13,23.07,17.55,13.40,18.71,10.19,16.55,14.13,14.43,9.31
7	2666573	2667621	AAAAGATGGAGGGAGGGAGG	2.64	HG02768:4.19	2.51,0.84,2.50,1.71,4.19,1.70,1.71,0.87,1.66,3.28,0.86,0.84,0.83,1.67,3.31
7	29684209	29685248	ACACATATATATATATAT	2.60	HG02768:7.54	1.63,6.53,0.83,0.83,3.35,3.42,1.68,3.15,0.81,2.52,0.85,2.60,0.83,0.85,0.82,0.86,4.26,7.49,0.84,2.61,2.43,0.81,0.83,0.86,0.84,2.43,0.85,0.84,1.66,8.28,7.54,2.57,0.87,0.86,2.47,6.86,1.69,0.86,4.20,4.12,3.94,12.73
5	173544335	173545656	AAGGAAGGAAGGAGGG	2.58	HG02768:5.86	1.67,0.83,0.82,0.81,0.97,0.85,1.73,1.63,1.68,0.81,0.79,1.68,2.52,0.87,0.83,0.80,0.83,0.85,0.86,0.84,0.82,0.84,0.84,1.63,0.83,0.86,3.36,0.82,2.53,0.81,2.61,0.87,1.62,1.61,0.81,1.64,1.66,1.72,3.33,3.46,1.64,1.70,3.33,5.14,2.47,0.83,5.86,1.67,4.28,1.65,1.71,0.82,3.28,0.87,0.85,3.36,3.11,3.35,5.82,0.85,1.67,2.44,0.85,0.85
15	71751284	71752094	AG	2.54	HG02768:3.35	0.87,4.14,3.35,0.85,3.34,2.46,4.09,0.82,1.65
22	47774607	47775300	AGGAGGAGGAGGCGGCGG	2.52	HG02768:4.19	1.68,0.82,0.87,0.81,0.84,1.68,0.83,0.84,0.85,0.82,0.83,0.85,0.83,0.86,0.84,4.19,1.71,1.74,0.83,2.48,5.12,0.82,4.20,1.69,1.64,1.65,0.84,1.66,1.67,0.81,1.70,0.83,0.85
6	153625962	153626977	AAGGGG	2.51	HG02768:4.19	1.63,0.83,0.83,1.67,1.70,0.80,0.82,0.87,0.83,1.68,0.97,0.85,1.73,1.63,0.85,1.72,0.84,1.62,0.82,0.84,0.85,1.66,1.63,0.86,0.82,1.69,0.81,0.87,0.87,0.85,1.66,0.82,0.85,0.83,2.51,0.86,4.19,0.85,0.87,1.66,0.86,1.71,0.83,1.68,0.85,0.85,1.68,1.55,0.84,0.83,0.84,0.83,0.85
19	43931247	43931458	AAAAT	2.51	HG02768:2.51	2.51,1.67
11	49663622	49663623	AAAAT	2.51	HG02768:2.51	2.51
18	55039967	55039968	AAAT	2.51	HG02768:2.51	2.51
11	121888668	121889450	AAGAGATATATATAT	2.48	HG02768:3.35	0.82,3.15,0.81,1.73,0.85,0.84,0.81,0.81,1.67,3.24,3.35,0.79,0.85
10	14169465	14170504	AAAG	2.46	HG02768:5.02	0.83,0.83,0.84,0.82,0.85,1.60,0.97,0.82,0.83,2.54,2.44,0.84,1.69,1.65,0.86,1.68,0.83,0.84,0.84,0.82,0.86,2.46,3.24,0.85,3.33,1.68,5.02,0.85,0.87,1.75,2.49,0.83,2.57,1.65,0.82,1.72,1.67,0.85,0.87,0.86,0.85,0.82,0.84,1.69,5.13,5.85,9.34,0.83,0.83,0.85
17	2684223	2684604	ACACAGAGACGTGCTC	2.46	HG02768:3.35	0.83,0.83,1.69,0.78,0.83,3.35,0.87,1.71,1.65,0.86,0.85,0.82,0.84,1.66
18	56494867	56495450	AGGCGGGCCCTGC	2.46	HG02768:2.51	6.63,2.51,1.71,1.68
4	138243374	138244150	AAGGAG	2.46	HG02768:2.51	2.51,12.79,5.82,2.54
13	110347124	110347534	AAATATATATAATAT	2.44	HG02768:2.51	2.51,1.65,0.84,0.83,0.85
19	5796374	5796615	AAGGAGGAGGAG	2.41	HG02768:2.51	2.51,0.83,2.56,3.25,0.83
6	152692282	152693592	AAAGG	2.38	HG02768:8.37	3.27,0.82,3.33,0.83,2.50,1.66,1.67,2.50,0.84,4.79,0.84,2.51,3.40,1.68,0.82,1.64,1.63,3.22,4.27,3.46,3.29,2.40,2.50,1.62,2.42,0.84,4.84,3.37,1.70,0.86,2.45,3.35,0.83,0.81,3.15,0.85,2.44,4.29,4.20,0.84,3.36,1.70,1.71,3.31,1.65,2.41,4.13,5.93,5.47,1.62,1.68,0.84,3.30,0.94,1.73,4.20,0.83,0.84,0.84,3.41,3.29,1.67,3.37,3.44,4.99,4.16,1.73,3.36,3.27,2.53,4.84,2.69,1.74,0.81,0.81,1.64,5.70,1.63,4.27,1.64,4.15,1.72,3.28,3.42,1.67,3.35,2.46,5.68,0.85,12.50,2.57,3.30,0.84,4.14,2.48,8.37,3.41,5.50,2.57,0.84,0.87,1.67,3.49,1.66,3.42,8.27,4.28,1.65,3.29,1.71,4.93,5.04,7.72,10.28,0.84,1.69,2.55,5.23,1.69,1.71,5.88,3.39,3.27,3.30,5.88,5.43,3.35,5.82,1.69,3.42,3.34,3.94,2.44,3.40,6.62,4.16,2.55,2.54
7	155125741	155128663	AATGAGGACTGAGAGC	2.35	HG02768:9.21	4.90,1.63,5.70,4.99,3.34,1.66,0.83,5.00,4.17,3.34,1.60,2.51,1.68,3.33,1.70,5.05,1.65,4.89,4.83,3.28,4.27,3.42,3.46,4.93,0.80,2.50,3.25,0.81,4.21,2.90,2.53,3.40,1.73,2.45,3.35,4.95,4.07,4.73,3.39,4.07,7.73,2.52,1.68,6.73,1.70,7.80,1.71,2.49,3.31,2.41,4.95,5.93,4.13,5.47,4.86,3.42,2.52,2.51,1.65,2.83,3.45,3.36,4.16,3.35,2.52,3.41,4.93,0.84,3.37,3.44,1.66,4.09,0.83,3.45,0.84,4.08,6.74,4.03,1.79,2.61,2.61,1.62,2.42,2.46,2.44,4.07,2.56,1.64,1.66,1.72,9.85,4.27,5.79,0.83,3.46,6.70,4.11,3.24,4.25,3.33,5.14,7.42,4.20,3.31,2.48,9.21,3.14,3.43,3.34,5.22,5.02,2.62,1.66,0.86,2.48,6.00,1.65,1.64,2.56,6.57,3.36,3.43,0.86,7.52,7.59,0.85,4.36,5.92,4.23,1.71,5.04,3.39,3.27,1.65,1.68,4.66,5.02,6.65,2.53,3.42,1.67,3.15,4.07,1.70,3.31,5.82,2.55,4.23
10	131821923	131823263	ACAGGCAGGAGACGGGC	2.35	HG02768:9.21	1.63,4.90,4.07,1.66,5.01,5.82,4.16,1.67,3.34,2.51,0.80,5.01,4.19,1.66,3.40,2.52,2.47,1.64,2.44,5.63,3.28,1.71,4.27,5.19,3.29,4.01,0.83,4.06,4.03,3.87,3.37,7.66,2.59,2.52,5.78,3.26,4.73,5.08,4.07,4.29,2.52,2.52,5.04,4.25,5.20,2.57,5.80,2.48,4.82,3.30,5.93,5.79,7.03,2.43,4.27,3.36,4.19,7.42,1.89,3.45,2.52,4.16,5.86,0.84,5.11,3.29,5.02,3.37,5.16,4.16,3.27,2.50,6.04,3.36,3.27,5.06,1.61,7.17,4.34,4.35,2.43,6.44,4.11,7.33,5.70,6.84,3.29,2.49,3.43,2.46,4.27,3.31,2.50,2.59,8.37,4.86,3.40,3.33,1.71,6.59,1.68,5.80,4.97,9.21,4.26,3.14,6.00,1.67,4.35,2.51,1.75,4.15,2.48,9.42,1.65,5.75,4.27,6.57,2.52,6.00,5.14,6.68,4.22,4.24,2.62,3.38,0.85,2.57,2.52,3.39,3.27,0.82,2.52,3.88,2.51,0.83,3.37,4.27,1.67,3.94,1.63,1.70,4.14,2.49,1.70,1.69
4	38860424	38861002	AG	2.35	HG02768:5.02	1.63,0.83,1.67,4.16,0.83,2.50,5.01,0.80,0.84,0.85,0.84,1.64,2.46,1.71,5.98,0.87,0.82,1.60,0.83,1.61,2.52,2.59,0.82,0.86,0.86,0.83,2.54,0.83,0.85,0.84,2.47,0.84,0.84,1.72,0.82,0.83,0.82,0.84,0.81,1.74,0.81,2.46,0.81,0.82,1.66,1.64,0.83,0.86,2.46,0.81,5.02,0.83,0.82,0.84,0.84,0.85,2.54,0.85,0.84,0.84,0.85,0.79,1.63,2.55
4	65699757	65700704	ACATATATGTATATATGCAT	2.33	HG02768:5.86	3.32,2.60,6.60,3.26,6.00,3.21,5.78,2.59,3.35,1.69,1.74,4.03,5.70,4.11,1.73,5.86,0.83,1.69,0.82,0.85
11	91780915	91781743	AAAG	2.32	HG02768:2.51	0.82,0.80,0.83,0.84,2.51,0.84
17	46934874	46936023	AATAG	2.30	HG02768:10.88	4.90,0.82,4.89,8.31,7.51,4.99,5.83,10.87,3.40,6.73,1.65,5.70,2.46,5.97,8.54,3.46,18.08,5.05,8.71,2.59,2.44,4.20,3.36,5.88,1.70,2.57,2.41,11.56,3.39,4.05,2.51,7.77,5.82,6.69,2.55,3.29,13.40,4.21,6.02,1.63,0.81,6.95,2.42,8.96,2.57,2.48,1.64,3.40,0.83,4.28,9.23,10.88,5.50,3.48,0.84,2.62,5.97,0.86,2.53,5.13,4.24,2.33,2.53,0.85,6.62
20	45039200	45040386	AC	2.29	HG02768:4.19	2.51,2.47,0.81,1.63,1.72,0.84,0.85,0.83,3.30,0.84,0.90,0.87,1.63,0.86,1.64,1.62,0.83,0.82,0.83,4.19,0.85,0.86,0.84,0.87,0.83,2.57,0.83,2.46,1.71,1.69,0.84,0.84,0.79,1.70,1.69
7	89674524	89675138	AT	2.26	HG02768:3.35	0.84,0.82,1.63,0.83,3.35,0.79,2.57,0.84,2.48,0.82,0.85,1.71,0.84,0.85,0.85,0.86,1.69,1.55
12	9373340	9374484	AAAG	2.23	HG02768:20.93	19.59,10.61,11.40,4.17,2.50,6.38,6.73,7.39,6.58,7.21,9.25,14.71,13.55,18.74,14.28,15.13,8.50,18.21,15.10,1.89,1.66,6.69,8.40,11.30,6.44,5.70,5.13,5.75,4.92,3.31,12.16,19.16,6.00,0.83,20.93,16.72,13.06,6.11,12.41,11.14,25.49,10.24,6.85,8.35,11.81,13.54,27.91,12.71,8.40,2.50,15.88,0.79,0.83,5.82
9	138275991	138277673	AATGGCTAGG	2.21	HG02768:25.95	11.43,9.79,2.44,1.66,0.83,4.16,1.66,5.83,8.35,7.52,3.19,5.01,10.89,4.99,11.06,1.68,3.29,4.93,10.59,3.22,9.03,10.24,11.11,14.71,7.40,6.41,2.50,4.06,4.84,5.05,3.87,9.28,7.66,1.73,6.54,8.39,4.95,8.14,5.52,2.54,8.15,6.01,3.36,4.20,5.04,4.25,15.61,9.43,19.05,13.23,4.02,4.95,5.08,6.61,7.81,15.40,7.69,9.23,11.73,7.42,11.33,7.77,3.36,4.16,21.76,9.23,3.41,4.11,6.70,8.42,4.30,0.83,0.82,5.83,5.18,2.45,4.21,4.03,6.27,2.61,5.22,1.62,8.06,5.75,4.07,8.96,3.42,3.29,1.66,2.57,10.67,3.42,6.62,1.67,6.05,2.51,2.46,8.92,0.85,7.50,5.14,13.19,15.94,20.71,7.45,25.95,10.23,14.15,7.71,7.52,18.28,8.37,13.09,29.05,19.69,9.10,11.99,7.45,15.62,11.95,11.49,3.36,10.29,3.43,10.02,14.35,16.13,6.98,2.54,32.98,17.11,21.01,10.17,26.17,15.67,9.24,23.29,21.77,1.66,18.54,14.53,8.36,17.35,27.66,5.10,21.51,6.65,4.24,6.77
7	144716222	144716473	AAATATATATAT	2.21	HG02768:2.51	1.71,0.83,2.51,0.86,1.69,0.84,0.83
15	98654289	98655102	AT	2.15	HG02768:2.51	0.86,2.51,0.83,1.71,0.86,1.67,0.81
4	165539782	165540724	AAATATATATATATTTCAC	2.14	HG02768:4.19	2.50,1.68,2.48,4.19,1.71,3.32,0.85,3.43,2.55,3.42,1.68,3.30,2.33,0.79,0.85
X	59999	60392	ACCCTG	2.14	HG02768:4.19	0.83,0.81,1.71,3.34,0.86,3.23,1.63,3.31,4.19,5.88,6.70,3.40,2.55
7	120687068	120688203	AAG	2.13	HG02768:15.91	8.05,8.54,14.01,15.91,12.57,0.87,14.22,9.42,8.22,17.24,7.72,16.98,27.05,10.63,8.25,10.25,11.58,6.77
6	66727218	66727779	ACATATATATATAT	2.11	HG02768:2.51	0.82,0.86,0.81,0.82,0.84,2.51,0.84,0.83
19	39093118	39093887	ACACATATACATATAT	2.10	HG02768:2.51	0.79,0.85,0.90,2.51,0.87,0.83,0.86,0.86
18	40684875	40685879	AAGGGAGG	2.07	HG02768:7.54	4.99,5.01,6.81,3.37,0.85,3.35,12.27,6.05,7.66,2.51,0.84,0.82,2.47,7.54,8.57,0.86,2.48,0.84,3.27,2.44,0.85
14	73266786	73267542	ATCC	2.07	HG02768:3.35	0.83,0.83,0.83,0.85,0.87,0.84,1.94,0.85,0.84,0.83,0.85,0.84,0.84,1.67,1.70,0.84,0.86,0.83,0.84,0.81,0.86,0.82,0.84,0.83,3.35,0.84,3.32,0.86,1.71,1.68,0.86,0.86,0.84,0.85,0.85,1.69,0.86,0.85,0.82,0.85,0.79
2	67102901	67103829	AAGG	2.02	HG02768:5.02	3.22,3.29,1.56,1.67,1.74,5.00,2.48,5.02,2.51,3.49,17.43,2.57,4.28,21.71,11.85
3	63183817	63184944	AT	1.99	HG02768:2.51	0.85,0.85,2.57,0.84,0.86,0.81,2.51,0.79,0.85
5	99928900	99930180	AGATATATAGATATATAT	1.96	HG02768:4.19	0.83,0.84,5.14,0.84,4.19,4.14,3.43,1.71,0.84,6.11,1.66,1.69,3.34,4.25,0.83,2.49
11	59973387	59974270	AT	1.90	HG02768:5.02	1.66,0.83,0.82,1.68,0.97,0.79,0.84,0.86,3.30,0.82,0.82,1.63,0.81,0.81,0.81,0.82,3.33,0.86,1.65,3.36,5.02,0.85,3.43,0.83,3.42,0.83,3.36,3.43,1.69,3.38,2.54,1.68,3.27,0.78,2.51,0.84,0.85,3.31
17	5677362	5677819	ACCCCCCAGCCTCCACCTCC	1.90	HG02768:2.51	0.83,0.82,0.80,2.51,0.79,0.87,0.83,1.65,1.70,0.83
11	134309397	134310990	ATCC	1.89	HG02768:20.93	11.43,7.34,10.58,3.33,5.01,11.65,11.64,2.50,13.36,10.87,11.97,8.35,5.86,9.15,6.81,9.26,11.52,12.33,15.48,7.24,9.03,3.41,12.82,10.38,9.04,5.61,14.19,10.55,4.84,8.41,13.55,6.75,17.01,10.37,8.99,5.03,11.55,7.33,13.41,5.93,6.52,10.30,23.52,10.09,15.97,12.76,19.08,14.57,11.60,5.79,1.61,7.43,5.08,9.09,3.13,9.73,7.69,16.78,10.05,4.12,5.66,4.32,11.77,15.80,7.53,7.55,5.96,9.86,9.21,7.58,17.21,4.16,9.81,24.15,6.04,3.36,8.98,6.74,17.75,6.27,9.56,13.92,7.28,6.44,8.21,8.15,13.03,10.25,15.61,10.80,13.73,12.31,10.25,9.10,11.66,11.24,8.37,8.21,13.78,11.06,10.00,18.85,15.66,5.03,9.11,19.88,20.93,7.67,23.58,16.28,12.54,13.93,6.69,10.48,15.77,11.98,11.58,9.42,17.37,13.15,18.78,13.13,7.55,14.58,5.14,10.02,7.59,5.94,18.32,16.92,7.61,12.84,9.24,8.47,9.00,11.54,9.24,9.32,7.54,18.30,26.97,10.25,7.52,5.52,7.32,9.34,14.89,15.80,13.58,11.01
18	1746487	1747772	AG	1.89	HG02768:6.70	1.63,0.82,0.81,3.33,1.66,0.83,2.50,3.34,1.67,3.99,5.01,0.83,0.85,3.37,0.82,3.29,1.63,0.80,0.82,1.71,2.56,0.82,0.83,1.62,3.22,3.36,2.90,6.75,2.55,1.73,1.63,2.52,2.48,3.39,1.72,2.52,2.52,0.84,3.40,6.07,0.86,4.14,5.79,0.80,2.48,2.54,2.48,2.34,0.81,0.85,2.52,2.51,0.82,0.86,1.68,1.66,1.67,0.84,2.55,0.82,7.54,0.84,0.86,4.16,5.72,1.67,1.73,1.68,3.37,0.81,2.61,0.81,2.42,2.46,0.81,1.63,5.13,1.66,0.86,3.28,3.42,2.48,3.33,4.19,0.82,2.43,1.70,3.30,1.66,0.83,6.70,0.85,1.57,1.71,0.84,1.74,0.84,3.49,1.66,1.71,1.65,1.64,0.85,1.68,4.29,0.86,0.84,1.69,1.70,1.74,0.85,0.85,0.86,0.84,0.85,2.45,0.84,0.84,1.66,2.56,0.84,0.85,3.31,0.83,0.85,2.54
4	105190268	105190812	AAGGG	1.88	HG02768:3.35	4.08,2.46,0.83,3.35,6.86,0.86,2.53,1.70,2.54,2.52
1	24411063	24412191	ATCC	1.86	HG02768:5.86	2.44,1.66,4.16,0.83,5.00,0.83,3.34,2.39,1.67,1.68,3.33,3.40,0.84,0.82,2.47,0.81,1.61,3.41,3.42,5.19,1.64,2.40,0.81,0.84,0.97,3.37,2.55,0.86,0.82,0.83,1.63,2.37,0.81,1.72,3.36,2.52,0.84,2.60,0.86,0.83,2.48,1.61,4.13,2.54,0.85,0.84,0.82,1.89,3.45,1.68,3.33,1.67,0.84,1.70,0.82,2.51,0.84,0.86,2.50,0.82,3.33,1.73,0.82,0.84,1.61,2.69,0.87,1.62,0.81,0.82,1.63,0.85,0.82,0.86,1.64,3.33,0.86,1.67,2.46,1.62,0.85,4.17,1.71,2.47,3.36,2.48,5.86,0.85,1.57,3.43,2.51,0.87,1.67,2.62,2.49,0.86,0.86,1.65,1.64,4.27,0.84,4.29,4.28,0.84,3.38,1.70,1.74,0.85,0.85,1.71,0.84,4.24,0.82,0.82,1.68,0.83,3.42,1.65,2.49,1.69
4	74539614	74540300	ACACGTATATATAT	1.81	HG02768:3.35	2.60,0.83,1.72,1.68,3.35,3.14,0.87,2.48,1.64,1.74,5.86,7.69
7	157336038	157337178	ACCTCTCTCCGTCTCTCTCC	1.81	HG02768:3.35	0.84,0.84,1.70,0.85,1.70,2.57,3.31,0.84,0.87,1.63,0.83,0.86,0.82,0.85,1.68,3.35,1.70,0.83,3.31,2.56,0.86,0.79,0.83
4	1615495	1616741	ACGTCTCTGCATCCCCCTC	1.78	HG02768:5.02	1.63,0.81,0.83,1.67,1.67,0.80,0.83,1.68,0.82,0.81,2.41,0.82,0.87,3.29,0.81,0.81,1.73,2.45,0.81,0.85,1.63,1.72,1.68,1.68,0.84,5.10,2.60,0.80,0.85,1.65,1.56,0.81,0.84,1.68,1.73,0.84,0.82,0.84,0.84,0.86,0.83,2.59,0.82,0.84,1.79,0.87,1.61,1.63,0.81,4.93,2.49,0.85,1.65,1.67,1.67,1.64,1.70,3.33,0.86,1.65,0.84,5.80,4.97,5.02,0.79,0.87,1.67,0.87,3.32,0.86,2.48,1.65,0.85,0.82,1.68,0.86,0.84,2.54,1.69,1.71,2.54,0.82,3.36,2.33,2.51,0.83,2.53,0.85,1.67,1.58,1.63,0.85,1.65,0.83,1.69
4	130591935	130593263	AAAGAAAGAAGGAAGGAAGG	1.77	HG02768:14.23	3.27,5.71,1.66,2.49,4.16,5.01,0.84,0.83,3.40,1.68,3.29,0.82,5.75,2.56,2.56,2.40,0.83,1.62,0.81,0.84,2.59,1.63,3.26,5.52,0.85,3.36,1.71,1.66,1.61,1.65,0.85,2.48,3.24,10.25,0.82,3.78,5.18,5.03,0.85,3.29,0.84,8.99,1.73,0.82,0.84,0.81,1.79,6.95,0.87,0.81,8.15,1.66,1.64,5.98,5.83,5.02,4.05,5.11,0.83,14.23,1.71,12.54,13.39,5.24,4.28,14.89,19.73,9.39,0.84,0.86,11.84,4.23,6.85,1.69,11.45,1.65,1.68,5.43,3.35,6.65,6.74,3.34,5.52,1.65,1.66,0.85,15.24
7	70337298	70337653	AAGGGAGGGAGGGAGGGAGG	1.76	HG02768:2.51	0.83,0.85,0.82,0.82,0.83,0.86,0.78,0.84,0.83,2.51,0.84,0.81
6	167708307	167709760	ACGAGGCAGGCGAGGAGC	1.74	HG02768:6.70	4.90,0.81,2.49,0.83,2.50,2.50,0.84,0.83,3.29,2.47,1.71,2.56,4.17,2.52,9.68,0.84,0.82,0.84,0.83,2.54,0.84,0.85,1.65,4.13,1.71,0.84,0.85,0.83,4.16,4.31,5.04,1.61,2.57,2.50,0.85,3.33,1.71,4.12,3.36,0.83,6.70,2.56,1.71,1.67,0.87,3.32,5.79,0.86,4.11,5.97,4.10,0.84,4.29,6.85,7.59,3.40,1.74,2.54,0.84,2.45,2.52,9.32,3.33,0.84,2.51,1.58,2.55,4.14,1.70
10	38772394	38818774	AATGG	1.73	HG02768:119.72	88.17,45.70,74.90,87.31,36.72,59.07,64.83,62.46,96.86,100.29,54.24,64.31,95.49,60.73,104.65,49.65,53.46,82.20,51.34,53.13,59.09,62.29,84.58,72.67,82.20,51.28,80.96,51.13,41.90,123.64,66.80,106.25,129.29,38.01,59.65,85.54,56.10,50.48,37.86,53.35,66.01,84.14,89.04,80.71,47.08,106.30,86.72,67.72,77.04,102.57,45.00,70.17,99.08,79.34,46.89,41.35,27.33,91.45,108.91,42.85,67.02,71.68,127.78,52.40,105.43,62.06,81.76,42.71,73.69,46.32,98.96,110.64,57.21,89.09,108.68,52.93,71.86,64.87,87.14,84.24,59.08,61.79,53.37,46.72,46.80,52.16,120.50,74.34,25.47,61.45,75.50,92.72,29.04,68.66,64.12,57.05,61.97,88.70,84.32,64.67,65.81,93.41,92.30,62.94,81.17,93.60,119.72,48.59,40.08,71.99,66.88,54.84,56.05,76.82,106.23,67.62,74.47,107.93,24.82,79.75,70.84,60.75,58.76,86.62,51.41,62.64,60.76,72.16,80.26,38.91,80.34,61.61,52.94,83.05,50.70,36.28,53.77,38.82,79.54,42.42,59.84,93.13,51.82,37.06,63.45,37.37,108.37,131.36,53.47,86.37
X	2123974	2125103	AAAGG	1.70	HG02768:21.77	17.31,12.42,21.77,10.03,5.99,14.56,13.66,15.11,21.44,15.70,17.64,43.82,29.29,28.13
4	38860493	38860848	AGAGAGAGAGAGAGGG	1.70	HG02768:2.51	0.83,0.85,0.84,2.56,0.81,0.85,0.81,0.82,0.85,2.51,2.33,2.51
4	1616221	1616589	ACGCAGAGACGTGAGGGGG	1.69	HG02768:2.51	0.83,0.82,0.85,0.83,0.83,0.85,0.82,0.84,1.72,0.83,0.81,0.83,2.51,0.87,0.82,0.82
3	186132558	186133520	AAAAG	1.67	HG02768:2.51	0.84,0.82,0.79,0.84,0.85,0.84,0.82,0.81,0.85,2.46,0.83,1.73,0.85,2.51,0.86,0.85,0.81
10	578046	578800	ACCCATACTCTCTCTCTC	1.67	HG02768:1.67	1.67,3.33
21	11108065	11108117	AAAAT	1.67	HG02768:1.67	1.67,0.86
9	29708802	29709047	AAGGAAGGAGGGAGGGAGGG	1.67	HG02768:1.67	1.67,0.86
12	9558875	9558925	AAGGGGGGGAGGCATCGC	1.67	HG02768:1.67	1.67
19	58212781	58212782	AATGG	1.67	HG02768:1.67	1.67
21	43753782	43754263	AAAG	1.67	HG02768:1.67	1.67
3	130834659	130834660	AAAG	1.67	HG02768:1.67	1.67
3	134311311	134311479	AC	1.67	HG02768:1.67	1.67
3	186073435	186073436	ACC	1.67	HG02768:1.67	1.67
4	179612235	179612236	AC	1.67	HG02768:1.67	1.67
4	188054247	188054248	AAGG	1.67	HG02768:1.67	1.67
5	124186763	124186938	AAGG	1.67	HG02768:1.67	1.67
7	75944395	75944396	AAAT	1.67	HG02768:1.67	1.67
8	63854413	63854610	ACATATATATAT	1.67	HG02768:1.67	1.67
8	91245838	91245839	AAATATATACAT	1.67	HG02768:1.67	1.67
8	9141056	9141134	AAAAGGAAAGGAAAGGAAAG	1.67	HG02768:1.67	1.67
9	34415807	34415925	AAAG	1.67	HG02768:1.67	1.67
9	9715665	9715666	AACCCT	1.67	HG02768:1.67	1.67
16	26612340	26612771	AAAG	1.67	HG02768:1.67	0.85,1.67,0.86
11	84425115	84425652	AG	1.66	HG02768:3.35	0.85,0.81,0.79,0.85,0.84,1.66,0.86,0.84,0.87,0.83,2.48,3.35,2.57,5.22,1.67,0.83,1.65,0.86,3.40,0.87,0.85,2.56,0.81,1.70
13	20936296	20937540	ACGCCTGCCC	1.66	HG02768:2.51	0.82,0.81,0.85,0.82,0.82,0.85,0.82,0.85,0.84,0.86,0.85,0.84,0.85,0.83,2.51,2.57,0.83,0.83,0.87,0.85,0.84,0.79,0.81,0.83
16	6829081	6829638	AAATATATAAATATATAT	1.65	HG02768:4.19	0.82,0.83,3.32,1.67,1.67,0.83,2.47,4.10,1.71,0.82,1.60,2.50,1.68,0.84,0.79,2.48,1.69,0.78,3.42,0.84,0.86,5.04,0.84,0.84,3.41,1.64,0.84,0.82,2.45,0.84,0.81,1.64,1.63,1.72,0.85,0.82,0.84,4.19,2.47,1.71,0.84,0.85,0.86,0.84,0.83,0.83
20	31818392	31819171	AAGG	1.65	HG02768:2.51	1.73,0.81,1.68,0.80,0.84,1.62,0.81,4.92,0.82,2.51,1.71,0.85
2	33141281	33141311	ACCTCAGCCCCC	1.65	HG02768:1.67	0.82,1.67,0.84,0.85
1	203530435	203531613	AAG	1.64	HG02768:7.54	0.81,0.81,3.43,1.68,7.45,7.54,6.29,7.71,3.32,1.65,5.14,2.57,0.84,5.23,9.41,4.12,1.66,10.25,7.52,4.14
8	76163891	76164013	AT	1.64	HG02768:1.67	0.84,0.81,1.67,0.82
15	42849032	42849334	AAAATATATACTATATAT	1.63	HG02768:2.51	0.86,2.51,2.56,3.41,2.51,2.62,0.85,1.64,1.66
11	11267890	11269051	ACACAGAGAGAGAGAGAG	1.62	HG02768:3.35	0.82,0.83,0.83,0.84,0.84,2.55,0.85,1.73,0.83,1.62,1.61,0.84,0.86,0.81,1.68,0.84,0.80,1.62,0.84,3.30,0.84,1.70,0.82,0.86,0.86,0.87,0.81,0.81,0.86,0.83,0.82,0.83,3.35,1.70,1.57,0.86,0.84,1.66,1.71,0.82,1.71,1.64,0.84,0.84,1.70,1.69,0.82,1.67,1.67,0.81,0.83,2.49
2	125267461	125268152	AT	1.61	HG02768:1.67	0.82,0.83,0.81,1.67,0.85
7	156922981	156924274	AG	1.58	HG02768:4.19	0.82,2.45,0.81,1.66,1.67,1.67,0.83,0.85,1.63,0.82,0.80,1.67,1.61,0.84,1.68,1.71,0.83,0.83,2.48,2.52,0.83,0.84,0.84,0.84,0.84,0.82,0.81,0.81,0.83,1.71,0.84,4.19,3.14,8.37,1.75,1.65,2.52,1.72,0.86,0.85,0.87,1.69,4.28,0.84,0.85,0.82,2.52,1.55,4.19,1.66,1.71,0.79,0.81,2.55,9.93
2	14267097	14267332	AAATTATTATAATT	1.58	HG02768:1.67	0.83,0.84,0.82,1.67,0.87
8	17320628	17321894	AAG	1.56	HG02768:7.54	2.45,0.82,3.26,3.34,3.33,6.66,3.34,5.86,1.66,6.81,3.22,4.27,0.85,3.46,2.47,1.62,2.90,3.37,4.25,0.86,2.45,4.13,0.81,3.26,2.58,2.52,1.68,0.87,0.80,1.65,3.39,3.31,9.38,2.52,4.20,6.71,0.85,1.64,5.02,1.68,7.74,4.16,0.86,5.90,0.90,2.61,0.87,3.22,2.44,3.42,12.46,0.85,2.50,6.05,1.67,4.93,2.43,2.57,0.82,7.54,1.67,2.62,0.86,0.85,0.86,0.82,3.30,1.55,1.67,3.34
13	112995803	112996167	AG	1.56	HG02768:2.51	0.81,0.83,0.85,0.80,0.81,0.81,1.58,0.84,0.84,0.87,0.80,0.78,0.81,0.87,0.81,0.82,0.83,0.84,0.81,1.68,1.66,2.51,0.85,0.86,0.84,0.83,0.86,0.86,0.84,2.51
9	85464428	85465700	AAAG	1.55	HG02768:3.35	0.82,1.66,0.83,0.84,0.84,0.84,0.80,0.85,0.80,0.81,1.68,0.86,0.84,1.65,1.63,0.86,0.84,4.20,0.85,1.66,0.83,0.80,0.83,0.85,1.71,0.86,0.84,0.82,0.84,0.86,0.83,0.82,1.67,0.86,0.82,0.87,3.23,0.81,0.81,0.82,0.83,0.86,0.83,1.73,0.84,0.82,0.81,0.82,0.83,0.83,3.35,0.79,1.71,0.84,0.86,1.64,0.85,0.86,0.86,0.84,0.85,2.54,1.71,0.82,2.52,0.83,1.71,0.84,0.81,1.70
1	30298029	30298718	AC	1.53	HG02768:2.51	0.81,0.83,0.84,0.81,0.82,0.80,0.81,0.81,0.83,0.80,0.83,1.63,0.83,0.82,1.71,2.51,0.85,1.71,1.71,0.85,0.84,1.66,0.85
7	105332900	105333192	AAGG	1.53	HG02768:1.67	0.83,0.83,0.84,1.67,0.79,0.87
9	138009730	138010775	AAAGACCCAGCGAGCACTCC	1.52	HG02768:2.51	0.82,0.83,0.83,1.68,0.85,0.81,0.82,0.82,0.80,0.83,0.81,0.81,0.86,0.83,0.84,0.82,1.73,0.83,1.64,0.84,0.85,0.86,2.51,0.87,0.83,0.84,1.70,0.87,0.85,0.86,0.82,0.78,0.84,0.85,0.81,1.65,0.85
19	46490810	46492037	AAAG	1.50	HG02768:5.02	0.83,0.83,0.83,2.51,4.79,1.63,1.71,1.60,1.70,2.44,0.87,0.86,3.31,1.56,0.81,1.71,3.30,0.84,1.68,0.84,0.90,1.64,0.81,0.86,0.83,0.81,0.85,1.67,2.57,0.83,5.02,2.56,0.86,0.84,2.62,0.86,2.48,1.68,3.43,5.91,4.36,3.37,5.13,5.85,3.25,3.31
3	102815001	102815512	AG	1.50	HG02768:1.67	1.65,1.67,2.61,0.86,0.84,0.85
6	40176382	40177846	ACATATATACATATATGT	1.48	HG02768:3.35	0.83,0.85,0.85,0.85,0.84,0.81,0.85,0.80,0.85,0.84,1.68,0.82,0.86,2.50,0.82,0.84,1.72,0.82,0.81,0.87,0.85,0.86,0.86,0.84,4.14,3.35,1.70,2.57,0.86,0.85,1.68,2.33,3.42,3.31
16	88559044	88560441	ACAGCTCCCCCCACCCCGGG	1.47	HG02768:3.35	0.81,0.83,0.83,0.83,1.67,0.84,0.84,0.84,0.83,0.84,0.82,0.81,0.80,1.71,0.85,0.87,3.29,0.83,0.81,1.68,0.85,0.84,1.63,1.58,0.85,0.81,1.71,0.83,0.83,2.41,0.83,1.56,0.81,0.94,0.84,2.46,1.67,0.84,0.86,0.84,0.84,0.81,0.81,0.82,1.63,0.85,0.82,1.66,1.72,0.82,0.83,1.64,0.85,0.83,1.68,0.83,0.83,3.35,0.79,0.84,1.67,0.86,0.83,0.82,0.84,0.86,0.84,0.87,0.85,0.85,0.84,0.85,1.64,1.65,0.78,2.51,0.83,0.85,0.84,2.44,0.85,1.69
12	53311171	53312518	AAG	1.46	HG02768:10.05	0.82,3.26,0.81,5.82,5.01,4.16,6.65,7.49,1.67,3.99,3.34,5.03,3.33,3.40,2.47,6.58,0.81,4.83,2.46,2.56,6.83,9.52,0.82,9.74,8.06,0.84,5.81,1.69,0.86,1.63,2.52,2.48,4.89,2.37,2.44,3.43,5.04,0.84,0.85,5.20,3.43,10.77,5.63,4.95,2.54,3.31,6.25,8.92,0.85,5.03,0.82,2.83,8.64,5.88,4.16,7.53,11.92,13.14,0.84,0.84,1.72,1.66,3.27,1.67,1.73,3.36,0.82,0.84,1.79,1.74,1.74,4.85,1.61,0.82,1.63,4.27,2.49,1.71,1.65,2.50,6.92,7.54,0.82,1.62,3.40,5.00,1.71,2.47,2.52,1.66,3.31,10.05,7.67,4.72,0.86,3.34,0.87,3.35,4.36,1.66,7.45,1.71,2.48,3.29,3.41,3.28,1.68,5.15,3.43,1.67,1.69,5.09,0.87,2.54,5.07,0.86,1.68,2.54,1.64,2.52,1.55,4.19,9.15,0.84,5.98,6.69,7.10,0.81,0.85,6.62,2.49,1.70,0.85
8	142564912	142565601	AACACCATGGACACGCCTCC	1.41	HG02768:5.02	2.45,0.81,1.67,0.83,1.67,0.83,0.84,0.80,0.84,2.51,0.84,0.82,0.81,0.80,0.82,0.85,1.73,0.82,0.80,1.67,1.62,0.84,0.97,0.84,0.85,5.18,1.63,1.65,1.63,3.94,1.69,0.86,0.84,0.84,1.66,0.83,4.02,3.39,0.83,2.34,2.43,3.42,3.35,1.65,1.89,0.86,0.84,1.66,0.84,2.55,0.82,1.67,4.21,1.63,4.16,0.86,0.82,0.84,2.42,0.87,0.81,3.22,2.46,0.81,0.81,2.56,0.82,0.83,1.64,2.59,0.84,0.82,2.55,1.71,0.82,2.52,0.83,0.83,5.02,0.85,2.36,0.86,0.87,0.84,1.75,0.83,0.86,0.83,2.47,0.82,1.68,1.72,0.86,1.69,2.55,3.49,1.71,0.85,3.30,4.20,3.11,2.51,2.53,0.85,0.84,1.63,0.85,0.83,1.70,1.69
17	11597553	11598998	AAAG	1.41	HG02768:2.51	0.82,0.84,0.85,0.81,0.84,0.87,0.83,0.85,0.82,1.67,0.84,0.87,2.43,0.81,1.71,0.86,1.62,1.66,2.51,3.32,0.86,0.83,0.86,0.83,0.82,0.84
3	193993526	193993908	ACCCCACCCCC	1.40	HG02768:3.35	0.82,0.83,0.81,2.50,1.61,0.82,1.63,0.84,0.83,2.54,0.81,0.84,0.85,0.84,0.84,0.87,1.62,0.81,0.81,0.83,0.86,2.55,0.83,0.83,3.35,0.84,1.74,0.83,0.82,0.82,1.71,0.84,3.38,0.85,0.86,0.84,0.82,2.33,1.69,3.42,0.84,0.81,0.85
9	3366184	3366837	AAAG	1.39	HG02768:1.67	0.85,3.36,0.83,0.84,0.82,0.83,1.67
10	7670383	7672077	AACATGGACACACGCTAC	1.38	HG02768:5.86	2.45,0.82,1.63,2.49,1.67,0.83,0.83,1.67,0.84,2.51,0.84,3.33,2.55,1.65,4.07,4.02,4.10,0.87,3.29,0.80,1.62,1.61,2.52,4.84,0.84,3.40,2.59,3.27,0.84,3.30,1.63,1.58,4.23,2.44,0.84,0.84,2.52,4.25,2.60,0.86,0.83,0.83,1.65,0.85,2.48,0.78,1.62,0.85,1.68,5.86,0.82,0.94,3.36,3.33,2.51,0.84,0.85,1.64,0.84,1.68,3.44,1.66,4.09,0.83,1.73,2.45,0.84,1.61,3.58,2.61,5.66,1.61,0.82,1.63,1.63,2.49,0.86,3.28,4.27,1.65,1.67,1.73,0.84,1.64,4.05,2.55,1.67,4.28,2.47,1.68,4.14,1.66,5.86,5.11,3.14,2.57,1.67,1.74,0.87,2.49,2.57,2.48,2.57,1.65,2.47,0.85,2.46,1.68,3.43,2.57,2.51,1.69,3.40,2.62,4.23,1.69,1.68,2.54,1.64,2.47,2.52,3.88,1.67,3.33,5.06,1.71,1.67,2.37,1.63,2.55,4.96,3.33,4.24,3.39
17	78288773	78290035	ACC	1.38	HG02768:4.19	0.81,1.66,1.66,0.83,3.34,0.84,0.84,0.83,0.82,0.82,3.22,1.64,0.85,1.71,1.73,0.82,2.40,0.83,0.84,0.84,0.85,0.82,0.84,1.58,1.69,1.63,0.84,0.84,2.52,1.70,0.86,0.83,0.85,1.56,2.43,1.68,0.84,2.47,0.86,0.84,4.16,1.67,0.84,1.64,0.84,0.84,2.58,4.16,3.36,1.63,1.69,1.61,3.58,0.87,0.81,1.64,0.81,1.63,1.64,2.57,0.82,0.85,0.83,1.67,1.73,0.84,2.46,0.81,1.70,0.82,0.83,4.19,0.85,0.79,1.67,0.87,2.62,0.83,0.86,0.86,1.64,0.85,0.84,1.72,1.67,0.85,0.85,1.71,0.84,1.69,2.45,0.82,2.52,2.33,0.84,0.83,0.84,0.84,0.83,0.83,0.85
11	122356468	122356839	ACGGGAGAGGGAGAGGGAG	1.38	HG02768:1.67	1.65,3.31,1.67,1.69,2.49,3.39
16	30414242	30415107	AAG	1.38	HG02768:1.67	0.87,0.83,0.82,1.64,1.67,0.84,0.78
7	158440669	158441955	AAATGGACGACAACCACGCC	1.37	HG02768:5.02	2.45,2.44,0.83,0.83,0.83,1.67,0.83,0.80,0.84,1.66,0.85,0.81,1.61,0.84,0.97,0.85,2.48,1.63,2.37,1.69,0.86,2.52,1.68,1.68,4.14,0.83,0.80,0.83,1.62,2.56,0.86,0.84,2.55,0.82,0.84,1.72,1.67,2.59,2.45,0.84,0.81,2.69,3.23,1.61,3.28,3.26,4.11,0.83,3.43,0.85,1.73,0.82,0.81,1.70,0.86,0.82,2.52,4.14,5.02,1.70,4.72,0.86,2.51,3.48,1.67,2.62,0.83,0.86,0.86,3.41,2.46,2.57,1.67,0.84,5.94,0.87,1.69,2.57,0.84,0.82,1.65,2.52,4.66,1.67,0.84,0.85,0.84,1.58,3.25,0.85,0.83,2.49,0.85,0.85
20	6615861	6616399	AAGGAAGGGAGGGAGGGAGG	1.37	HG02768:1.67	0.83,0.85,0.85,0.84,1.65,1.67,0.84
5	77725230	77726176	AAACAAATACAGTATTTAT	1.36	HG02768:3.35	0.84,1.67,1.64,0.81,3.35,2.57,0.83,2.48,0.86,1.67,0.85,3.42,5.08,1.64,4.66,4.25,1.65
10	132182062	132183071	AACC	1.36	HG02768:3.35	0.82,0.82,0.83,0.83,2.50,2.51,0.84,0.83,0.85,1.68,0.80,1.64,0.85,0.97,0.82,0.81,0.84,0.84,0.84,0.83,1.65,1.69,0.78,1.89,0.86,0.84,0.84,0.83,1.68,0.90,1.74,0.81,0.81,0.82,1.64,1.65,0.83,1.67,0.82,0.83,1.71,2.47,2.52,0.83,3.35,0.85,0.79,1.74,0.87,2.49,0.86,0.86,1.64,0.84,1.71,0.84,0.84,0.87,0.85,1.69,0.86,0.85,0.82,1.69,2.56,0.81,0.85,1.65,1.66,0.85
4	3592968	3593755	ACACATATATATAT	1.36	HG02768:1.67	1.67,0.84,0.86,3.29,2.56,2.52,0.83,0.85
4	48660936	48662285	AAGAGGGAGAAGGAG	1.35	HG02768:15.07	11.23,9.89,12.48,5.02,5.11,13.33,15.66,15.07,28.29,15.43,3.31,11.54,37.81
2	123031178	123031888	ACACGTGTATGC	1.32	HG02768:1.67	10.83,3.36,1.67,3.49,0.84,2.55,0.85
3	49237241	49238377	AAAG	1.29	HG02768:18.42	0.83,13.56,13.85,25.92,13.20,4.97,14.89,18.48,13.07,19.38,12.13,14.78,17.91,9.03,18.42,14.07,5.86,18.13
3	65245113	65245874	AAGGG	1.29	HG02768:2.51	1.63,0.83,0.85,0.85,0.87,0.82,1.60,0.84,0.85,0.83,1.62,1.68,0.94,0.86,0.84,1.67,0.85,2.46,0.90,0.83,0.86,0.83,2.51,0.84,0.83,0.83,0.84,0.84,0.84,0.83,0.84,0.84,0.81,1.65
14	78548990	78549834	AG	1.29	HG02768:1.67	0.85,0.85,0.84,0.86,1.67,0.86,0.85,0.79
11	3219842	3221233	ACAGGGTGCAGGAT	1.28	HG02768:4.19	0.82,1.63,0.83,1.67,0.83,0.83,0.80,0.84,0.83,1.63,1.71,1.73,0.82,0.80,0.81,0.84,1.94,1.69,1.70,0.86,1.63,0.83,3.26,1.58,1.72,0.84,1.68,2.52,0.86,0.83,0.83,0.78,0.94,0.83,2.51,0.84,1.70,0.82,0.84,0.86,2.50,0.83,0.86,2.53,0.90,2.61,1.63,3.26,2.56,0.83,0.82,0.83,0.83,1.73,1.67,4.93,1.62,1.67,0.86,4.14,4.19,0.86,2.51,0.84,1.71,2.57,0.82,0.85,3.28,0.86,2.51,2.54,0.86,0.84,2.45,0.84,2.33,0.84,0.83,0.79,0.85,0.83,3.33,3.39
11	122152203	122153531	AAAG	1.28	HG02768:3.35	0.82,0.83,2.50,0.84,0.84,0.85,1.73,2.47,2.40,1.67,0.81,0.84,0.97,0.84,1.73,0.84,0.85,0.83,0.86,0.84,3.37,0.86,0.84,1.74,0.85,1.64,1.67,0.83,3.35,1.74,0.84,0.86,0.83,0.83,1.72,4.28,0.84,0.85,1.71,3.39,2.50,0.84,1.63,1.69
10	10307487	10308563	AACACCAGCGTCATG	1.27	HG02768:8.37	0.82,0.82,3.33,0.83,0.83,0.84,0.80,1.66,2.55,2.52,1.65,1.63,0.82,0.85,1.73,0.82,0.81,0.84,0.97,2.53,0.85,1.73,0.82,2.52,3.30,0.81,5.08,0.81,2.58,1.68,0.84,0.84,1.71,1.61,0.83,0.78,0.85,0.84,0.84,0.82,0.86,3.36,0.83,0.84,2.52,1.70,1.64,0.84,0.83,1.67,1.63,1.61,1.79,0.87,3.22,0.82,2.44,1.63,0.85,1.66,0.86,0.82,0.85,0.83,0.82,0.81,2.50,2.57,4.12,8.39,4.14,1.66,8.37,7.67,7.07,4.29,9.20,0.87,7.70,4.28,2.48,8.22,1.71,0.82,0.84,0.86,0.84,5.06,0.85,0.87,2.54,1.69,1.64,0.82,1.68,1.55,1.67,7.10,16.27,5.10,1.65,1.66,3.39
14	106168348	106169812	ACCTCATCACTCAGCCCTGG	1.27	HG02768:6.70	2.45,1.63,1.63,1.66,0.83,0.83,1.67,1.60,0.84,0.85,0.84,1.64,1.61,0.85,1.64,1.67,1.62,0.84,0.97,1.69,0.85,4.32,0.82,1.68,1.65,0.79,2.44,3.43,0.84,2.52,2.52,1.70,3.43,1.66,0.83,2.41,0.83,0.85,0.83,1.65,0.84,1.70,0.82,0.86,0.82,2.52,1.63,5.90,1.61,2.69,2.61,1.62,4.03,1.64,2.44,1.71,7.39,0.83,2.57,1.71,2.48,5.00,1.73,1.64,0.81,1.70,3.33,0.86,3.30,2.52,3.31,5.80,6.70,5.97,6.29,6.86,1.67,2.61,1.67,4.36,4.15,3.42,1.65,1.71,0.83,5.12,4.10,1.68,4.29,5.01,0.84,4.36,4.23,0.85,1.71,3.36,5.08,5.72,2.47,4.16,2.53,2.56,2.51,2.37,3.25,1.70,1.65,3.33,3.39,1.69
5	5816925	5817448	AGATATATATAT	1.27	HG02768:2.51	0.83,1.68,0.85,1.66,0.84,0.83,0.84,1.61,0.87,0.81,0.82,1.67,2.51,2.57,0.83,0.85,1.69,0.82,1.55,0.81
5	99929179	99929943	AT	1.27	HG02768:1.67	0.82,0.83,0.82,0.82,1.67,0.82,0.83,0.83
X	59998	60462	AACCCTCACCCTCACCCT	1.25	HG02768:4.19	0.84,1.70,0.83,0.84,3.35,2.43,0.83,3.30,4.19,5.85,4.98,0.83,1.71,3.31,5.94,0.85,0.86,3.39,0.78,16.27,1.65,2.49
1	223362973	223363373	ACCCGCCCCCACCTGC	1.25	HG02768:1.67	0.85,0.84,0.86,1.67,0.86,0.84,0.85,0.84,0.85
6	95420759	95421742	AAATATATCATATAT	1.23	HG02768:2.51	2.51,1.67,3.49,0.83,4.20,3.49,0.84,9.24,2.53,0.79,1.65
12	132645182	132646858	AGCTCCTCCTCCCTC	1.22	HG02768:6.70	1.63,2.45,2.44,4.99,1.67,1.66,1.66,0.83,2.50,1.67,3.19,1.67,1.68,2.55,2.52,1.65,1.64,2.44,0.80,0.82,1.71,1.71,1.73,0.82,1.60,3.25,4.03,1.94,1.69,1.70,1.73,4.90,2.48,4.73,3.39,0.81,1.72,0.84,3.36,1.70,1.73,1.66,1.65,0.80,5.08,3.31,1.62,1.71,3.36,2.51,3.30,0.94,1.68,0.83,4.18,0.84,3.41,1.64,2.51,0.84,1.72,0.83,2.50,0.86,2.52,1.63,2.53,2.42,3.58,1.74,0.87,0.81,1.63,3.26,1.71,0.82,1.72,1.64,0.85,3.31,0.86,1.64,0.81,1.70,2.50,3.43,2.47,1.68,3.31,6.70,1.70,1.57,0.86,3.34,2.61,2.51,2.49,0.86,2.48,4.28,4.96,3.29,0.85,2.46,0.84,3.43,1.71,3.34,6.75,2.55,2.62,5.92,2.54,5.99,4.20,1.69,2.45,2.47,3.36,3.88,0.84,2.50,5.98,6.69,6.31,4.88,2.55,2.48,4.99,11.03,3.39
11	12351873	12352765	AG	1.20	HG02768:1.67	0.81,0.86,0.84,1.67,11.62,3.49,1.67,0.81
8	9113404	9114381	AAAGAGAGAG	1.19	HG02768:1.67	0.85,1.67,0.79,0.84,1.75,0.83,1.67,1.69
19	11536081	11536389	ACACATATGTACATAT	1.19	HG02768:1.67	0.82,1.67,1.67,0.85,1.71,2.57,3.33,3.37
9	28188755	28190090	AAGG	1.17	HG02768:8.37	0.82,1.63,0.81,2.49,0.83,0.83,1.66,1.67,0.83,4.18,3.19,2.51,1.68,1.66,4.25,0.84,1.65,4.11,0.81,0.80,1.71,1.71,1.73,0.82,6.68,0.81,4.84,1.94,0.84,2.55,0.82,3.35,0.83,3.26,1.58,4.07,2.58,0.84,1.68,3.40,0.86,1.66,0.83,3.21,0.83,2.54,1.65,0.78,0.81,3.42,2.52,4.19,1.65,0.94,0.86,0.84,2.50,0.84,0.85,1.67,1.68,3.44,0.83,2.45,10.82,1.73,0.84,3.27,1.69,1.61,2.61,0.87,2.43,2.46,0.81,0.81,1.71,2.46,0.83,2.46,4.14,2.50,1.73,2.51,0.82,1.62,2.55,3.33,0.86,0.82,0.84,0.83,1.66,8.37,0.85,0.79,9.43,0.84,2.51,2.62,1.71,1.71,3.29,2.56,7.39,5.88,0.84,0.84,5.23,1.69,2.57,5.93,7.36,3.30,0.84,6.99,10.05,0.83,2.53,10.25,9.19,2.44,4.25,3.31,4.99,0.85,0.85
13	95848480	95849505	AAGG	1.17	HG02768:4.19	0.83,1.66,7.51,0.84,0.82,0.82,1.63,3.22,2.56,0.87,1.64,0.81,2.90,0.84,0.85,0.84,0.83,0.85,1.72,0.84,0.84,3.40,0.87,0.83,0.80,3.35,0.83,0.84,0.84,2.46,2.51,1.72,3.37,1.61,0.87,1.65,0.82,1.65,0.84,4.19,0.85,0.87,0.83,1.71,0.83,0.85,1.64,0.85,0.87,2.54,1.71,3.39,0.84,1.67,4.27,0.84,0.81,0.83,2.55
12	82498327	82499132	AATATATATATATGATGG	1.17	HG02768:2.51	0.83,1.67,1.73,0.86,1.58,0.84,0.86,0.81,0.85,0.84,2.50,0.82,1.67,3.22,0.82,0.81,1.63,0.85,0.86,0.82,0.84,2.51,2.47
1	11370120	11370399	AAGGGGCAGGGAGGTGGG	1.17	HG02768:1.67	1.67,0.84,3.31,1.64,2.53,0.84,4.21,2.49
10	91313225	91313630	AAAG	1.16	HG02768:2.51	1.63,0.84,1.64,0.85,0.82,0.83,2.55,0.87,0.83,0.84,0.84,0.83,1.67,1.62,3.40,0.82,2.51,1.57,0.84,0.87,0.86,1.65,0.86,0.85,0.82,0.82
14	102021502	102022709	AC	1.15	HG02768:5.02	1.63,0.81,0.83,2.50,0.83,0.83,3.34,3.19,2.51,0.85,4.21,1.65,0.82,2.56,0.87,4.11,1.60,1.67,1.94,2.53,1.70,1.65,0.85,2.44,4.29,1.68,1.73,4.96,3.30,0.83,1.56,2.43,2.52,2.51,0.82,0.94,0.83,2.51,0.84,0.86,3.27,1.67,1.73,1.63,1.61,0.90,2.61,2.61,1.62,0.82,0.81,1.63,0.85,1.64,0.83,0.86,0.82,2.56,0.83,0.86,0.82,2.55,1.67,2.47,5.87,3.31,2.48,5.02,3.43,1.67,0.84,0.83,0.86,2.57,0.83,2.47,0.82,5.14,0.84,2.53,3.49,4.23,0.86,0.84,3.39,0.82,3.30,2.52,1.67,0.84,2.51,1.58,0.85,2.48,0.83,0.85,0.85
7	1313767	1314185	ACACCTGCACCCCGTCCCC	1.14	HG02768:3.35	1.63,0.82,1.67,0.82,0.81,0.80,1.71,1.67,0.81,0.84,0.86,0.82,1.68,0.83,0.85,0.86,0.84,2.52,0.83,0.80,0.83,0.85,0.84,1.66,0.84,0.84,0.83,0.82,1.67,0.86,1.68,0.82,0.84,0.81,0.90,1.74,0.87,1.62,2.44,0.81,0.85,2.46,2.49,0.82,3.42,1.67,2.51,0.82,0.83,3.35,0.84,0.83,0.86,0.84,1.69,1.74,0.85,0.85,2.45,2.47,1.55,1.67,0.83,1.67,0.85
15	60641378	60642844	AAGGCAGGGAGGCAGGGG	1.13	HG02768:5.86	1.63,2.45,3.26,0.83,2.50,1.66,1.66,3.34,0.84,2.39,1.67,1.68,0.85,0.82,2.47,1.61,5.98,1.64,1.60,2.50,0.81,2.52,2.90,3.37,2.59,1.63,3.26,5.52,2.54,1.63,2.52,0.84,2.52,1.70,3.43,2.49,2.41,1.65,1.69,1.65,7.81,0.81,0.85,2.52,2.51,0.82,1.89,1.73,0.84,1.66,3.41,5.75,1.68,1.72,0.83,1.73,4.20,1.63,1.61,0.90,2.61,0.87,0.81,2.42,0.81,0.81,0.85,3.28,2.56,0.86,4.11,1.67,2.57,4.12,5.03,4.97,0.83,5.86,3.14,0.87,1.67,0.87,3.32,0.83,0.86,1.65,2.56,0.82,2.52,2.57,1.67,4.22,0.85,1.74,0.85,0.86,4.24,3.27,0.82,0.84,7.54,2.53,1.67,9.46,0.81,1.70,0.83,2.49,0.85
13	27765415	27765654	ACGGGAGAGGGAGAGGGAG	1.12	HG02768:1.67	1.67,0.84,1.75,0.84,0.84,5.43,1.67,0.83,1.70
16	81809203	81810207	AAAG	1.08	HG02768:1.67	0.81,0.83,1.56,0.83,1.67,0.84,0.86,0.84,0.86,0.84
14	89826487	89827638	ACC	1.07	HG02768:11.72	0.82,4.08,4.16,0.83,0.83,9.14,0.83,2.50,1.60,3.34,5.03,1.70,0.84,1.65,0.82,0.81,0.80,3.28,3.41,1.71,5.19,1.64,4.81,3.34,3.22,1.68,2.90,1.69,4.25,3.27,0.84,1.63,7.10,3.39,7.33,7.56,0.84,1.68,10.20,6.86,1.66,9.10,2.41,0.83,0.85,4.13,1.56,2.43,0.84,4.12,1.89,0.84,0.83,0.84,5.03,0.85,4.93,0.84,0.86,5.82,5.72,2.50,15.53,5.88,1.63,7.58,4.03,1.79,5.21,4.04,2.42,8.21,3.26,13.03,0.85,0.82,2.49,4.92,2.56,11.58,8.33,1.73,3.29,9.73,1.70,0.83,1.71,0.82,1.66,13.25,11.72,2.56,3.14,8.57,0.84,2.61,1.75,4.28,0.83,2.57,1.64,2.46,8.39,0.86,1.67,4.22,8.49,5.23,2.54,2.54,3.42,8.40,3.39,5.72,11.54,2.52,6.21,1.67,2.50,4.21,2.56,5.85,3.94,3.25,5.94,2.48,0.83,16.13,2.54
5	173985119	173986351	AAGG	1.07	HG02768:3.35	0.82,1.66,0.83,0.83,1.67,0.84,1.67,0.84,0.82,0.80,0.82,0.85,1.73,2.47,1.67,0.97,0.84,0.85,0.82,1.68,0.81,1.58,1.63,1.68,1.70,0.86,0.83,2.41,1.65,1.69,0.82,0.84,0.83,2.51,0.84,1.67,0.84,0.86,0.82,0.83,0.82,0.84,3.23,0.90,0.87,1.62,1.64,0.81,0.85,1.66,1.72,0.83,0.86,2.46,0.81,1.70,1.65,0.84,0.83,3.35,0.79,0.87,0.86,0.86,1.64,1.68,0.86,0.84,2.55,1.69,0.85,1.71,2.45,2.50,1.69,0.84,1.58,2.44,1.66,0.85
2	237818711	237819699	ACATATATATATAT	1.07	HG02768:1.67	0.84,0.85,0.83,3.36,0.83,1.67,1.71,3.34,0.83,0.85
X	88031880	88032665	AAAG	1.06	HG02768:1.67	0.81,0.84,0.85,0.84,0.82,0.86,1.67,0.85,0.84,0.83
10	3148220	3148684	AGAGGGGCAGGGGGGAGG	1.06	HG02768:1.67	0.80,0.83,0.84,0.81,0.83,1.67,1.70,0.84,0.82,0.83
19	2575849	2576037	AC	1.04	HG02768:1.67	0.84,0.85,0.82,1.70,0.87,0.83,0.82,0.87,1.67,0.83
10	134303680	134305191	ACACATAGCCTGCGTGG	1.03	HG02768:4.19	0.83,0.83,0.83,5.01,0.84,1.65,0.80,0.85,0.87,0.80,0.84,0.83,2.44,0.79,0.85,1.68,0.83,0.85,3.13,0.81,0.85,4.19,0.83,0.84,1.63,0.83,0.86,4.84,0.87,0.81,0.82,0.81,4.11,0.85,0.83,0.84,1.65,0.84,0.83,2.48,4.19,0.85,1.71,0.84,0.87,0.83,0.86,0.83,0.86,0.85,0.86,1.70,0.87,2.54,4.09,0.82,6.72,0.78,0.85,0.81,0.83,2.54
18	74963887	74965592	ACC	1.02	HG02768:53.58	29.39,29.38,24.43,15.80,24.20,4.99,39.06,10.83,31.73,49.31,22.33,10.02,21.78,3.33,38.29,7.57,23.03,2.47,9.78,34.61,33.65,7.68,19.65,20.76,25.48,24.04,73.45,35.71,0.81,4.21,22.77,50.19,3.46,34.32,25.16,35.48,8.96,59.94,59.28,48.08,41.21,33.60,22.70,15.13,54.42,45.96,12.86,8.28,20.68,45.00,14.86,0.85,17.36,17.19,1.62,27.65,15.66,7.55,14.68,19.34,30.78,0.84,15.93,7.66,37.78,39.36,23.58,25.82,47.42,28.61,40.80,29.33,26.05,33.48,17.69,36.31,21.51,44.31,20.02,20.22,27.10,16.30,43.58,25.47,28.24,15.44,31.60,14.06,11.66,29.39,8.37,45.95,12.50,53.99,44.50,17.62,11.60,28.16,53.58,5.11,22.28,0.84,36.56,25.93,5.24,28.22,14.55,29.79,20.56,40.97,46.79,25.18,30.87,3.43,13.36,27.85,11.88,0.85,9.41,42.85,2.54,40.89,29.69,15.12,23.29,18.42,17.47,72.63,21.73,28.38,40.68,11.04,22.34,5.09,45.72
7	68424086	68425003	AAAG	1.00	HG02768:1.67	1.66,0.83,8.28,1.67,1.57,0.86,0.84,0.84,0.83,0.85
