#contig	start	end	unit	top_case_zscore	high_case_counts	all_counts
13	49033490	49034570	AAAG	24.44	HG02974:24.44	9.20,24.44
8	82600411	82601350	AAAG	20.03	HG02974:20.95	10.03,20.95,12.85,14.20
17	63071213	63072049	AAAAT	15.32	HG02974:15.71	15.71,4.96,4.28,2.57,8.95
8	97262451	97262783	AAGAAGAAGAAGAGG	13.97	HG02974:13.97	0.83,13.97
18	45049277	45050456	AAAG	10.98	HG02974:22.70	10.00,21.42,1.67,22.70,0.82,12.69,7.70,2.47,0.83
3	122870334	122870584	AGGC	10.41	HG02974:10.48	0.84,0.83,0.87,0.83,10.48
16	80705950	80706870	AAAGG	8.35	HG02974:8.73	0.85,0.84,1.67,0.86,0.86,8.73,0.83,0.83
5	122103750	122104537	AAGGAG	7.86	HG02974:7.86	7.86,9.13
12	125255177	125256066	AAAGG	6.13	HG02974:15.71	4.89,4.89,8.40,8.67,6.66,3.33,0.82,15.61,3.43,3.31,3.29,0.81,0.85,15.71
7	43683863	43684736	AG	6.07	HG02974:6.98	0.87,0.85,0.86,0.87,1.67,6.98,0.83,0.85,0.85,4.99,0.84,0.85,5.85,0.83,0.85
14	50518479	50519359	AAAAG	5.73	HG02974:12.22	8.54,6.00,12.22,10.08,6.78
7	91358452	91358600	AAGGG	5.24	HG02974:5.24	5.24
X	97409323	97410138	ACATATATATG	5.24	HG02974:5.24	0.86,2.48,5.24
22	25295782	25296638	AAAG	5.17	HG02974:5.24	23.33,0.84,5.24,18.26
1	233381174	233382538	AAGGGCATTCATCCCATCTG	4.93	HG02974:9.60	0.83,4.21,0.86,2.52,0.84,2.51,0.87,0.83,0.86,0.85,0.83,2.47,2.52,2.57,5.02,0.87,9.60,2.49,6.85,0.86,4.14,4.11,5.12,6.00,0.86,5.09,3.38,4.28,3.39,2.45,5.77,0.84,0.78,6.84,3.15,0.85
9	8929253	8929989	ACACATATATATAT	4.88	HG02974:6.11	0.83,1.68,0.78,4.05,1.68,6.11,4.15,0.82,3.30,3.40,0.83,1.69
10	34894137	34895264	AGATATATATATAGG	4.68	HG02974:7.86	3.34,3.34,9.68,0.80,2.48,1.67,1.70,0.82,0.81,0.86,1.64,5.00,3.36,4.72,1.71,7.86,1.66,2.47,0.84,1.72,0.84,2.53,0.87,1.69,4.20,2.54,2.45,2.51,1.66,4.18,0.79,1.65,1.70
2	173102204	173102898	AAGGAG	4.36	HG02974:4.36	4.36,4.23
1	57448322	57448872	ACATATATATATAG	4.36	HG02974:4.36	4.36,3.36
3	128891047	128891930	AGGC	4.36	HG02974:4.36	4.36
8	25860342	25860349	AGGC	4.36	HG02974:4.36	4.36
3	86384264	86385509	AAAAT	4.21	HG02974:25.32	0.82,0.84,0.81,0.85,2.44,0.83,1.65,12.57,0.83,1.74,0.82,2.57,15.72,2.47,25.32,14.55,8.27,17.37,9.03,23.50,10.15,11.02,17.99,1.66,19.38,5.98,7.52,5.69,20.79,10.18,5.08
12	8992964	8994042	AAGG	3.89	HG02974:5.24	1.66,1.60,0.84,0.85,0.82,0.83,0.83,0.85,2.51,0.84,0.86,0.86,0.90,0.81,0.81,0.82,1.64,0.82,2.36,1.67,0.87,5.24,0.83,1.64,0.86,0.84,1.64,0.84,0.84
3	28838446	28839574	AAAG	3.75	HG02974:6.98	0.81,9.19,0.84,0.82,0.81,4.17,4.84,2.55,0.86,0.82,0.85,0.81,1.72,0.85,0.87,5.14,3.31,2.34,0.81,1.71,0.82,1.89,0.84,6.54,1.73,1.63,1.61,0.87,1.63,3.42,0.83,1.72,3.28,0.83,1.73,1.62,0.82,6.98,0.83,0.84,3.38,1.69,0.82
19	54691305	54692272	AAAG	3.56	HG02974:13.97	2.44,3.39,4.85,2.49,0.86,12.00,13.97,1.72,5.01,7.64,3.49,17.65,23.71,10.05,3.33,1.63
14	77889402	77889685	ACGGGAGAGGGAGAGGGAG	3.49	HG02974:3.49	3.49
4	53817914	53818243	ACACCCCCATCCCCTCTC	3.48	HG02974:3.49	3.93,3.49,0.85
14	93612317	93613580	AAAG	3.47	HG02974:25.32	6.86,0.83,0.86,1.61,0.85,19.02,14.78,15.83,25.32,20.69,26.56,3.31,9.39,6.57,9.23,16.29,15.03,8.44,23.69,12.69,13.44,5.98
3	134419572	134420369	ACACACATATACGTATATAT	3.47	HG02974:3.49	3.49,0.84,0.86,2.45
18	74068736	74069784	ACCCAGCGCAGAGTGGCGC	3.42	HG02974:3.49	3.49,0.86,0.83,10.15,8.95
10	47082763	47083545	AG	3.40	HG02974:3.49	0.85,2.48,3.49,0.84,1.70
8	133685700	133686987	AGG	3.29	HG02974:7.86	1.63,0.81,3.33,1.67,1.66,0.83,1.67,2.50,0.84,3.19,0.84,1.70,4.21,0.82,0.80,1.71,2.56,1.73,0.82,1.60,0.83,0.81,0.84,1.70,1.68,0.83,3.26,0.79,1.69,0.81,0.86,0.84,0.84,1.68,2.55,0.87,4.14,0.83,4.23,4.96,0.78,0.85,1.68,2.51,0.82,1.89,0.86,5.04,0.83,0.84,0.82,3.37,0.86,2.50,4.08,0.84,0.81,2.69,0.87,1.74,1.62,0.81,0.82,1.63,0.81,0.85,1.64,0.86,0.82,1.73,0.81,3.40,0.83,0.86,3.30,0.84,1.66,4.14,4.26,1.57,0.86,1.67,3.48,7.86,3.32,0.86,1.65,3.43,3.31,3.29,0.85,4.93,0.84,1.72,1.71,3.34,3.38,5.23,6.77,3.38,2.52,2.54,4.09,2.52,2.33,0.84,4.21,1.67,2.37,3.25,4.25,9.10,5.82,1.70
12	129363386	129364411	AAAG	3.24	HG02974:16.59	0.83,0.82,5.61,4.03,2.59,0.79,0.84,11.14,5.63,0.84,0.86,9.27,13.96,0.82,4.19,11.06,16.59,0.85,13.97,4.99,17.70,4.99
10	58296172	58297475	AAG	3.23	HG02974:23.57	11.51,7.62,13.67,12.95,14.29,11.71,36.65,4.28,13.40,9.43,23.57,6.85,11.14,19.03,11.95,8.57,19.19,27.06,32.71,0.84,11.96,15.04,18.71,16.55,9.98
2	7722665	7724367	AAAGAAGGAAGGAAGGAAGG	3.19	HG02974:27.93	7.35,9.79,6.51,11.64,5.01,14.98,6.65,17.49,15.86,3.34,4.79,17.54,11.73,5.82,8.51,8.42,8.23,9.04,4.89,15.29,8.21,14.51,8.54,12.11,14.80,8.81,12.52,7.30,8.86,10.09,15.49,10.96,21.27,1.73,5.72,9.22,19.80,14.66,3.94,17.78,8.15,12.88,4.20,8.41,11.77,9.35,17.34,11.14,14.91,14.89,12.86,8.26,12.70,13.22,17.97,4.05,5.98,5.03,12.57,6.59,14.16,12.09,14.29,4.16,5.02,7.55,7.66,7.39,7.54,5.89,14.63,18.30,15.53,6.66,12.08,9.24,9.80,14.32,11.30,9.86,19.12,8.70,13.75,16.92,21.35,13.85,23.61,14.53,12.32,14.95,13.73,12.31,15.37,9.93,4.16,6.92,17.59,8.21,13.78,12.76,10.00,15.42,14.01,14.27,5.80,15.74,10.05,27.28,13.36,6.00,18.39,18.28,15.90,27.93,18.26,10.27,15.72,17.13,18.20,12.33,23.90,7.39,5.04,5.15,8.57,16.70,4.22,18.68,15.70,16.92,13.53,10.27,12.60,16.10,25.35,12.37,8.40,17.86,28.47,17.47,7.58,7.69,14.21,12.61,15.46,9.34,25.65,20.79,14.43,17.78
3	165773428	165773778	AAGG	3.15	HG02974:3.49	0.86,3.93,3.49,3.36,0.86,2.45,4.88
1	2055273	2056160	AACCACCGCCGTGACCCT	3.13	HG02974:6.11	2.49,2.50,0.84,1.64,4.07,1.61,0.85,2.52,4.23,1.68,0.85,1.72,3.37,2.56,2.57,3.48,6.11,0.83,0.83,0.86,4.14,0.82,1.67,0.84,4.73,1.70,0.83,4.24
17	35455849	35457139	AGCCCTCCCGCCATC	3.07	HG02974:9.60	4.07,3.33,2.51,2.55,0.82,1.63,0.80,1.64,0.80,1.67,0.97,0.85,1.68,0.81,0.86,2.52,1.70,2.49,5.63,0.83,2.48,2.34,0.84,1.89,1.73,0.84,0.86,0.86,1.68,0.84,3.22,0.82,12.21,0.85,0.82,2.49,6.62,0.84,5.11,2.50,3.43,6.59,0.84,5.80,0.85,3.14,3.43,7.52,9.60,3.32,0.83,1.71,2.48,0.82,5.75,3.43,1.71,1.67,1.70,0.87,0.85,0.86,3.36,1.69,13.08,1.65,7.56,6.21,0.84,4.99,2.53,2.56,3.94,3.25,4.14,14.13,5.93
2	123031178	123031888	ACACGTGTATGC	3.07	HG02974:3.49	10.83,3.36,1.67,3.49,0.84,2.55,0.85
X	5220886	5222155	ACATATATATGGT	3.03	HG02974:22.70	12.25,0.82,17.10,12.47,7.51,13.31,3.34,10.87,3.19,9.19,5.03,6.66,6.81,6.58,11.51,4.07,0.80,12.31,5.98,6.92,4.11,6.41,6.68,10.55,4.03,4.21,11.62,10.12,9.36,9.50,8.17,15.93,0.83,13.03,12.62,13.55,4.07,12.02,10.08,17.66,9.25,14.46,7.80,6.00,11.25,4.95,12.70,15.70,18.75,5.67,29.90,10.91,6.70,8.24,12.27,18.14,12.61,12.48,5.02,4.19,15.33,6.57,9.21,15.16,5.16,4.99,8.17,5.83,3.45,8.40,5.72,14.32,5.65,2.69,3.48,8.70,25.07,12.89,16.28,5.98,18.07,7.47,8.58,14.77,7.69,5.79,3.33,15.56,8.37,7.39,7.30,12.76,5.00,10.07,9.94,17.90,3.34,3.48,22.70,4.15,14.55,5.79,7.71,7.45,29.60,9.85,5.88,6.86,7.52,16.03,4.24,6.11,0.85,5.07,9.32,19.63,3.30,17.86,4.16,10.11,12.54,22.78,7.64,9.98,5.93
2	229628656	229629769	AAG	3.01	HG02974:15.71	0.82,0.81,0.83,4.18,6.70,6.66,15.38,0.80,0.84,2.90,4.25,0.86,4.09,3.35,3.26,2.37,5.08,1.72,0.84,0.84,13.01,1.61,0.85,4.13,1.56,5.67,1.71,1.68,0.82,0.84,0.85,2.53,0.86,8.99,1.73,5.04,0.81,5.38,0.87,0.87,0.81,4.83,1.63,2.56,3.29,3.33,7.78,3.29,4.86,5.11,1.67,4.94,3.36,1.66,7.54,11.00,0.86,9.20,15.71,6.64,3.42,1.71,12.41,0.82,6.57,9.19,4.24,1.69,0.86,0.85,1.64,2.52,3.11,3.33,5.90,18.13,0.81,14.06,0.85,7.62
21	47460813	47462367	AACTCGGACACACCAC	2.97	HG02974:14.84	4.08,5.71,2.44,3.33,2.50,9.98,0.83,6.66,5.84,2.51,2.39,5.85,7.49,5.96,0.84,3.29,4.11,3.26,9.66,1.64,6.83,5.13,6.06,6.58,3.20,4.17,5.68,3.22,2.52,2.90,5.06,1.70,1.73,12.26,3.35,4.95,8.14,6.31,13.55,5.70,12.02,12.60,7.57,2.52,9.35,10.41,10.29,5.80,4.96,8.04,4.95,5.08,9.09,2.34,4.86,7.69,7.55,5.03,2.47,2.83,7.77,3.36,3.33,9.20,8.39,5.11,6.57,11.72,3.37,3.44,9.15,4.09,5.00,2.59,1.68,10.62,7.58,8.88,6.27,4.34,1.74,8.09,9.67,1.64,11.41,8.14,5.98,6.57,11.63,13.73,0.82,6.83,6.62,10.82,2.59,4.19,1.64,8.11,9.36,0.83,5.14,4.12,2.52,9.11,4.14,8.37,8.52,7.07,1.71,0.84,0.87,5.86,14.84,4.98,12.84,10.76,3.43,4.14,9.04,7.68,6.57,2.52,4.29,4.28,3.34,1.69,3.40,5.23,8.46,8.46,4.28,5.04,5.08,12.27,4.95,5.04,6.21,11.72,4.16,5.90,10.25,5.01,4.73,8.95,10.19,6.62,8.31,9.34,7.62
8	137365357	137366616	AAG	2.75	HG02974:6.11	0.83,2.49,2.50,2.51,2.39,0.84,3.35,1.68,0.82,2.47,1.73,2.40,3.34,0.81,0.84,2.90,2.53,1.70,0.84,3.26,0.85,0.81,1.72,5.95,1.71,0.83,3.31,0.80,0.84,0.94,0.84,3.35,2.45,0.84,0.87,0.87,1.62,0.81,2.46,3.26,1.63,1.64,1.66,2.57,3.28,1.71,2.48,1.73,0.83,0.86,0.82,1.68,0.83,4.14,2.51,3.14,1.74,6.11,1.66,2.57,1.65,3.43,4.14,2.47,2.46,1.72,0.86,0.85,3.49,1.69,0.85,0.86,2.52,2.47,1.68,3.11,0.83,3.37,0.85,1.63,1.65,0.83,0.85
9	10060242	10061329	AAAG	2.68	HG02974:8.73	1.67,0.85,1.65,1.73,0.82,0.79,4.89,8.40,0.85,1.73,1.67,0.83,2.52,4.90,0.84,0.81,0.85,1.64,0.83,1.73,4.25,3.36,2.48,11.00,1.71,3.34,4.35,0.84,8.73,5.81,1.71,6.00,2.48,1.64,1.64,1.68,0.86,0.86,5.09,6.98,4.23,7.61,0.82,0.84,1.55,4.16,5.90,7.52,0.81,0.85,1.65,6.79
8	139672498	139673726	AC	2.66	HG02974:6.98	0.82,3.26,0.81,1.66,2.50,0.83,1.66,1.67,3.34,1.67,2.39,1.68,0.83,1.70,1.68,1.65,2.47,0.81,0.80,2.46,1.71,2.60,2.47,0.80,1.67,4.84,2.52,0.97,0.84,1.70,0.82,0.84,0.83,3.15,1.69,0.81,0.86,2.52,1.68,0.85,0.87,1.71,1.65,4.02,0.83,1.69,0.78,0.85,1.68,4.19,0.82,1.73,4.20,1.66,1.67,1.68,1.70,1.64,3.35,0.83,0.86,1.68,3.27,0.84,0.81,1.79,1.74,4.35,1.62,1.61,0.82,1.63,2.44,0.82,1.66,4.29,1.64,1.71,2.48,2.46,0.85,1.67,0.86,1.65,0.83,0.83,5.02,1.70,0.79,0.86,0.87,4.18,6.98,1.71,1.65,0.86,0.82,3.41,0.82,2.57,0.86,0.84,5.06,7.64,3.38,0.86,3.39,0.82,1.65,5.88,0.84,1.66,0.85,1.67,1.58,0.81,1.70,2.48,4.16,1.69
7	1227788	1229079	AAGAAGAGGAAGAGG	2.65	HG02974:13.09	4.08,5.71,6.51,2.49,5.84,5.82,4.99,1.67,5.84,2.51,10.02,8.51,5.89,3.29,2.44,0.82,5.97,9.40,3.46,4.93,5.61,1.67,7.30,5.64,5.89,3.87,4.22,0.85,4.32,3.27,5.87,1.65,3.26,7.10,0.85,2.44,6.01,7.56,15.13,1.68,9.35,3.47,1.71,8.28,8.27,1.61,7.43,1.69,4.96,5.47,2.43,4.19,3.35,3.30,5.66,3.45,7.57,2.50,2.51,7.55,0.85,7.39,5.05,8.61,6.66,2.45,9.16,5.18,5.04,0.82,9.27,8.07,1.79,13.90,5.22,4.85,0.81,3.28,2.44,10.58,7.69,2.46,4.15,4.29,10.67,3.42,4.96,4.16,2.59,6.70,7.39,4.05,5.11,5.00,6.00,2.52,5.80,4.14,5.11,7.07,8.57,4.18,3.35,13.09,4.15,1.71,4.96,2.57,5.79,3.29,6.83,1.64,5.88,3.43,6.00,5.01,1.69,3.40,7.85,4.23,5.99,1.68,4.24,13.08,9.90,5.04,5.43,4.19,0.83,9.27,1.71,5.01,12.61,10.58,4.25,5.79,4.16,7.64,4.23
22	49619735	49620817	ATCC	2.65	HG02974:6.11	1.63,0.81,0.83,0.83,0.83,0.83,0.83,5.01,0.84,0.80,0.84,0.83,5.96,0.82,1.64,0.81,3.28,1.71,2.56,3.29,4.01,1.62,2.42,1.68,0.97,0.84,1.70,2.59,0.82,2.52,4.13,0.81,1.58,0.85,1.72,1.68,0.84,2.55,0.87,1.66,2.48,1.61,0.85,0.83,0.78,0.81,0.85,2.52,0.84,1.65,1.89,1.73,3.36,0.83,3.35,0.84,1.70,3.35,1.68,1.72,2.50,1.63,0.83,1.73,0.84,0.84,3.23,0.90,1.74,1.62,3.22,0.81,3.26,1.71,0.82,3.32,1.72,0.82,0.85,1.65,0.83,0.86,0.84,2.46,0.81,3.40,0.86,1.65,1.68,0.83,1.67,2.56,1.57,0.84,1.74,1.67,6.11,2.49,0.86,2.48,2.57,0.83,0.82,0.85,0.82,0.84,1.72,0.86,2.51,0.84,1.70,0.87,2.54,3.42,3.39,3.27,0.78,1.67,0.83,1.69,0.85,3.34,2.37,1.70,0.83,0.85,0.85
12	124392097	124393152	ACAGGGAGACAGGGAGGAG	2.63	HG02974:5.24	1.63,0.83,0.85,1.60,1.67,0.97,0.85,0.81,0.86,0.84,0.86,0.83,0.83,1.65,0.85,5.03,0.84,0.84,1.64,0.84,1.63,0.84,0.81,0.82,0.81,0.81,1.67,0.81,1.70,3.33,6.63,0.83,2.36,0.86,1.67,5.24,2.49,2.48,0.86,1.64,0.84,4.18,0.85,0.86,0.82,4.19,1.67,0.79,1.70,3.31,1.66,0.85
11	109372665	109373525	AATATATATATATGG	2.62	HG02974:4.36	0.94,3.30,0.84,4.36,3.43,6.79,0.85,3.42,2.52,1.71,1.63,0.83,1.69
3	11605850	11606420	ACCACCTCCCTCCCTC	2.62	HG02974:2.62	1.64,2.62
4	180799192	180800225	ACACATATATATAT	2.60	HG02974:2.62	0.83,5.03,2.62,7.76
6	13408872	13409482	AAAG	2.59	HG02974:2.62	0.84,2.62,1.70
15	90551278	90552065	ACATATATATAT	2.58	HG02974:2.62	1.74,2.62,0.84,4.99
X	105558447	105559331	AAAG	2.52	HG02974:4.36	2.45,0.83,0.84,3.19,0.85,0.87,0.80,0.81,1.61,0.97,0.84,0.84,0.85,0.81,0.86,1.68,2.54,0.83,0.85,1.89,0.86,2.51,4.21,1.66,0.84,0.84,0.81,0.87,0.81,0.85,0.86,3.24,0.85,0.86,0.83,4.36,0.86,0.86,0.85,0.82,0.84,0.85
6	166433900	166435103	ATATATATATATCC	2.44	HG02974:9.60	1.63,1.63,4.07,6.68,5.82,9.97,4.99,1.63,1.64,0.85,1.60,11.68,3.25,0.97,1.70,0.81,3.15,4.23,0.81,0.86,0.84,1.68,4.14,10.74,5.03,0.94,4.32,0.84,1.70,7.39,0.84,6.74,6.02,2.52,6.53,2.42,8.96,0.87,1.62,0.82,3.26,0.81,1.71,0.82,2.57,4.10,0.83,0.84,0.82,0.81,3.40,1.68,3.31,6.63,5.86,3.41,0.79,7.83,9.60,2.57,6.85,3.41,4.93,2.57,1.71,2.51,4.36,0.85,0.85,5.13,3.36,1.69,6.21,3.34,0.79,4.88,4.23
16	13109200	13109763	AAGGG	2.40	HG02974:4.36	0.83,0.81,0.86,0.84,0.82,9.07,1.66,1.66,0.84,1.67,4.36,2.48,1.65,1.71,1.70,2.62,0.85,2.57,2.37,4.07
6	66726847	66728259	ATATATATATATCC	2.39	HG02974:7.86	2.45,1.66,0.83,1.66,0.83,1.60,6.68,2.51,0.83,0.85,2.52,2.47,2.44,0.80,1.64,0.85,4.27,3.29,0.83,2.43,0.81,1.68,2.55,3.15,1.68,0.84,0.84,3.31,2.48,1.56,5.67,2.56,0.84,7.42,1.89,3.45,2.52,8.21,0.84,0.86,0.83,0.86,2.42,2.43,0.81,0.81,2.48,1.73,0.84,2.55,4.17,0.86,0.84,4.97,4.19,1.67,9.20,7.86,2.49,4.93,5.12,3.28,1.68,0.84,1.69,1.70,1.69,0.84,2.47,2.52,3.11,12.56,1.67,3.25,2.55,0.83,3.39,0.85
3	47591010	47591919	AAGGAG	2.35	HG02974:2.62	0.83,2.62,1.64,0.84,3.36,0.78,3.39
1	2055826	2056299	AACCACCGCCACGACCCT	2.31	HG02974:2.62	2.57,0.87,2.62,3.29,0.86,0.82,5.82
6	95420759	95421742	AAATATATCATATAT	2.25	HG02974:3.49	2.51,1.67,3.49,0.83,4.20,3.49,0.84,9.24,2.53,0.79,1.65
1	15209845	15210331	AG	2.24	HG02974:4.36	1.63,0.83,1.60,1.67,0.83,0.85,1.68,0.80,0.83,1.62,1.69,2.57,0.80,1.62,1.71,0.84,1.68,2.59,2.52,0.86,0.82,0.84,1.64,2.56,0.83,0.83,3.30,1.70,4.36,1.71,1.69,2.57,0.84,0.85,1.66,3.39
17	26842895	26845608	ACACACCTCCACAGGAT	2.24	HG02974:4.36	0.82,0.81,1.66,0.83,0.83,1.67,0.84,3.35,0.83,0.85,2.47,0.81,1.64,0.87,2.50,0.81,0.86,1.68,1.65,0.79,0.85,2.58,0.84,2.55,2.60,1.71,0.83,0.80,0.83,0.83,0.85,1.68,1.89,1.68,0.83,0.84,0.84,1.70,1.67,1.72,0.83,1.63,0.82,0.84,1.79,1.74,0.81,1.64,1.63,0.82,0.83,0.86,1.64,0.85,1.65,0.86,1.67,0.82,0.83,0.84,0.84,4.36,0.83,0.83,0.86,0.83,0.82,0.82,0.84,0.86,0.84,0.85,0.87,0.85,1.71,0.85,0.82,0.84,0.84,0.84,1.58,0.81,0.85,2.49
20	11257432	11258608	AAAAT	2.22	HG02974:3.49	0.81,0.83,0.83,0.83,3.34,0.84,1.64,0.84,0.79,2.52,0.84,0.83,0.80,0.85,1.67,0.84,0.84,0.83,0.87,0.81,0.82,0.86,1.71,1.65,0.81,0.85,0.82,0.84,0.84,0.79,1.71,3.49,0.83,0.86,0.86,0.83,0.84,0.85,0.85,0.79,0.85
12	50129401	50129798	AG	2.22	HG02974:2.62	0.80,0.83,0.87,2.62,0.85,0.85,0.85,2.47
17	78716814	78719199	AACCAGGGCTGTGCTAGT	2.21	HG02974:15.71	1.63,2.45,9.77,5.82,4.17,4.16,0.83,0.83,5.84,2.51,0.80,0.84,1.68,0.83,0.85,4.21,0.82,0.82,4.07,3.22,0.82,1.71,0.85,1.73,2.40,17.53,6.49,3.22,10.09,3.87,3.37,1.70,0.86,5.72,2.52,3.30,0.81,2.37,4.23,6.52,3.43,2.52,0.84,0.84,3.40,0.87,3.43,4.14,4.14,7.23,2.54,3.91,4.05,6.83,0.84,3.35,4.94,2.83,2.59,0.84,3.33,2.52,4.26,6.57,5.02,2.53,2.58,1.66,6.54,4.16,1.73,0.84,0.82,6.74,0.81,5.38,6.08,1.74,5.66,0.81,4.11,1.63,0.81,3.42,3.29,3.32,2.57,4.92,3.42,1.65,0.83,5.19,2.51,1.64,1.62,3.40,8.33,6.00,1.65,2.52,1.66,8.28,8.37,1.70,1.57,2.57,0.84,1.74,12.55,15.71,4.98,3.42,4.96,5.14,4.14,0.82,8.21,10.07,9.43,4.18,1.69,6.79,13.96,5.08,20.30,5.13,0.84,1.69,17.17,5.77,3.36,2.33,0.84,9.15,5.06,5.13,1.58,2.44,8.49,1.65,2.49,6.79,16.09
11	131550075	131550582	AC	2.04	HG02974:2.62	0.84,0.84,1.73,0.81,0.85,0.83,0.86,2.62,0.84,1.68
7	138305955	138307239	ACATAGATAGAT	2.02	HG02974:4.36	0.83,0.83,1.67,1.67,0.84,1.63,0.85,1.64,1.67,0.81,2.34,0.84,0.84,0.85,3.35,0.87,3.33,0.86,3.30,1.66,1.57,2.51,4.36,1.71,0.82,0.82,1.71,1.69,1.70,2.54,0.82,4.16,1.69,0.85,0.84,3.15,0.83,0.83
20	13914409	13915532	AATATATATATATGG	1.97	HG02974:17.46	0.81,13.30,20.03,1.66,0.84,9.57,2.52,2.47,2.44,16.41,1.71,1.73,2.50,3.25,0.84,1.69,0.86,9.46,0.84,2.55,0.83,0.83,15.70,5.47,21.89,0.82,12.48,0.84,1.68,14.48,1.64,13.47,3.44,1.63,1.74,0.83,0.82,0.85,1.67,0.81,7.50,0.86,3.36,6.70,0.85,1.57,1.71,13.93,17.46,4.28,0.83,4.27,1.64,15.42,0.84,0.84,4.36,0.85,1.69,14.55,9.07,1.68,16.30,12.64,5.98,3.34,18.13,3.25,5.10,0.83,3.33,5.93
9	105593568	105594794	ACATATATATGATAT	1.94	HG02974:26.19	3.26,16.28,14.97,23.37,10.81,13.32,7.51,23.45,0.85,15.63,12.33,8.81,18.36,8.93,9.38,6.83,8.50,14.68,4.93,10.89,32.56,14.83,19.30,16.28,17.56,40.91,26.19,12.45,12.84,12.41,18.85,11.58,13.15,26.27,13.43,20.88,0.87,34.68,18.61,12.84,12.71,16.35,16.49,21.00,13.40,20.06,15.77,20.38,9.93,17.78
12	133841120	133841461	ACCCTC	1.93	HG02974:3.49	0.82,0.83,1.68,0.83,0.81,0.82,0.85,1.62,0.97,2.55,1.68,0.84,0.85,0.84,2.69,0.81,0.81,0.85,0.84,0.81,1.71,1.65,1.66,2.36,3.49,0.83,0.86,0.83,2.52,0.85,0.83,0.84
2	14112844	14113746	ACATATATAT	1.91	HG02974:2.62	0.83,0.83,0.86,0.84,0.86,2.62,0.86,1.74,0.82,0.84,0.81
2	733078	733481	ACGGCACGGGGGGAGTC	1.90	HG02974:3.49	0.82,0.83,0.83,0.84,0.85,1.64,0.81,0.97,0.86,0.81,1.71,0.83,0.80,0.83,0.78,1.71,0.84,0.82,0.94,0.84,0.84,0.82,2.44,0.82,1.72,0.85,0.84,0.81,2.48,0.84,0.85,0.86,1.67,3.49,0.83,0.85,0.84,1.74,0.83,3.33
11	102341345	102342222	AAAG	1.85	HG02974:2.62	16.74,0.84,2.62,6.85,2.48,5.88,0.83,1.70
16	18953584	18954623	AAAG	1.76	HG02974:3.49	1.63,0.83,1.67,1.65,1.63,0.82,1.67,1.61,0.84,0.97,0.85,0.84,1.65,0.82,0.85,0.84,2.50,1.63,1.73,2.42,1.79,1.64,0.85,0.86,1.71,0.83,0.86,0.82,3.49,0.86,2.54,0.84,0.85
7	130292119	130292280	AAAT	1.75	HG02974:1.75	1.75,1.66
X	6566125	6566254	AAAG	1.75	HG02974:1.75	1.75,0.86
6	25070760	25070982	AAGGAAGGGAGGGAGG	1.75	HG02974:1.75	1.75,0.82
13	87406964	87406965	AATATATATATATATAGCGG	1.75	HG02974:1.75	1.75
18	74069081	74069084	ACTCTGCGCTGGGGGCGCC	1.75	HG02974:1.75	1.75
2	127021983	127022127	AAAAGAAAGGAGAAAGG	1.75	HG02974:1.75	1.75
2	130065676	130065677	AATGG	1.75	HG02974:1.75	1.75
2	131509688	131509689	AAAT	1.75	HG02974:1.75	1.75
8	33009601	33009602	AGAT	1.75	HG02974:1.75	1.75
2	100721370	100721456	CCG	1.75	HG02974:1.75	1.65,1.75
X	96384355	96384528	AAAGG	1.75	HG02974:1.75	0.84,1.75
1	10000	10468	AACCCGAACCCT	1.75	HG02974:1.75	0.81,1.75,1.58
10	26163090	26163970	AAGGG	1.74	HG02974:7.86	2.45,0.82,1.63,1.66,1.67,2.50,1.66,1.67,3.34,3.34,2.39,3.34,0.84,1.66,1.70,2.52,0.82,1.64,3.26,4.02,7.69,2.47,1.60,2.50,4.06,5.64,2.90,2.53,2.55,2.59,3.27,5.03,0.83,3.26,1.58,0.85,1.63,4.29,3.36,0.84,0.85,2.60,0.86,2.49,4.14,4.02,2.48,1.65,3.91,2.43,2.52,3.35,1.89,2.59,0.84,1.66,0.84,1.70,5.02,1.68,0.86,4.16,4.09,3.33,5.18,3.27,1.69,6.27,3.48,2.61,5.66,3.28,5.70,2.44,5.98,2.46,0.83,1.72,2.46,1.71,3.31,4.32,3.35,2.55,1.71,0.82,5.03,0.83,9.94,2.51,1.70,9.43,3.43,7.86,5.81,1.71,4.14,1.71,4.10,5.15,4.28,0.84,5.06,2.62,5.08,3.38,4.28,0.84,0.85,13.08,1.65,3.36,0.78,5.02,2.50,0.84,4.27,4.73,0.85,2.48,6.65,5.09,2.54
10	524347	524611	AGGGGCGGGGCGGCG	1.74	HG02974:1.75	1.75,1.69
11	16153431	16154068	AAAG	1.74	HG02974:1.75	0.84,0.84,1.75,0.83
X	87223526	87224114	ACATATATATAT	1.73	HG02974:1.75	0.83,0.87,1.75,0.83
19	8249585	8250460	AAGAG	1.71	HG02974:1.75	4.11,1.75,5.75,4.28
16	86074006	86074354	AGAGAGAGGGAGAGGGGG	1.71	HG02974:1.75	0.84,0.81,0.81,1.75
20	49226153	49226401	ACCCCTGCCTCACCTGCC	1.70	HG02974:1.75	3.36,0.79,1.75,0.85,1.63
2	48791021	48792333	AAG	1.69	HG02974:4.36	0.83,0.83,1.67,1.68,0.82,0.82,1.64,0.87,1.64,0.80,2.43,1.69,2.45,0.84,1.65,0.81,0.86,0.84,0.86,0.83,0.83,0.81,0.85,1.68,0.86,0.83,0.84,0.84,1.72,2.45,0.86,17.64,0.82,0.84,0.87,0.87,0.86,0.85,1.65,0.86,1.66,0.84,3.93,0.86,1.67,0.84,4.36,0.86,15.42,4.96,0.82,0.84,0.86,8.35,2.54,1.71,0.84,0.81,0.83,0.85
12	114028456	114029077	AAAG	1.69	HG02974:2.62	1.67,0.83,0.84,0.84,0.84,0.83,2.56,1.71,2.62,0.83,0.85,0.84,0.85,1.70,0.85
13	90556181	90557215	AAAAT	1.69	HG02974:1.75	1.61,1.75,17.17,2.51
5	117878565	117878837	ACACAGTATATATAT	1.68	HG02974:1.75	1.75,1.69,1.74,0.83
1	100791596	100792566	AAGG	1.67	HG02974:3.49	2.55,0.84,0.81,0.82,0.86,1.65,1.66,0.85,5.14,0.84,3.49,0.83,1.71,0.86,1.65,0.85,1.68,2.55,0.87,0.85,0.86,1.68,1.64,1.65,2.52,0.85,3.31
1	22686591	22686701	AAGG	1.63	HG02974:1.75	0.83,0.85,1.69,1.75,1.72
15	34729187	34730371	AGGGCGGCGGCGCGGCG	1.62	HG02974:3.49	0.83,1.66,1.66,0.83,0.84,0.80,2.51,0.83,0.85,0.84,1.63,0.80,2.56,2.60,1.64,1.60,1.67,0.84,0.85,1.63,0.86,1.68,0.87,1.71,1.65,1.71,1.68,1.68,0.83,0.84,1.70,2.51,0.86,0.82,1.67,1.74,0.81,0.83,1.64,1.62,0.84,1.67,0.85,0.86,0.84,0.87,1.67,3.49,0.83,0.86,1.65,1.71,0.84,0.87,0.85,0.82,0.84,3.42,0.84,0.79,0.83,0.85
9	25406424	25407193	AT	1.60	HG02974:2.62	0.83,0.83,1.67,0.83,3.26,0.82,1.62,0.84,0.85,0.83,0.84,0.82,0.81,0.86,0.81,0.85,2.62,2.47,0.84,0.87,0.84,0.84,0.83,0.85,0.84,1.58,0.81,0.83
9	113517717	113518660	ACATATATATAT	1.59	HG02974:3.49	1.63,0.82,3.33,2.50,1.70,5.04,0.86,5.87,1.64,2.46,5.50,3.49,1.69,0.84,0.85
11	83811309	83811612	AAAGATATATATATATCT	1.59	HG02974:1.75	0.85,0.86,0.83,0.84,1.75,0.85
6	133112790	133113957	AAAG	1.58	HG02974:7.86	5.82,1.66,1.67,0.85,3.29,2.47,0.81,4.27,0.80,22.54,6.49,1.69,0.85,0.79,0.85,0.84,0.85,0.83,4.23,1.65,3.13,0.85,1.73,2.50,0.85,0.84,1.72,1.73,0.84,2.46,1.63,0.86,0.82,1.62,0.83,2.57,0.84,4.26,6.29,2.57,0.87,7.86,1.66,0.86,1.71,1.71,0.84,1.72,0.84,5.94,1.71,5.88,2.54,4.91,2.52,5.86,10.96,3.42,10.03,3.15,1.63,4.25,6.62,5.82,0.85,8.47
20	36822692	36823155	AGGGATGGATGGATGGATGG	1.55	HG02974:1.75	0.82,0.83,0.83,1.75,0.85,0.81
6	150084556	150084701	AAATATCTATGATAT	1.54	HG02974:1.75	0.86,1.75,0.84,0.85,0.85,1.58
17	39130546	39131024	AAAG	1.49	HG02974:1.75	0.84,0.81,0.86,1.75,0.83,0.86,0.84
5	108675805	108676086	AGAGGG	1.48	HG02974:1.75	0.80,0.81,0.82,1.66,0.84,0.85,1.75
X	138585396	138586419	ACGGATATATATAT	1.44	HG02974:4.36	2.45,1.66,1.66,0.84,0.80,0.84,0.85,0.84,3.26,1.61,0.85,0.83,2.43,2.90,1.69,1.63,0.85,1.72,0.85,0.85,0.86,1.66,1.70,0.84,1.72,1.67,0.84,0.81,0.87,2.43,2.44,0.85,1.67,0.84,0.82,1.70,0.86,1.65,1.68,0.83,3.31,1.57,1.71,0.87,4.36,0.83,3.43,1.64,0.86,1.71,5.85,0.84,3.40,1.69,0.84,1.65,2.51,0.83,0.85,5.01,1.58,1.65,2.49,1.70,0.85
18	53029629	53030150	AAGG	1.44	HG02974:3.49	1.66,0.85,0.81,0.83,7.03,1.64,0.83,1.72,1.62,0.85,1.67,1.67,3.49,0.82,5.12,2.57,0.86,0.84,4.36,5.08,1.65,0.84
5	66621412	66622327	ATATATATATCCC	1.44	HG02974:2.62	1.66,0.84,0.84,0.82,0.82,0.83,0.79,0.85,0.84,1.71,1.69,1.56,1.68,0.84,0.83,1.67,0.84,0.81,0.81,0.86,0.83,0.84,2.62,0.86,0.83,2.56,0.84,0.84,0.84,0.85,0.85
17	72889211	72890204	AACCTACGGAGCCCATGG	1.44	HG02974:2.62	0.82,1.69,0.84,0.85,1.73,0.82,0.87,0.82,1.67,2.61,2.62,1.74,0.84,0.82,1.65,0.85
17	6493629	6494564	AAGAAGAAGG	1.44	HG02974:1.75	0.81,2.57,1.75,1.71,1.71,2.45
4	169217894	169218969	AAAG	1.41	HG02974:10.48	0.85,0.84,6.71,7.45,4.97,10.48,9.96,10.76,15.11,13.53,1.67,16.27
22	46762154	46762521	ACCTCTCCTCCCCCCGC	1.41	HG02974:3.49	2.52,0.83,0.84,3.49,0.83,4.28,2.51,3.38,1.74,2.54,3.36,2.47,2.51,3.39
6	45656651	45657889	AAAG	1.40	HG02974:2.62	0.83,0.83,1.67,8.32,0.85,0.82,1.60,2.42,0.85,0.85,2.52,0.82,0.83,2.50,0.82,0.86,0.84,2.62,0.86,0.85
2	230950584	230951512	AAAG	1.39	HG02974:2.62	0.82,1.63,0.83,0.84,0.82,0.83,0.97,0.84,0.83,2.47,2.51,1.68,0.82,2.62,0.86,1.67,3.42,1.67
4	188054532	188055030	AAAG	1.39	HG02974:1.75	0.83,0.84,0.86,0.81,1.75,0.82,0.83,0.83
4	139672897	139673794	AAACC	1.34	HG02974:1.75	1.70,1.75,4.29,5.14,2.62,2.47
6	170768524	170768981	ACAGGAGGAGTCCCTATCCC	1.33	HG02974:4.36	1.63,0.82,0.81,0.83,0.83,1.66,2.50,0.84,0.80,2.51,1.68,0.85,0.82,3.46,1.64,1.61,0.84,0.97,2.57,0.83,2.48,1.69,0.94,2.51,0.84,0.85,1.64,1.67,0.84,1.72,0.84,1.71,0.82,4.14,0.83,0.84,0.83,3.35,1.70,1.57,1.71,3.34,1.74,0.84,4.36,2.49,0.86,1.65,0.86,1.64,2.46,0.84,0.86,0.86,6.68,2.53,1.70,1.74,3.38,0.85,2.57,0.85,1.64,0.82,3.36,0.78,0.84,2.50,0.84,0.84,0.79,1.63,0.83,0.83,3.39
2	45642921	45643637	AGAGG	1.32	HG02974:2.62	0.85,0.81,0.83,1.63,0.79,0.83,0.86,3.33,0.82,0.90,0.87,0.81,0.85,0.82,0.85,0.86,0.84,1.66,0.85,0.79,2.62,0.86,0.83,0.84,0.85,1.64,0.84,0.78,0.83,0.84,4.07,1.70,0.83,1.69
19	1527844	1528383	ACCTGCCCACGCCCCCC	1.31	HG02974:4.36	0.83,0.83,0.84,1.68,0.85,1.61,0.82,0.85,0.83,0.81,1.63,0.79,1.63,0.86,0.84,0.83,0.83,0.78,0.94,0.83,0.84,0.82,0.81,1.79,0.87,0.81,0.85,0.83,0.86,1.73,1.64,0.81,3.33,0.86,2.47,3.31,3.14,3.43,0.84,4.36,1.66,0.86,0.83,0.82,0.82,0.84,1.71,0.84,0.85,3.49,0.85,3.36,3.39,0.82,1.68,5.02,2.50,1.71,0.79,1.63,6.79,2.48,0.85
20	20300447	20300907	AATATATATTACATATAT	1.31	HG02974:3.49	0.83,1.66,1.68,0.82,0.85,2.50,1.62,0.81,1.69,0.85,0.86,0.84,0.85,0.87,0.83,0.78,2.52,2.50,2.55,0.84,1.61,1.79,0.85,2.43,0.85,1.57,0.86,2.51,3.49,2.48,0.86,0.82,1.64,2.45,0.84,0.84
6	29968305	29969137	AAGG	1.31	HG02974:1.75	0.80,0.86,1.71,1.75,0.86,1.65,1.68,0.84
1	228361297	228362634	ACAGCGAGCCGCGCCC	1.30	HG02974:2.62	3.43,10.05,2.62,9.41,16.28,11.84,0.85
8	9113404	9114381	AAAGAGAGAG	1.30	HG02974:1.75	0.85,1.67,0.79,0.84,1.75,0.83,1.67,1.69
2	199286871	199287740	AAAAT	1.28	HG02974:1.75	0.82,0.81,0.84,5.14,1.75,1.71,0.85,0.82
8	97261832	97263331	AAG	1.26	HG02974:17.46	15.32,13.84,7.62,10.30,18.23,8.92,1.68,0.84,1.64,2.61,22.00,0.82,13.73,4.16,25.67,10.05,5.14,6.96,17.46,5.79,9.03,17.99,7.70,17.86,0.81,6.62
X	3334735	3335038	AAGG	1.25	HG02974:1.75	0.83,0.85,0.83,0.84,0.85,0.84,1.75,0.85,2.62
1	12121845	12123435	ATCC	1.21	HG02974:10.48	2.45,1.63,6.51,9.15,6.68,1.66,4.99,5.83,8.35,9.19,2.51,5.86,3.33,3.40,0.84,1.65,4.93,4.89,3.22,6.57,4.27,5.13,5.19,2.47,4.01,2.50,0.81,2.42,3.36,4.84,6.75,5.95,4.32,5.72,3.35,5.78,4.89,2.37,6.77,2.44,8.59,6.72,2.52,5.04,3.40,5.20,1.71,7.46,4.14,8.84,4.95,1.69,5.79,7.03,2.43,2.56,8.39,5.03,8.24,4.72,2.59,5.88,4.99,6.69,1.68,3.41,3.29,5.86,3.37,6.88,8.32,1.63,5.83,4.31,4.20,5.72,0.84,10.49,5.38,2.61,5.22,4.04,6.44,1.64,6.52,4.07,10.25,4.93,5.81,0.86,8.21,4.27,6.62,0.83,0.86,4.19,3.29,9.73,7.66,5.83,5.14,4.94,7.55,3.31,4.14,6.70,3.41,7.86,5.14,2.51,4.35,5.02,10.48,4.98,5.99,4.14,7.71,2.48,3.29,5.12,7.39,7.55,1.72,6.00,4.18,10.13,0.85,6.11,6.77,4.23,2.57,3.36,7.63,1.64,4.95,5.04,5.43,9.21,4.16,6.74,5.13,5.01,4.73,9.76,1.70,4.96,12.47,3.39,4.23
6	159114283	159115267	AAAG	1.18	HG02974:2.62	11.51,12.62,0.83,1.71,2.62,1.72,1.67,3.49,1.69,1.64,0.83,0.79,1.65
13	27765415	27765654	ACGGGAGAGGGAGAGGGAG	1.18	HG02974:1.75	1.67,0.84,1.75,0.84,0.84,5.43,1.67,0.83,1.70
9	36972423	36973660	AAAGG	1.16	HG02974:16.59	8.31,4.16,6.38,9.19,17.87,13.85,20.12,8.53,6.06,10.69,12.52,16.12,0.85,1.63,9.08,9.77,0.79,9.32,3.26,6.01,14.46,1.71,4.95,5.67,16.23,23.90,15.97,11.64,12.77,1.64,18.42,8.69,7.47,8.33,4.12,10.77,2.51,0.85,5.85,1.74,16.59,1.71,0.83,3.28,8.57,0.87,0.86,2.54,13.19,2.53,0.85,3.33,8.49
5	167664612	167665839	AAAAG	1.13	HG02974:2.62	0.83,0.83,0.84,1.68,0.82,0.85,0.86,0.81,0.79,0.85,1.65,0.83,0.84,0.84,0.82,0.86,1.66,0.83,0.81,0.85,0.85,0.81,0.86,0.84,2.62,0.86,1.71,1.72,1.74,1.67,1.71,1.70,0.85
16	87906105	87907097	AAAG	1.13	HG02974:2.62	0.82,0.83,0.83,0.85,0.84,0.85,0.82,0.97,0.84,1.65,0.79,1.70,0.87,0.84,0.83,0.84,0.82,0.81,1.79,0.81,0.82,0.82,3.31,0.84,2.62,0.83,4.28,2.48,1.64,0.84,3.11
6	58140175	58141731	AAG	1.11	HG02974:18.33	4.90,13.87,15.47,11.64,11.68,14.14,15.79,9.16,9.18,19.22,8.77,3.34,8.38,7.49,7.66,14.31,4.94,10.69,5.70,11.27,6.57,8.53,8.54,10.38,7.40,10.42,16.69,7.30,8.86,12.62,6.78,6.75,12.76,7.78,12.26,6.71,11.55,18.73,7.10,9.32,10.59,12.02,5.88,10.09,6.73,11.91,9.54,9.43,7.46,8.27,8.04,9.08,12.70,9.09,11.72,12.97,7.69,15.10,10.89,12.36,22.65,15.54,12.61,7.49,12.55,5.87,9.37,8.21,10.05,12.63,10.33,7.49,13.89,10.82,18.11,6.72,9.80,3.37,12.91,9.86,9.56,12.18,6.47,5.64,11.50,13.85,6.51,10.25,5.75,7.47,14.59,9.85,8.54,16.54,13.32,13.83,7.54,10.68,12.97,19.57,5.00,8.57,7.42,6.71,10.77,9.11,11.72,8.52,11.00,14.57,8.36,16.54,10.88,18.33,14.11,9.41,9.93,9.42,7.45,9.87,12.80,8.21,7.55,7.72,7.71,8.35,9.28,5.94,21.81,13.54,10.99,7.70,9.24,16.95,6.54,5.77,15.96,9.32,10.05,8.32,10.11,13.67,2.51,9.46,13.83,16.99,7.45,9.98,12.73,12.70
21	16679831	16680249	AAAG	1.11	HG02974:1.75	0.84,0.81,3.25,0.85,0.81,0.84,1.75,0.84,0.85,1.66
3	74214553	74215960	AAG	1.06	HG02974:12.22	4.08,0.82,1.63,0.83,1.67,0.84,0.84,1.66,3.40,1.65,1.63,2.41,1.64,0.85,3.42,0.87,2.50,0.81,0.81,3.36,1.69,2.55,3.46,3.27,3.35,1.63,4.07,0.84,0.84,5.04,2.55,6.07,0.86,2.49,2.48,3.21,0.78,5.98,2.52,3.45,5.04,1.66,0.84,0.84,0.84,0.84,0.86,4.90,0.83,3.36,2.45,0.84,0.90,4.34,0.87,0.81,2.42,1.64,4.89,1.63,3.32,0.86,0.82,3.31,2.59,5.02,2.46,9.73,3.40,2.50,3.43,11.54,0.84,14.91,9.21,6.82,1.57,1.71,8.36,1.74,2.51,12.22,2.49,6.85,2.48,19.70,4.14,4.11,5.12,5.75,1.68,3.43,2.57,0.84,5.06,6.79,2.62,17.77,1.69,0.86,0.84,9.81,3.30,10.92,4.19,9.98,3.37,11.11,12.54,3.94,5.69,0.85,4.99,11.88,5.93
2	202149391	202149865	ACGGGGAGAGGGAGAGGGAG	1.05	HG02974:4.36	1.63,1.66,0.84,0.85,2.50,1.71,2.52,1.66,0.83,1.67,2.56,2.36,0.84,1.74,2.51,4.36,0.83,2.57,2.48,3.43,2.48,4.11,3.41,2.52,1.72,0.84,2.53,2.62,2.54,2.54,1.68,4.91,2.47,1.68,3.88,2.50,2.53,0.85,3.34,3.15,0.83,4.16,6.79,0.85
9	28188884	28190001	AAGGAAGGGAGGGAGGGAGG	1.05	HG02974:2.62	0.82,0.83,0.83,0.83,0.85,0.82,0.81,0.84,0.82,0.79,0.84,0.83,0.80,0.81,0.84,0.94,0.86,0.83,0.81,0.81,4.29,0.83,1.67,0.81,1.71,1.68,0.85,0.86,0.84,2.62,0.83,4.28,4.10,0.84,0.85,0.87,2.54,0.82,1.65,0.84,0.81,1.69
