motif	top_case_zscore	high_case_counts	all_counts
AGC	53.44	HG02512:54.12	1.63,10.58,4.89,0.82,54.12,5.77,0.83,0.84,0.85
AACCTCCATAACCTCCCT	12.15	HG02512:34.14	18.78,4.08,13.03,9.98,10.85,9.98,7.48,6.66,18.37,7.52,8.77,15.87,5.03,4.16,5.96,2.52,17.27,12.33,6.52,18.51,16.41,7.68,9.40,1.73,5.75,2.40,7.51,6.49,13.70,6.73,7.74,8.43,7.66,18.14,22.88,8.39,7.43,8.14,17.35,11.01,12.22,12.88,5.88,11.77,16.81,4.25,13.01,4.29,23.20,1.65,11.25,5.78,0.85,4.13,7.03,18.65,29.90,6.71,7.54,14.83,16.99,10.36,20.18,18.30,11.71,9.23,10.22,16.43,1.67,8.42,3.44,14.14,8.17,1.67,6.90,21.01,5.72,14.32,8.88,2.69,6.95,7.83,20.22,7.25,18.06,24.45,6.51,5.98,12.32,15.78,11.15,9.85,2.56,14.06,34.14,6.05,5.86,5.75,4.86,7.66,14.99,3.43,11.54,5.03,14.08,10.77,0.84,11.93,20.43,4.29,9.20,8.70,13.39,10.48,3.32,6.85,1.65,5.14,16.55,8.22,8.53,12.31,8.39,3.43,5.14,7.52,5.91,7.64,13.96,9.31,2.54,9.41,0.84,1.69,9.00,10.92,9.32,7.54,1.66,8.43,11.11,15.04,5.52,21.15,11.04,4.14,7.48,8.49,5.93
AAGAAGAGGAGG	11.66	HG02512:11.66	11.66
AAATGGACTACAGCCACGGC	5.02	HG02512:5.83	4.34,3.43,3.37,0.90,1.64,1.72,5.83,5.11
AACGAGTGAGCGAGGAGAGG	4.11	HG02512:4.16	2.57,0.82,3.26,4.16,0.86
AAATGGACTACAGCCACGCC	2.41	HG02512:2.50	0.87,0.84,0.90,0.86,2.50
AAGGAGGACCACCAGG	2.39	HG02512:3.33	0.83,0.82,0.84,0.84,0.85,0.82,0.86,0.82,0.84,1.74,0.82,1.66,0.83,3.33,2.59,0.83,0.87,0.84,0.83,0.84,4.73
AACACCATGGACACACCTCC	2.35	HG02512:2.50	0.82,0.81,1.72,2.50,0.85,4.22
ATCGC	1.67	HG02512:1.67	1.67
AAGAAGAGG	1.65	HG02512:1.67	0.86,4.27,1.67
ACACAGC	1.62	HG02512:10.82	2.45,4.99,4.17,4.16,4.16,5.00,0.83,2.51,0.84,0.84,4.99,2.55,7.57,9.87,0.82,4.89,0.80,4.27,0.85,3.46,1.64,8.01,0.81,2.42,0.84,6.78,1.69,9.36,1.73,2.45,13.42,5.78,2.44,5.52,5.08,2.44,3.43,5.89,10.09,5.10,6.07,3.43,4.14,3.31,6.43,0.85,0.83,7.81,2.43,2.52,10.05,18.95,3.45,0.84,1.66,1.67,0.84,5.11,0.82,1.67,0.84,4.30,0.83,1.63,4.16,2.52,4.08,4.21,4.84,5.38,0.87,0.87,3.23,8.06,3.28,0.81,0.81,2.56,4.11,2.49,2.57,4.10,10.25,4.14,10.82,2.59,5.02,4.11,8.92,7.66,1.71,7.55,1.66,4.14,0.84,0.85,1.71,8.70,2.51,7.86,2.49,6.85,0.86,4.96,4.11,2.46,4.20,1.72,3.43,3.34,5.06,5.94,1.74,1.71,5.04,4.12,8.40,0.84,1.63,0.83,0.85
ACCACCTCCACCACTCCC	1.55	HG02512:3.33	0.83,0.83,0.83,0.84,0.80,2.46,4.27,0.85,0.82,0.81,1.94,0.85,1.68,2.44,0.86,2.52,0.84,1.73,0.83,1.65,0.83,1.56,0.83,0.82,0.86,1.66,0.82,0.84,0.82,0.84,0.81,0.87,0.87,0.81,0.82,0.85,0.83,3.33,0.84,0.85,0.84,0.79,0.84,0.83,1.64,0.82,0.84,0.85,1.69,0.82,0.83,0.85,0.81,0.85,0.85,1.69
AAATGCACAGGAAT	1.14	HG02512:1.67	0.81,1.67,0.86,1.65,3.43,1.70,1.69,2.49
ACAGAGGGACAGCGGG	1.05	HG02512:4.16	3.26,3.26,0.83,0.84,2.39,0.84,0.85,1.65,1.64,0.81,0.82,0.80,1.68,0.97,1.70,0.84,0.83,5.70,1.69,1.68,2.52,1.73,1.66,0.83,0.83,0.85,0.84,0.82,0.94,2.50,0.84,0.85,1.64,0.84,3.33,0.84,0.87,0.81,1.61,4.07,0.82,0.83,0.82,1.71,4.16,0.84,3.24,2.48,0.84,0.83,3.28,1.70,1.69,0.84,0.85,0.82,3.36,2.33,0.84,0.84,0.85,17.35,0.83,0.83
