motif	top_case_zscore	high_case_counts	all_counts
AACATATATATATGG	6.64	HG02769:7.67	4.03,0.86,0.82,0.81,0.81,0.81,1.71,7.67,0.86,0.86,3.34,6.54,1.69
AACACATATATATGG	5.97	HG02769:5.97	5.97,1.64
ACTCATATATAT	3.51	HG02769:7.67	0.82,1.63,0.81,0.84,0.82,0.81,0.82,1.60,0.97,0.84,1.68,1.68,0.80,1.65,0.84,2.51,0.82,0.83,0.84,0.84,0.83,0.82,0.81,0.85,0.85,0.83,1.67,0.84,0.82,7.67,2.36,0.86,0.84,2.51,0.83,3.29,0.85,6.57,3.43,2.57,0.84,7.59,4.24,0.85,0.84,0.82,1.65,3.36,2.33,2.50,6.84,0.84,4.73,8.49,0.83,0.83,1.70,0.85
AATGGGTGGGTGGATGGATG	3.30	HG02769:5.11	0.83,1.67,0.83,0.80,1.64,0.85,0.82,0.80,2.43,2.53,0.84,1.63,4.73,1.65,0.83,0.81,0.83,0.86,0.82,0.83,0.81,1.71,0.84,5.11,2.36,1.71,1.67,0.87,1.67,1.65,0.82,0.86,1.71,0.84,0.85,0.86,1.68,0.84,0.79,3.31
AAGAGGTGATGGTATT	2.46	HG02769:2.56	2.56,0.84,3.29,3.34,0.85
AAC	1.70	HG02769:1.70	1.70,0.85
AAGAAGAAGAAGAAGCAG	1.68	HG02769:1.70	0.85,1.70,0.85,0.84
ACACACACATACACGCC	1.23	HG02769:1.70	0.82,0.81,0.82,0.81,1.70,0.87,0.83,0.86,1.67
ACATAT	1.16	HG02769:2.56	1.65,10.11,0.82,0.86,7.26,1.61,0.85,0.84,1.66,2.56,0.84,2.52,1.68,0.84,3.33
ACAGGTCTCCTGGGTGGC	1.10	HG02769:1.70	0.85,0.84,0.84,0.90,0.84,1.70,0.86,1.71,0.82,0.85
