#contig	start	end	unit	top_case_zscore	high_case_counts	all_counts
7	75224060	75224825	AAAG	24.09	HG02513:24.20	0.83,2.50,24.20,19.71,0.84
19	6813800	6815242	AAAG	11.30	HG02513:27.66	3.27,1.67,4.16,4.16,11.70,3.19,13.36,4.16,7.66,4.07,5.64,8.71,2.52,2.44,4.23,1.63,5.88,0.85,6.61,6.25,4.12,7.55,7.66,1.64,14.32,0.86,7.49,12.49,6.53,8.96,5.21,0.85,9.97,27.66,0.84,13.96,5.14,9.07,9.94,10.77,4.26,6.00,13.38,3.35,5.24,5.99,4.14,4.28,5.75,3.41,2.57,4.23,4.23,2.57,21.19,13.90,5.88,7.54,2.50,5.90,11.83,2.48
4	27417728	27418669	AAAG	10.23	HG02513:14.70	0.83,3.26,3.43,0.84,7.83,3.22,4.89,3.42,0.86,1.71,14.70,0.81,0.81
6	167161409	167162041	ACCTCCTCGGGCCCCC	7.91	HG02513:21.61	0.82,0.83,0.82,0.80,0.87,0.82,3.37,2.59,4.13,0.81,10.25,1.69,1.72,0.84,4.20,1.68,0.87,1.65,1.56,0.81,0.84,1.70,0.86,4.16,6.72,2.45,8.88,0.90,4.83,3.26,18.73,2.56,0.82,10.30,18.05,0.85,0.83,21.61,0.84,0.82,5.96,0.82,0.79,0.84,0.86,1.68,3.88,2.51,5.13,1.70
8	68071582	68072624	AAAAG	7.62	HG02513:9.51	0.83,0.84,0.81,0.97,1.68,2.54,1.63,0.86,1.70,2.49,0.83,0.85,0.86,0.86,0.82,4.03,0.90,1.74,2.56,1.71,9.51,0.83,1.67,0.86,3.31,1.65,0.85,4.24,0.82,1.55,0.84,0.84,0.79
11	123327187	123328472	AAAG	7.54	HG02513:22.48	1.63,7.52,19.94,13.36,14.14,11.91,5.89,3.29,10.59,2.46,4.03,16.82,3.87,4.22,9.81,6.71,8.25,10.59,13.41,13.85,2.52,7.57,8.50,1.73,7.72,10.77,2.34,3.36,5.18,4.99,8.37,6.02,9.49,19.38,8.96,0.87,6.52,9.40,8.22,14.95,13.73,6.56,14.52,14.89,22.48,4.19,11.79,5.90,6.51,0.83
22	39384237	39385200	AAAG	6.75	HG02513:11.24	0.83,0.84,0.85,0.87,0.84,0.82,6.51,2.37,4.23,2.52,3.36,0.85,0.87,1.71,2.49,1.65,0.86,0.82,11.63,11.24,4.19,1.62,4.19,0.86,1.66,0.86,2.48,0.86,1.69,0.85,6.11,0.85,0.86,0.85,0.84,4.27,1.67,0.79
22	35206821	35207723	AAAG	6.32	HG02513:33.71	3.87,8.39,8.67,12.94,23.53,21.91,33.71,15.07,17.29,6.86,1.74,5.99,3.30,14.33
12	15198654	15199717	AAAGAAGGAAGGAAGGAAGG	6.11	HG02513:15.56	0.83,1.67,1.66,4.25,4.11,6.44,10.67,2.56,2.56,1.73,4.01,1.67,0.81,5.05,1.69,5.95,4.09,3.35,2.48,20.36,3.94,3.39,8.96,3.36,6.73,1.71,0.83,7.44,3.21,1.65,0.81,10.25,2.83,1.73,11.77,0.84,0.84,5.11,1.64,1.67,3.37,0.82,8.33,3.45,3.36,7.58,3.23,3.48,1.74,9.67,3.28,4.89,2.46,7.47,1.72,9.85,5.12,4.96,5.00,15.56,2.51,1.64,1.62,2.55,8.33,1.71,0.84,1.66,3.31,4.19,1.70,5.50,2.57,2.61,1.66,2.57,4.96,0.86,0.83,9.87,5.12,1.68,1.72,3.43,0.84,2.55,1.69,2.57,4.20,26.17,7.42,0.84,1.55,7.54,4.99,1.71,2.51,4.73,3.25,5.10,2.48,3.33,1.70,5.93
X	32572318	32573539	AAAG	5.97	HG02513:31.98	13.06,10.02,14.52,12.96,22.06,15.77,7.62,5.15,8.50,14.06,12.86,3.30,11.86,11.96,0.84,12.95,14.14,14.48,14.63,18.30,31.93,15.17,8.07,20.85,22.64,18.06,21.17,22.22,19.72,10.30,10.25,14.89,22.48,31.98,12.56,18.07,19.57,11.51
7	131512990	131514316	AAAG	5.70	HG02513:10.37	0.82,3.33,0.83,1.66,2.50,1.67,2.51,2.55,3.37,0.80,0.82,2.56,5.13,0.82,0.80,0.83,5.05,0.97,0.85,4.32,5.03,0.83,1.63,2.44,6.87,0.84,0.85,1.71,8.28,0.83,1.61,0.83,1.62,0.85,2.51,1.65,2.59,5.04,1.66,0.84,0.84,3.37,0.86,0.82,0.84,1.61,0.90,1.74,3.48,0.82,0.81,0.81,9.40,3.29,0.83,1.64,0.83,10.37,2.51,1.62,0.85,0.83,4.97,0.85,0.79,0.87,3.32,0.83,0.86,0.83,1.64,0.85,1.64,1.70,1.69,0.84,2.51,2.37,3.31,3.33,3.39
20	58396343	58396997	AAGGGGTGGGATTGCTGGGG	5.48	HG02513:8.64	1.63,0.84,1.70,1.66,2.52,2.59,4.08,2.43,2.42,0.82,4.89,2.56,8.64,0.82,0.85,5.14,13.25,0.84,0.84,0.84,4.18,3.38,2.45,3.35,0.84
4	173942527	173943822	AAGG	5.42	HG02513:10.37	0.82,4.08,2.44,0.83,3.33,2.49,4.16,5.01,3.19,0.84,3.33,1.70,5.89,4.11,1.64,1.63,4.92,3.41,2.56,3.29,3.20,5.01,11.62,1.63,6.71,1.72,4.13,1.69,0.83,2.34,1.68,1.65,2.83,0.86,3.33,2.51,0.84,1.70,2.51,4.21,0.84,1.74,0.82,0.85,10.37,0.81,0.83,3.36,5.80,1.67,2.36,1.71,1.67,3.48,1.75,1.66,2.48,2.57,2.47,3.41,2.46,1.68,3.43,1.71,3.34,0.87,1.69,1.68,0.82,1.65,1.68,0.84,7.69,1.67,0.79,3.40,0.83,3.33,3.39
17	80807164	80808790	AACAGCAGCACAGCC	5.03	HG02513:22.48	9.80,10.61,13.84,11.64,12.52,11.65,7.48,10.83,11.69,16.72,15.16,8.35,10.89,11.65,16.17,10.94,12.34,13.15,13.04,8.85,14.77,9.39,5.98,11.25,12.33,9.61,20.03,12.99,17.73,8.41,11.62,15.18,12.76,14.69,7.35,13.42,15.68,14.66,21.30,14.40,13.85,12.02,14.28,15.13,18.49,5.95,9.54,9.43,7.46,13.23,9.64,9.08,12.70,9.92,14.85,13.78,13.67,14.26,15.08,9.89,7.55,12.95,18.49,16.64,13.39,15.10,11.92,11.50,9.21,10.95,7.74,11.65,12.26,14.16,12.94,6.72,8.98,7.58,14.52,12.55,6.08,13.92,8.90,8.86,17.24,15.48,14.66,14.53,18.07,11.63,9.44,13.13,11.96,14.06,12.49,22.48,12.56,10.68,8.92,12.76,11.66,10.28,6.59,12.59,13.25,7.45,3.35,14.49,13.36,12.00,9.20,14.80,15.06,10.48,16.60,15.41,13.24,14.56,13.24,4.11,5.12,14.78,5.04,8.58,12.85,12.53,16.03,2.55,9.60,22.00,7.61,8.56,11.76,13.56,9.00,5.77,12.42,15.07,10.81,13.48,11.96,12.54,11.83,12.20,7.64,9.10,12.47,11.03,15.24
2	237423922	237425273	AAAG	4.98	HG02513:7.78	1.63,1.63,1.63,0.83,0.83,1.67,1.67,0.82,2.56,0.85,0.87,2.47,0.80,0.97,0.84,2.55,0.86,1.63,1.63,3.15,0.81,1.72,1.68,0.85,2.60,1.71,0.83,1.61,0.83,1.56,1.62,1.68,0.84,0.84,1.67,0.84,1.72,0.83,0.82,0.83,1.73,0.82,8.43,2.69,0.87,0.87,4.85,2.42,1.63,0.81,0.85,7.47,2.46,0.85,0.83,7.78,0.82,4.20,2.51,0.86,0.87,1.71,0.82,0.86,0.84,1.69,1.71,1.64,0.84,0.85,0.81,0.85
2	145704617	145705367	AAAG	4.97	HG02513:5.19	0.83,5.19,0.86,0.82,0.84,0.85
5	16943749	16944774	AAGG	4.92	HG02513:6.92	0.83,1.64,0.84,3.37,5.10,1.73,0.84,2.44,0.85,0.86,0.84,2.55,2.41,1.56,0.85,0.84,0.84,2.46,2.58,0.86,0.82,0.84,1.74,0.81,0.81,0.82,0.83,6.92,0.82,1.62,1.68,0.83,0.84,0.85,0.83,0.84,0.84,0.81
1	2390167	2391517	AAGGAGGACCACCAGC	4.76	HG02513:12.10	0.82,2.49,2.50,0.82,5.63,0.84,0.84,1.70,7.35,1.68,0.83,2.54,0.84,0.84,4.20,0.85,1.73,1.71,1.66,2.48,5.63,6.61,9.73,0.84,0.84,0.85,0.86,0.83,1.63,0.83,1.73,3.36,1.63,1.61,1.79,3.48,4.35,1.62,0.81,0.82,0.85,2.46,3.32,3.42,7.44,2.50,12.10,1.67,3.29,2.43,4.25,0.83,0.82,3.31,0.83,0.84,0.79,1.67,0.87,2.51,1.75,1.71,0.83,0.86,0.83,0.85,0.82,3.36,1.71,4.18,0.84,12.21,1.69,0.85,1.69,0.82,0.82,1.68,1.67,1.66,0.84,2.56,11.04,2.44,2.48,1.66
12	129298182	129299353	ACCGCCGTATGATGGACCTG	4.68	HG02513:9.51	1.63,5.71,1.66,3.34,3.33,1.66,2.50,3.34,1.60,1.67,0.84,1.66,1.70,1.68,1.65,1.63,1.61,3.42,0.82,0.80,0.83,0.81,5.64,1.68,1.69,2.55,0.86,5.78,0.81,3.94,3.39,1.63,0.86,1.68,2.52,1.68,0.87,2.49,4.96,0.83,0.85,3.31,1.56,2.43,3.42,0.84,0.84,2.47,0.94,2.52,5.82,3.35,1.68,0.84,0.84,0.83,0.82,2.50,1.73,2.52,0.81,0.87,0.87,1.61,2.46,6.52,4.07,0.85,1.64,3.28,1.71,0.83,1.67,9.51,1.62,0.85,0.83,4.28,1.65,4.20,4.97,1.66,1.67,0.85,0.79,0.86,0.84,0.87,3.35,2.49,2.48,1.71,0.83,1.71,0.84,0.86,2.57,1.67,2.53,3.40,0.87,2.54,2.54,3.42,1.68,0.85,0.84,1.55,2.51,0.84,3.94,4.96,0.83,2.55,3.39
12	108245408	108246796	AAAG	4.42	HG02513:6.92	3.26,0.83,0.83,0.83,1.67,5.85,0.81,0.84,0.82,0.83,1.69,1.72,0.84,1.73,1.66,0.83,0.80,0.84,0.84,0.82,0.83,0.84,0.85,0.83,5.72,1.67,0.86,1.68,1.63,3.37,2.69,5.66,1.61,2.56,1.66,0.82,0.83,6.92,0.85,0.79,1.74,0.87,1.65,3.43,0.85,1.65,0.78,0.84,0.84,0.85
7	101132277	101133563	AAAG	4.34	HG02513:12.10	1.63,0.81,2.50,2.50,4.99,1.67,8.35,6.38,1.68,2.55,2.52,3.29,1.63,7.24,0.82,0.85,1.73,2.47,4.81,5.84,0.81,0.84,10.65,10.12,1.70,1.73,0.82,2.44,5.52,8.15,3.36,5.04,0.84,0.85,2.57,1.65,8.84,1.65,4.23,0.83,2.43,5.13,6.71,7.42,2.59,3.36,0.84,11.92,8.21,7.54,6.88,0.83,2.52,0.87,5.75,4.89,5.13,7.39,6.01,0.82,0.85,3.31,6.66,12.10,4.11,1.70,0.84,0.86,1.71,0.85,1.65
3	100904379	100904527	AAGG	4.32	HG02513:4.32	4.32
2	242518415	242519968	AACCCACGGCCAGCT	3.98	HG02513:16.42	4.08,7.34,8.14,0.83,5.84,0.83,3.32,2.50,10.85,7.18,1.67,4.19,5.82,0.84,0.82,0.81,2.41,5.75,6.83,6.92,0.82,4.01,7.51,12.17,0.81,6.73,8.71,2.53,6.80,11.23,3.27,12.58,4.95,13.84,3.15,0.85,7.33,9.24,4.20,13.45,7.65,12.14,11.14,3.31,5.79,7.23,10.73,1.69,4.96,3.13,8.92,0.84,5.86,7.42,0.94,6.05,8.41,9.98,5.86,6.70,1.68,2.58,4.16,5.72,7.49,13.80,5.04,1.63,10.11,11.30,8.07,8.70,11.32,3.22,0.82,3.26,4.07,5.98,13.14,0.83,0.86,0.82,5.12,4.96,16.42,7.54,8.21,3.24,14.47,1.67,0.86,1.65,0.84,3.31,4.19,0.85,1.71,7.52,2.61,8.37,3.32,6.85,4.14,5.79,0.84,5.15,1.71,6.68,5.91,5.09,0.87,4.23,8.46,1.71,2.52,1.69,5.72,0.84,9.32,15.91,0.83,1.69,2.51,1.58,6.51,7.64,0.83,4.23
14	71291592	71292736	AAAG	3.95	HG02513:5.19	0.83,0.82,0.85,1.73,1.63,0.81,0.84,4.16,0.83,1.63,0.82,0.85,5.19,1.70,5.99,0.82,18.39
17	78638287	78639971	AAAGG	3.89	HG02513:35.44	28.57,34.27,12.21,4.99,15.02,9.98,11.64,14.99,14.19,17.55,27.92,6.68,12.56,17.47,26.38,25.50,32.06,13.04,8.21,11.95,18.17,37.81,15.22,9.18,32.47,4.03,18.39,12.65,25.05,14.71,15.93,7.43,18.73,29.97,8.47,10.59,11.16,31.08,28.58,23.54,9.35,20.81,10.29,18.23,16.54,16.07,16.51,19.48,13.22,19.54,5.67,17.62,13.40,12.36,26.43,10.36,10.93,14.14,15.06,26.00,14.78,24.42,13.77,29.12,19.62,24.98,25.88,28.57,35.11,8.43,17.75,11.65,20.85,18.27,12.13,24.97,14.78,29.34,31.75,29.57,16.61,10.30,15.59,26.48,30.61,29.98,35.44,26.80,6.57,21.89,17.02,14.16,5.80,14.08,10.88,15.34,1.57,5.02,6.69,7.86,9.13,15.41,8.27,15.42,14.89,9.85,2.52,8.58,4.28,15.03,5.06,5.09,12.21,4.23,2.54,7.70,0.84,11.02,17.99,13.19,13.97,15.07,1.66,12.64,4.27,2.51,9.46,8.14,6.79,10.75,6.65,0.85
20	49225986	49227163	ACCCCTGCCTCCCCTGCC	3.87	HG02513:5.19	0.83,0.83,0.83,0.83,0.83,0.85,0.84,0.82,0.85,0.81,0.84,1.70,0.84,0.79,0.85,0.81,1.68,2.55,0.86,0.85,2.34,0.82,1.89,0.86,0.83,0.85,0.83,0.82,0.83,0.86,0.82,2.69,0.81,0.82,0.81,0.81,0.82,0.85,0.83,5.19,0.82,1.67,0.82,0.84,0.85,0.87,0.83,0.85,0.86,0.84,0.85,0.84,0.78,0.85,0.79,0.83,0.85
10	104754373	104754853	AAGAGGGGGAGGGGGAGG	3.81	HG02513:7.78	1.63,0.82,2.44,1.66,0.83,0.83,1.67,0.84,3.35,1.68,1.64,1.61,0.85,0.85,1.64,0.80,0.81,2.53,2.59,3.27,2.52,0.79,0.85,2.44,0.86,1.70,0.87,0.86,5.80,0.83,1.61,0.85,0.81,1.71,1.68,0.83,1.67,0.85,2.46,3.35,0.84,2.42,2.61,0.87,0.82,4.07,0.82,0.86,0.82,7.78,1.64,0.81,2.55,0.83,0.86,0.83,3.31,4.19,0.85,4.72,0.87,0.84,3.49,2.48,0.82,8.21,2.57,3.43,0.84,1.70,1.74,0.85,0.86,1.68,0.85,6.54,0.82,0.84,1.55,3.35,2.53,0.85,4.73,0.83,4.16,2.55
4	21715675	21717258	AAAAT	3.73	HG02513:44.09	8.98,18.77,39.91,10.85,15.86,26.74,15.03,46.07,20.42,7.57,21.37,28.17,9.85,17.09,15.62,21.70,4.87,19.34,17.86,17.28,20.13,17.33,19.08,11.14,10.75,13.66,16.09,17.36,23.44,15.40,13.40,30.49,4.32,12.61,15.80,2.55,15.60,7.54,20.21,22.37,13.89,18.32,25.01,13.88,17.92,17.38,10.44,17.24,13.04,8.30,41.85,14.89,44.09,35.17,12.32,34.05,8.51,16.28,18.22,21.54,7.86,6.00,12.19,19.24,13.97,9.96,13.24,17.13,28.77,15.11,14.58,12.85,11.69,21.15,9.41,11.76,16.10,9.00,5.77,32.76,13.20,27.63,10.25,4.18,12.41,12.47,14.39
11	57170317	57171692	AAG	3.68	HG02513:22.48	10.61,4.90,4.89,4.16,5.01,10.82,6.65,3.33,15.88,4.79,7.52,1.68,7.66,5.05,8.23,9.04,5.70,9.66,3.28,5.12,11.96,9.52,4.11,10.42,2.50,16.23,8.06,8.41,9.68,1.69,13.61,16.41,17.98,11.74,13.20,5.70,9.46,2.54,9.78,9.44,8.40,3.36,12.61,20.41,7.80,18.86,3.31,13.23,21.70,3.30,5.08,9.92,2.34,6.49,11.96,9.23,5.86,8.24,13.21,4.32,4.20,4.16,8.37,5.03,10.22,12.32,8.37,12.63,7.74,5.82,8.99,5.83,5.18,7.56,24.50,10.95,14.52,22.40,13.03,12.18,10.51,14.50,9.85,9.78,4.89,3.42,11.50,6.64,6.01,5.74,7.69,12.41,7.49,22.48,15.07,6.57,0.81,13.61,6.00,1.65,16.57,6.70,8.52,9.43,6.00,4.18,6.96,13.39,5.24,7.47,8.56,10.76,5.14,14.07,4.27,5.75,9.23,5.15,5.14,5.85,5.91,6.79,5.23,10.15,0.85,8.56,3.36,4.09,8.25,5.04,5.43,11.72,4.16,1.69,3.42,10.03,1.58,3.40,5.79,2.49,5.93
11	1307978	1309536	ACCCTCCCCGCCGC	3.56	HG02513:10.37	4.90,5.71,9.77,1.67,4.99,3.32,4.16,1.67,5.85,1.60,4.18,2.51,2.50,3.40,0.84,3.29,3.29,3.26,4.02,4.10,0.85,3.42,4.33,4.93,3.20,3.34,4.87,4.03,1.68,1.94,1.69,1.70,2.59,5.72,1.68,0.83,2.44,1.58,1.69,2.44,4.29,1.68,1.68,2.55,1.73,0.86,4.14,2.48,2.41,6.60,4.23,1.65,4.69,2.43,0.85,0.84,5.03,6.59,6.61,4.32,2.52,4.16,2.51,5.87,2.55,4.93,0.84,2.58,2.50,1.63,4.16,6.90,1.68,2.45,3.37,1.79,4.34,3.48,2.43,1.61,0.82,0.81,1.63,2.56,2.46,0.83,0.86,2.46,1.71,2.48,0.83,10.37,1.67,4.11,0.81,3.40,1.67,3.43,0.82,3.36,1.66,4.97,7.54,2.56,4.72,4.29,6.96,4.18,3.49,4.98,5.14,3.31,5.14,3.31,5.75,4.27,6.57,0.84,2.57,3.43,1.67,5.06,1.70,3.49,7.61,5.07,0.86,0.84,0.85,3.27,4.95,5.88,3.11,8.37,3.33,1.69,6.84,3.34,3.94,0.81,6.79,0.83,4.99,3.39,6.77
15	89867799	89868678	ACTCACTCACTCACTCTCTC	3.48	HG02513:4.32	1.68,0.84,0.84,5.72,4.04,4.32,0.86,0.84,0.85,0.84,0.79,1.70
5	177659317	177659899	AGGCCCCGCCCCGC	3.46	HG02513:3.46	0.81,3.46,0.83
6	5927230	5928376	AAAG	3.44	HG02513:6.92	2.45,0.83,1.66,1.67,2.51,3.33,0.84,0.82,1.63,1.61,2.46,1.71,0.80,0.83,0.81,2.52,2.90,1.69,2.55,1.63,0.84,0.81,1.58,0.85,0.86,0.84,4.20,0.84,0.85,0.87,0.86,3.31,0.83,1.61,2.54,0.84,0.82,3.33,0.85,0.84,0.83,3.27,0.83,0.86,4.20,2.45,1.69,1.79,0.87,4.04,0.82,1.71,0.82,2.49,0.82,0.85,3.31,1.67,6.92,0.84,1.62,0.85,3.43,0.83,0.85,1.67,1.67,0.87,2.57,3.43,1.65,0.85,1.71,5.91,1.70,1.69,4.23,2.54,2.45,0.84,0.78,2.53,0.85,0.84,0.81,2.55,2.55,0.85
11	11948508	11948941	ACGGGAGAGGGAGAGGGAG	3.43	HG02513:6.05	0.82,3.33,0.84,2.50,1.68,1.67,4.84,0.97,1.68,5.70,0.81,1.65,1.61,3.13,3.30,2.55,0.86,7.36,2.59,1.74,0.87,0.81,1.72,1.67,6.05,1.66
14	99809937	99810463	ACC	3.42	HG02513:3.46	6.86,6.66,3.46,0.83
3	49237562	49238280	AG	3.41	HG02513:4.32	0.81,4.17,1.62,1.68,0.85,1.68,0.85,0.84,4.32,1.70,3.36
16	89950594	89952081	ACGCCCTCTCCCTCTGCCTG	3.28	HG02513:10.37	4.90,1.63,8.31,0.83,6.65,0.83,5.86,4.16,0.82,0.81,0.84,4.25,4.32,5.87,1.65,3.26,7.10,3.43,2.52,11.77,1.70,7.72,9.94,1.65,1.62,0.84,0.94,3.45,0.85,6.66,5.72,0.83,1.63,8.43,0.81,4.48,2.61,2.61,2.43,6.44,4.93,4.89,6.51,0.82,4.15,8.21,2.56,4.96,10.37,4.19,3.29,1.62,3.40,1.65,0.84,1.57,1.71,3.48,1.67,0.86,0.83,3.43,0.85,1.64,0.85,2.45,1.65,0.78,0.84,2.56,2.37,0.81,0.85,0.83,1.70
9	124403824	124404753	AAAG	3.21	HG02513:4.32	0.83,4.17,0.84,3.36,1.66,0.90,2.61,1.74,0.83,4.32,1.72,0.85
X	19469587	19471072	AAGAG	3.15	HG02513:12.10	0.82,0.82,2.44,4.16,6.68,3.33,1.66,0.83,0.83,2.51,1.60,3.34,0.84,1.66,3.40,5.89,4.93,0.81,4.10,0.85,5.98,1.73,0.82,1.60,2.43,4.03,5.89,0.97,10.12,3.40,0.86,4.09,3.35,2.48,6.51,1.58,6.77,2.44,6.87,1.68,6.73,3.36,5.95,2.60,6.86,4.14,7.44,9.64,1.65,2.54,4.13,0.78,6.83,5.03,7.54,2.83,1.73,3.36,5.82,10.04,5.11,6.57,10.05,2.53,1.72,4.16,2.45,9.99,7.76,1.68,10.11,5.65,5.38,1.74,9.57,8.09,5.64,3.28,5.70,4.89,3.42,9.86,0.83,4.29,4.92,2.56,4.14,5.83,12.10,3.35,6.57,8.11,5.96,1.67,4.28,1.65,2.52,2.36,3.43,1.67,6.96,2.51,3.49,1.66,5.99,1.71,2.48,4.93,1.71,1.64,7.55,5.15,6.00,0.87,5.08,1.69,7.70,0.84,0.85,3.27,4.95,5.04,3.42,3.34,5.52,2.44,2.55,6.65,0.85,4.23
14	89544711	89545958	AAAG	3.08	HG02513:6.92	0.82,0.82,1.66,2.50,0.83,2.51,0.83,1.70,0.84,1.64,0.81,0.80,1.71,1.71,1.73,0.82,1.62,2.42,3.36,0.79,0.85,2.44,0.86,3.40,1.71,1.66,1.65,0.85,0.81,3.42,1.68,2.51,0.94,4.32,2.52,0.83,0.84,0.82,0.84,0.82,0.83,0.86,0.82,1.61,0.90,4.34,3.48,2.42,0.82,0.82,2.46,4.27,0.83,6.92,4.19,1.62,0.85,3.43,0.82,0.84,0.83,1.67,1.75,0.83,2.57,0.86,2.48,0.82,0.82,8.58,2.57,0.84,4.23,0.86,1.65,1.68,5.02,3.42,1.67,3.40,1.69
5	78475509	78477089	AAAGG	3.06	HG02513:58.78	14.69,66.76,16.62,16.66,15.04,20.05,22.62,30.63,28.61,24.68,33.70,24.15,15.59,16.21,22.21,47.58,13.80,6.45,22.71,7.66,32.71,18.98,25.24,29.97,4.89,22.32,12.60,41.20,20.18,54.42,4.29,28.13,33.85,23.51,17.59,51.91,47.08,14.97,15.90,20.53,25.12,14.32,20.80,21.25,26.89,19.36,26.88,21.72,18.27,42.70,57.86,45.18,31.56,14.59,47.59,39.29,24.82,18.32,58.78,33.50,8.92,35.74,17.14,21.77,26.72,35.95,19.24,38.89,21.34,36.12,13.69,12.71,29.44,26.04,20.96,14.14,40.95,21.15,14.44,21.51,15.28
3	45149713	45150764	ACATGCATATATATATAT	3.03	HG02513:6.05	4.17,2.50,1.67,0.84,4.02,0.85,0.82,0.80,0.81,0.97,3.37,0.85,0.86,0.82,0.84,5.52,1.69,2.58,0.84,2.49,2.41,2.34,0.84,0.86,3.35,3.37,0.82,1.68,0.81,2.69,0.82,0.81,0.83,1.64,6.05,2.46,0.81,0.85,0.83,0.82,2.62,0.86,5.08,0.85,0.85
7	157845851	157847150	ACCCCAGAGACGCAGAG	3.02	HG02513:6.05	1.63,0.83,0.83,0.84,1.68,0.85,0.80,1.71,1.68,2.53,0.85,0.82,0.84,0.81,0.79,0.87,2.57,4.14,0.83,0.80,0.83,0.81,1.68,1.89,0.86,0.84,0.84,0.85,1.64,0.84,1.72,0.83,1.73,6.53,0.84,1.61,0.90,0.87,0.81,0.81,6.52,0.85,6.57,1.66,1.71,0.83,6.05,2.52,3.31,3.35,0.85,1.57,0.86,0.84,0.84,0.87,0.83,0.86,0.83,2.48,0.86,2.62,1.69,0.85,0.82,0.82,0.84,0.84,1.69,0.85,2.51,1.58,0.83,0.83
X	9759364	9760743	AATAG	3.00	HG02513:8.64	3.33,2.39,0.80,5.89,3.40,7.78,1.63,1.65,3.26,6.31,2.44,0.84,3.40,0.87,6.86,6.63,2.48,3.21,3.91,2.51,2.47,1.73,3.35,2.51,3.37,2.50,5.88,0.84,2.61,5.66,1.64,1.63,1.72,1.71,8.64,0.82,0.83,1.71,5.03,3.31,1.67,7.86,2.62,2.49,1.65,0.82,0.82,1.68,4.22,0.87,0.86,0.84,7.63,2.45,3.30,1.68,2.33,4.16,2.53,1.71,1.63,0.85,2.48,0.83
3	76860046	76861671	AAGG	2.98	HG02513:7.78	2.50,2.51,3.35,0.85,2.47,2.41,1.64,1.71,3.42,4.11,0.83,0.84,2.90,5.06,1.70,3.46,4.09,0.84,2.48,4.89,0.79,4.20,0.84,2.57,2.48,4.82,0.85,3.24,0.84,0.84,3.35,0.83,0.86,3.36,0.84,5.65,1.79,6.08,3.48,0.81,3.28,2.44,3.42,1.66,3.43,3.28,2.56,5.79,5.00,7.78,2.50,4.14,4.14,1.57,0.86,1.67,1.75,0.83,0.86,0.82,1.64,3.43,1.71,1.67,0.84,0.85,0.85,0.86,0.84,0.85,4.09,0.85,0.84,2.44,7.48
15	89867573	89868960	ACTC	2.85	HG02513:11.24	0.80,3.35,2.56,0.85,1.67,0.97,4.09,0.81,3.36,1.70,4.29,1.66,3.91,0.82,1.73,0.84,0.83,0.84,1.68,8.98,7.58,1.74,0.87,7.28,3.28,2.44,0.82,0.83,11.24,2.46,2.55,3.43,4.14,1.66,1.70,15.72,1.71,1.67,0.87,2.51,0.83,2.48,10.28,2.47,4.93,0.84,2.57,0.84,1.69,2.62,2.54,2.54,0.86,3.36,5.72,0.84,2.50,0.85,2.37,0.81,6.79,11.03
15	101307599	101308940	AAAACCACCACCCTGGGGCC	2.73	HG02513:9.51	3.27,0.82,3.26,3.33,1.67,4.99,4.16,2.50,7.51,2.51,3.99,5.01,6.70,3.33,1.70,2.52,1.65,2.47,0.81,1.61,3.28,0.85,2.56,2.60,2.47,4.81,3.34,1.62,4.03,5.05,1.94,4.22,3.40,6.05,1.63,1.68,3.30,4.07,1.58,1.69,4.89,4.29,3.36,0.84,4.20,2.55,2.60,3.43,3.31,3.31,3.21,2.48,3.31,5.47,2.43,5.13,1.68,5.03,3.30,0.94,4.32,5.88,2.50,5.02,5.03,1.70,1.64,4.19,0.84,2.58,4.16,4.90,3.33,2.59,2.52,4.08,7.58,4.84,1.79,7.82,1.74,3.23,4.03,1.64,1.63,4.07,2.56,8.22,0.83,2.57,4.10,4.27,3.31,3.33,9.51,3.35,5.75,3.40,4.17,4.94,2.52,1.66,4.14,4.19,1.70,3.93,2.57,3.34,3.48,2.51,6.11,2.49,3.42,4.14,3.43,5.79,7.40,4.27,1.64,0.84,3.43,1.71,0.84,1.69,3.40,6.11,2.54,0.85,2.57,4.20,5.93,9.81,3.30,2.52,2.33,3.35,3.33,3.37,5.98,2.51,2.37,2.44,2.55,5.79,3.33,9.34,3.39
3	98062412	98062413	AAC	2.59	HG02513:2.59	2.59
6	160401089	160401410	AAGGAGGG	2.59	HG02513:2.59	2.59
9	76678931	76679118	AAAT	2.59	HG02513:2.59	0.80,2.59
7	105669000	105669274	AAAG	2.57	HG02513:2.59	0.82,0.83,0.86,2.59
2	204115924	204116885	AT	2.55	HG02513:6.92	1.63,1.63,2.44,1.67,0.83,2.50,2.50,2.39,2.51,2.47,4.89,1.64,2.56,1.73,2.50,1.68,1.63,1.65,1.58,0.84,3.36,0.85,4.34,2.57,1.66,0.83,0.85,4.13,5.47,2.56,0.84,2.59,1.68,0.83,0.84,2.55,4.11,1.67,2.53,1.72,2.52,2.45,3.23,0.90,2.61,7.28,4.03,5.75,5.12,6.62,6.92,0.82,3.24,0.82,1.71,1.69,1.68,1.66,1.69,1.67,3.25
12	99532645	99533756	AAAG	2.49	HG02513:8.64	4.07,4.16,1.67,0.80,1.68,0.85,1.68,2.56,2.56,0.87,0.82,0.80,8.71,1.73,8.39,2.48,1.58,2.54,4.89,2.58,5.88,1.68,3.36,5.10,0.87,2.57,4.97,1.65,4.23,2.51,3.29,0.86,0.83,6.54,3.33,1.73,1.68,1.63,2.53,1.79,5.21,1.74,0.81,3.28,0.85,0.82,5.15,8.21,0.85,4.96,0.83,8.64,6.70,4.05,0.85,1.67,3.30,1.66,0.84,7.07,3.43,0.87,0.86,2.56,0.86,1.74,1.69,1.71,0.85,2.45,3.33,2.53,2.56,12.54,1.58,0.83,0.83
3	181535288	181536542	AAG	2.40	HG02513:6.92	0.83,2.50,0.84,0.80,2.51,0.82,0.82,2.90,1.73,0.82,1.68,0.86,0.85,0.87,1.65,1.56,1.71,0.84,0.94,0.84,1.68,1.70,0.86,0.82,1.73,1.69,3.48,0.87,0.81,0.81,1.64,0.82,0.83,0.83,6.92,0.84,0.81,0.82,0.84,0.85,0.84,0.83,6.62,1.65,4.27,4.10,0.84,0.85,0.85,5.92,11.45,0.78,8.36,5.94,0.83,0.85
3	1001674	1003774	AAGG	2.19	HG02513:39.76	20.41,34.27,26.87,32.43,27.54,33.28,34.08,25.82,27.55,35.10,32.70,20.88,30.15,19.97,37.44,19.36,31.26,33.70,37.49,15.29,22.16,29.86,24.78,27.68,23.84,19.23,27.54,34.09,30.62,28.60,18.39,25.30,44.23,24.19,25.33,29.35,20.63,26.06,27.61,27.10,21.19,24.90,22.68,31.95,31.10,27.21,20.81,41.15,28.17,28.12,35.36,18.16,23.71,28.93,25.79,17.02,27.33,17.62,24.30,28.02,29.26,26.77,35.31,20.79,21.76,15.10,29.81,33.67,34.33,21.90,27.54,37.43,21.25,21.65,33.64,22.69,30.21,26.12,33.08,28.68,19.98,27.85,34.77,26.58,31.20,35.04,28.50,31.62,28.75,18.27,28.31,29.54,34.16,19.03,34.14,39.76,26.80,23.82,16.22,22.97,28.32,25.71,33.79,20.14,19.88,25.68,24.28,17.05,26.72,16.28,18.39,22.63,21.75,29.68,28.22,23.97,33.10,37.69,17.37,28.77,40.11,32.01,25.18,16.29,26.56,23.38,24.47,19.52,19.19,27.07,32.14,23.10,26.89,32.20,25.35,24.74,37.81,27.17,30.98,33.27,19.38,26.49,27.58,30.75,34.98,22.93,30.61,27.44,25.46,22.86
12	104811426	104811796	ACGGGAGAGGGAGAGGGAG	2.16	HG02513:3.46	0.84,0.86,3.15,0.81,0.86,1.68,1.69,1.62,2.42,1.62,0.86,3.46,3.24,0.87,0.85
16	54473464	54474790	AAG	2.12	HG02513:7.78	3.27,4.90,5.70,2.49,1.67,3.33,0.83,2.50,2.50,1.67,0.80,0.84,1.70,4.11,2.47,0.81,2.41,0.82,2.56,5.13,6.92,3.29,0.80,0.83,0.81,0.84,4.84,4.22,6.80,0.86,3.27,6.71,1.65,4.89,0.79,1.69,0.81,6.01,0.84,1.68,0.84,1.70,3.47,1.71,3.31,3.31,0.83,2.54,0.78,0.85,1.68,2.47,0.94,3.45,4.20,4.16,0.84,0.85,2.46,3.35,1.68,0.86,2.50,0.82,3.33,3.45,2.52,4.08,1.69,5.65,1.79,1.74,6.09,4.04,4.03,1.64,0.81,2.44,1.71,3.29,0.83,3.43,2.46,2.56,0.83,7.78,1.67,0.81,0.85,2.50,0.86,0.82,1.68,5.80,2.48,1.67,2.56,0.79,0.84,0.87,0.84,0.87,4.28,0.86,2.48,2.47,5.12,3.28,5.88,2.57,4.28,0.84,1.69,1.70,1.74,0.85,4.23,1.71,0.85,1.64,0.82,1.68,1.55,1.67,2.50,1.69,2.56,5.01,2.37,3.25,1.70,0.83,0.83,0.85,2.54
7	80022505	80023425	ACACATATATATAT	2.10	HG02513:2.59	0.81,0.87,3.33,0.83,1.73,0.84,0.87,0.82,2.59
8	82935256	82936511	AAAG	2.05	HG02513:15.56	5.71,8.16,11.68,0.84,11.73,5.89,3.26,9.86,5.01,12.59,6.75,9.36,3.46,2.45,11.74,6.60,4.07,3.94,6.01,10.93,5.10,10.75,9.40,12.58,1.68,4.94,4.99,5.02,5.75,9.21,3.33,14.99,15.53,10.08,5.06,16.14,19.14,10.51,16.11,9.78,4.89,7.69,5.75,8.30,8.21,1.71,4.14,15.56,5.02,13.14,4.86,7.66,9.16,5.87,7.45,6.70,5.22,5.14,4.36,8.56,3.39,9.32,2.50,7.69,10.19,7.45
GL000220.1	144057	145133	AATAC	2.05	HG02513:4.32	1.66,0.80,0.82,0.82,0.84,0.84,0.83,0.79,0.84,0.85,0.87,0.86,0.83,0.80,1.65,1.69,2.34,0.84,0.82,0.84,1.67,0.82,0.83,0.82,2.42,0.90,2.61,0.81,0.81,0.82,1.63,0.82,1.71,4.32,0.85,2.52,0.84,3.93,6.00,0.84,3.31,0.82,1.71,0.84,2.57,0.84,1.64,0.82,0.78,0.83,0.85,0.81,1.70,1.65,0.85
8	698178	698858	ACCCGCCCATCCCACCGCAG	2.04	HG02513:10.37	7.35,0.82,8.96,2.49,4.17,0.83,2.49,6.66,4.17,1.67,1.67,3.35,0.83,7.66,1.68,1.65,3.29,5.70,0.80,4.92,5.12,0.85,5.19,3.29,2.40,0.81,4.03,2.52,1.94,7.59,5.10,3.46,4.09,2.44,11.04,2.54,4.07,3.43,1.68,0.84,5.88,10.20,7.80,8.28,0.83,4.02,1.65,3.39,4.13,2.34,2.43,7.69,1.68,0.84,6.59,2.83,3.45,7.49,5.02,0.84,5.96,13.14,2.51,5.05,1.72,0.83,0.82,3.33,3.45,4.90,4.21,2.42,1.79,0.87,0.81,3.22,3.28,9.78,3.26,2.56,0.82,4.15,3.43,1.64,6.83,3.31,9.16,10.37,6.70,4.93,6.49,5.96,3.33,2.57,2.47,0.84,2.48,3.31,3.35,2.56,6.29,2.57,0.84,1.74,2.51,1.66,3.42,4.14,2.57,0.83,4.11,0.85,2.46,5.04,0.86,1.71,0.84,5.94,0.87,4.23,1.69,2.57,1.68,0.85,2.45,3.30,3.36,4.66,6.70,4.99,3.37,4.27,3.15,4.07,4.25,1.65,4.16,1.70,2.54
13	98850488	98851071	AGCAGGGAGGGGGAGCGG	2.04	HG02513:6.05	1.66,2.51,3.29,1.63,2.43,4.22,2.55,2.59,0.84,2.48,5.70,3.94,1.63,4.20,3.36,0.84,1.71,3.31,2.48,4.02,0.83,0.84,1.66,0.84,1.66,1.67,2.59,4.08,4.21,6.45,1.79,1.74,0.82,3.26,1.71,0.82,2.57,6.05,2.51,0.81,2.47,0.83,0.83,2.51,1.70,0.79,0.86,0.84,0.87,0.87,1.71,1.64,3.28,2.52,0.86,6.68,0.84,0.85,0.85,0.85,2.45,1.68,1.55,0.83,0.84,1.71,0.79,1.63,1.65,0.83,0.85
1	235130870	235132273	ACATATATATATATATAT	2.03	HG02513:3.46	0.83,0.84,1.58,1.61,0.78,0.83,0.81,1.79,0.87,0.87,0.81,0.85,0.83,3.46,0.81,2.50,0.84,0.87,0.82,1.71,2.45,0.82,0.79,3.25,4.96
1	192017185	192018346	AAG	2.01	HG02513:6.05	0.82,2.45,1.63,0.83,1.66,3.32,1.67,0.83,0.84,0.80,0.84,1.68,1.66,1.68,0.82,2.47,0.81,0.80,2.46,0.85,1.71,3.46,1.64,4.01,2.50,4.06,3.22,0.84,1.94,0.84,2.59,3.27,1.68,1.65,1.63,1.58,0.85,1.72,4.20,0.84,1.70,0.87,3.43,0.83,4.02,1.69,2.48,1.56,1.62,1.71,2.52,1.65,0.94,4.32,2.52,0.83,2.52,2.46,1.67,1.68,4.30,1.66,2.50,6.04,2.52,0.82,0.84,1.61,3.58,1.74,1.74,0.81,0.81,0.82,1.63,0.81,1.64,1.66,1.72,1.64,0.85,0.83,6.05,0.82,1.70,1.67,1.71,1.68,0.83,2.48,4.19,0.85,0.79,1.71,0.87,0.84,1.75,2.49,2.57,2.57,2.48,0.82,0.85,1.64,3.36,4.28,1.67,2.53,2.55,0.87,1.69,1.71,2.52,2.54,4.12,2.33,0.84,1.66,2.56,1.67,3.94,0.81,2.55,1.65,1.66,1.70
8	142723312	142724521	ACC	2.00	HG02513:7.78	1.63,0.82,3.26,0.83,2.50,5.82,3.32,1.67,4.17,2.51,2.39,1.67,4.19,7.49,1.70,3.37,1.65,4.93,1.63,3.22,2.46,5.97,3.42,1.73,2.47,4.81,2.50,5.68,3.22,4.21,3.87,4.22,3.40,1.73,5.72,1.68,4.13,2.44,3.15,1.69,4.89,4.29,3.36,5.89,2.52,0.85,2.60,5.14,2.49,4.96,0.80,2.48,4.23,4.96,1.56,2.43,7.55,2.51,2.47,2.83,1.73,4.20,2.50,3.35,1.68,2.55,2.46,5.86,1.68,0.86,2.50,2.45,1.67,3.45,2.52,4.08,0.84,1.61,1.74,0.87,4.85,1.61,1.64,5.70,3.26,2.56,2.46,1.72,4.10,5.12,4.96,0.83,7.78,1.67,5.75,3.24,1.70,1.67,2.57,3.30,5.03,2.48,2.48,2.51,5.11,4.72,0.86,5.02,4.18,3.49,2.49,1.71,2.48,3.43,2.48,4.11,3.41,4.10,5.88,3.43,1.67,3.38,2.55,2.62,3.38,4.23,1.71,2.52,4.24,1.64,2.47,4.20,3.88,2.51,4.16,1.69,4.27,0.84,2.37,0.81,3.40,4.14,3.33,1.70,3.39
X	150821699	150822616	AAAG	1.98	HG02513:2.59	0.85,0.81,0.85,0.80,0.83,1.73,0.83,2.59,0.84,0.87,1.64
18	60835794	60836907	AAAG	1.97	HG02513:3.46	1.68,0.82,0.84,0.81,0.85,0.85,0.87,0.86,0.81,0.87,0.83,3.46,0.82,2.43,5.00,2.52,0.83,3.93,0.86,1.67,0.86,0.86,6.68,0.82,0.81
6	160400606	160401746	AAAG	1.96	HG02513:8.64	14.66,8.42,13.98,9.39,8.64,9.89,11.14
9	121429614	121430880	AAAG	1.92	HG02513:8.64	6.91,7.35,6.60,6.52,0.86,5.88,3.36,5.04,3.31,6.62,4.20,3.33,1.68,10.75,2.61,5.22,7.28,13.14,5.70,5.81,14.52,5.83,8.64,3.29,2.43,4.35,4.28,2.48,6.00,0.85,2.51,2.50,4.21,1.70,1.69
15	83388606	83390137	AAG	1.86	HG02513:4.32	0.83,0.83,0.80,5.03,1.63,4.83,0.82,0.87,1.67,1.73,2.54,0.84,0.84,1.66,1.65,2.54,1.68,0.82,0.94,0.84,0.82,3.37,0.86,0.83,2.53,1.61,0.90,2.61,0.81,2.44,2.49,0.85,0.83,1.67,4.32,0.85,0.85,1.71,1.74,0.84,1.66,0.86,1.64,0.85,3.36,1.74,0.85,1.64,1.68,1.63,0.83,0.85,1.69
10	3815003	3815237	AAATATATATATACATATAC	1.83	HG02513:2.59	0.80,0.85,0.81,0.85,0.83,0.80,2.50,0.82,2.59,1.64,0.82,0.84
X	143793454	143794664	ACACATATATATAT	1.82	HG02513:7.78	1.66,0.83,0.84,1.67,0.84,1.68,0.82,0.83,2.42,0.84,3.87,8.43,3.40,4.09,2.52,0.81,3.94,4.23,0.81,5.04,4.20,8.41,1.70,0.86,4.14,1.56,0.84,0.84,0.86,9.98,3.27,0.83,1.73,1.68,1.69,12.10,2.69,1.74,8.09,0.82,5.75,1.66,2.57,4.10,4.14,7.78,5.02,3.40,3.30,1.66,0.85,3.35,0.87,2.56,1.71,1.69,3.40,5.92,5.13
15	89867699	89868778	ACTCACTCACTCTCTC	1.81	HG02513:5.19	3.87,0.84,0.82,0.85,1.71,7.46,0.84,0.84,0.84,1.63,2.61,2.43,7.39,2.44,2.46,1.66,0.83,5.19,0.82,1.70,1.65,0.85,1.57,2.61,0.83,0.83,5.14,1.64,4.10,2.52,0.84,0.86,1.68,1.68,3.15,8.49,0.85
Y	58980266	58980965	AATGG	1.78	HG02513:4.32	0.82,2.44,0.83,0.83,0.83,1.60,1.67,0.84,0.85,0.82,0.81,2.41,0.82,1.64,1.60,4.06,1.61,1.94,0.85,2.45,0.84,2.48,0.81,0.79,0.85,0.86,1.68,0.85,0.83,3.31,0.80,1.68,0.84,0.86,0.84,0.84,0.86,0.83,2.45,4.16,0.86,1.68,1.69,0.81,0.90,1.74,1.62,1.64,1.63,1.71,0.83,1.64,0.83,4.32,1.64,1.62,1.70,1.67,6.59,0.84,0.83,0.83,0.79,0.84,0.87,1.66,0.86,2.57,0.83,0.85,0.82,1.68,0.86,0.84,1.69,1.70,1.69,0.86,0.85,0.82,0.84,0.85,0.81,0.85,0.83
10	133144566	133145596	AAGGAAGGAAGGGAGGGAGG	1.78	HG02513:3.46	0.82,0.83,0.80,1.73,1.64,0.97,0.84,0.86,2.45,0.84,0.84,1.68,0.85,1.71,1.66,0.85,2.43,0.84,0.86,1.61,2.69,2.61,0.81,0.82,0.81,0.83,0.86,0.83,3.46,1.64,0.81,0.78
2	216547116	216547944	AAAAG	1.73	HG02513:1.73	14.77,1.73
3	176787650	176787941	AAGG	1.73	HG02513:1.73	5.10,5.66,1.73
1	168998392	168998516	AG	1.73	HG02513:1.73	1.73,0.86,0.82
9	21639265	21639461	AAAG	1.73	HG02513:1.73	1.73,0.82
10	66756760	66756761	AAAT	1.73	HG02513:1.73	1.73
11	48662633	48662801	AAAGG	1.73	HG02513:1.73	1.73
12	108606276	108606277	AG	1.73	HG02513:1.73	1.73
19	34515983	34515984	AACCCT	1.73	HG02513:1.73	1.73
4	173072991	173072992	AGAT	1.73	HG02513:1.73	1.73
4	55235148	55235149	AAGAG	1.73	HG02513:1.73	1.73
7	1617725	1617726	AATGG	1.73	HG02513:1.73	1.73
9	12913188	12913189	AC	1.73	HG02513:1.73	1.73
X	136820949	136820950	AAAG	1.73	HG02513:1.73	1.73
X	70454132	70454133	AAAG	1.73	HG02513:1.73	1.73
5	116375578	116376443	AAAAT	1.73	HG02513:1.73	0.86,1.73,0.87
4	93789038	93789055	AAAG	1.73	HG02513:1.73	0.85,1.73
14	104674119	104674351	ACACCAGCAGAGCCGTG	1.72	HG02513:1.73	0.90,0.83,1.73
7	32479237	32479429	AGATATATATATATAT	1.72	HG02513:1.73	0.84,1.73,0.84
1	219648974	219649362	AG	1.71	HG02513:3.46	0.83,0.83,0.83,1.67,3.34,0.83,1.68,4.11,0.82,0.85,1.73,1.70,0.84,2.57,0.83,0.83,0.78,1.68,0.94,2.52,0.84,0.82,0.83,1.63,0.82,0.83,3.46
11	112680492	112680827	ACAT	1.71	HG02513:1.73	0.80,1.73,0.83
3	74708106	74709884	AATATATACAGTATAT	1.70	HG02513:22.48	11.43,19.58,13.03,22.45,15.86,7.49,5.82,12.49,16.70,8.36,13.56,28.40,15.08,17.47,18.72,5.89,16.45,11.51,13.04,15.29,14.77,5.97,21.36,12.98,14.80,13.62,11.68,15.42,10.48,5.05,13.55,8.43,15.31,10.37,9.81,13.42,9.90,17.10,14.99,14.40,8.15,10.30,14.28,12.61,16.81,6.80,6.07,9.43,11.60,14.89,12.05,21.47,11.86,14.88,14.85,9.73,9.40,15.94,6.70,11.54,11.33,12.95,16.81,10.81,10.88,8.39,7.66,9.86,12.56,7.58,20.65,1.66,11.44,14.99,6.04,11.76,14.70,16.01,8.88,9.86,6.95,10.44,4.85,12.89,14.78,9.78,18.73,7.69,13.14,14.12,12.87,5.74,11.96,14.89,9.16,22.48,7.54,11.50,10.54,8.51,11.66,9.43,9.07,12.59,7.45,19.88,15.91,5.11,19.65,6.86,21.74,13.93,10.88,16.59,14.94,7.70,8.27,10.28,6.62,11.51,10.24,8.21,10.07,3.43,4.28,10.86,13.50,5.09,9.60,10.15,5.92,12.84,11.76,3.39,8.18,7.42,14.28,27.95,11.72,4.99,16.86,15.38,16.72,10.25,13.02,16.99,9.10,21.62,7.64,10.16
20	51689016	51690021	AGGGAGGGATGGATGG	1.70	HG02513:2.59	0.83,0.84,0.84,0.82,0.80,0.82,1.67,0.97,0.81,0.86,0.80,0.83,2.59,3.14,1.65,1.65
9	32656861	32657451	AAGG	1.70	HG02513:1.73	1.74,1.73,0.79,0.81
5	1816086	1817581	AAGGCGAGAGGG	1.69	HG02513:12.97	8.16,9.79,2.44,3.33,2.50,3.33,4.16,6.66,2.50,5.01,1.60,0.84,1.68,8.32,5.96,4.21,1.65,4.11,1.63,4.83,2.46,5.12,5.98,7.79,4.11,3.20,4.17,6.49,0.81,7.57,4.84,5.06,11.06,0.86,3.27,8.39,8.25,6.51,7.10,8.47,8.15,3.43,1.68,5.89,0.84,2.55,6.94,3.43,6.63,5.79,2.41,7.43,5.08,7.44,7.81,2.43,5.13,4.19,4.19,5.77,2.83,6.05,5.88,3.33,11.71,5.03,4.26,5.75,2.51,4.21,6.88,4.16,3.27,7.49,7.76,2.52,6.53,4.21,8.07,4.48,11.30,5.22,6.47,11.28,2.46,3.26,3.26,0.85,4.93,4.15,2.57,3.28,5.12,5.79,4.16,12.97,8.37,4.11,5.68,0.85,11.66,10.28,9.07,10.91,3.31,5.80,10.88,2.56,3.93,8.57,5.85,8.70,5.86,5.24,7.47,4.28,14.89,4.28,7.45,8.22,7.68,4.10,4.20,9.43,8.57,2.51,10.13,7.64,1.74,11.84,9.30,5.99,12.60,6.78,8.18,9.90,10.08,9.32,1.67,8.32,11.80,11.11,8.36,10.25,8.95,11.04,2.48,4.99,9.34,4.23
4	61252752	61253361	AAAG	1.66	HG02513:2.59	0.83,0.80,1.71,1.68,0.86,1.69,0.84,0.83,0.86,0.82,0.87,0.87,0.81,0.85,0.83,2.59,1.62,0.79,0.83,0.85,0.84,0.85
1	52372215	52373070	AGGG	1.64	HG02513:8.64	0.82,1.63,4.07,7.48,3.34,0.83,1.67,1.67,2.51,0.80,0.84,1.68,0.83,0.85,4.11,2.47,0.81,1.61,4.33,3.29,1.60,2.50,4.06,0.81,0.84,1.94,5.06,1.70,1.73,2.45,6.71,1.65,9.46,5.08,1.63,1.72,5.04,5.04,1.70,0.86,4.14,1.65,3.21,0.85,2.34,0.81,0.85,0.84,3.35,0.94,0.86,1.68,1.67,0.84,4.26,1.64,0.84,0.86,8.32,3.27,0.83,5.18,0.84,2.45,1.69,3.23,0.90,0.87,3.48,9.70,0.81,0.82,7.33,5.70,0.85,9.04,0.83,1.72,10.67,1.71,2.48,2.50,8.64,3.35,2.46,6.49,4.25,1.67,2.47,1.68,1.66,0.83,0.85,2.36,2.57,0.84,0.87,1.67,0.87,0.86,1.71,0.82,0.85,2.52,1.72,2.51,0.84,1.74,3.38,2.54,4.91,0.82,1.68,4.19,0.83,0.84,1.58,1.63,0.85,5.79,4.99,1.70,2.54
17	53262231	53262329	AGG	1.61	HG02513:1.73	0.81,0.81,0.83,0.83,1.73,0.84
12	122116224	122116803	AG	1.60	HG02513:2.59	0.82,0.81,0.83,0.83,2.51,0.84,2.41,4.27,0.94,2.46,0.90,2.59,0.84
12	67583138	67583402	AAAG	1.60	HG02513:1.73	0.79,0.83,0.84,1.73,0.81
7	105373484	105374435	ACCCATCCATCCATCC	1.58	HG02513:4.32	0.82,0.82,0.81,0.83,0.84,0.83,0.84,0.82,0.82,0.85,1.73,1.64,0.84,0.84,2.59,1.63,0.84,2.44,1.69,4.89,1.68,0.84,0.85,0.83,0.81,0.84,0.86,0.84,0.82,1.66,1.63,1.67,1.68,0.82,0.84,1.61,0.87,1.63,0.85,2.46,0.83,1.64,3.42,1.65,0.83,4.32,1.70,1.67,0.84,0.83,1.70,1.71,0.84,1.74,1.67,3.32,2.57,1.71,0.83,1.64,3.28,1.68,1.70,0.85,2.54,5.08,1.65,3.35,1.66,0.79,1.65
5	131615985	131616287	AAG	1.55	HG02513:1.73	2.45,1.73,0.79,0.86,0.86,0.84
5	148921835	148922433	AT	1.55	HG02513:1.73	0.83,0.84,0.83,1.73,0.85,0.81
X	44389856	44391012	AC	1.54	HG02513:2.59	2.50,0.84,1.73,1.68,0.84,0.86,0.83,0.84,0.81,0.81,2.59,0.83,2.52,1.67,2.36,0.86,0.86
10	37356859	37357880	AAGG	1.54	HG02513:1.73	6.05,0.81,0.90,0.87,1.73,0.84
1	102019513	102020102	AATATATATGTATATAT	1.52	HG02513:4.32	1.63,0.83,0.83,1.66,2.50,0.84,1.60,1.68,0.85,1.68,0.82,0.82,3.46,3.29,2.55,0.79,2.58,0.84,0.84,0.87,2.41,0.83,0.85,4.69,0.81,0.84,0.82,1.70,3.35,1.68,2.58,0.82,0.84,0.87,0.81,0.81,0.86,0.82,4.32,0.84,2.48,1.66,0.79,3.43,0.87,0.84,5.81,0.86,1.65,0.86,0.83,0.82,0.85,0.87,2.54,1.68,1.69,1.65,2.55,0.85,0.85
X	870209	871675	AAAG	1.51	HG02513:26.80	0.82,9.99,6.38,12.07,0.82,15.02,11.28,25.17,30.36,11.91,6.54,26.00,9.08,17.91,12.70,18.74,22.32,15.96,10.09,18.49,28.06,11.27,19.72,8.27,5.63,0.78,5.03,12.48,9.20,11.50,21.63,8.99,9.99,22.43,10.92,13.88,10.95,15.33,16.13,7.82,18.27,26.69,15.30,23.63,14.66,23.07,5.15,15.59,10.25,29.78,15.82,26.80,5.86,21.35,6.49,9.36,5.86,7.71,5.85,1.71,9.10,9.93,0.85,0.82,0.86,6.75,3.40,5.23,10.99,1.71,9.24,11.02,0.84,0.84,12.64,12.82,0.84,15.46,11.03,4.23
18	75988717	75989404	AAGGGAGGGAGGGAGGAGG	1.51	HG02513:3.46	0.82,1.63,2.49,0.83,0.83,1.67,0.80,0.84,0.84,0.83,0.85,0.82,0.82,0.85,2.56,0.87,0.82,1.67,0.84,1.73,1.65,0.84,0.84,0.84,0.80,1.56,1.64,0.84,1.63,0.81,0.87,0.81,0.81,0.85,4.11,1.64,0.85,3.46,0.82,0.81,0.85,0.86,0.82,0.84,1.66,0.85,0.84,0.83,0.85,2.52,0.85,2.33,3.35,0.84,0.83,0.83
X	111728131	111729338	AAAATATATATATG	1.50	HG02513:4.32	1.63,0.81,0.83,0.83,1.66,1.67,1.67,0.84,1.60,1.67,1.68,0.83,1.68,1.65,1.61,1.71,0.87,2.47,1.61,0.84,4.32,1.65,0.79,1.69,0.81,1.68,5.95,1.71,0.83,0.83,0.83,3.13,2.43,0.85,2.52,0.84,0.82,0.86,2.52,3.33,0.84,1.64,3.35,0.84,0.86,0.86,1.68,1.69,0.81,0.81,1.63,0.82,2.57,2.46,0.85,0.83,4.32,1.70,1.68,0.79,1.71,0.84,0.87,0.85,0.82,0.86,1.71,0.87,2.54,1.68,0.82,2.50,4.18,0.79,0.81,0.85,2.49,1.69
14	93612317	93613580	AAAG	1.48	HG02513:19.02	6.86,0.83,0.86,1.61,0.85,19.02,14.78,15.83,25.32,20.69,26.56,3.31,9.39,6.57,9.23,16.29,15.03,8.44,23.69,12.69,13.44,5.98
7	144716236	144716500	AAATATATATATAT	1.48	HG02513:1.73	0.85,0.97,1.70,0.82,0.82,1.73,0.84
4	73414948	73416354	AAGGAG	1.47	HG02513:4.32	5.71,0.83,0.80,3.34,2.90,0.84,1.73,1.68,0.79,1.63,0.86,3.36,1.68,2.57,1.65,0.81,0.84,1.68,4.99,3.37,1.74,1.61,1.63,2.56,10.68,0.82,4.32,0.82,4.86,0.85,0.85
1	3500401	3500890	AACGCGCAGCCACCAGCC	1.47	HG02513:1.73	0.85,0.83,0.90,0.87,1.73,0.85,0.85
2	33141296	33141535	ACCCCCCCCCCCCCCCC	1.47	HG02513:1.73	0.83,0.84,0.81,0.87,0.83,1.73,0.86
11	125047858	125049058	AAGG	1.46	HG02513:6.05	0.82,1.94,5.18,0.82,0.85,5.04,0.85,3.31,2.50,2.59,4.20,1.61,4.89,1.72,3.28,0.83,6.05,1.67,2.57,2.47,3.31,7.45,0.84,5.50,3.34,0.87,3.35,4.15,0.86,4.96,0.82,0.84,1.71,0.87,0.86,4.20,5.93,2.52,3.35,4.27,3.34,1.63,0.83,1.70,0.85
2	158410017	158411361	AAAG	1.43	HG02513:8.64	2.50,0.83,2.51,1.68,0.81,0.80,0.85,0.80,2.90,1.69,1.70,2.52,3.30,2.37,1.68,4.29,1.66,1.65,3.21,7.44,2.34,1.68,0.84,0.84,4.09,1.67,0.86,1.68,1.63,10.95,9.68,0.90,8.09,1.64,1.63,10.58,1.71,1.64,7.47,19.73,3.31,8.64,5.02,0.81,1.70,0.86,0.82,5.87,1.66,2.36,0.86,0.84,6.64,0.86,1.65,1.71,4.11,1.64,0.84,3.43,1.67,2.53,1.74,0.85,0.86,2.54,2.45,3.88,3.35,1.66,4.21,0.85,1.67,3.94,1.69
16	27880767	27881485	AG	1.43	HG02513:2.59	0.82,0.80,2.51,0.84,0.82,0.87,0.82,0.80,0.81,0.84,1.94,0.84,0.85,1.66,0.83,0.85,0.78,0.84,0.81,1.79,0.87,0.81,1.66,0.83,2.59,0.86,0.84,0.84,0.87,0.82,0.84,1.71,0.85
10	69061200	69062144	AAAG	1.41	HG02513:1.73	0.84,2.60,0.83,0.84,0.87,1.73,0.81,9.24
11	134904838	134905767	ATCC	1.40	HG02513:4.32	2.45,3.26,0.83,0.83,1.67,0.83,1.67,1.60,0.84,0.83,0.85,0.84,0.82,1.64,0.85,0.87,0.82,0.80,0.81,0.84,1.94,1.70,0.86,1.68,0.81,0.81,2.52,4.25,0.86,0.83,2.48,0.83,0.78,0.84,0.82,1.73,0.84,2.51,0.84,0.83,0.82,0.83,0.86,2.52,0.81,0.90,0.87,0.87,0.82,0.81,2.56,0.82,0.83,0.86,2.48,1.67,4.32,0.81,1.70,2.50,0.86,0.82,3.36,1.66,1.67,1.71,2.51,1.74,0.84,1.75,3.32,3.42,1.65,0.86,0.82,0.86,1.71,0.84,0.85,0.86,0.84,1.69,0.82,0.84,0.78,2.50,1.69,1.63,3.31,4.16,1.69
X	20112107	20112949	AT	1.39	HG02513:1.73	0.81,0.85,0.83,0.84,1.61,0.90,1.73
1	243114285	243115374	AAAG	1.38	HG02513:3.46	0.81,0.83,0.84,0.84,0.84,2.52,0.82,1.71,0.85,0.81,1.61,0.97,0.86,0.84,0.83,1.63,1.68,1.66,2.48,2.51,0.84,1.68,0.84,0.84,0.86,0.83,0.86,2.42,0.81,3.26,0.81,5.81,2.46,3.46,0.81,0.83,0.83,0.83,1.64,0.84,0.87,0.86,0.84,0.82,2.52,1.58,1.70,0.85
10	13189609	13190428	AT	1.38	HG02513:2.59	1.63,0.83,0.82,0.79,0.83,0.83,1.56,0.84,0.82,0.81,0.81,0.81,4.07,0.83,2.59,0.86,1.71,3.28,0.86,0.86,0.85,0.84,3.31,0.85
X	83269524	83270099	ACACGTATATATATATATAT	1.36	HG02513:1.73	0.79,0.84,0.84,2.52,0.83,0.84,1.73,0.84
16	55358619	55360375	AAAG	1.33	HG02513:9.51	0.82,1.63,0.83,0.84,1.68,1.64,0.85,2.47,2.43,0.84,8.17,0.81,5.52,8.15,24.04,4.20,15.31,4.14,0.83,2.41,0.94,0.84,1.73,0.84,1.74,0.81,24.97,7.33,0.82,0.83,0.86,1.65,0.83,9.51,1.64,12.76,0.85,0.86,0.84,0.86,0.86,1.67,0.84,6.69,1.70
19	49684845	49686051	ATCC	1.25	HG02513:9.51	3.27,6.53,5.70,4.16,1.67,3.33,6.65,4.16,8.35,5.85,4.79,7.52,3.35,1.66,5.96,5.05,4.11,2.47,7.33,3.22,8.21,1.71,4.27,7.79,3.29,4.01,3.34,6.49,6.45,6.73,6.78,5.06,9.36,5.18,3.27,3.35,3.30,8.14,3.15,2.54,4.89,5.15,4.20,5.04,10.93,4.25,6.07,5.14,5.80,4.14,1.61,0.83,5.93,4.96,4.69,3.24,1.71,5.87,2.51,5.77,2.83,3.45,5.88,4.16,5.86,1.68,2.55,3.29,4.19,4.21,2.58,4.16,7.36,6.66,2.59,4.20,5.72,4.21,5.65,1.79,2.61,4.35,1.62,5.64,4.93,0.81,4.07,5.98,1.64,11.63,5.15,4.10,5.12,4.14,4.16,9.51,2.51,6.57,8.11,2.55,3.33,5.14,0.82,4.20,3.31,9.11,3.35,6.82,7.07,4.29,6.69,4.35,5.86,2.62,4.15,3.42,3.31,5.14,4.14,6.58,5.97,3.28,5.88,5.15,3.43,3.34,5.91,4.24,6.11,6.77,4.23,1.71,4.20,4.24,9.00,6.60,5.88,5.43,5.02,4.99,4.21,4.27,3.34,1.58,6.51,3.40,5.79,4.16,6.79,3.39
2	137071916	137072605	AGGGGGGGGGGGGGGGGGGG	1.23	HG02513:1.73	0.83,0.81,0.85,0.80,0.84,0.85,0.81,1.73,0.85
14	62221815	62222608	ACATGCCACCCATGCCTC	1.19	HG02513:2.59	0.83,0.83,0.84,0.85,0.82,0.81,0.82,0.85,0.87,0.80,0.81,0.81,0.84,0.85,0.81,0.83,0.83,0.85,0.84,0.86,0.84,0.84,0.87,0.81,0.85,0.82,0.83,0.86,1.64,2.59,0.81,0.83,1.71,1.68,1.66,0.84,0.84,2.47,0.86,1.71,2.51,1.69,0.87,0.82,0.84,0.84,1.66,0.84,0.85,0.84,0.83
2	218673186	218674961	ATCC	1.18	HG02513:38.90	34.29,31.01,23.61,26.61,24.20,27.46,33.25,20.82,32.56,21.73,25.53,24.22,30.99,26.62,31.48,28.61,30.43,26.30,30.97,33.81,22.16,28.16,28.19,36.33,29.59,32.05,21.70,30.84,18.53,34.48,34.85,29.51,23.82,24.19,33.50,26.84,25.58,36.64,44.96,23.71,21.19,29.19,31.92,24.38,28.58,22.96,26.02,24.00,33.14,28.95,23.30,23.94,21.17,23.14,35.95,38.91,28.19,18.46,31.00,28.84,20.77,28.50,19.34,28.28,20.92,19.29,28.10,30.39,25.12,22.74,25.82,29.95,22.07,19.98,35.36,21.85,22.86,20.22,22.59,23.30,33.02,26.98,31.54,23.36,33.67,38.30,30.13,34.18,35.33,29.90,24.02,31.18,26.48,30.61,18.32,38.90,41.87,29.57,34.05,21.27,16.66,24.85,20.60,22.66,20.71,28.99,25.95,27.28,48.73,24.00,25.92,21.76,28.44,27.06,24.07,26.53,18.20,23.13,19.03,18.09,25.60,26.27,24.34,21.44,20.56,25.89,16.03,16.13,22.68,29.61,22.83,29.09,36.13,22.88,32.71,32.98,39.49,24.07,29.30,25.79,24.44,39.30,33.43,21.29,36.61,37.37,29.78,35.75,22.91,22.86
3	28906282	28907416	AAAG	1.16	HG02513:4.32	0.81,0.83,2.55,0.81,0.82,0.85,0.81,0.84,1.94,0.85,4.09,1.68,7.73,3.40,0.87,0.83,5.87,0.86,1.62,4.03,1.71,4.32,0.84,1.65,4.14,1.67,1.67,1.74,3.49,1.66,0.84,2.57,4.21,0.85,0.79,0.81,0.83,0.85
19	51997874	51998996	ATCC	1.16	HG02513:2.59	0.81,0.83,0.83,0.84,0.85,0.82,0.81,0.85,0.81,0.84,1.69,0.85,0.86,0.81,0.86,0.84,1.65,0.83,1.89,0.86,0.84,0.84,0.83,0.82,0.86,0.84,0.81,0.87,1.61,1.63,0.83,0.86,0.85,2.59,0.82,0.83,2.57,0.85,1.69,1.69,0.82,0.84,0.83,0.85,0.85,0.83,0.83,2.54
18	68872306	68873589	ATCC	1.15	HG02513:6.92	2.45,0.82,4.07,4.17,0.83,1.66,2.50,5.84,1.67,3.99,1.67,5.03,2.55,2.52,0.82,0.82,0.81,0.80,2.46,1.71,1.71,2.60,0.82,1.60,1.67,1.62,0.81,0.97,0.84,4.25,3.46,1.63,2.52,0.83,0.79,2.54,2.44,2.58,2.52,1.68,0.85,0.87,6.86,3.31,6.62,2.41,3.30,7.62,0.83,0.78,0.81,0.85,3.36,0.84,2.47,0.94,3.45,1.68,0.83,5.02,1.68,2.55,5.02,1.68,3.44,0.83,0.82,2.50,2.59,3.36,4.90,3.37,2.42,5.38,4.34,5.22,1.62,4.03,2.46,1.63,3.26,3.42,3.32,2.57,4.92,2.48,6.92,2.51,4.93,1.62,3.40,0.83,2.57,2.47,8.39,2.48,1.66,0.84,1.70,5.14,5.85,0.87,5.02,1.75,1.66,1.71,4.96,5.14,4.96,1.64,1.71,1.68,0.86,6.85,2.51,0.84,0.85,2.62,0.85,2.54,3.42,1.68,3.39,3.27,1.65,0.78,5.86,0.83,3.37,2.56,0.84,0.79,4.07,4.25,4.14,4.24,5.08
22	37268237	37269286	ACCCTCACCTCC	1.13	HG02513:2.59	1.63,0.83,0.84,0.80,0.84,0.82,0.85,0.85,1.60,0.81,0.84,0.85,0.81,1.73,0.83,1.65,0.82,0.86,0.84,0.85,0.83,1.63,0.90,0.87,0.81,0.81,0.82,1.71,0.83,2.59,0.84,0.81,0.86,0.82,0.84,2.36,0.86,0.84,0.84,0.83,0.83,0.82,0.85,2.46,0.84,0.86,0.85,4.09,0.79,0.85,0.83,0.83
2	235486766	235487678	AC	1.10	HG02513:4.32	0.82,3.26,0.83,0.83,2.50,2.49,1.67,1.67,0.83,3.40,1.68,2.47,1.64,0.81,1.61,0.82,2.56,0.85,0.97,1.70,0.82,0.84,0.81,0.79,0.85,0.81,1.72,0.84,0.84,3.40,2.57,0.83,0.83,1.65,0.83,0.81,0.84,0.82,0.94,1.68,0.84,1.68,1.70,0.82,1.67,1.72,1.66,1.63,1.67,0.86,3.36,0.82,0.90,1.74,1.74,4.03,1.64,0.81,0.85,1.72,0.82,4.14,0.83,4.32,0.84,3.29,1.71,1.68,1.66,0.83,1.67,0.85,1.57,1.71,0.87,0.84,0.86,2.57,0.82,1.71,3.43,0.84,0.84,0.85,3.49,0.84,0.82,0.82,2.52,1.71,0.84,1.58,0.81,0.85,1.65,0.83,0.85,0.85
4	110771023	110771888	AAAG	1.10	HG02513:2.59	1.63,0.83,1.64,0.97,0.85,1.68,0.79,1.63,0.84,1.66,0.78,1.73,0.84,0.82,1.63,0.81,2.59,0.84,4.26,0.87,0.85,5.04,0.84,0.85
16	89247869	89249118	AGCCTGCCCTCCCCC	1.06	HG02513:5.19	4.08,0.82,0.81,1.66,0.83,1.67,0.80,2.51,4.16,3.40,3.29,0.80,0.85,0.85,0.87,2.47,3.20,4.06,4.84,0.84,4.84,5.90,2.55,1.73,3.27,2.52,1.65,1.63,0.79,2.44,0.86,1.68,1.68,3.36,0.85,3.43,0.83,1.65,1.61,1.65,1.69,1.65,1.56,0.85,0.86,1.66,3.35,1.68,1.70,0.82,2.51,1.68,0.86,1.66,0.82,0.83,4.31,0.84,4.08,1.69,0.81,1.79,2.61,1.74,4.04,0.81,4.11,1.63,2.46,0.83,0.86,0.82,0.85,1.65,1.67,5.19,2.51,0.82,2.43,4.25,2.50,0.86,3.30,1.66,1.66,3.35,2.56,1.57,1.71,2.51,0.87,2.51,3.32,1.71,0.83,3.29,2.56,3.28,4.20,1.71,0.84,0.84,0.85,0.87,3.38,1.69,0.86,1.68,1.69,3.27,0.84,0.78,0.84,2.50,3.37,0.85,0.84,0.79,3.25,1.70,2.48,0.83,1.70,1.69
9	8947996	8948928	AAATATATATAT	1.06	HG02513:2.59	0.81,0.80,1.65,0.82,0.82,2.42,0.84,0.84,1.58,0.84,4.34,0.80,0.83,0.78,0.81,0.85,0.84,0.84,0.84,1.63,0.84,0.90,0.81,0.82,0.86,0.83,2.59,2.46,0.85,1.68,0.86,0.84,1.72,4.28,0.84,0.87,0.84,0.85
13	112092166	112093217	AGCTCCCCCTGC	1.03	HG02513:6.92	0.82,2.45,2.44,0.83,0.83,3.33,2.50,2.51,2.39,4.18,2.51,5.82,4.25,1.68,3.29,2.44,3.28,5.97,2.60,4.11,3.20,1.68,2.55,4.32,3.27,2.37,2.54,4.07,1.68,3.36,0.84,2.55,0.87,4.29,3.31,1.69,4.96,3.13,0.81,2.56,0.84,1.65,3.78,2.59,3.36,0.83,1.67,3.35,2.55,2.46,3.37,3.44,4.16,3.27,2.50,0.86,2.45,4.34,0.81,1.64,3.26,0.82,1.72,5.74,0.85,6.92,2.46,1.62,1.67,0.86,4.94,0.84,1.66,8.28,4.19,5.97,3.14,1.71,1.67,5.22,6.69,0.87,1.66,4.28,4.14,7.71,2.48,2.47,6.83,5.75,4.20,3.43,1.71,3.34,2.55,6.11,5.92,1.71,3.36,1.69,4.09,4.95,0.84,3.11,2.51,2.50,1.71,5.01,0.79,1.63,3.40,3.31,1.66,4.24,1.69
6	16099201	16099857	AAG	1.01	HG02513:2.59	0.83,4.84,0.84,0.82,2.52,1.68,0.84,2.49,2.59,2.46,1.62,4.27,2.55
