#contig	start	end	unit	top_case_zscore	high_case_counts	all_counts
15	61428750	61429723	AAAG	24.14	HG02069:24.15	0.83,24.15,0.81
12	109741699	109742372	AAAG	13.32	HG02069:13.32	0.85,2.48,13.32
5	144426802	144427942	AAAG	9.12	HG02069:13.32	0.87,7.74,4.22,2.55,2.37,0.81,0.86,0.84,0.83,6.43,3.44,13.32,4.07,6.70,0.85,0.86,0.82,1.70,0.84,0.85,0.85
16	57893223	57894353	AAAAT	7.88	HG02069:22.48	1.66,3.19,7.57,9.39,13.82,8.41,12.14,7.72,12.43,9.64,14.85,11.10,10.09,2.50,4.16,22.48,14.32,18.82,3.48,13.69,7.33,8.14,12.82,10.05,7.39,9.73
19	56442418	56444070	AAAG	7.35	HG02069:21.65	1.63,6.53,9.15,1.67,2.50,4.99,4.16,2.39,5.76,3.29,4.07,0.85,2.56,6.06,3.20,1.62,1.61,4.21,5.06,2.55,17.28,3.27,5.78,8.14,16.56,5.08,6.52,7.73,3.36,8.41,5.95,6.07,4.29,7.44,10.45,2.48,0.82,11.33,1.73,1.68,12.58,3.29,0.84,21.65,1.73,5.04,1.63,5.06,12.10,7.17,13.96,10.58,11.50,7.47,9.44,3.28,10.25,5.19,4.86,5.00,5.14,10.71,4.14,6.63,0.84,0.79,3.49,6.64,2.57,4.14,4.14,5.15,9.19,5.94,14.38,7.63,0.82,5.88,3.88,1.69,2.56,4.88,1.70
19	21889751	21890302	AGGGAT	6.66	HG02069:6.66	6.66,0.86
12	76249917	76250357	ACC	6.57	HG02069:8.33	6.73,3.40,2.57,8.33,6.04
4	25452831	25453380	AAGGAAGGAAGGAAGGAGGG	6.57	HG02069:6.66	0.79,6.66,0.84,0.90,1.71
22	21309344	21310283	AAATATATATATATATAG	5.93	HG02069:9.99	3.27,2.50,4.16,2.53,6.54,6.07,1.68,2.47,5.86,0.82,9.99,1.68,6.47,1.67
22	33424247	33425136	ACC	5.90	HG02069:10.82	0.97,3.26,1.70,5.63,2.55,0.86,10.82,8.17,1.69,11.30,9.67,3.29,0.81
4	49632912	49660021	AATGG	5.84	HG02069:209.00	135.52,108.53,140.85,98.95,92.64,122.30,90.60,120.75,132.76,139.57,94.92,96.88,143.24,134.78,127.63,97.62,110.22,104.39,79.86,114.30,116.55,96.42,136.69,164.37,129.88,104.16,135.21,145.28,121.68,70.65,107.46,134.08,111.43,69.11,135.64,115.73,91.58,83.87,149.86,112.63,136.91,121.06,110.89,112.66,83.22,154.77,133.54,134.59,115.15,131.52,134.20,137.05,103.32,106.61,109.40,83.50,58.94,110.74,144.10,91.47,100.05,189.99,153.00,94.82,175.72,112.38,116.68,83.77,169.99,101.90,193.61,199.65,110.33,209.00,138.01,79.82,107.79,94.36,139.59,181.92,143.37,142.72,170.62,100.69,106.74,81.50,153.07,151.24,82.97,153.64,145.00,109.14,76.86,120.77,81.60,177.21,128.13,106.77,175.13,159.12,149.95,150.82,123.62,173.70,122.58,115.96,121.40,81.83,66.80,157.70,139.61,156.68,97.88,98.64,141.09,159.20,104.26,144.77,95.15,109.34,139.12,110.00,166.20,79.76,81.39,111.07,59.91,137.52,136.97,64.29,161.53,102.68,79.82,153.40,136.56,39.58,115.94,55.89,85.40,113.12,141.58,117.06,130.38,89.09,120.40,97.67,132.36,99.77,105.24,116.85
13	21780261	21781468	ACACATACGTATACACATAT	5.31	HG02069:8.33	1.63,1.66,1.66,0.85,0.81,0.82,1.71,0.85,2.42,0.85,2.59,0.84,2.48,3.26,0.85,1.63,1.72,0.84,2.52,0.84,1.70,0.87,2.49,1.61,1.65,2.56,0.84,0.84,1.63,8.33,0.86,0.82,3.58,3.48,4.11,3.26,2.46,1.66,0.86,4.10,2.56,1.65,3.33,1.67,2.46,0.85,0.82,6.65,2.53,1.58
12	15313573	15314708	AAAG	5.27	HG02069:10.82	1.63,1.70,0.82,0.80,0.81,0.84,3.37,8.99,16.77,0.81,4.73,2.57,2.49,0.83,0.83,0.83,0.84,1.63,10.82,3.45,0.84,0.81,3.58,9.56,4.35,1.62,1.64,1.71,2.46,0.85,3.46,6.57,0.84,1.67,0.84,0.84,1.69,1.67
19	30606605	30608047	AC	5.11	HG02069:17.49	6.53,8.16,5.70,8.31,7.51,12.48,5.82,5.83,8.35,10.87,6.38,8.35,11.73,6.66,9.36,4.21,7.40,4.11,8.96,6.44,3.28,8.53,11.96,8.65,10.69,8.01,8.35,15.42,8.86,9.25,9.68,10.12,2.55,4.32,4.90,11.74,8.25,11.40,12.62,18.63,7.33,11.16,6.72,3.36,3.36,9.35,8.67,8.57,9.94,9.93,4.82,4.13,10.16,6.61,5.47,7.30,11.10,10.07,6.70,5.77,5.66,6.91,13.45,10.81,7.53,3.35,6.81,6.57,8.37,4.21,11.19,8.32,6.54,17.49,6.04,7.56,1.63,2.53,4.84,8.96,6.95,10.44,4.85,8.86,4.93,7.33,4.07,1.71,4.93,6.64,6.86,11.49,5.98,8.27,4.16,4.32,10.05,6.57,4.86,10.21,5.83,4.28,7.42,12.59,5.80,5.80,5.86,4.26,7.86,5.14,9.20,6.09,9.20,4.36,4.98,9.41,5.79,7.71,6.62,9.04,11.95,4.10,8.39,6.86,2.57,6.68,7.59,7.64,6.11,6.77,9.30,5.99,6.72,11.02,6.54,9.90,1.68,5.43,5.86,7.49,5.06,6.84,16.72,2.37,7.32,7.64,9.93,5.82,5.09,11.85
15	78177220	78178815	AC	4.92	HG02069:9.99	2.45,1.63,2.44,2.49,0.83,2.50,0.83,4.16,3.34,3.34,2.39,4.19,1.66,2.55,5.05,1.65,2.47,0.81,1.61,4.27,0.85,1.73,2.47,3.20,0.83,0.81,4.03,0.84,2.90,5.06,4.25,1.73,1.68,1.65,2.44,2.37,0.85,4.07,1.68,3.36,4.20,3.40,1.73,2.57,7.46,4.14,1.61,5.78,1.69,0.83,1.56,2.43,2.56,0.84,1.68,0.82,2.83,5.18,3.36,1.66,1.67,1.68,0.85,3.29,2.51,2.53,0.83,0.82,9.99,1.73,2.52,1.63,4.21,0.81,0.90,0.87,2.43,1.61,1.64,0.83,1.72,2.46,2.56,0.83,1.67,0.86,4.19,4.11,1.62,3.40,1.67,3.43,1.68,1.66,1.67,2.56,0.79,1.71,0.84,6.09,1.67,5.24,5.81,2.57,2.48,0.86,0.83,2.47,1.71,4.93,2.52,2.57,0.86,1.67,3.38,1.70,1.74,4.23,3.42,2.52,1.69,2.45,0.82,2.33,4.19,1.66,0.84,5.98,0.84,3.94,0.85,4.14,4.16,0.85,0.85
11	134309397	134310990	ATCC	4.40	HG02069:24.15	11.43,7.34,10.58,3.33,5.01,11.65,11.64,2.50,13.36,10.87,11.97,8.35,5.86,9.15,6.81,9.26,11.52,12.33,15.48,7.24,9.03,3.41,12.82,10.38,9.04,5.61,14.19,10.55,4.84,8.41,13.55,6.75,17.01,10.37,8.99,5.03,11.55,7.33,13.41,5.93,6.52,10.30,23.52,10.09,15.97,12.76,19.08,14.57,11.60,5.79,1.61,7.43,5.08,9.09,3.13,9.73,7.69,16.78,10.05,4.12,5.66,4.32,11.77,15.80,7.53,7.55,5.96,9.86,9.21,7.58,17.21,4.16,9.81,24.15,6.04,3.36,8.98,6.74,17.75,6.27,9.56,13.92,7.28,6.44,8.21,8.15,13.03,10.25,15.61,10.80,13.73,12.31,10.25,9.10,11.66,11.24,8.37,8.21,13.78,11.06,10.00,18.85,15.66,5.03,9.11,19.88,20.93,7.67,23.58,16.28,12.54,13.93,6.69,10.48,15.77,11.98,11.58,9.42,17.37,13.15,18.78,13.13,7.55,14.58,5.14,10.02,7.59,5.94,18.32,16.92,7.61,12.84,9.24,8.47,9.00,11.54,9.24,9.32,7.54,18.30,26.97,10.25,7.52,5.52,7.32,9.34,14.89,15.80,13.58,11.01
13	21839426	21840348	AAAG	4.37	HG02069:25.81	10.37,16.34,15.81,25.81,8.07,1.61,13.03,27.91
Y	58975692	58982949	ACTCC	4.33	HG02069:15.82	7.35,6.53,4.89,9.15,5.84,14.14,5.82,2.50,10.02,11.70,8.77,3.34,8.38,13.31,8.51,2.52,4.11,9.04,3.26,8.85,9.03,5.97,2.56,9.52,0.82,3.20,5.84,10.55,6.45,7.57,10.65,8.43,7.66,7.78,4.90,4.19,8.25,7.33,10.25,7.62,4.07,9.44,8.40,3.36,3.36,4.25,8.67,8.57,5.80,4.14,8.04,5.78,9.32,4.13,3.13,4.86,4.27,5.87,4.19,8.24,7.55,7.77,8.41,7.49,11.71,6.71,9.37,2.46,6.70,2.53,6.88,8.32,5.72,15.82,6.90,5.04,5.72,2.53,6.45,9.86,13.03,7.83,4.85,3.22,4.11,2.44,7.33,9.40,8.22,3.32,5.15,3.28,6.83,5.79,7.49,8.64,6.70,5.75,8.11,10.21,1.67,8.57,7.42,10.91,4.14,9.94,5.86,5.11,3.14,5.14,5.85,4.35,4.18,10.48,10.79,7.70,6.62,10.28,8.27,8.22,12.80,4.10,11.75,7.72,2.57,8.35,5.91,6.79,5.23,4.23,13.53,5.99,9.24,6.78,6.54,2.47,3.36,4.66,4.19,3.33,2.53,9.40,6.69,3.15,2.44,6.79,4.96,3.33,7.64,5.93
1	204737410	204738358	AAAG	3.93	HG02069:5.83	0.83,0.83,0.83,0.83,0.82,0.85,0.81,0.84,0.84,1.70,3.46,4.09,0.83,2.37,0.84,1.73,0.86,1.61,0.84,0.82,0.84,1.72,2.45,5.83,0.81,0.90,0.87,1.62,0.85,0.86,0.84,1.70,1.68,2.48,1.67,0.83,0.86,0.85,0.86,0.86,0.84,0.87,0.85,3.30,0.85,0.85
10	39076498	39089656	AATGG	3.80	HG02069:14.99	3.27,2.45,8.14,6.65,3.34,12.48,7.48,5.00,11.69,8.36,3.99,4.18,10.05,5.82,5.96,4.21,1.65,4.11,4.89,4.02,6.57,4.27,5.13,10.38,4.11,6.41,9.18,3.25,1.61,10.93,7.74,5.06,11.06,3.46,6.54,7.55,3.30,4.89,4.73,3.39,5.70,5.15,9.24,4.20,3.36,5.95,9.54,5.14,7.46,12.41,2.41,9.91,6.77,3.31,3.13,3.24,1.71,10.07,10.89,9.06,2.83,8.64,13.45,2.50,10.04,5.87,11.07,5.75,3.35,1.68,5.16,10.81,5.72,14.99,8.63,5.88,5.72,3.37,4.84,10.75,9.56,4.35,3.23,3.22,5.75,3.26,8.96,5.13,2.46,1.66,6.01,9.03,1.71,4.96,2.50,8.64,10.05,11.50,8.11,6.81,4.17,6.00,11.54,5.87,4.14,8.28,3.35,3.41,2.36,5.14,5.85,9.58,3.35,3.49,6.64,5.14,1.65,8.57,8.22,8.53,5.75,4.20,8.58,9.42,6.68,5.91,6.79,4.36,5.92,8.46,5.13,5.04,8.47,4.09,2.52,2.33,5.02,4.16,0.84,5.98,5.01,0.79,3.25,3.40,4.96,8.31,6.79,4.23
11	20254149	20254569	CCCCG	3.57	HG02069:5.00	0.82,2.50,0.83,0.84,0.82,0.87,0.80,0.83,0.84,0.84,1.58,0.83,0.84,0.84,0.86,0.82,5.00,2.45,0.84,0.87,0.81,0.82,0.86,1.68,3.41,2.36,0.83,0.82,0.86,0.87,0.85,0.86,0.82,3.36,0.78,0.84,0.81
19	32575462	32576340	ATCC	3.43	HG02069:7.49	0.82,1.63,1.66,0.83,4.99,1.66,0.83,2.50,2.51,4.79,2.51,0.83,1.70,0.84,0.82,0.82,0.81,0.80,0.82,4.27,0.85,4.33,2.47,2.40,0.83,1.62,1.61,0.84,0.97,5.06,1.70,0.86,1.63,3.35,1.65,1.63,0.79,0.85,3.26,4.29,3.36,3.36,4.25,3.47,2.57,1.66,0.83,2.41,1.65,1.69,1.56,1.62,3.36,0.84,1.65,1.89,2.59,3.36,1.67,1.68,2.46,0.84,0.83,7.49,0.86,1.68,0.82,1.69,4.03,1.79,0.87,0.87,1.62,3.22,1.64,1.63,3.26,0.85,0.82,0.83,0.86,1.64,1.65,1.67,1.73,0.84,0.81,1.67,1.71,2.47,0.83,4.19,1.70,1.57,0.86,0.87,2.62,2.49,1.71,0.83,1.71,1.65,1.64,2.56,2.46,0.86,4.28,0.84,2.53,1.70,0.87,0.85,2.54,1.71,0.84,0.85,0.82,0.84,1.55,3.33,1.69,0.85,2.51,0.79,1.63,2.48,1.66,1.70,0.85
3	85261537	85262334	AAAG	3.39	HG02069:4.16	0.83,0.85,0.85,0.85,0.81,1.71,4.16,0.82,0.82,0.81,0.82,0.85,0.86
9	28188755	28190090	AAGG	3.37	HG02069:10.82	0.82,1.63,0.81,2.49,0.83,0.83,1.66,1.67,0.83,4.18,3.19,2.51,1.68,1.66,4.25,0.84,1.65,4.11,0.81,0.80,1.71,1.71,1.73,0.82,6.68,0.81,4.84,1.94,0.84,2.55,0.82,3.35,0.83,3.26,1.58,4.07,2.58,0.84,1.68,3.40,0.86,1.66,0.83,3.21,0.83,2.54,1.65,0.78,0.81,3.42,2.52,4.19,1.65,0.94,0.86,0.84,2.50,0.84,0.85,1.67,1.68,3.44,0.83,2.45,10.82,1.73,0.84,3.27,1.69,1.61,2.61,0.87,2.43,2.46,0.81,0.81,1.71,2.46,0.83,2.46,4.14,2.50,1.73,2.51,0.82,1.62,2.55,3.33,0.86,0.82,0.84,0.83,1.66,8.37,0.85,0.79,9.43,0.84,2.51,2.62,1.71,1.71,3.29,2.56,7.39,5.88,0.84,0.84,5.23,1.69,2.57,5.93,7.36,3.30,0.84,6.99,10.05,0.83,2.53,10.25,9.19,2.44,4.25,3.31,4.99,0.85,0.85
13	113547828	113548359	AGCTAGGGCGATCCC	3.33	HG02069:3.33	3.33
2	163608973	163609750	AAAGG	3.31	HG02069:3.33	3.33,6.44,13.84
5	27114276	27114828	AAAG	3.18	HG02069:3.33	0.83,0.86,3.33,0.83,0.87,0.85
11	31932229	31933477	AAAGG	3.11	HG02069:15.82	0.82,3.26,2.44,3.33,9.18,5.82,2.50,5.01,3.34,0.80,7.52,6.70,15.32,6.58,1.64,3.26,6.44,0.82,5.97,1.71,11.25,0.82,0.80,1.67,1.62,4.84,7.57,1.94,2.53,10.21,10.37,4.09,1.68,11.55,4.89,3.15,9.32,3.26,12.02,4.20,10.09,5.88,5.95,1.73,5.14,10.77,11.58,0.80,2.48,4.23,12.40,0.78,4.05,2.56,1.68,5.03,9.89,1.89,4.32,9.25,6.65,6.71,1.70,1.64,14.24,0.84,6.02,1.66,2.45,15.82,16.39,8.40,3.27,6.74,8.88,6.27,1.74,2.61,7.28,12.89,1.64,22.82,10.58,11.11,11.50,9.14,6.01,4.10,11.96,11.58,11.66,11.24,5.02,9.86,4.86,10.21,0.83,0.82,3.36,2.48,0.83,3.35,5.11,5.14,0.84,1.74,0.84,4.36,6.64,11.13,8.27,2.57,7.45,2.56,7.39,3.36,1.72,2.57,0.84,10.19,3.49,10.15,2.57,2.52,1.69,0.82,4.12,4.20,2.33,2.51,0.84,0.84,9.34,15.72,4.24,2.54
19	29585610	29586973	AAAG	2.95	HG02069:7.49	5.70,1.66,1.66,0.83,0.84,2.39,0.84,1.66,1.70,1.68,1.65,1.64,1.64,2.56,4.27,1.73,4.11,2.40,0.83,2.43,3.22,1.68,1.94,3.37,2.55,3.35,0.83,4.07,0.79,5.15,2.52,2.57,2.49,2.48,2.41,0.83,0.83,0.78,1.62,0.85,0.84,3.35,1.65,5.66,2.59,5.04,5.87,0.85,2.46,1.67,4.30,0.83,7.49,1.68,2.53,2.42,1.79,4.85,1.61,3.28,1.63,3.26,1.71,1.64,1.64,0.85,2.48,2.50,1.73,0.82,4.05,1.70,0.83,0.86,0.84,1.66,0.83,1.67,0.85,1.57,1.71,2.62,0.83,3.31,0.84,3.40,0.85,1.71,0.84,0.85,0.82,2.52,0.78,3.35,0.83,5.13,1.67,0.79,1.63,2.48,0.83,1.70
3	1031775	1032970	ATCC	2.56	HG02069:9.16	4.08,2.45,4.07,3.33,2.50,6.66,1.66,3.33,3.34,4.18,1.60,5.01,5.86,3.33,3.40,2.47,4.11,4.89,1.61,4.10,2.56,5.13,2.60,2.47,6.41,4.17,1.62,3.22,5.05,5.81,1.69,5.10,2.59,3.27,1.68,3.26,3.15,3.39,2.44,5.15,4.20,3.36,4.20,2.55,2.60,2.57,4.14,6.62,3.21,4.95,3.39,3.31,0.78,2.43,5.98,6.71,2.51,2.47,6.61,4.32,3.36,3.33,5.02,1.68,1.70,4.11,1.67,5.16,4.16,2.45,9.16,4.31,2.52,3.27,5.06,4.03,3.58,2.61,1.74,1.62,4.83,2.46,5.70,1.63,5.13,3.29,3.32,0.86,6.56,3.42,3.31,1.67,2.59,5.86,2.46,0.81,2.55,5.83,6.00,4.20,1.66,5.80,5.86,1.70,0.79,3.43,5.02,2.61,2.51,5.24,3.32,7.70,4.14,3.43,0.83,4.11,4.27,4.10,1.68,6.86,1.71,4.18,3.38,4.24,6.98,4.23,2.57,5.88,7.63,5.72,1.65,3.36,3.88,2.51,1.66,0.84,2.56,7.52,2.37,4.07,1.70,4.14,2.49,4.24,4.23
1	233475016	233475753	AAG	2.56	HG02069:6.66	0.82,2.45,2.44,2.49,3.34,1.66,3.34,0.84,0.80,1.67,4.16,0.82,4.11,8.15,4.02,3.28,2.56,2.56,0.87,2.47,0.80,0.83,2.42,2.90,0.84,1.70,1.73,2.45,0.84,0.83,1.63,1.63,2.58,0.84,0.84,2.52,3.40,0.87,1.71,1.66,1.65,3.21,0.83,1.69,1.56,1.62,0.84,0.84,1.65,0.86,1.68,0.83,1.70,3.29,0.84,7.74,0.83,0.82,6.66,2.59,4.08,1.69,3.23,0.90,1.74,0.87,1.62,0.81,4.93,4.07,1.63,0.85,3.29,4.98,0.86,2.46,3.42,3.33,1.73,3.35,1.64,3.40,0.83,3.43,0.82,2.52,1.66,0.83,0.84,0.85,3.14,1.71,0.87,4.18,3.49,0.83,3.31,0.86,1.65,0.82,0.85,0.84,0.86,1.67,1.69,1.70,3.49,0.85,1.69,2.52,2.45,0.82,3.36,2.50,0.84,0.85,0.79,1.65,1.66,0.85
11	114264337	114265512	AAAAG	2.49	HG02069:3.33	14.71,1.61,0.83,6.49,6.73,0.82,3.33,3.37,0.83,0.79
4	172340424	172341052	AGCCATATATATAT	2.48	HG02069:2.50	0.87,0.83,2.50
20	40499988	40500721	AAGG	2.42	HG02069:2.50	0.82,0.84,2.50,0.83,0.83
19	17459432	17459777	AG	2.34	HG02069:2.50	0.85,1.63,2.50,3.27,1.71,0.85
X	111728081	111729339	AATATATATATGTG	2.32	HG02069:3.33	0.83,0.83,0.83,0.84,0.84,0.82,0.85,0.86,0.85,0.84,1.68,1.67,0.84,3.33,0.82,0.90,0.82,0.83,0.85,1.69,0.82,0.84,0.79,0.85,1.65,1.69
1	220133145	220133533	AAATATATATAGATATATAT	2.28	HG02069:5.00	0.82,2.44,0.83,2.50,1.66,0.83,0.84,1.68,2.52,0.82,0.81,1.64,0.87,1.62,2.42,2.55,0.82,0.83,2.54,1.63,2.52,0.87,2.57,0.83,2.41,0.85,1.65,0.78,0.84,1.73,1.68,1.70,0.84,0.82,5.00,0.82,1.74,2.44,4.89,1.64,0.82,0.85,0.83,0.83,0.86,0.85,1.65,3.31,0.86,5.02,0.83,0.84,2.51,1.69,0.85,1.71,0.82,3.36,4.19,1.58,1.65,1.70,0.85
14	101596138	101597243	AG	2.24	HG02069:7.49	1.63,1.63,1.63,4.16,3.34,5.82,1.66,4.16,3.34,4.18,5.58,5.85,2.51,3.33,3.40,2.52,4.94,0.82,2.44,1.61,0.82,1.71,4.27,3.46,4.01,5.84,3.25,3.22,1.68,4.84,5.06,1.70,1.73,2.45,4.19,0.83,4.07,1.58,1.69,0.81,1.72,2.52,5.04,3.40,3.47,3.43,3.31,1.65,1.61,0.83,4.23,4.13,0.81,4.19,3.35,1.65,1.89,1.73,0.84,1.66,5.02,1.68,3.41,0.82,3.35,4.21,1.72,3.33,0.82,7.49,0.86,1.68,3.27,5.06,2.42,1.79,1.74,2.61,2.43,5.64,3.28,2.44,2.44,5.13,2.46,1.66,3.43,2.46,0.83,0.86,2.51,1.64,1.62,5.11,0.83,0.86,2.47,1.68,1.66,3.31,0.84,4.26,1.57,2.57,2.51,4.35,2.51,4.36,1.66,2.57,0.83,1.65,1.64,2.56,3.28,5.04,1.72,0.86,2.51,1.69,1.70,1.74,5.08,0.85,5.13,6.72,2.54,4.09,3.30,3.36,1.55,1.67,0.83,0.84,2.56,0.79,1.63,0.85,3.31,3.33,5.09,2.54
22	18359223	18360651	AACCTCCCTCACCTCCCT	2.14	HG02069:3.33	0.81,1.63,0.87,0.83,4.19,3.33,0.81,0.81,1.71,2.52,0.84,0.84,3.30,1.69,0.84,0.85
12	83802981	83803675	AT	2.13	HG02069:2.50	3.37,3.26,0.86,1.68,1.66,2.50,1.66
4	58204593	58206019	AAAGGAAAGGAAAGGAAGGG	2.11	HG02069:4.16	0.82,0.83,2.50,0.83,1.67,0.83,0.84,2.39,0.84,0.83,0.85,0.82,0.81,0.80,0.82,2.56,0.87,0.82,0.97,1.69,0.85,0.86,0.82,0.84,1.69,0.81,2.58,0.84,1.68,0.87,0.86,0.83,0.82,0.94,0.84,0.84,0.85,1.64,0.86,2.50,0.82,4.16,0.86,0.82,0.84,0.81,0.81,1.71,1.64,0.83,2.46,1.71,0.83,1.67,0.82,1.62,0.85,0.83,1.68,0.83,0.84,0.84,0.83,1.71,0.85,2.46,0.87,1.69,0.84,0.85,0.82,1.67,1.69,0.85,0.79,0.81,0.85,1.65,1.66,0.85
20	31809732	31811141	ATCC	1.99	HG02069:4.16	1.63,0.83,1.66,1.68,1.66,0.85,0.81,0.82,1.71,4.27,1.64,1.67,3.36,0.97,0.84,1.72,0.84,0.84,4.29,0.83,2.48,0.80,0.83,0.85,0.78,1.68,0.94,0.84,1.70,0.84,1.68,2.58,4.16,1.73,0.84,0.82,1.69,0.81,1.74,0.81,1.63,0.81,0.82,0.83,1.64,0.83,0.83,0.86,0.84,0.82,0.81,0.83,1.71,1.71,0.86,4.28,0.84,1.70,0.85,1.65,0.83,0.85
X	1432608	1434139	AACCACACTGCACCTGCCC	1.96	HG02069:4.16	1.66,0.83,0.83,0.84,0.81,0.97,0.85,0.81,1.63,1.72,2.52,1.68,0.83,1.61,0.83,2.34,1.66,4.16,0.81,2.61,3.23,0.82,0.81,2.56,1.72,1.64,0.85,1.65,0.83,2.59,1.67,1.64,1.62,1.67,0.86,0.83,0.84,0.85,1.71,1.67,0.84,0.83,0.83,0.82,0.85,2.53,2.57,0.84,1.69,0.78,0.85,0.81,0.83,1.69
5	122103323	122104755	AAG	1.89	HG02069:5.00	1.66,0.83,0.83,4.16,5.01,1.60,0.84,0.83,0.85,0.82,1.62,1.61,2.52,0.84,0.86,0.82,1.68,1.58,7.62,0.84,0.84,1.70,0.83,0.80,3.30,0.85,1.65,0.78,0.85,0.84,0.84,3.30,0.94,2.59,1.67,1.68,1.70,3.44,5.00,0.81,0.87,1.63,4.98,1.64,0.86,0.84,3.24,0.83,0.85,0.79,1.67,0.83,0.83,0.82,0.82,0.86,2.57,0.87,0.85,2.57,1.69,2.47,0.84,0.84,0.85
1	2842746	2843980	AGCCC	1.76	HG02069:9.99	3.27,2.45,2.44,4.16,8.35,6.66,1.66,2.50,6.68,9.19,4.79,5.85,8.38,6.66,6.81,4.21,0.82,5.75,4.07,4.02,6.57,6.83,4.27,1.73,6.58,3.20,6.68,0.81,2.42,2.52,6.78,3.37,8.51,2.59,3.27,5.03,3.30,3.26,4.73,6.77,4.07,3.43,2.52,3.36,11.77,2.55,6.07,6.86,4.14,5.79,4.02,4.13,4.23,2.48,4.69,1.62,2.56,3.36,6.70,4.12,3.78,5.18,6.73,1.66,3.35,2.52,2.55,0.84,3.37,5.16,4.16,3.27,9.99,7.76,3.36,5.72,4.21,5.65,8.96,6.95,5.22,0.81,3.22,2.46,5.70,2.44,5.13,5.75,4.15,1.72,8.21,4.27,3.31,1.67,6.92,6.70,4.11,6.49,3.40,6.66,5.14,4.94,9.23,6.63,4.97,4.19,5.11,3.93,1.71,2.51,5.22,3.35,3.49,4.98,4.28,7.45,2.57,4.14,3.29,4.27,4.93,3.36,6.00,2.57,7.52,4.22,8.49,6.98,3.38,4.23,0.86,1.68,7.63,3.27,1.65,4.20,1.55,5.02,2.50,5.06,7.69,4.18,2.37,5.69,1.70,2.48,6.65,5.09,3.39
15	93173582	93174375	AATACGT	1.71	HG02069:3.33	1.63,8.32,5.86,1.64,2.40,8.54,0.86,5.02,3.33
11	36291723	36292028	AG	1.67	HG02069:1.67	1.67,5.65
1	102122869	102123789	AAGAGG	1.67	HG02069:1.67	1.67,5.06
8	143272171	143272665	ACAGAGACAGGGAGAG	1.67	HG02069:1.67	1.67,0.84
11	76408979	76409184	AAAAAAAGAAAGAAAGAAAG	1.67	HG02069:1.67	1.67,0.81
10	21960890	21960891	AC	1.67	HG02069:1.67	1.67
19	843908	844041	AGAGGCGCGGGCGGGGG	1.67	HG02069:1.67	1.67
2	86913578	86913579	AAAT	1.67	HG02069:1.67	1.67
3	27296486	27296487	AC	1.67	HG02069:1.67	1.67
7	21390836	21390837	AT	1.67	HG02069:1.67	1.67
8	60507291	60507292	AAAT	1.67	HG02069:1.67	1.67
2	242960264	242960443	ACCCCTGCGTCCCCAGCCCC	1.67	HG02069:1.67	0.97,0.83,1.67
Y	58980266	58980965	AATGG	1.66	HG02069:4.16	0.82,2.44,0.83,0.83,0.83,1.60,1.67,0.84,0.85,0.82,0.81,2.41,0.82,1.64,1.60,4.06,1.61,1.94,0.85,2.45,0.84,2.48,0.81,0.79,0.85,0.86,1.68,0.85,0.83,3.31,0.80,1.68,0.84,0.86,0.84,0.84,0.86,0.83,2.45,4.16,0.86,1.68,1.69,0.81,0.90,1.74,1.62,1.64,1.63,1.71,0.83,1.64,0.83,4.32,1.64,1.62,1.70,1.67,6.59,0.84,0.83,0.83,0.79,0.84,0.87,1.66,0.86,2.57,0.83,0.85,0.82,1.68,0.86,0.84,1.69,1.70,1.69,0.86,0.85,0.82,0.84,0.85,0.81,0.85,0.83
8	99085428	99086025	AT	1.66	HG02069:1.67	1.67,0.82,1.63
4	62722543	62723421	AAAG	1.65	HG02069:2.50	0.83,0.81,0.87,0.79,0.84,0.86,0.83,0.94,0.84,2.50,0.86,0.84,1.63,0.87,0.81,0.86,0.83,0.86,0.84
5	97522836	97523476	ACACATATATATATAT	1.65	HG02069:1.67	0.85,0.84,1.67,2.51
3	38125853	38125933	ACCACCACCACCACT	1.65	HG02069:1.67	0.82,0.81,1.68,1.67
5	160063327	160064519	ATCC	1.64	HG02069:4.16	0.82,1.63,1.67,1.66,1.66,0.84,0.84,1.66,2.47,0.82,0.80,4.10,0.85,2.56,2.60,3.20,3.25,2.42,1.94,1.70,0.86,0.84,0.79,0.85,0.84,1.71,0.83,1.65,0.78,0.81,0.84,1.73,0.83,0.84,2.55,0.82,0.82,4.16,0.86,1.63,0.90,0.81,3.26,0.85,0.82,0.83,0.82,0.85,0.83,0.84,0.81,0.83,0.82,1.67,0.84,0.84,0.87,0.83,0.86,1.71,0.82,1.64,1.72,0.86,0.84,0.85,1.74,0.85,0.86,0.84,1.65,2.50,1.69,0.85,0.84,2.48,1.66
7	2661577	2662672	AGCTCCTCCTGCCCC	1.64	HG02069:3.33	1.63,0.83,0.84,3.26,0.82,0.85,1.71,0.97,0.86,0.84,3.30,1.58,1.70,1.66,1.65,0.80,0.78,0.82,3.33,0.82,0.87,0.87,0.81,0.81,1.63,1.71,1.65,0.83,1.70,0.83,0.86,0.83,0.79,0.86,0.85,0.82,3.11,0.84,0.84,0.79,0.81,1.70,1.65
2	207800037	207800268	ATCC	1.64	HG02069:1.67	1.67,0.86,0.82,1.68
6	24926833	24928018	ACC	1.63	HG02069:7.49	1.63,2.44,2.49,1.67,3.33,4.99,1.67,1.67,5.01,2.39,1.67,3.35,0.83,1.70,4.21,3.29,0.82,0.81,0.80,4.92,6.83,2.56,1.73,1.64,4.81,2.50,3.25,2.42,4.21,0.84,2.55,1.73,4.09,5.87,0.83,1.63,6.31,5.08,0.81,2.58,0.84,4.20,2.52,1.70,4.34,3.43,1.66,5.79,6.43,2.48,0.85,1.65,1.56,0.81,0.85,4.19,3.30,0.94,2.59,5.04,0.83,5.02,1.68,0.85,2.53,0.86,7.49,6.54,7.49,0.86,1.68,2.45,1.69,4.84,1.79,0.87,0.87,0.81,0.81,4.11,4.07,3.26,0.85,2.46,1.66,3.43,1.64,1.71,0.83,4.16,3.46,3.35,3.29,2.43,3.40,1.67,1.71,0.82,0.84,1.66,0.83,4.19,2.56,1.57,1.71,2.51,1.74,0.84,2.62,3.32,6.85,2.48,1.71,1.65,1.71,3.28,1.68,0.86,0.84,0.85,1.74,0.85,1.69,7.70,5.08,0.82,0.82,2.52,1.55,3.35,0.83,0.84,1.71,4.18,4.73,0.81,1.70,3.31,1.66,0.85
16	57063826	57064791	ATCC	1.63	HG02069:5.00	0.82,3.26,1.63,2.49,2.50,1.66,0.83,3.33,2.50,1.67,1.60,1.67,2.51,4.25,0.84,1.65,0.85,1.73,0.82,3.22,0.84,4.25,2.48,1.69,0.81,0.84,0.84,0.85,0.87,1.71,2.49,0.83,3.21,1.65,0.85,2.48,0.78,0.81,0.85,4.19,4.12,1.73,2.52,1.66,0.84,0.82,0.84,3.44,1.66,1.63,5.00,0.86,0.84,1.69,2.42,0.90,0.87,0.87,0.81,0.81,0.82,1.63,3.26,0.85,0.82,0.83,3.28,0.83,0.83,0.86,1.67,0.82,2.43,0.85,2.50,0.82,1.68,2.48,0.84,0.79,2.51,1.75,3.32,0.86,0.83,2.47,1.64,0.84,0.86,0.84,0.84,1.69,1.69,2.57,1.68,0.85,0.82,2.47,3.36,1.55,1.69,2.56,1.67,0.79,0.83,1.66,1.70,0.85
8	82935256	82936511	AAAG	1.62	HG02069:14.99	5.71,8.16,11.68,0.84,11.73,5.89,3.26,9.86,5.01,12.59,6.75,9.36,3.46,2.45,11.74,6.60,4.07,3.94,6.01,10.93,5.10,10.75,9.40,12.58,1.68,4.94,4.99,5.02,5.75,9.21,3.33,14.99,15.53,10.08,5.06,16.14,19.14,10.51,16.11,9.78,4.89,7.69,5.75,8.30,8.21,1.71,4.14,15.56,5.02,13.14,4.86,7.66,9.16,5.87,7.45,6.70,5.22,5.14,4.36,8.56,3.39,9.32,2.50,7.69,10.19,7.45
11	130466146	130467286	AGAT	1.62	HG02069:6.66	3.27,1.63,2.44,4.99,2.50,0.83,1.67,5.01,3.34,1.60,2.51,4.19,4.16,5.11,4.21,0.82,1.64,4.07,1.61,1.64,5.12,3.42,0.87,3.34,1.61,2.52,1.94,2.53,1.70,0.86,1.63,3.35,3.30,0.81,3.15,3.39,4.89,6.01,3.36,1.68,1.70,2.60,2.57,3.31,1.65,1.61,2.48,2.54,3.31,2.34,3.24,3.42,3.36,3.35,1.65,2.83,0.84,2.50,4.18,0.84,3.41,0.82,3.35,0.84,2.58,3.33,0.82,6.66,0.86,2.52,4.08,3.37,1.61,2.69,1.74,3.48,1.62,3.28,2.44,0.85,0.82,1.66,3.43,2.46,0.85,0.83,0.83,0.86,4.19,4.05,2.55,1.67,1.71,5.87,3.31,2.48,5.02,3.41,3.14,1.71,3.34,11.32,3.35,0.87,4.15,3.42,1.65,5.14,3.31,3.29,3.41,0.84,5.15,2.57,0.84,2.53,3.40,2.62,1.69,0.85,1.68,1.69,0.82,2.47,3.36,1.67,1.66,2.53,4.27,0.84,0.79,1.63,0.85,4.99,0.85,4.23
19	18909794	18911138	ATCC	1.62	HG02069:5.00	1.63,3.33,0.83,0.83,0.84,2.39,0.84,1.66,0.85,1.64,1.63,2.41,2.56,1.64,1.60,2.50,0.81,1.68,1.94,3.37,6.80,2.59,3.27,6.71,0.81,1.72,0.84,0.87,0.86,1.65,0.83,2.54,0.83,1.56,0.85,0.84,3.78,2.59,0.84,0.83,0.84,1.70,3.35,3.37,1.72,0.83,0.82,5.00,0.86,0.82,0.81,1.74,1.61,3.28,0.85,0.83,2.57,0.82,1.71,0.83,3.33,0.86,3.35,1.64,1.62,0.83,1.65,2.52,2.48,1.66,0.84,0.85,0.79,0.86,0.87,2.51,4.36,3.42,2.48,2.57,1.65,1.71,0.84,0.86,0.86,1.67,0.84,2.55,0.87,2.54,2.57,1.68,2.54,0.82,0.82,0.84,1.55,2.50,0.84,2.56,1.67,0.79,1.63,0.83,0.83,0.85,0.85
14	83284786	83285369	AG	1.62	HG02069:1.67	0.84,2.55,0.86,1.67
22	48492063	48492305	ACCTCCCCATCCCACCTGC	1.61	HG02069:2.50	0.83,0.83,0.84,0.85,0.87,0.83,1.63,0.86,0.83,0.85,0.82,0.85,0.82,0.84,2.50,0.83,0.83,0.82,0.87,0.85,0.86,0.86,1.66,1.69,0.81,0.85
12	53137542	53138203	AAAG	1.60	HG02069:2.50	0.80,0.84,0.83,2.55,0.81,0.87,0.84,0.81,0.84,1.65,0.83,0.84,2.50,0.81,0.82,0.83,0.86,0.85,0.84,1.69,0.83,0.84,0.84,0.83,0.85
4	108477543	108477791	AAATATACATAAATATATAT	1.59	HG02069:3.33	0.82,0.83,0.83,1.60,1.68,1.71,0.83,2.55,0.81,1.68,0.84,0.85,0.83,1.62,1.64,0.82,3.33,0.84,0.90,0.82,1.63,0.82,1.71,0.79,0.84,0.86,2.56,0.84,0.86,1.67,0.84,0.86,1.67,2.37,0.83,3.39
17	77458656	77460007	ACCGCC	1.58	HG02069:4.16	4.08,0.81,0.83,0.83,0.80,1.68,0.85,2.52,2.47,1.61,0.82,1.71,1.73,2.40,3.34,1.61,0.84,0.97,1.70,0.86,2.44,0.81,0.86,0.84,0.84,0.85,1.73,1.66,0.80,1.69,0.81,1.68,1.73,1.68,0.83,2.51,1.68,0.85,0.82,0.84,1.72,2.50,4.16,1.73,1.68,1.63,1.69,0.90,1.74,1.61,1.63,0.81,0.85,1.64,1.66,0.85,0.83,1.67,0.86,2.51,1.64,2.55,0.83,0.82,0.84,0.83,1.66,0.84,1.70,0.79,1.67,1.74,0.84,3.32,1.65,0.83,1.64,0.82,1.68,0.86,0.86,0.84,0.85,1.74,0.85,1.71,1.68,1.69,2.45,1.68,0.78,1.66,0.84,0.85,3.34,0.79,1.63,1.70,2.48
8	78398049	78398815	ACACATATATATATAT	1.58	HG02069:1.67	0.81,1.67,0.84,2.57,1.69
15	50855766	50856837	AAAATAACATAACAT	1.56	HG02069:9.16	7.51,9.21,5.89,8.96,4.84,6.80,0.84,9.16,7.56,10.11,9.86,4.85,7.25,4.05,2.55
2	69204828	69205255	AAAG	1.56	HG02069:3.33	1.68,0.81,1.71,0.81,1.68,1.63,2.58,0.84,1.70,2.54,3.33,0.84,1.61,0.90,0.81,1.61,2.46,0.85,1.64,0.82,0.84,1.64,0.84,1.67,1.71,0.87,3.42,1.65,1.71,0.84,0.84,1.69,1.71,0.84,0.85,0.83
8	133199342	133200607	ACC	1.51	HG02069:7.49	1.63,2.45,2.44,2.49,4.17,2.50,3.32,6.68,1.67,5.58,4.19,1.66,3.40,0.82,1.64,3.26,1.61,2.46,2.56,1.71,4.11,0.80,1.67,0.81,1.68,3.87,4.22,4.25,1.73,4.09,1.68,0.83,0.81,1.58,1.69,4.07,1.72,1.68,2.52,0.84,3.40,4.29,3.31,3.30,0.85,4.96,4.69,0.81,0.84,2.51,2.83,3.45,3.36,2.51,5.11,5.75,0.84,1.68,0.86,4.16,1.63,7.49,5.18,2.52,4.90,2.53,3.23,2.69,0.87,1.74,0.81,0.81,0.82,3.26,2.44,1.71,3.29,4.98,1.64,0.85,2.48,4.16,3.46,0.84,0.82,5.68,4.17,0.86,1.65,3.36,0.83,5.80,3.35,4.26,7.71,1.67,5.86,3.49,2.49,1.71,2.48,4.28,0.83,5.12,12.31,8.39,3.43,6.00,1.69,0.85,1.74,4.23,1.69,0.86,4.20,2.54,1.64,0.84,2.51,8.32,2.53,1.71,0.84,6.31,3.25,1.70,1.65,4.99,3.39
5	172404993	172406032	AAAG	1.49	HG02069:2.50	1.67,0.84,0.85,0.84,0.85,0.87,0.83,0.81,1.70,2.60,2.50,1.73,0.87,0.81,0.82,0.82,0.84,0.85,1.69
4	49126988	49127170	AATGG	1.49	HG02069:2.50	0.81,1.67,0.81,0.87,0.84,0.85,0.83,0.82,0.83,2.50,0.82,0.87,1.62,0.85,0.82,1.64,0.85,1.64,0.84,1.69,0.85,0.84,0.85
9	19635901	19636818	AAAG	1.48	HG02069:2.50	0.81,2.46,0.85,1.64,1.60,0.84,0.84,0.80,0.85,2.50,5.65,0.87,0.85,0.84,0.79,0.86,0.85,0.84,0.82,0.83,3.37,0.79,0.83
3	18636079	18636677	AT	1.47	HG02069:2.50	0.83,0.83,0.80,1.70,0.82,0.85,0.82,0.80,0.83,0.81,1.94,0.84,1.65,0.85,0.83,1.65,0.81,0.84,2.50,0.84,0.81,1.72,0.82,0.85,0.82,0.84,0.85
7	283647	284027	ACAGGTCTCCGGGGTGGC	1.47	HG02069:2.50	0.82,0.83,0.83,1.70,1.64,0.85,1.70,1.68,0.81,0.86,0.85,0.83,0.83,0.84,0.84,0.83,0.84,0.86,0.82,2.50,0.86,0.87,0.81,0.85,0.82,0.83,0.86,1.67,0.81,0.82,0.84,0.84,0.83,0.82,0.84,0.85,0.86,0.85,0.79,0.81,0.83
4	49131909	49132920	AATGG	1.44	HG02069:4.16	2.45,0.81,0.83,1.66,1.66,1.67,0.83,1.67,0.80,0.84,2.47,0.80,0.82,1.71,0.81,0.84,0.85,0.86,2.54,0.81,0.86,2.52,2.52,0.84,0.87,1.71,1.66,0.80,1.65,0.85,0.83,1.62,3.36,1.68,1.68,3.35,1.70,0.82,0.84,0.84,2.58,1.66,4.16,0.84,1.61,0.87,0.87,1.61,0.82,1.63,2.56,2.46,1.66,1.64,0.85,0.83,2.59,0.85,0.83,0.86,0.82,0.83,2.48,2.51,1.70,2.36,1.67,0.87,0.84,0.83,1.71,0.83,1.71,1.64,2.56,0.82,3.36,3.43,0.86,0.84,2.53,0.85,0.87,0.85,3.42,0.82,0.82,1.68,0.78,2.51,1.66,2.53,0.85,2.37,1.63,0.85,0.85
X	153899969	153901092	AAG	1.43	HG02069:4.16	1.63,0.81,0.83,1.67,1.68,0.81,1.64,0.82,1.61,0.84,1.70,2.59,1.68,1.65,0.81,1.63,1.72,0.84,2.52,2.55,3.43,0.83,0.80,1.65,1.69,0.83,0.85,0.82,0.94,0.86,1.68,1.66,0.84,0.84,0.86,2.50,1.63,4.16,0.84,2.69,0.87,0.87,0.82,0.82,3.43,0.85,0.83,0.83,0.86,1.67,1.70,2.52,1.66,1.67,2.56,1.71,1.74,0.84,1.75,2.48,4.28,0.82,1.72,0.86,0.84,2.53,0.85,0.87,0.85,1.69,0.85,1.68,0.78,2.50,2.51,3.25,4.25,1.66,0.85
22	38505659	38506000	ACAGAGAGAGAGAGAGAG	1.42	HG02069:1.67	0.81,0.86,1.67,0.90,1.65,0.84,0.84
15	101250382	101251284	ACCATGACCTCCACCTCC	1.39	HG02069:2.50	0.83,0.83,0.85,0.80,5.84,1.61,0.80,7.30,0.84,0.84,2.50,0.81,1.66,3.33,0.81,1.66,0.84,0.84,0.83
4	186977132	186977712	ACCCCCCGCCATCC	1.38	HG02069:9.99	5.71,3.26,4.89,3.33,1.67,2.50,4.99,3.33,1.67,1.60,6.68,1.68,1.66,3.40,3.37,8.23,8.22,7.33,2.41,4.10,3.41,4.27,2.60,3.29,3.20,1.67,2.43,2.42,2.52,4.84,4.22,7.66,2.59,6.54,2.52,3.30,6.51,5.52,5.08,2.44,0.86,7.56,1.68,7.57,5.10,2.60,4.29,3.31,4.96,7.23,4.13,0.83,1.56,4.86,4.27,0.84,5.03,1.65,8.50,5.18,1.68,5.82,1.67,3.35,6.81,2.46,4.19,6.74,1.72,4.99,2.45,9.99,1.73,10.92,4.90,5.90,8.88,6.27,5.21,3.48,3.23,4.83,4.11,3.26,7.33,5.13,3.29,2.49,1.72,4.92,5.98,6.62,1.67,1.73,5.86,1.64,2.43,3.40,5.00,6.86,9.07,3.36,3.31,4.97,3.35,2.56,6.29,1.71,2.51,3.48,5.02,3.49,4.15,4.28,1.65,0.86,5.79,12.33,5.12,3.28,7.55,3.43,5.85,5.06,10.19,8.72,0.85,2.54,3.42,6.72,0.85,5.72,4.95,0.84,6.21,4.19,0.83,6.74,2.56,4.18,6.31,4.88,2.55,3.31,11.64,7.64,5.08
5	133271088	133272973	AACCGGAGGAGGAGCCACAG	1.35	HG02069:9.16	4.90,2.45,3.26,5.82,4.17,2.50,6.65,2.50,8.35,5.85,3.19,2.51,5.03,4.16,3.40,5.05,4.94,4.11,4.07,5.63,0.82,3.41,7.69,6.92,5.75,4.81,3.34,9.74,4.03,4.21,4.84,5.06,5.10,4.32,1.63,5.87,2.48,4.07,3.94,0.85,3.26,5.15,2.52,5.04,8.41,4.25,4.34,3.43,6.63,4.14,4.82,1.65,5.08,3.31,5.47,4.05,3.42,3.36,3.35,1.65,3.78,5.18,5.04,1.66,3.35,1.68,4.26,3.29,4.19,4.21,1.72,7.49,5.72,9.16,4.31,3.36,3.27,4.21,4.03,8.07,3.48,6.09,3.23,2.42,1.64,2.44,8.14,7.69,3.29,5.81,4.29,2.46,4.27,2.48,5.00,4.32,10.05,6.57,2.43,5.96,1.67,3.43,2.47,2.52,4.14,5.80,3.35,4.26,4.72,5.02,2.61,3.35,2.62,4.15,5.99,6.62,4.28,2.48,4.11,5.12,4.10,1.68,4.29,0.86,3.34,2.53,2.55,4.36,3.38,5.07,4.28,0.84,5.93,7.36,6.60,3.36,7.76,3.35,4.16,5.06,3.42,2.51,7.10,8.14,0.85,4.96,7.48,4.24,4.23
6	45656651	45657889	AAAG	1.30	HG02069:2.50	0.83,0.83,1.67,8.32,0.85,0.82,1.60,2.42,0.85,0.85,2.52,0.82,0.83,2.50,0.82,0.86,0.84,2.62,0.86,0.85
21	32115248	32116197	AATATATATACG	1.29	HG02069:3.33	1.66,2.51,0.86,4.09,0.81,3.39,1.72,1.68,0.85,1.66,3.33,3.36,0.84,1.74,0.81,0.81,0.85,0.82,0.86,5.98,0.83,2.57,1.66,0.84,0.79,0.83,0.82,0.86,1.71,0.84,0.82,1.65,0.78,0.84,0.85,0.85
15	50856056	50856742	AAAATAAAATAACAT	1.27	HG02069:1.67	0.83,2.51,2.50,0.81,3.40,1.67,0.84,0.84
X	3487672	3488479	AT	1.24	HG02069:2.50	0.84,0.84,0.85,1.58,0.86,0.80,0.84,0.94,2.50,0.90,0.84,0.87,1.71,0.83,0.84,1.71,1.65,0.78,2.56,1.70,2.49
16	80705950	80706870	AAAGG	1.23	HG02069:1.67	0.85,0.84,1.67,0.86,0.86,8.73,0.83,0.83
9	84415392	84416386	AAAG	1.22	HG02069:5.00	0.82,7.33,2.49,0.83,0.83,0.83,0.80,3.40,2.52,2.55,0.86,2.52,0.81,2.54,2.44,1.68,4.20,1.70,0.87,1.66,0.80,0.85,4.13,2.43,2.51,0.82,5.86,0.84,1.67,0.84,4.30,5.00,1.73,5.65,5.38,0.87,0.82,0.81,3.29,2.46,0.84,1.70,0.84,0.87,0.84,3.42,1.64,1.71,3.49,3.38,1.68,2.48,0.85
2	126303896	126304995	AAAG	1.22	HG02069:3.33	1.67,0.84,0.87,0.80,0.81,0.84,0.86,1.68,1.58,0.85,0.86,0.84,0.87,4.29,1.65,0.80,1.65,1.69,0.78,0.82,0.86,0.83,3.33,1.73,0.81,1.74,0.81,1.64,3.26,0.82,2.49,2.57,1.67,1.70,2.52,1.66,0.83,1.71,0.85,0.85,2.54,0.86,0.85,2.33,0.84,1.65,0.83,1.69
16	16093298	16094104	AAAGG	1.19	HG02069:10.82	21.98,3.37,18.88,5.75,12.99,20.36,17.36,11.10,10.82
19	6994909	6995907	ACC	1.19	HG02069:10.82	8.16,4.08,3.26,5.82,5.84,4.99,5.82,3.33,3.34,9.19,3.19,3.34,7.54,2.50,6.81,5.89,2.47,4.11,6.52,4.02,5.75,3.41,5.13,0.87,1.64,8.01,12.52,7.30,8.06,7.57,2.90,5.06,9.36,6.91,4.09,1.68,0.83,3.26,6.31,5.93,1.63,2.58,3.36,4.20,1.68,5.95,3.47,8.57,3.31,0.83,5.63,0.83,5.93,8.26,10.94,0.81,4.27,5.87,7.54,2.47,4.72,0.86,5.88,4.16,5.02,0.84,0.85,5.75,2.51,4.21,2.58,4.16,8.17,10.82,8.63,6.72,8.17,4.21,4.03,8.07,6.08,3.48,7.28,4.03,4.11,9.78,4.89,5.13,2.46,4.15,2.57,9.85,6.83,5.79,5.00,4.32,3.35,2.46,4.05,8.51,1.67,5.14,1.65,1.68,6.63,4.14,7.54,2.56,4.72,6.86,1.67,8.70,5.02,6.11,5.81,8.56,10.76,6.00,2.48,1.64,8.53,9.03,5.88,6.00,6.00,3.34,6.75,5.09,4.36,8.46,3.38,2.57,3.36,6.78,5.72,6.60,4.20,2.33,6.70,10.81,6.74,3.42,10.87,9.46,8.14,0.85,5.79,4.16,3.39,4.23
1	2897070	2898055	AACAGGGGGTCTGGT	1.19	HG02069:1.67	0.83,0.83,5.03,1.67,3.35,1.67,1.55,1.63
2	242843947	242844812	AGGCGGCGGCGGGGGGG	1.16	HG02069:2.50	0.82,0.82,0.83,0.83,0.83,0.84,0.85,0.84,1.64,0.80,0.85,0.85,0.82,0.81,1.68,1.69,0.82,0.81,0.85,0.84,0.87,1.61,0.83,0.84,0.84,0.84,0.82,0.82,2.50,0.86,0.82,0.82,1.71,0.82,1.71,0.83,1.67,0.86,0.83,0.79,1.66,0.83,0.86,0.86,0.84,0.85,0.85,0.84,0.84,0.85
13	27988682	27988870	AAAG	1.16	HG02069:1.67	0.85,0.85,0.80,1.67,0.90,0.84,0.84,0.85,0.81
7	71145374	71146097	AAGGGAGGGAGGGAGGGAGG	1.14	HG02069:3.33	2.44,0.83,1.67,0.84,0.84,0.84,0.83,0.85,0.84,0.82,0.82,0.83,0.82,0.83,1.58,0.86,0.84,2.55,0.87,0.86,1.65,0.80,0.85,0.83,1.56,0.81,0.84,0.82,0.94,0.86,0.84,2.51,1.72,1.63,3.33,0.86,1.61,0.87,0.81,0.82,0.83,0.86,0.86,0.84,1.70,0.86,4.14,2.51,1.57,2.57,0.87,0.83,0.83,0.84,0.86,0.86,0.84,1.69,0.84,0.85,0.82,0.82,2.33,0.84,0.83,1.67,3.94,0.81,1.66
14	32356636	32357959	AAGG	1.14	HG02069:3.33	1.63,0.81,1.66,0.83,2.39,3.35,0.83,2.52,0.82,1.61,0.87,0.81,0.81,0.97,1.68,1.72,1.68,0.84,0.85,0.87,2.57,0.83,0.85,0.78,0.85,0.84,2.51,0.83,2.51,1.64,0.84,3.44,0.82,3.33,0.86,0.84,1.69,0.87,1.74,2.42,0.82,0.81,0.85,0.83,0.86,0.82,0.83,1.73,0.82,1.62,0.86,0.83,1.70,1.57,1.71,0.84,1.66,0.86,0.83,1.64,0.82,0.84,0.85,0.87,0.85,0.84,1.69,0.84,0.84,1.71,0.84,0.79,0.85,0.83,0.85
1	1363067	1364058	AAGAGAGGGGAGGGGAGGGG	1.12	HG02069:2.50	0.85,0.81,0.86,1.66,2.50,1.62,0.81,0.83,0.84,0.81,0.84,0.87,1.66,1.65,4.27,0.84,0.86,0.85,1.71,1.69,0.84,1.58
9	116927688	116929188	ATCC	1.11	HG02069:5.00	3.27,1.63,1.66,0.83,1.66,0.83,2.50,0.83,2.51,0.80,2.51,4.19,4.16,4.25,1.68,2.47,0.82,3.26,1.61,5.12,3.42,1.73,2.47,4.01,0.83,0.81,1.68,0.97,2.55,3.46,1.63,0.84,0.83,0.81,2.54,0.81,2.58,2.52,2.52,3.40,1.73,1.71,2.49,0.83,2.41,1.65,3.39,3.31,0.78,0.81,0.85,0.84,0.84,1.73,0.83,1.67,0.84,0.85,0.82,3.35,2.53,3.44,3.33,0.82,5.00,2.59,2.52,0.82,1.69,2.42,1.79,1.74,1.74,1.62,0.81,1.64,1.63,1.63,2.56,1.64,2.49,4.29,1.71,3.31,3.46,6.57,3.24,0.83,1.71,2.47,0.83,0.84,3.41,1.71,1.67,1.74,1.67,0.87,4.15,0.83,3.31,1.64,3.41,2.52,1.72,0.86,1.69,0.85,0.85,2.52,0.82,1.65,0.84,0.78,0.83,2.53,1.71,0.84,1.58,1.63,1.66,0.85
10	102135187	102136213	ACACATATATATACATATAT	1.10	HG02069:2.50	1.68,0.80,0.82,1.65,0.81,0.84,4.19,2.50,1.62,0.86,1.67,1.66,1.64,5.98
14	32356798	32357944	AAAGAAGGAAGGAAGG	1.09	HG02069:4.16	3.26,6.65,1.67,0.83,0.83,2.50,0.84,0.80,1.68,1.66,0.82,1.61,2.46,3.42,0.87,0.82,1.60,0.83,1.62,1.61,4.84,0.84,2.52,0.83,2.37,2.54,0.84,0.84,0.84,1.70,2.60,0.86,2.49,2.48,6.60,0.85,0.83,0.78,1.68,2.51,1.73,0.84,0.83,2.51,1.68,0.85,1.64,2.53,0.86,1.66,4.16,2.59,2.52,0.82,0.84,2.42,1.79,2.61,1.74,2.42,1.64,1.63,0.81,1.71,2.46,1.66,2.57,1.64,2.56,0.83,0.83,2.51,1.64,0.81,0.85,0.83,0.82,2.52,2.48,0.84,0.79,3.43,0.84,1.75,1.66,0.86,0.83,0.86,0.83,2.47,1.64,0.84,0.86,0.84,0.84,1.70,1.69,0.86,3.36,0.85,0.82,0.84,0.83,1.69,0.85,1.67,0.81,1.66,0.85
8	117505052	117505854	AAAG	1.06	HG02069:1.67	0.83,1.70,1.68,0.86,0.78,1.67,0.90,0.86,0.86,1.70
10	38868835	38875362	AATGG	1.04	HG02069:29.98	18.78,22.03,19.54,24.94,11.68,14.98,16.62,12.49,21.71,30.09,15.95,12.53,22.62,16.64,26.38,13.47,15.63,18.08,17.93,16.10,23.80,15.36,29.90,17.30,18.08,12.82,16.69,21.10,13.70,25.23,16.46,28.67,28.07,9.50,19.61,15.09,12.38,17.91,21.30,19.48,17.93,20.61,21.00,18.50,21.02,19.56,22.55,19.72,17.40,20.68,12.86,20.64,24.56,14.88,12.50,18.65,11.10,24.33,16.76,15.66,21.71,19.00,29.42,10.81,28.45,19.29,17.03,14.78,27.63,10.11,17.21,30.78,22.88,29.98,25.01,27.73,11.43,26.96,16.94,24.20,19.12,20.02,17.79,18.53,13.14,15.48,19.54,23.93,10.68,14.12,23.17,27.08,11.10,28.12,7.49,19.88,20.10,23.82,29.19,17.02,13.33,23.14,18.95,31.05,12.42,19.88,18.42,12.79,7.07,13.71,13.38,16.54,18.41,9.60,17.43,15.41,16.55,29.13,8.27,18.09,23.90,23.81,15.95,20.58,16.28,14.20,20.25,22.92,17.45,12.69,21.14,16.26,24.37,29.66,22.08,11.54,9.24,11.64,13.40,16.64,17.70,18.80,15.88,14.19,15.46,12.74,21.51,19.12,16.13,12.70
20	31200665	31201782	ATCC	1.04	HG02069:4.16	1.63,0.83,2.49,0.83,2.50,0.84,1.67,0.84,5.11,1.68,0.81,0.80,3.28,2.56,0.85,1.73,1.60,0.83,0.81,0.84,0.84,0.85,0.84,1.65,0.81,0.79,1.63,3.43,0.84,0.84,0.85,1.71,0.83,0.83,4.23,1.65,1.56,0.85,0.82,1.68,0.83,3.35,1.64,5.82,4.16,1.73,0.84,1.63,0.84,1.61,0.87,0.81,0.81,1.71,0.82,0.83,0.86,1.64,1.67,2.59,0.84,0.85,0.83,0.86,0.84,0.83,0.83,1.67,0.85,2.57,0.84,1.74,2.51,1.66,3.42,1.65,2.57,0.83,1.64,0.85,0.82,0.84,3.43,0.84,1.70,1.69,2.54,1.71,2.54,0.83,0.84,0.85,0.84,0.81,0.83,1.66,0.85,1.69
9	112324007	112325209	AAG	1.02	HG02069:4.16	0.82,3.33,2.49,0.83,1.60,1.67,1.70,1.65,0.81,4.83,1.71,2.40,2.53,1.70,1.65,1.63,2.37,0.85,3.36,0.84,0.84,3.40,3.47,0.83,0.83,0.82,1.73,2.52,0.83,2.45,4.16,4.20,3.27,0.81,0.87,0.81,2.56,3.29,1.72,2.56,1.65,5.00,2.59,0.82,2.48,0.84,0.79,0.84,2.57,0.83,1.68,0.86,0.84,0.85,0.86,2.54,0.82,0.84,2.50,1.67,0.85
1	230471341	230471846	AC	1.02	HG02069:3.33	2.45,0.83,0.83,1.67,0.84,1.60,0.84,2.51,1.70,0.84,1.65,0.81,0.80,0.82,0.80,0.83,3.25,1.94,1.69,0.85,0.86,0.82,0.81,0.86,1.68,1.68,0.84,1.70,1.71,0.80,1.69,3.35,0.82,0.94,1.73,2.52,0.84,0.84,0.86,0.82,3.33,0.82,0.84,2.61,1.74,0.81,1.66,0.85,1.67,0.86,1.70,0.83,2.57,1.65,0.84,0.79,1.74,0.84,1.66,0.82,0.85,2.51,0.87,1.69,0.84,1.71,1.67,1.65,0.83
17	79029869	79031298	AAAAACGCAACAGCAG	1.01	HG02069:29.14	13.06,17.14,16.28,0.83,10.02,29.95,32.42,26.65,10.02,16.72,7.98,9.19,18.43,21.63,3.40,7.57,16.45,22.00,11.27,12.31,21.33,19.65,12.98,23.02,7.21,21.70,19.48,17.73,20.19,5.81,5.90,4.25,13.82,8.99,16.77,20.63,16.29,14.99,11.01,18.74,19.75,17.64,14.29,14.29,11.05,20.81,32.58,18.23,6.62,28.13,28.90,22.86,17.36,8.60,19.46,20.50,10.91,7.54,28.84,16.99,24.18,25.22,9.98,13.39,21.81,7.66,3.29,17.59,26.95,3.44,11.65,13.08,29.14,15.53,21.85,20.41,22.75,17.75,7.17,19.12,15.66,22.64,28.19,18.06,35.86,25.24,15.38,26.29,23.25,27.46,20.51,5.12,22.33,16.65,12.97,21.77,16.43,5.68,16.17,10.83,9.43,0.82,12.59,3.31,9.94,5.86,13.64,0.79,13.71,5.02,5.22,6.11,5.81,12.84,6.62,11.14,12.41,8.22,11.10,20.52,1.68,18.87,5.14,11.81,17.83,9.60,1.69,10.99,13.44,7.63,14.72,19.79,8.54,7.54,17.47,3.37,0.85,19.22,18.13,4.07,5.10,10.75,19.95,7.64,11.85
7	90524076	90524597	AGAGG	1.01	HG02069:5.00	0.82,4.17,2.50,1.66,0.83,1.67,2.51,5.11,2.52,0.82,2.47,0.81,2.41,2.46,1.71,1.71,0.87,2.40,3.34,0.97,0.85,2.59,0.84,2.44,0.79,1.69,0.81,1.72,4.20,2.52,0.84,1.70,4.34,2.57,1.66,1.65,0.80,0.83,0.85,3.31,3.91,0.85,0.84,0.82,1.89,0.86,3.36,1.66,0.84,0.84,1.70,1.67,1.68,0.86,0.83,2.45,5.00,0.86,3.27,1.69,2.42,0.87,0.87,4.85,1.64,2.44,0.81,3.42,2.46,3.32,4.29,0.82,0.85,5.00,1.73,2.51,1.64,1.62,2.55,2.50,1.71,0.83,0.85,2.36,2.61,2.62,0.83,0.83,2.57,2.48,0.85,0.84,0.86,2.53,2.55,2.62,0.85,1.68,0.85,1.64,2.52,2.50,1.69,0.85,0.79,0.81,0.83,5.09,3.39
19	46794766	46795444	ATCC	1.01	HG02069:1.67	0.85,0.84,1.67,0.82,0.81,0.82,0.81,0.86,0.87,0.83,0.83
4	6513851	6514814	ACCACCACCACCACCATC	1.00	HG02069:2.50	0.80,0.83,0.82,0.83,1.94,0.83,0.81,0.84,0.85,0.86,0.83,0.85,1.65,0.86,1.68,0.84,0.86,2.50,0.82,0.87,1.74,0.82,0.85,1.65,1.64,0.81,0.84,0.83,1.71,0.84,0.84,0.84,0.82,1.65,0.84,0.85,3.39
