motif	top_case_zscore	high_case_counts	all_counts
ACCCTG	6.15	HG02076:27.43	2.45,9.79,3.26,5.82,3.34,4.99,2.50,2.50,4.18,1.67,3.35,5.82,4.25,3.37,0.82,6.52,14.49,2.46,5.12,2.56,1.73,4.81,4.17,2.43,13.70,0.84,6.78,1.69,0.85,6.91,0.82,4.07,9.46,2.54,4.89,1.72,4.20,0.87,2.49,0.83,0.85,2.48,0.81,4.27,0.84,6.70,2.47,1.89,1.73,3.36,3.33,3.35,1.68,0.85,5.02,0.84,1.73,3.36,5.72,8.43,27.43,13.03,5.66,0.81,3.42,9.04,4.98,2.46,3.42,1.65,2.50,3.35,2.46,0.81,9.43,4.12,1.66,7.45,2.56,2.57,1.74,1.67,8.30,2.57,4.14,7.45,7.68,0.82,19.31,1.71,1.67,6.75,7.64,4.36,4.23,14.28,1.69,1.65,2.52,17.08,5.02,4.16,2.56,3.34,39.42,4.25,4.24
ACATAT	5.89	HG02076:7.26	1.65,10.11,0.82,0.86,7.26,1.61,0.85,0.84,1.66,2.56,0.84,2.52,1.68,0.84,3.33
ACCTCCCTCTCC	4.78	HG02076:33.08	1.63,9.18,1.66,6.73,13.16,6.52,4.10,21.37,4.84,0.84,2.90,5.90,0.85,1.63,0.84,4.95,6.51,2.44,30.05,0.84,7.57,1.70,14.91,3.31,0.81,1.71,0.84,0.94,2.59,10.93,3.35,3.41,0.84,1.63,0.86,0.84,4.90,0.84,33.08,1.79,17.40,29.92,2.42,5.75,13.85,5.70,1.66,7.39,4.27,5.79,3.46,3.29,1.70,9.94,8.28,3.35,11.14,0.84,16.54,1.75,12.45,2.57,0.83,6.62,13.66,0.84,1.72,3.34,32.91,2.55,4.36,11.84,4.20,15.54,1.65,11.76,10.09,2.51,6.65,5.85,9.46,4.88,3.31,20.37,7.62
AACGAGTGAGTGAGGAGAGG	4.10	HG02076:8.88	1.63,4.92,6.75,0.86,5.72,3.26,1.69,8.41,2.57,6.43,1.65,3.30,1.67,1.73,5.72,8.88,2.69,2.43,3.26,0.82,2.56,0.83,1.67,3.46,0.82,3.24,5.13
AATGGTGAGGGGCACTGGGG	3.58	HG02076:114.58	23.67,10.61,11.40,7.48,22.54,20.80,31.58,5.84,8.36,20.74,18.37,2.51,17.47,17.02,11.78,45.24,20.55,20.37,18.51,12.31,22.18,7.69,7.79,6.58,15.22,10.02,18.67,24.18,10.93,68.73,5.06,21.27,9.50,37.59,27.67,18.15,5.70,41.01,34.72,11.41,32.62,20.16,9.25,26.90,43.37,22.55,6.86,112.67,15.72,50.63,2.48,19.48,5.79,2.34,7.30,12.58,5.86,50.27,2.83,0.84,16.64,41.00,8.39,7.66,21.35,1.67,12.63,31.84,29.12,41.68,33.31,19.84,5.04,66.14,40.44,114.58,33.16,63.43,42.64,71.97,34.64,5.75,61.12,6.51,23.07,57.51,55.64,62.63,47.59,90.53,32.26,5.83,102.87,78.72,10.68,51.08,48.50,39.15,13.71,8.24,15.94,7.45,43.90,10.88,9.38,7.07,17.14,16.54,10.88,12.22,19.92,0.86,52.96,9.42,6.62,14.80,32.43,9.03,33.58,15.44,12.85,5.01,7.59,12.73,27.05,42.30,7.61,16.26,12.60,22.88,49.88,18.97,14.28,95.49,95.45,39.09,8.43,52.97,52.66,63.07,86.23,28.88,31.44,14.97,13.58,27.94
AAGGAGGGAGGGGAGG	3.01	HG02076:5.65	3.26,0.83,0.83,2.49,2.50,1.60,2.51,2.47,0.85,3.29,0.83,1.62,0.85,0.82,0.84,1.65,0.81,3.94,0.85,0.84,0.85,0.83,2.34,0.85,0.84,0.82,0.83,1.67,1.64,4.19,0.86,0.83,0.84,5.65,1.74,2.43,0.81,0.81,2.44,0.85,1.65,1.67,0.82,1.62,0.86,1.66,0.84,0.83,0.86,0.82,0.86,0.86,0.84,2.62,0.85,3.27,1.55,0.84,1.58,0.81,0.85,0.83,0.85
ACAGGGTGG	3.00	HG02076:27.43	4.90,6.53,15.47,19.96,9.18,19.14,7.48,4.16,4.17,10.87,26.32,11.69,5.03,23.30,12.76,15.63,3.29,2.41,1.64,5.12,13.84,13.97,3.20,2.43,10.48,0.84,0.97,0.84,0.85,13.82,0.84,7.43,4.89,3.15,8.47,0.81,1.68,5.04,6.73,0.86,13.25,3.31,16.94,2.48,0.81,1.68,4.19,27.19,11.33,10.36,5.04,4.16,36.06,7.66,8.21,2.51,20.21,10.33,9.15,7.36,14.99,3.45,1.68,15.51,27.43,3.58,6.08,1.74,5.64,13.14,6.51,1.71,10.68,7.47,3.43,5.74,4.27,5.83,0.86,0.84,4.11,2.43,1.70,0.83,5.14,0.83,1.66,12.56,2.56,3.14,5.14,4.18,0.87,4.98,0.86,9.93,3.43,0.83,8.22,1.71,2.46,1.68,4.28,0.84,2.53,3.40,4.36,7.61,0.85,0.86,1.69,0.82,1.68,1.55,23.44,1.66,1.69,2.56,8.36,0.79,1.63,0.85,0.83,4.99,0.85,3.39
ACACTATCCACCTCCCACAG	2.72	HG02076:5.65	1.63,0.82,0.84,0.80,4.21,0.85,0.87,1.60,0.97,4.19,0.79,2.54,2.52,0.85,2.60,2.57,0.85,0.94,1.73,0.84,0.83,0.84,0.82,1.67,3.27,0.86,0.82,5.65,1.79,2.61,2.42,2.44,0.81,2.46,1.66,0.82,0.83,2.51,3.29,0.85,3.30,0.83,0.85,0.84,0.82,0.82,1.70,1.69,3.36,0.85,0.82,0.84,3.37,0.85,1.69
ACACCCTCCATCCATCCC	2.69	HG02076:20.98	5.71,6.53,14.66,2.49,5.01,4.16,8.31,4.16,3.34,7.52,9.57,0.84,2.51,5.82,7.66,5.05,6.58,10.69,4.89,8.85,3.28,4.27,3.42,8.22,10.42,9.18,13.80,11.28,10.93,7.74,10.12,5.95,6.05,9.81,10.90,13.20,14.66,22.87,9.32,8.15,7.73,9.24,12.61,5.04,8.50,11.27,4.29,4.96,16.88,4.95,6.77,6.61,26.57,14.59,0.85,1.68,2.51,4.94,5.66,3.45,2.52,8.32,6.69,5.03,4.26,9.03,4.19,9.26,10.33,15.81,1.63,3.33,5.18,8.40,5.72,8.43,20.98,2.69,7.82,6.09,15.36,14.50,9.85,17.11,13.03,6.84,1.64,2.49,7.72,7.39,12.41,4.16,6.92,10.89,2.46,10.54,0.85,1.67,12.00,4.94,7.55,10.88,5.11,26.72,6.86,5.85,5.22,6.69,5.24,6.64,8.56,3.43,6.62,1.64,10.24,4.10,7.55,8.58,8.35,1.69,8.49,4.36,7.61,1.69,1.71,5.93,16.35,5.77,10.08,14.75,13.40,3.33,6.74,6.84,12.54,14.19,21.97,9.34,9.10,5.82,2.55,7.62
AAAGGATGAGGG	2.53	HG02076:121.03	75.92,70.18,88.75,60.70,67.61,79.87,59.84,54.96,101.87,90.26,78.97,111.08,73.71,59.90,108.06,70.69,99.52,76.44,74.97,78.89,61.56,69.11,63.22,70.07,66.58,80.12,86.80,71.42,97.51,74.01,76.48,73.36,75.70,89.85,90.70,69.60,67.66,102.60,119.89,90.61,73.35,74.69,46.20,77.35,100.88,82.49,77.18,53.15,102.72,69.48,98.84,41.28,93.15,84.30,131.28,95.66,91.40,46.14,77.91,64.28,57.58,43.18,66.41,85.67,71.96,56.19,47.69,67.34,54.43,46.32,65.40,71.54,85.00,70.78,70.73,73.94,66.96,76.67,121.03,69.00,71.25,76.58,115.64,78.13,93.61,110.84,78.98,64.94,105.15,75.57,64.35,97.65,92.24,64.52,75.77,64.83,71.18,64.88,89.19,68.07,68.31,82.27,28.02,43.64,62.95,114.30,46.05,22.16,115.53,61.71,47.65,49.62,67.76,55.00,79.68,76.18,76.13,82.24,49.64,69.88,91.32,64.85,95.69,41.16,53.12,54.28,52.32,70.46,62.82,43.99,43.98,101.83,73.94,82.21,125.11,42.88,42.01,88.50,113.03,29.94,73.32,96.55,84.42,83.57,112.27,93.42,29.78,35.75,61.11,84.67
ACAGGAGGAGCCCCTATCCC	2.51	HG02076:14.52	8.98,6.53,9.77,6.65,9.18,7.49,3.32,2.50,5.84,1.67,1.60,2.51,7.54,2.55,7.57,10.69,5.75,2.44,6.44,1.64,8.53,2.56,3.46,8.22,4.81,5.01,5.68,5.64,3.36,1.94,4.22,6.80,6.91,4.09,6.71,4.13,4.89,14.99,6.77,4.07,7.73,8.40,7.57,10.09,10.20,3.47,6.86,3.31,5.79,10.45,5.78,5.93,3.31,12.50,7.30,3.42,7.55,4.19,4.12,7.55,1.73,3.36,13.31,4.18,4.19,3.41,6.57,10.05,5.89,8.61,4.99,2.45,5.83,7.76,8.40,6.53,6.74,14.52,2.69,6.95,1.74,9.70,8.86,4.11,13.85,8.96,6.84,9.86,1.66,5.15,11.49,6.83,5.79,5.00,4.32,5.86,5.75,10.54,6.81,3.33,3.43,3.30,3.36,4.14,8.28,9.21,3.41,7.07,4.29,3.34,4.35,2.51,3.49,4.98,3.42,10.76,0.86,0.83,7.40,4.27,4.10,5.88,12.01,10.28,2.51,12.66,0.85,4.36,10.15,3.38,1.71,3.36,2.54,16.35,8.25,6.72,8.54,10.88,5.82,7.58,5.13,5.85,10.25,13.02,6.79,5.79,4.16,5.09,5.08
AAGGAGAGGGAGGGAGG	2.15	HG02076:5.65	0.84,0.83,2.47,2.53,4.25,0.84,2.48,0.81,0.84,2.52,4.34,3.31,0.83,0.78,0.81,2.47,5.04,3.27,0.84,5.65,0.90,5.66,1.64,3.31,0.86,0.82,3.33,0.82,2.52,0.83,1.66,0.87,0.84,1.66,3.31,2.57,0.82,0.84,0.85,1.74,3.38,0.86,2.45,1.65,1.55,5.02,0.83,0.79,2.44,0.83,0.85,1.69
AAGGAGAGGGAGAGGGAG	2.00	HG02076:4.84	0.82,0.81,0.83,0.83,0.83,0.83,1.70,2.52,0.82,0.82,0.85,0.87,0.82,0.80,2.43,1.61,3.36,0.84,0.86,1.68,1.65,0.81,3.15,0.85,0.81,0.84,0.84,2.52,2.55,0.86,1.66,3.21,5.47,2.43,0.84,0.84,1.73,2.50,1.67,0.84,0.82,1.67,1.72,0.83,1.63,0.86,0.84,4.84,0.90,1.62,0.81,0.82,1.63,0.81,1.71,3.29,0.86,0.82,0.85,0.83,2.50,1.73,0.84,0.82,1.62,1.70,1.67,1.68,1.66,2.57,0.83,2.46,0.87,0.85,0.84,0.82,1.68,5.43,0.84,1.69,2.56,2.37,2.44,2.48,0.85
ACCCTC	1.88	HG02076:15.33	1.63,4.90,2.44,6.65,2.50,3.33,6.66,1.67,7.52,5.58,7.52,2.51,1.66,4.25,1.68,7.40,3.29,7.33,3.22,0.82,0.85,6.83,1.73,3.29,3.20,6.68,2.43,12.09,2.52,2.90,2.53,9.36,7.78,1.63,14.26,3.30,8.14,14.20,3.39,1.63,12.02,0.84,8.41,6.73,7.65,6.94,8.57,4.14,8.27,9.64,3.30,7.62,3.31,3.91,2.43,4.27,1.68,5.77,4.72,1.73,2.52,4.99,6.69,0.84,5.11,2.46,5.02,3.37,1.72,3.33,6.54,4.16,2.59,5.04,6.53,1.69,15.33,8.07,7.82,12.18,16.17,4.83,9.03,12.22,4.07,1.71,25.47,4.98,10.30,5.74,5.98,6.62,8.33,3.46,6.70,8.21,1.62,3.40,2.50,1.71,3.30,1.68,7.45,2.51,3.41,12.57,2.57,2.51,2.61,0.87,4.98,3.42,3.31,4.28,4.14,0.82,5.97,9.03,5.15,6.85,7.52,5.91,4.24,4.36,5.08,6.77,12.84,1.68,5.08,16.35,0.82,10.08,12.42,6.70,14.14,2.53,3.42,4.18,1.58,13.83,7.64,4.14,4.16,2.55,2.54
ACTGCAGCCTC	1.77	HG02076:2.42	1.66,4.20,3.42,0.84,4.93,2.42,0.85,0.84
AACCCGAACCCT	1.69	HG02076:4.03	0.83,0.85,0.82,0.82,2.56,1.71,0.87,1.64,2.48,0.86,0.84,1.70,3.31,2.41,1.69,1.68,0.84,4.26,2.46,1.67,1.69,4.03,2.43,0.82,1.63,0.82,1.72,1.64,0.83,2.47,0.84,1.66,0.85,0.79,3.42,1.64,1.71,1.68,0.85,0.78,1.71
ACACAGGGCC	1.64	HG02076:18.56	15.51,8.98,19.54,14.14,11.68,8.32,9.14,10.83,12.52,7.52,9.57,9.19,5.86,4.16,8.51,15.15,12.34,4.11,8.96,11.27,10.67,13.65,10.25,10.38,2.47,9.61,8.35,7.30,7.25,7.57,5.81,6.75,8.51,19.01,14.71,11.74,6.60,13.84,18.14,13.55,10.59,12.02,8.40,8.41,15.13,8.50,10.41,6.86,6.63,9.93,12.05,7.43,12.70,11.57,15.63,11.35,7.69,7.55,6.70,10.71,7.55,9.50,12.61,11.64,11.71,6.71,10.22,13.96,5.86,7.58,10.33,15.81,13.08,12.49,12.94,1.68,10.62,11.80,18.56,12.55,14.77,17.40,12.94,20.14,9.03,20.37,8.14,8.54,15.61,7.47,11.15,12.31,15.37,8.27,9.99,4.32,7.54,5.75,8.92,10.21,10.00,7.71,9.89,7.55,9.94,12.42,10.88,10.23,16.50,7.71,12.54,5.22,10.04,4.36,9.13,6.85,6.62,8.57,6.62,7.40,11.95,6.57,8.39,5.15,6.00,9.19,6.75,8.49,7.85,5.08,4.23,11.12,13.44,16.10,13.08,16.49,10.08,13.97,5.02,8.32,2.53,16.23,9.19,17.35,16.27,7.64,3.31,4.99,5.94,11.85
ACTGGAGCCCCCTGAGG	1.53	HG02076:2.42	1.63,0.81,0.83,1.66,0.84,0.84,0.83,0.82,0.81,0.97,0.84,0.85,0.83,0.85,0.82,0.94,0.83,0.84,0.83,0.86,0.84,0.84,2.42,0.87,0.87,0.81,0.82,0.84,0.85,0.84,0.83,0.85,1.68,0.86,0.87,0.84,0.83,0.85,0.85,0.83
AAAGGCTGGAGGGGTCGGG	1.29	HG02076:2.42	0.85,0.97,0.82,3.15,0.86,0.87,0.78,1.72,2.42,0.81,0.82,0.83,1.67,2.36,0.86,0.84,0.83,1.65,0.86,0.84,0.82,0.82,1.55,0.85,0.84,0.79,0.85
ACACACCTCACCCTCCT	1.23	HG02076:67.78	39.19,48.14,48.04,29.93,21.70,32.45,34.91,17.49,51.77,33.43,28.72,38.42,36.02,57.41,26.38,35.35,84.72,18.90,34.23,31.39,43.50,17.07,15.38,14.71,32.06,34.45,46.74,50.32,42.71,40.37,17.43,26.14,19.56,13.82,38.40,31.87,54.45,52.93,89.13,34.72,13.85,26.61,7.56,40.35,42.03,21.26,19.08,15.43,31.48,24.81,55.45,26.42,27.10,22.31,46.89,51.88,28.19,19.30,37.70,38.73,33.04,14.68,15.13,29.94,51.88,41.93,40.88,64.06,26.80,40.42,19.79,50.74,4.90,16.65,25.01,26.89,10.62,26.96,67.78,34.05,24.33,23.50,62.27,25.78,45.98,95.35,27.68,31.62,13.97,38.20,42.90,54.16,44.41,47.15,26.65,31.98,28.47,28.75,43.78,39.14,17.49,22.28,19.78,48.67,36.44,15.74,15.07,40.06,25.94,26.57,10.87,25.24,40.16,13.97,29.05,11.98,31.44,17.99,39.71,4.93,13.66,14.78,23.50,38.59,3.43,5.01,35.44,16.13,17.45,54.99,48.20,15.40,9.24,5.08,19.63,59.37,39.49,29.50,51.91,40.76,15.17,33.32,26.75,146.64,51.25,39.92,28.13,31.59,41.59,14.39
