#contig	start	end	unit	top_case_zscore	high_case_counts	all_counts
3	171241547	171242437	AGC	18.85	HG02772:18.85	18.85
10	100891231	100892462	AAAG	15.57	HG02772:17.14	0.82,0.85,1.66,14.34,0.82,0.84,17.14,1.71,5.79,0.85,4.10,2.55,0.85,3.27,0.84,0.78,1.70,0.83
4	4265224	4265788	AAAG	13.66	HG02772:13.71	7.54,13.71,11.32,3.33
5	134835324	134836383	AAAAT	12.00	HG02772:12.00	12.00,7.61
1	98511142	98512298	ACCGCTGCCGCTGCT	10.83	HG02772:13.71	0.85,0.85,4.93,1.68,0.84,1.68,1.70,2.42,2.44,2.51,0.83,2.57,4.14,0.79,13.71,6.69,4.28,1.65,0.86,2.53,2.62,3.38,2.54,0.86,1.68,0.85,2.47,2.52,2.53,0.85,4.16
17	39885853	39886781	AAAG	9.52	HG02772:10.28	0.82,0.84,0.84,0.81,0.85,1.62,0.86,0.85,10.28,0.84,0.84,6.72,0.84
3	182823279	182824642	AAAG	9.02	HG02772:15.43	1.67,15.43,10.29,11.86,17.99
17	44018474	44019671	AAGG	8.93	HG02772:10.28	0.82,0.83,0.84,3.94,0.83,0.86,0.84,0.83,0.83,0.82,0.87,0.87,1.62,0.81,4.11,0.81,1.63,0.85,0.82,0.83,0.82,2.43,0.83,0.86,2.48,25.94,10.28,0.84,0.85,0.87,0.85,0.84
4	65699879	65700692	ACACATATATGTATATATGT	8.52	HG02772:8.57	8.57,7.70,5.01
1	723710	724485	ACTCC	7.64	HG02772:7.71	7.71,6.83,1.74,6.77
17	3167047	3168158	AAAAT	7.54	HG02772:8.57	0.85,5.80,0.84,1.66,1.73,0.82,0.81,0.86,0.82,21.82,0.84,0.79,8.57,0.84
7	140173867	140174262	AAAG	6.86	HG02772:6.86	0.86,6.86,2.49
11	48070468	48071436	AAAAC	6.79	HG02772:6.86	0.83,6.86,5.75,0.81,0.85
16	84512328	84513767	AATGCCAGCGGAATTCCCT	5.99	HG02772:42.85	6.53,6.53,7.33,1.66,4.17,7.49,0.83,13.32,4.17,9.19,3.99,5.85,11.73,4.16,4.25,9.26,2.47,4.07,0.80,5.12,0.85,3.46,3.29,1.60,1.67,5.68,4.03,3.36,1.94,0.85,1.73,3.27,3.35,0.83,5.52,3.39,9.78,12.02,1.68,2.52,5.04,22.11,3.47,3.31,1.61,10.73,5.08,4.13,16.41,0.81,3.42,4.19,12.57,1.65,14.16,7.57,21.63,10.06,5.96,3.29,17.59,3.37,8.61,3.33,4.09,0.86,8.40,3.27,0.84,1.79,1.74,0.87,4.85,3.26,6.51,8.54,3.29,4.29,2.46,1.71,1.65,3.33,2.59,1.67,2.43,0.85,11.66,35.99,4.12,15.10,16.56,12.42,5.02,36.65,24.36,42.85,15.88,1.74,0.84,24.44,9.13,7.70,6.62,1.71,21.38,8.53,19.70,21.82,6.00,0.86,20.88,19.41,0.85,25.30,4.23,7.61,4.28,10.92,22.08,3.30,10.08,9.32,5.02,4.16,9.27,12.82,54.40,2.44,9.34,1.65,0.83,1.70
4	77529376	77530210	ACAGC	5.97	HG02772:6.00	6.00,5.97
3	189029324	189030272	AAAGGAAG	5.84	HG02772:6.00	6.00,0.83,5.15,11.04,3.40
14	62221547	62222713	ACGTGAGGCATGAGTGGC	5.63	HG02772:17.14	14.08,17.14,11.58,7.45,5.97,9.31,7.63
4	105190268	105190812	AAGGG	5.58	HG02772:6.86	4.08,2.46,0.83,3.35,6.86,0.86,2.53,1.70,2.54,2.52
7	44267375	44267936	ACACCCTCCTCTGTCCCCC	5.45	HG02772:6.86	1.64,2.59,4.92,4.05,2.47,6.86,7.10
9	137796969	137798433	AAG	5.37	HG02772:12.00	5.71,0.81,6.65,0.84,4.11,4.10,1.71,6.92,0.80,4.17,5.64,0.84,0.97,1.69,4.25,1.73,2.48,0.81,0.79,0.85,1.72,8.41,1.70,0.87,4.29,3.31,2.48,0.80,5.78,6.77,5.79,0.78,2.43,0.84,7.54,0.86,3.36,2.52,1.72,1.63,5.00,1.73,0.82,0.87,2.44,1.71,3.29,1.72,1.71,3.31,6.05,0.82,0.85,4.94,1.68,4.97,8.28,5.86,5.97,0.79,12.00,6.09,4.15,0.86,4.14,2.57,1.65,4.11,4.27,1.64,2.57,1.69,4.20,2.54,7.42,5.04,4.21,9.19,4.88,5.79,1.69
9	94384047	94384683	AAAG	4.98	HG02772:5.14	0.80,1.68,0.81,0.86,5.14,0.82
12	119194842	119196158	AG	4.65	HG02772:14.57	6.53,3.26,6.51,9.98,4.17,11.65,2.49,8.33,3.34,6.69,7.18,3.35,4.16,11.06,4.21,3.29,4.11,6.52,7.24,5.75,5.12,2.56,0.87,1.64,2.40,3.34,3.25,7.25,5.05,5.81,4.22,7.66,6.91,2.45,0.84,3.30,5.70,3.94,3.39,6.52,6.87,3.36,2.52,4.20,2.55,6.94,0.86,9.11,6.62,4.82,4.95,5.08,1.65,7.03,2.43,3.42,3.36,8.38,0.82,6.61,4.32,2.52,4.99,4.18,5.87,5.11,3.29,9.21,6.74,5.16,3.33,7.36,5.83,2.59,2.52,2.45,5.06,3.23,5.38,4.34,1.74,6.47,3.22,1.64,7.33,6.51,11.11,7.39,4.98,4.29,6.56,2.56,1.65,8.33,6.92,5.86,4.93,4.86,3.40,10.00,9.43,7.42,5.87,2.48,5.80,5.02,6.82,5.50,14.57,3.34,1.74,2.51,2.62,5.81,5.99,8.27,12.85,3.31,9.04,7.68,4.10,5.88,2.57,1.71,2.51,4.22,3.40,6.98,4.23,2.54,4.28,2.52,2.54,0.82,7.56,3.88,6.70,9.15,0.84,8.54,4.18,7.88,8.14,0.85,4.96,14.13,3.39,6.77
20	58396409	58396965	AAGGGGTGGGATCGCTGGGG	4.49	HG02772:8.57	1.63,0.83,2.59,0.83,1.73,0.82,0.86,0.82,0.87,0.81,2.49,1.64,4.94,7.55,2.48,3.31,0.84,1.70,8.57,1.74,3.35,0.83,2.57,0.86,0.83,4.93,4.27,0.84,3.43,1.67,0.84,0.85,1.69,0.86,5.04,3.39,0.82,0.82,5.88,1.55,5.02,3.33,0.85,0.84,0.79,1.63,0.85
X	114939662	114940965	AAAGAGAGAGAG	4.29	HG02772:4.29	4.29,5.88,3.49
3	184430044	184431374	AAGG	4.28	HG02772:34.28	6.53,9.79,16.28,19.12,11.68,10.82,7.48,7.49,6.69,11.17,13.36,14.98,24.67,23.56,14.81,14.80,15.48,8.85,15.36,20.50,20.76,18.91,21.63,17.04,11.28,10.09,15.49,18.55,11.23,21.24,11.40,5.08,7.33,6.87,6.72,32.78,11.91,8.57,14.08,35.57,6.43,27.24,15.70,24.22,15.40,23.92,14.26,17.59,9.89,16.05,16.41,20.18,8.37,11.74,18.74,19.71,15.91,15.16,23.23,27.45,9.99,12.94,11.76,5.72,20.22,11.30,12.55,16.51,13.92,12.13,6.44,9.03,7.33,7.33,7.69,14.95,12.01,9.85,17.08,7.44,6.66,14.70,26.80,11.91,13.33,3.30,12.59,17.39,23.44,10.23,14.15,34.28,5.86,0.87,25.68,9.93,1.71,11.58,8.22,9.39,32.01,7.55,12.85,11.69,18.56,8.49,13.09,2.54,8.46,2.57,13.44,19.49,13.90,2.47,0.78,20.09,5.90,11.96,17.55,2.44,7.45,21.62,10.16
2	75605936	75606623	ACATATACATATAT	4.18	HG02772:4.29	0.86,4.29,0.83,0.84,0.85
10	115016917	115017761	AAAG	4.18	HG02772:4.29	0.82,0.82,0.84,1.73,4.29
21	34143896	34144674	AG	3.98	HG02772:5.14	0.83,0.83,0.83,0.83,2.51,0.84,0.83,3.22,0.85,2.47,0.81,0.84,1.63,0.81,0.84,0.84,0.83,0.94,0.84,1.66,0.82,0.84,0.81,1.67,0.83,5.14,0.83,0.82,0.84,0.87,0.84,0.83,0.85,0.84,0.83,0.85
2	39713443	39714610	AG	3.95	HG02772:11.14	0.82,4.08,4.89,7.48,1.67,4.16,2.49,2.50,0.83,4.18,1.60,1.68,0.83,0.84,0.82,1.63,1.61,0.82,0.85,1.71,0.87,3.29,2.40,2.50,1.62,0.81,1.68,6.78,3.37,1.70,0.82,3.35,1.65,0.81,1.69,4.07,5.15,1.68,0.84,1.70,5.20,1.71,2.49,1.65,2.41,1.65,3.39,1.65,1.56,2.43,0.85,0.84,0.84,4.12,1.73,1.68,0.83,5.02,5.11,3.35,2.53,6.02,0.83,2.45,1.67,1.73,0.84,1.63,0.81,0.90,0.87,4.04,1.61,0.81,0.81,1.71,0.82,3.32,3.28,0.83,0.83,3.46,2.51,3.29,2.43,0.83,0.86,7.55,0.83,5.80,1.67,4.26,0.79,11.14,2.51,1.67,7.86,1.66,3.42,0.83,14.56,3.29,7.68,6.57,0.86,1.71,2.55,6.11,1.69,7.61,6.85,2.52,9.00,9.07,3.88,0.84,3.37,2.56,0.84,0.79,4.07,1.70,0.83,5.82,4.24,0.85
4	41161407	41162536	AAGGAG	3.94	HG02772:12.86	17.66,12.86,10.76,7.71,9.24,6.51,6.79
12	132866696	132868603	ACAGCACCCACATCC	3.91	HG02772:9.43	4.90,0.82,1.66,2.50,1.66,1.66,0.83,2.50,5.01,4.18,5.03,1.66,1.70,2.52,0.82,0.82,0.81,1.61,1.64,0.85,0.82,5.61,4.17,4.06,3.36,3.87,5.06,1.70,1.73,4.09,2.52,4.13,0.81,3.15,2.54,3.26,2.58,5.88,2.52,1.68,1.70,2.60,2.57,0.83,2.48,5.63,0.83,4.23,1.65,4.69,0.81,0.85,1.68,0.84,3.30,1.89,0.84,2.50,1.67,1.68,4.26,1.64,3.35,2.53,1.72,0.83,1.63,1.67,1.73,4.20,2.45,2.53,3.23,3.58,4.35,1.62,5.64,1.64,6.52,4.07,0.85,2.46,2.49,1.72,2.46,3.42,1.65,0.83,2.51,2.46,1.62,2.55,0.83,0.86,3.30,4.20,4.14,2.48,1.67,0.85,3.93,9.43,0.84,1.75,0.83,3.42,1.65,5.14,4.14,10.69,0.85,3.28,1.68,5.15,2.57,3.34,0.84,5.23,2.54,0.85,1.71,0.84,2.54,4.91,4.12,2.52,4.66,6.70,1.66,2.51,4.73,5.69,1.70,2.48,2.49,0.85
GL000220.1	144057	145133	AATAC	3.72	HG02772:6.00	1.66,0.80,0.82,0.82,0.84,0.84,0.83,0.79,0.84,0.85,0.87,0.86,0.83,0.80,1.65,1.69,2.34,0.84,0.82,0.84,1.67,0.82,0.83,0.82,2.42,0.90,2.61,0.81,0.81,0.82,1.63,0.82,1.71,4.32,0.85,2.52,0.84,3.93,6.00,0.84,3.31,0.82,1.71,0.84,2.57,0.84,1.64,0.82,0.78,0.83,0.85,0.81,1.70,1.65,0.85
11	59973231	59974444	ACATATATATAT	3.54	HG02772:16.28	4.99,1.66,9.25,7.74,18.16,14.26,21.29,9.49,5.66,3.43,19.88,5.80,0.84,4.26,16.28,10.04,9.41,4.11,11.10,0.84,6.00,10.02,3.38,1.69,11.84,8.18,5.04,4.66,6.74,4.07,5.94,11.85
6	25262902	25264082	AAAG	3.54	HG02772:6.00	5.12,2.90,1.73,1.61,0.94,0.86,0.84,0.81,0.82,3.32,2.51,2.43,0.82,0.84,6.00,5.02,1.64,0.85,1.74,2.54,0.84,0.85,3.37,3.94,0.85,0.83
X	129035482	129036040	AAGGT	3.43	HG02772:3.43	3.43
X	59999	60230	AGCCCT	3.42	HG02772:3.43	1.66,0.84,3.43
14	25598640	25599469	ACTATATATATATG	3.40	HG02772:3.43	2.52,3.43,1.67,3.32
3	141052696	141053647	AAGG	3.34	HG02772:4.29	0.83,0.83,0.85,0.81,0.84,0.84,0.83,0.84,0.87,0.82,0.82,1.66,4.29,6.96,0.83,0.86,0.82,0.85,0.84,0.86,0.85,3.30,0.84,0.78,4.16
1	100791596	100792566	AAGG	3.31	HG02772:5.14	2.55,0.84,0.81,0.82,0.86,1.65,1.66,0.85,5.14,0.84,3.49,0.83,1.71,0.86,1.65,0.85,1.68,2.55,0.87,0.85,0.86,1.68,1.64,1.65,2.52,0.85,3.31
13	93037219	93038075	ACATATATGCATATAT	3.11	HG02772:3.43	0.86,3.43,0.87,0.86,9.03,0.85,5.52
X	1432647	1434205	AACCGCACTGCACCTGCCC	3.09	HG02772:10.28	8.16,0.82,1.66,1.67,0.83,2.50,0.84,0.84,1.68,0.83,2.55,0.84,0.82,0.81,1.61,0.82,0.85,0.85,4.11,1.67,0.81,2.42,0.84,0.84,0.85,0.86,1.63,1.63,0.79,0.81,0.84,0.85,1.73,0.83,1.65,0.83,0.78,1.62,0.85,1.68,5.03,3.30,0.94,0.86,3.36,0.83,0.84,0.84,0.82,4.19,1.68,0.86,0.82,1.67,2.59,0.84,0.82,5.06,2.42,0.87,0.87,0.81,1.66,0.86,0.83,1.67,0.86,0.82,0.86,0.82,3.36,0.83,1.66,4.19,4.26,10.28,2.51,6.11,0.83,0.83,4.96,0.82,1.71,0.82,2.52,0.86,0.84,0.84,6.79,3.49,2.54,1.69,10.27,15.96,0.85,1.64,0.78,1.67,0.83,1.69,5.13,3.94,4.88,1.70,10.81,4.24,1.69
2	234371407	234372787	ACGCATCTCCTCGCTCC	3.06	HG02772:6.86	2.50,0.84,2.50,2.59,3.48,1.71,2.52,4.14,1.70,1.57,6.86,5.85,2.49,4.14,1.67,1.69,0.86,4.09,12.56,9.34
12	125255286	125256228	AAAAG	3.02	HG02772:6.00	10.59,10.67,12.57,6.00,0.87,0.83,2.51
5	147081538	147082759	AAAG	3.00	HG02772:5.14	1.67,3.26,1.73,2.50,0.80,0.78,2.52,1.67,1.70,0.87,1.64,1.66,0.84,0.85,5.14,2.62,0.86,1.65,1.71,0.82,2.55,0.87,0.85,0.85,3.30,0.84,0.84,2.56,0.84,4.25,0.83
2	178440439	178441346	ACATATATATATAT	2.97	HG02772:3.43	0.80,2.34,1.66,3.43,1.71,0.85,1.65
4	191031605	191032704	AACCCT	2.96	HG02772:6.00	10.61,3.34,6.81,6.68,0.84,6.00,3.43
6	159927992	159929054	ACACATATATACATATAT	2.95	HG02772:3.43	5.80,3.43,0.84,3.34,5.86,8.43
18	40684875	40685879	AAGGGAGG	2.89	HG02772:8.57	4.99,5.01,6.81,3.37,0.85,3.35,12.27,6.05,7.66,2.51,0.84,0.82,2.47,7.54,8.57,0.86,2.48,0.84,3.27,2.44,0.85
16	66508554	66508897	AGGG	2.89	HG02772:5.14	0.82,0.83,0.83,1.67,0.80,1.65,0.85,2.53,0.81,0.84,0.85,0.80,0.83,0.78,0.85,0.84,1.64,0.82,1.74,3.28,1.71,0.83,0.84,1.66,2.48,5.14,4.14,1.64,3.41,2.57,2.57,0.84,4.27
9	74035287	74036478	AAAAAGGGAGAG	2.78	HG02772:7.71	2.45,0.82,0.81,2.49,0.83,3.33,1.66,1.67,1.60,5.85,0.84,1.66,0.85,0.84,2.47,1.64,4.89,2.41,3.28,4.27,5.13,3.46,1.64,1.60,2.43,3.22,3.36,2.90,1.69,0.85,5.18,0.82,0.84,0.83,2.44,0.79,2.54,3.26,0.86,1.68,1.70,2.57,3.31,4.02,0.83,0.85,1.65,3.24,1.68,0.84,1.65,3.45,0.84,2.50,0.84,0.84,1.70,4.11,0.84,0.86,2.50,1.63,3.33,0.86,2.52,3.37,2.42,1.79,4.34,0.81,4.03,2.46,4.89,1.63,2.46,5.15,5.74,1.71,3.31,1.67,1.67,2.46,0.81,4.25,0.82,1.66,1.57,7.71,1.67,3.35,1.75,3.32,1.65,2.48,3.29,7.39,3.36,1.69,1.70,0.87,1.69,0.86,4.20,0.85,1.64,4.12,1.55,4.19,0.83,0.84,2.56,6.31,1.63,1.70,4.16,3.39,1.69
X	113620903	113621223	ATATATATATGATATATATC	2.57	HG02772:2.57	2.57,4.11
2	130635441	130635605	ACACGCGCGCCCGCCCCCCC	2.57	HG02772:2.57	2.57
8	90825156	90825157	AC	2.57	HG02772:2.57	2.57
7	52044541	52044956	AATATATATATATAG	2.57	HG02772:2.57	2.45,0.83,2.57
6	101763257	101763279	AAAG	2.57	HG02772:2.57	1.64,2.57
17	42353592	42354023	AAAG	2.53	HG02772:2.57	0.83,1.70,2.57,0.84
1	4691998	4694042	ACACAGC	2.52	HG02772:17.14	6.53,9.79,7.33,10.81,7.51,8.32,14.13,1.67,7.51,1.67,3.19,5.85,2.51,4.99,8.51,5.05,6.58,7.40,7.33,3.22,2.46,2.56,5.13,3.46,6.58,1.60,5.84,8.93,4.84,9.25,3.87,5.90,8.51,11.23,7.35,0.84,3.30,5.70,8.68,3.39,1.63,12.02,3.36,8.41,1.68,2.55,13.01,5.14,9.94,5.79,6.43,8.26,5.93,7.44,28.91,8.92,3.42,12.58,15.92,1.65,5.66,8.64,8.41,7.49,6.69,4.19,5.11,2.46,16.75,3.37,3.44,14.14,1.63,5.00,6.04,2.52,16.33,6.74,15.33,2.69,8.69,11.31,4.04,4.83,1.64,9.78,10.58,3.42,10.68,6.64,7.72,9.85,6.83,7.44,8.33,7.78,2.51,9.03,1.62,11.06,6.66,4.28,1.65,3.36,4.14,3.31,6.70,4.26,3.14,17.14,1.67,0.87,7.53,6.98,4.98,8.56,4.14,9.42,9.93,0.82,5.12,5.75,6.72,4.29,10.28,10.02,3.40,0.87,5.92,6.77,2.57,1.68,4.24,3.27,13.19,8.40,6.99,6.70,5.82,2.53,0.85,5.85,5.52,7.32,4.25,1.65,4.99,1.70,1.69
6	160400606	160401746	AAAG	2.51	HG02772:11.14	14.66,8.42,13.98,9.39,8.64,9.89,11.14
2	74787556	74788824	AGG	2.50	HG02772:8.57	3.27,1.63,0.81,0.83,2.50,3.33,0.83,5.00,3.34,5.01,3.19,2.51,3.35,1.66,3.40,0.84,4.11,3.29,1.63,2.41,4.10,2.56,6.83,1.73,4.11,1.60,4.17,3.25,4.84,3.36,1.69,2.55,4.32,3.27,3.30,4.07,2.37,1.69,4.07,5.15,3.36,0.84,5.88,2.55,2.60,3.43,4.97,2.48,3.21,3.30,3.31,3.91,3.24,1.71,0.84,2.51,4.12,3.78,3.45,2.52,1.66,1.67,3.35,3.41,2.46,2.51,4.21,5.16,2.45,2.50,2.59,2.52,4.08,0.84,6.45,1.79,5.21,2.61,3.23,2.42,4.11,3.26,4.89,4.27,2.46,2.49,6.01,3.28,4.27,2.48,5.83,4.32,2.51,2.46,3.24,5.96,4.17,5.14,2.47,1.68,3.31,2.48,5.02,5.97,4.72,8.57,6.96,4.18,0.87,3.32,2.57,4.14,1.71,5.79,1.64,3.41,7.39,4.20,2.57,2.57,3.34,1.69,1.70,1.74,0.85,3.38,3.42,8.40,0.85,3.27,4.95,3.88,5.02,1.66,3.37,5.98,3.34,3.94,3.25,1.70,4.14,5.82,1.70,3.39
X	26976054	26976390	AAAGG	2.50	HG02772:2.57	0.80,1.64,0.86,0.85,2.57
2	14266074	14267423	AAAATATTTTAATT	2.49	HG02772:3.43	0.83,1.67,0.86,0.82,1.67,0.82,3.43,0.83,0.83,0.87,0.85,0.85,0.82,2.33,0.83,0.85,0.79,6.79
6	13768866	13769189	AG	2.49	HG02772:2.57	8.15,0.83,1.68,2.57,0.78
5	4014871	4015569	AGATATATATATATATCTC	2.47	HG02772:2.57	0.87,4.12,2.57,3.41,0.86
8	78398049	78398815	ACACATATATATATAT	2.47	HG02772:2.57	0.81,1.67,0.84,2.57,1.69
7	84319749	84321081	AAG	2.46	HG02772:13.71	2.45,2.45,4.07,1.66,5.01,7.49,4.16,8.33,8.35,3.34,10.37,5.01,7.54,5.82,8.51,1.68,0.82,9.86,2.44,2.41,4.92,5.12,2.56,9.52,4.93,8.81,4.17,6.49,7.25,5.89,12.59,2.55,2.59,2.45,4.19,4.95,13.84,3.94,0.85,3.26,6.87,11.76,3.36,10.09,10.20,2.60,3.43,3.31,5.79,3.21,8.26,5.93,3.31,6.25,4.05,3.42,9.23,6.70,7.42,3.78,4.32,4.20,7.49,8.37,4.19,5.96,4.11,2.51,2.53,4.30,9.15,3.27,7.49,6.04,10.92,4.90,3.37,12.10,8.07,3.48,1.74,8.90,0.81,4.11,3.26,8.96,5.13,3.29,2.49,0.86,4.92,3.42,5.79,2.50,0.86,1.67,10.68,8.92,1.70,6.66,7.71,5.77,2.52,4.14,11.60,7.54,4.26,3.93,13.71,2.61,4.18,5.24,3.32,4.28,3.31,8.57,3.31,2.47,5.12,5.75,5.04,5.15,6.00,0.84,1.69,5.09,6.11,5.08,3.38,2.57,6.72,15.25,2.45,4.12,4.20,3.11,5.86,4.99,3.37,6.84,12.54,3.94,2.44,2.55,9.93,4.99,6.79,10.16
14	25598532	25599323	AATATATATATATG	2.45	HG02772:2.57	2.53,0.84,2.57,3.35,3.32
6	169239806	169239989	ACCGCGTCCTCGTCGGC	2.43	HG02772:2.57	2.48,2.57,0.87,0.85,0.85,3.40
14	55346738	55347959	ACTCCATATATATATAT	2.42	HG02772:7.71	0.82,4.90,0.83,4.16,2.56,4.17,0.84,2.55,4.32,1.63,4.19,2.54,3.26,2.58,5.04,2.55,1.73,0.86,5.80,4.82,5.82,4.09,2.52,3.27,5.38,0.87,5.66,0.81,1.63,5.13,5.75,4.15,0.86,5.74,0.83,1.73,1.67,1.62,0.83,2.47,4.19,7.71,1.71,4.11,7.68,3.36,0.86,4.09,4.12,0.84,1.70,2.49
10	16445074	16446400	AAAGTTCATGGT	2.40	HG02772:12.00	22.86,0.82,3.33,11.66,3.99,13.31,3.40,5.75,4.89,0.83,2.52,4.13,2.37,4.29,1.68,0.85,3.31,10.71,7.49,6.70,0.84,0.86,1.66,5.00,3.36,2.45,5.90,7.26,0.90,0.87,2.61,4.85,2.44,5.13,3.32,3.28,0.83,6.05,6.70,4.25,3.35,12.00,12.31,3.49,7.61,0.86,0.84,6.60,5.04,8.37,0.85,8.95,2.55
13	114515427	114516346	ACAGGTCCCGGGTGGGTC	2.40	HG02772:4.29	2.49,0.84,1.68,0.85,3.37,1.70,0.79,0.84,1.68,0.83,2.48,0.84,0.83,0.83,2.69,1.74,0.87,0.82,1.63,0.82,0.85,0.86,4.14,4.29,0.84,3.25,1.70
4	115127945	115128916	AAATATATGAATATAT	2.37	HG02772:6.00	0.85,2.57,1.65,0.84,3.31,1.70,6.00,1.74,5.99,0.83,6.62,1.68,0.86,0.84,0.84,8.49,8.25,0.84,0.85,1.65,3.39
22	22474647	22475596	AAATAATTATTT	2.36	HG02772:3.43	0.84,2.50,0.83,0.84,3.43,3.34,0.86,2.57,4.19,2.53,0.85
17	6493629	6494564	AAGAAGAAGG	2.33	HG02772:2.57	0.81,2.57,1.75,1.71,1.71,2.45
21	43999094	44000078	ACAGCCCTGCCCTCATCAG	2.32	HG02772:10.28	4.97,10.28,12.66,10.63,8.54,7.49,11.80,0.81
16	818550	819592	CCCCGG	2.31	HG02772:6.00	0.79,0.85,0.84,0.82,0.82,0.86,0.86,0.82,1.66,1.66,1.57,6.00,0.87,4.18,1.66,0.83,0.85,6.00,5.85,1.70,4.36,2.54,0.82,0.82,5.04,6.21,1.67,1.66,0.84,1.70,1.69
7	102800289	102801811	AAATGGTGAAGGGCACTGGG	2.26	HG02772:6.86	1.63,0.83,1.60,0.81,0.84,0.83,0.79,0.85,0.83,2.41,5.03,0.84,0.85,0.84,0.90,1.74,0.82,5.00,1.71,0.82,0.83,6.86,5.86,2.48,1.71,4.96,0.84,7.71,2.51,5.91,3.40,5.07,0.86,0.85,5.88,0.83,3.25,4.14,4.99,3.39
1	2055826	2056299	AACCACCGCCACGACCCT	2.23	HG02772:2.57	2.57,0.87,2.62,3.29,0.86,0.82,5.82
11	26895283	26896170	AAAG	2.14	HG02772:2.57	0.83,4.28,0.84,2.57,1.65,2.57,4.07
3	71483959	71484367	AAGGGAGGGAGGGAGGGAGG	2.13	HG02772:2.57	0.83,0.82,0.86,0.83,2.57,0.84,1.69,0.84,0.83
7	33753801	33754963	AGG	2.01	HG02772:6.00	3.27,1.63,0.81,2.49,2.50,4.16,1.66,1.67,0.83,0.84,1.60,2.51,2.50,4.25,3.29,2.41,0.82,5.13,3.46,0.82,0.80,2.50,2.42,1.68,3.87,0.84,3.40,1.73,1.63,0.84,0.83,0.81,1.58,2.54,4.29,2.52,1.68,0.84,2.60,0.86,1.66,3.31,2.41,4.95,5.08,3.31,1.62,2.56,1.68,1.65,0.94,1.73,0.84,2.50,1.67,0.84,2.55,0.82,0.84,0.84,1.72,3.33,1.63,2.50,0.86,5.04,4.08,0.84,1.61,2.69,1.74,0.81,0.81,2.46,1.63,0.85,0.82,2.49,2.57,1.64,1.71,0.83,0.83,3.46,2.51,0.82,0.85,0.83,1.71,0.82,3.31,1.66,0.84,0.85,2.36,6.00,0.84,0.87,1.67,1.75,3.32,2.57,1.65,0.86,1.65,3.29,1.71,1.64,0.84,1.72,0.86,1.67,0.84,0.85,1.74,1.69,2.54,0.86,1.68,3.39,0.82,1.65,0.84,0.84,0.83,0.84,2.56,0.84,2.37,0.81,1.70,2.48,1.66,3.39
X	5721454	5722541	AAAG	2.01	HG02772:3.43	1.63,0.80,1.64,1.68,0.84,0.84,0.84,0.85,1.65,1.65,1.68,2.51,0.81,1.62,0.81,0.86,2.46,0.83,0.83,3.43,0.84,0.86,0.84,0.85
3	195598304	195599553	AACCCTCCCCTGGAG	2.00	HG02772:4.29	1.66,0.83,2.52,0.82,0.85,0.85,0.85,0.86,0.85,1.68,0.84,0.87,0.86,0.83,0.80,1.65,0.85,2.48,0.78,0.85,2.52,0.84,0.83,2.51,0.84,0.83,0.83,0.81,0.87,1.61,0.81,1.64,1.66,0.82,1.71,0.83,1.64,2.50,0.86,2.47,0.84,0.84,0.85,0.79,4.29,2.51,0.84,0.86,2.48,0.83,0.82,0.85,0.82,0.84,0.86,0.84,0.86,0.84,0.82,1.55,0.84,1.66,0.84,1.71,0.79,4.99,0.85,0.85
7	146922401	146923333	AAGG	1.99	HG02772:3.43	0.83,1.66,0.84,0.83,1.71,0.85,0.87,0.81,0.82,1.68,0.86,0.84,0.83,0.85,0.78,0.84,1.68,0.83,1.67,0.84,1.66,0.83,0.84,0.87,1.63,0.82,0.82,1.65,0.85,0.84,3.43,0.84,0.84,0.85,0.85,0.86,0.85,2.48,0.85
9	28188755	28190090	AAGG	1.95	HG02772:9.43	0.82,1.63,0.81,2.49,0.83,0.83,1.66,1.67,0.83,4.18,3.19,2.51,1.68,1.66,4.25,0.84,1.65,4.11,0.81,0.80,1.71,1.71,1.73,0.82,6.68,0.81,4.84,1.94,0.84,2.55,0.82,3.35,0.83,3.26,1.58,4.07,2.58,0.84,1.68,3.40,0.86,1.66,0.83,3.21,0.83,2.54,1.65,0.78,0.81,3.42,2.52,4.19,1.65,0.94,0.86,0.84,2.50,0.84,0.85,1.67,1.68,3.44,0.83,2.45,10.82,1.73,0.84,3.27,1.69,1.61,2.61,0.87,2.43,2.46,0.81,0.81,1.71,2.46,0.83,2.46,4.14,2.50,1.73,2.51,0.82,1.62,2.55,3.33,0.86,0.82,0.84,0.83,1.66,8.37,0.85,0.79,9.43,0.84,2.51,2.62,1.71,1.71,3.29,2.56,7.39,5.88,0.84,0.84,5.23,1.69,2.57,5.93,7.36,3.30,0.84,6.99,10.05,0.83,2.53,10.25,9.19,2.44,4.25,3.31,4.99,0.85,0.85
17	41000107	41000960	AT	1.94	HG02772:2.57	1.65,2.57,1.71,1.69,1.68,4.66,0.81,1.65
17	72478130	72479388	AAAG	1.87	HG02772:30.00	4.20,21.08,6.91,0.81,5.83,10.71,1.68,11.60,23.19,5.86,31.44,30.00,5.85,10.45,18.41,16.59,12.84,45.51,17.99,21.51,7.40,16.22,41.04,5.88,6.85,9.28,16.13,13.09,20.30,8.56,11.76,13.56,9.24,7.76,20.09,10.81,7.58,3.42,40.12,14.19,22.78,20.68,16.63,11.88,7.62
1	203530435	203531613	AAG	1.79	HG02772:7.71	0.81,0.81,3.43,1.68,7.45,7.54,6.29,7.71,3.32,1.65,5.14,2.57,0.84,5.23,9.41,4.12,1.66,10.25,7.52,4.14
2	10726727	10727660	ACATATATAT	1.74	HG02772:2.57	0.81,0.83,0.83,0.83,0.84,1.70,0.79,0.83,0.80,0.85,0.86,0.84,0.87,0.85,2.57
16	237134	237800	AACAGCGACACGGGGGG	1.72	HG02772:6.86	0.81,0.83,5.84,6.65,0.84,0.84,0.85,0.82,1.64,0.81,0.85,1.64,2.40,0.81,0.86,2.45,0.79,0.81,0.84,1.70,2.49,0.80,7.62,1.65,3.13,1.62,0.85,0.82,1.66,0.86,3.33,5.18,0.84,2.42,0.90,0.87,0.82,1.71,2.59,1.67,2.57,0.82,3.36,4.14,3.31,1.67,0.79,6.86,1.67,2.57,1.65,6.00,0.85,3.28,4.29,0.86,0.84,2.53,0.85,0.85,0.86,5.04,0.82,3.36,1.55,3.35,2.53,2.55,10.18,9.31
13	20936296	20937540	ACGCCTGCCC	1.72	HG02772:2.57	0.82,0.81,0.85,0.82,0.82,0.85,0.82,0.85,0.84,0.86,0.85,0.84,0.85,0.83,2.51,2.57,0.83,0.83,0.87,0.85,0.84,0.79,0.81,0.83
8	74999918	75000559	AATAG	1.71	HG02772:1.71	1.71,2.52
15	65418488	65418664	ACGGGAGAGGGAGAGGGAG	1.71	HG02772:1.71	1.71,2.51
17	5786417	5786500	AAGGG	1.71	HG02772:1.71	1.71,1.71,0.84
4	17581610	17581886	ACATATATATATATATAT	1.71	HG02772:1.71	1.71,0.86
1	40285247	40285568	AAAGGCGTCCTCCCACCAAC	1.71	HG02772:1.71	1.71,0.84,0.85
2	231494926	231495059	ACACATATATACATATAT	1.71	HG02772:1.71	1.71,0.83
10	63269553	63269554	ACCACCACCACCACCTCC	1.71	HG02772:1.71	1.71
13	60911036	60911078	AATGG	1.71	HG02772:1.71	1.71
18	52322701	52322744	AAGAG	1.71	HG02772:1.71	1.71
21	30885599	30885600	AC	1.71	HG02772:1.71	1.71
4	48106653	48106654	AAATTATATATTATATATAT	1.71	HG02772:1.71	1.71
6	143549511	143549512	AG	1.71	HG02772:1.71	1.71
6	37544342	37544343	AC	1.71	HG02772:1.71	1.71
X	114940364	114940461	AAAGAGAG	1.71	HG02772:1.71	1.71
X	54936977	54937346	AAATATATATAT	1.71	HG02772:1.71	1.71
X	58228745	58228746	ATCC	1.71	HG02772:1.71	1.71
7	63697329	63697548	AAAG	1.71	HG02772:1.71	0.86,1.71,0.83
1	95196761	95197138	AAAG	1.71	HG02772:1.71	0.85,1.71
X	60004	60192	AACCCTAACCCTAGCCCT	1.71	HG02772:1.71	0.83,0.83,1.71
10	14867302	14868677	AAG	1.70	HG02772:4.29	0.83,0.84,0.83,0.82,0.81,0.87,2.47,0.81,1.70,1.68,5.52,0.84,1.68,0.85,1.65,0.78,5.87,1.65,1.68,0.84,1.66,0.82,0.81,0.87,0.81,0.81,0.81,0.85,2.48,0.83,3.46,2.46,0.83,0.86,0.82,2.52,0.83,4.29,0.84,0.87,0.84,0.87,3.32,1.71,0.83,0.86,2.56,3.28,0.84,0.86,0.86,0.84,1.74,0.86,1.69,0.82,1.68,0.83,1.58,2.49,0.85
17	5448304	5449190	AC	1.70	HG02772:2.57	0.82,0.83,0.82,0.85,3.87,0.86,0.85,0.83,1.73,0.84,0.86,0.81,0.81,0.81,0.83,0.85,0.84,0.83,0.84,2.57,0.86,1.64,0.86,0.85
18	63190338	63190568	AAGG	1.70	HG02772:1.71	1.71,0.84,1.70
8	143063388	143066244	ACACTGACCATCCATAGACC	1.69	HG02772:19.71	9.80,11.42,14.66,11.64,7.51,10.82,10.81,8.33,11.69,14.21,11.97,10.86,10.05,13.31,17.87,10.94,7.40,10.69,12.22,12.07,5.75,16.21,7.69,11.25,9.86,11.22,10.02,16.23,10.48,9.25,5.81,14.34,11.91,6.91,9.81,12.58,12.38,12.21,14.99,6.77,14.67,13.74,8.40,10.09,16.81,11.91,11.27,10.29,13.25,11.58,8.04,13.21,13.55,9.92,9.38,12.97,7.69,10.91,11.73,7.42,7.55,9.50,11.77,7.49,10.88,8.39,11.07,15.60,15.91,11.79,8.61,17.47,8.17,10.82,24.15,12.60,12.25,6.74,14.52,10.75,14.77,10.44,17.79,12.89,6.57,11.41,12.21,11.11,9.86,9.97,12.01,8.21,12.81,9.10,11.66,7.78,14.24,11.50,12.97,15.32,14.99,11.14,18.95,10.07,14.91,16.57,8.37,7.67,18.86,19.71,15.88,17.41,14.22,9.60,6.64,15.41,8.27,15.42,9.93,13.15,11.95,9.03,12.59,10.29,11.14,13.36,20.25,8.49,9.60,7.61,9.30,15.40,14.28,12.71,9.81,11.54,17.64,12.42,17.58,15.80,12.64,13.67,17.55,14.98,13.02,14.44,16.55,16.63,19.52,6.77
11	4552836	4553936	AAATGTTGCAGAACAGC	1.69	HG02772:4.29	12.47,1.68,1.67,0.81,7.55,0.81,1.71,3.33,1.57,4.29,5.02,3.43,5.23,3.35
10	25529646	25530728	AAGAG	1.69	HG02772:2.57	0.84,2.57,0.87,1.66,2.48,0.86,0.87,0.86,0.85,1.64,3.33,0.79,0.85
8	145785935	145788257	AAACCACTGGAGTGTGATGG	1.68	HG02772:3.43	0.82,2.49,0.83,0.83,0.83,0.84,0.84,0.82,0.85,2.60,0.82,1.60,2.42,0.83,1.58,0.81,1.72,1.68,0.87,0.83,1.61,0.83,0.81,0.84,0.94,0.86,0.84,1.66,0.85,0.84,0.83,0.82,0.83,0.84,0.84,0.81,0.81,0.81,0.81,0.83,1.72,0.82,0.83,0.86,1.65,0.83,0.83,0.84,3.43,1.67,1.74,0.84,1.66,1.65,0.83,1.71,1.68,0.86,1.67,0.84,0.87,1.69,0.84,0.85,0.82,3.88,0.84,0.83,1.69,0.81,0.85,0.83,0.83,0.85
6	112947688	112948030	AAAAG	1.68	HG02772:1.71	0.79,0.84,1.71,1.65
8	133199342	133200607	ACC	1.67	HG02772:7.71	1.63,2.45,2.44,2.49,4.17,2.50,3.32,6.68,1.67,5.58,4.19,1.66,3.40,0.82,1.64,3.26,1.61,2.46,2.56,1.71,4.11,0.80,1.67,0.81,1.68,3.87,4.22,4.25,1.73,4.09,1.68,0.83,0.81,1.58,1.69,4.07,1.72,1.68,2.52,0.84,3.40,4.29,3.31,3.30,0.85,4.96,4.69,0.81,0.84,2.51,2.83,3.45,3.36,2.51,5.11,5.75,0.84,1.68,0.86,4.16,1.63,7.49,5.18,2.52,4.90,2.53,3.23,2.69,0.87,1.74,0.81,0.81,0.82,3.26,2.44,1.71,3.29,4.98,1.64,0.85,2.48,4.16,3.46,0.84,0.82,5.68,4.17,0.86,1.65,3.36,0.83,5.80,3.35,4.26,7.71,1.67,5.86,3.49,2.49,1.71,2.48,4.28,0.83,5.12,12.31,8.39,3.43,6.00,1.69,0.85,1.74,4.23,1.69,0.86,4.20,2.54,1.64,0.84,2.51,8.32,2.53,1.71,0.84,6.31,3.25,1.70,1.65,4.99,3.39
6	168657734	168658476	AG	1.67	HG02772:3.43	1.66,1.67,1.66,0.83,2.39,0.83,0.85,0.82,0.82,0.82,0.85,0.82,0.83,2.52,2.90,0.86,0.81,1.63,0.86,0.84,0.84,0.85,0.87,0.83,0.85,1.65,0.78,0.81,0.85,1.68,0.84,0.83,0.84,0.83,0.83,1.79,0.87,0.81,1.63,0.81,1.71,0.83,0.86,0.86,0.85,1.67,0.86,1.65,0.83,0.84,0.79,3.43,0.84,1.71,1.65,0.82,0.85,0.84,1.71,1.67,0.87,0.85,0.86,1.68,0.84,0.78,0.84,1.69,2.56,0.84,1.58,1.63,1.65
16	17675713	17675948	AGATATATATATAGG	1.67	HG02772:1.71	1.71,0.87,0.83,0.86,0.82
2	178440609	178441213	ACACATATATATAT	1.66	HG02772:1.71	4.15,2.48,1.71,2.56
16	89701591	89701942	AAAGGAGAAGGAAGGGG	1.65	HG02772:1.71	1.71,0.83,0.78,0.83,1.70
2	20301937	20302279	AAG	1.63	HG02772:1.71	0.82,1.71,1.67,0.87,0.84
22	38506055	38506571	AGAGAGAGAGAGAGAGGG	1.62	HG02772:2.57	0.83,0.80,0.82,0.82,0.84,0.86,0.85,0.84,0.81,0.87,0.81,0.83,2.57,0.84,4.14,1.65,0.82,0.85,0.87,0.82,3.88,0.84,0.79,0.81,2.55
5	176753388	176753637	AAAG	1.62	HG02772:1.71	1.71,0.82,0.84,0.82,0.85
6	110706515	110706795	ACGGGAGAGGGAGAGGGAG	1.62	HG02772:1.71	0.83,1.71,0.82,0.85,1.66
22	27616550	27617649	AC	1.61	HG02772:2.57	0.81,0.83,0.84,0.83,0.82,0.87,1.64,0.85,0.84,0.85,0.86,0.83,0.85,0.84,0.84,1.73,0.84,0.87,0.82,0.82,0.86,0.83,0.79,2.57,0.84,2.51,0.83,0.86,0.82,4.99,0.79,0.83,0.85,1.69
17	35094988	35095450	AAGGAGGGAGGGAGGGGAGG	1.59	HG02772:2.57	2.39,0.81,0.84,0.84,0.86,0.83,1.71,2.57,0.87,2.47,2.46,0.84,0.82,1.71
8	140125600	140126798	AAGACGACTCCACCCCACAG	1.58	HG02772:9.43	4.90,0.81,0.83,0.83,2.51,4.93,6.68,4.06,3.87,4.09,2.48,0.86,0.83,7.30,0.94,3.36,3.58,1.74,0.81,1.61,2.44,0.85,2.48,3.35,1.62,0.85,2.50,3.43,14.01,10.91,6.63,1.70,9.43,0.84,4.35,8.37,7.47,4.28,4.14,2.57,6.62,2.47,11.10,0.84,0.86,12.85,8.35,0.84,2.62,5.92,2.54,1.68,3.39,0.82,4.20,5.02,5.82,8.43,5.13,5.85,3.25,0.85,3.33,4.23
6	170483053	170484552	AACAACCCCGAACAGACAGT	1.58	HG02772:4.29	1.63,0.81,0.83,4.16,0.83,0.83,2.51,0.80,0.85,0.82,1.63,0.85,0.85,1.73,0.82,0.80,1.67,0.81,0.84,1.70,0.86,0.82,0.84,0.79,2.54,0.81,0.84,0.84,0.85,1.73,0.86,1.65,2.34,0.81,0.84,0.82,1.73,0.84,1.66,0.84,0.84,0.85,3.33,0.83,1.73,0.84,0.82,1.69,1.61,1.79,1.74,1.63,1.63,0.85,1.66,1.64,1.67,3.46,0.84,0.82,0.81,0.83,0.82,1.67,0.79,4.29,0.87,0.84,1.75,2.57,1.64,0.85,1.72,3.34,0.85,0.87,2.54,2.57,5.04,0.85,2.45,1.68,1.67,3.33,1.69,0.85,1.58,0.81,0.83,1.66
5	85870867	85871188	AT	1.57	HG02772:1.71	0.87,0.81,0.86,1.71,0.83,0.85
1	14307020	14307946	ACATATATATATAT	1.55	HG02772:3.43	2.45,0.81,0.83,1.67,0.84,0.80,3.25,1.68,5.75,0.86,0.83,2.48,3.43,0.87,2.57,0.83,4.29,1.68,1.63,0.85
17	31317847	31318074	CCCCCCCCCCCCCCCCCCCG	1.55	HG02772:1.71	0.83,0.83,0.86,0.84,0.84,1.71
8	125876781	125878144	AAG	1.51	HG02772:8.57	3.27,3.26,0.83,0.83,2.49,4.16,5.84,2.51,4.79,0.84,2.51,0.83,2.55,2.52,2.47,3.29,4.07,1.61,4.10,2.56,5.98,2.60,6.58,2.40,4.17,4.06,8.06,3.36,4.84,5.06,0.85,5.18,0.82,1.68,0.83,7.33,4.73,4.23,4.89,5.15,8.40,3.36,4.20,3.40,0.87,3.31,4.14,3.21,4.13,3.39,2.48,6.25,4.05,0.85,6.71,4.19,2.47,5.66,1.73,5.88,0.83,1.67,6.71,0.82,4.19,4.21,0.86,3.33,1.63,5.83,2.59,1.68,1.63,6.74,2.42,3.58,6.08,0.87,6.47,6.44,4.11,5.70,3.26,3.42,5.75,0.83,1.72,4.92,2.56,4.96,1.67,1.73,6.70,1.64,3.24,5.83,5.14,7.42,2.52,8.28,6.70,2.56,7.07,8.57,1.67,0.87,1.67,6.11,2.49,4.28,5.79,4.28,3.31,4.93,5.12,0.82,4.20,1.72,0.86,1.69,3.40,3.49,2.54,1.69,6.72,5.93,2.45,9.90,3.36,0.78,0.84,0.83,4.21,0.85,2.51,2.37,1.63,3.40,2.48,1.66,0.85,0.85
7	89674524	89675138	AT	1.49	HG02772:2.57	0.84,0.82,1.63,0.83,3.35,0.79,2.57,0.84,2.48,0.82,0.85,1.71,0.84,0.85,0.85,0.86,1.69,1.55
12	116346900	116348038	AAAAC	1.47	HG02772:14.57	15.03,8.64,9.25,9.43,14.57,12.22,11.58,11.84,12.71,11.45,1.66,11.85
11	132884626	132885775	AAGG	1.46	HG02772:6.86	0.82,1.63,3.33,0.83,1.66,0.83,2.50,2.50,1.67,7.18,0.84,3.35,0.84,4.11,2.47,1.61,3.28,2.56,1.71,0.87,0.82,0.80,5.01,4.06,1.61,2.52,1.94,1.69,1.70,3.27,0.84,2.48,3.26,0.79,1.69,1.72,0.84,1.68,1.73,1.71,0.83,0.83,0.80,4.13,2.54,0.83,0.81,2.56,1.68,0.84,3.30,0.94,2.59,5.04,0.83,1.67,1.68,0.85,1.64,1.67,3.37,3.44,0.83,0.82,2.50,1.73,1.68,0.81,3.48,5.22,2.43,1.61,3.28,2.44,3.26,0.85,2.49,0.82,1.71,3.31,2.50,0.86,0.84,3.29,2.43,2.55,2.50,3.43,2.47,5.87,0.83,2.48,5.02,4.26,3.14,6.86,4.18,0.84,3.49,0.83,1.71,6.62,1.71,2.48,6.58,8.53,4.10,5.88,1.72,0.86,1.67,5.09,4.36,4.23,2.57,0.84,0.82,1.65,4.66,0.84,3.33,1.69,2.56,4.18,4.07,1.70,4.96,4.16,2.55
16	62254246	62255048	AAAGG	1.46	HG02772:2.57	8.57,8.28,2.57,6.69,3.11,16.75
17	15378077	15379219	AAAAG	1.46	HG02772:1.71	1.63,1.68,1.71,2.47,0.85,1.69
11	91069660	91069773	AT	1.46	HG02772:1.71	0.80,0.83,0.83,0.83,1.71,0.83,0.87
2	189861340	189862250	ACATATATATATGAG	1.44	HG02772:1.71	4.02,5.87,3.14,1.71,11.11
14	106168348	106169812	ACCTCATCACTCAGCCCTGG	1.42	HG02772:6.86	2.45,1.63,1.63,1.66,0.83,0.83,1.67,1.60,0.84,0.85,0.84,1.64,1.61,0.85,1.64,1.67,1.62,0.84,0.97,1.69,0.85,4.32,0.82,1.68,1.65,0.79,2.44,3.43,0.84,2.52,2.52,1.70,3.43,1.66,0.83,2.41,0.83,0.85,0.83,1.65,0.84,1.70,0.82,0.86,0.82,2.52,1.63,5.90,1.61,2.69,2.61,1.62,4.03,1.64,2.44,1.71,7.39,0.83,2.57,1.71,2.48,5.00,1.73,1.64,0.81,1.70,3.33,0.86,3.30,2.52,3.31,5.80,6.70,5.97,6.29,6.86,1.67,2.61,1.67,4.36,4.15,3.42,1.65,1.71,0.83,5.12,4.10,1.68,4.29,5.01,0.84,4.36,4.23,0.85,1.71,3.36,5.08,5.72,2.47,4.16,2.53,2.56,2.51,2.37,3.25,1.70,1.65,3.33,3.39,1.69
21	11123877	11124507	AAG	1.41	HG02772:2.57	0.83,0.84,0.82,0.84,0.85,1.69,0.81,0.84,1.73,1.73,0.84,0.81,0.85,0.82,0.81,0.83,0.85,2.57,1.67,3.38,0.85,0.84,0.84,1.65
3	1001576	1003774	AAAGAAGGAAGGAAGGAAGG	1.38	HG02772:20.57	10.61,17.95,13.84,11.64,6.68,4.16,8.31,9.99,4.17,15.88,5.58,9.19,15.92,9.15,5.96,8.42,15.63,4.11,21.19,8.05,4.92,15.36,14.52,11.25,5.75,7.21,15.02,12.99,12.09,5.89,10.65,9.28,2.55,8.64,4.90,3.35,15.68,4.07,11.83,3.39,8.15,7.73,13.44,5.04,7.57,10.20,10.41,6.86,9.94,9.10,12.05,5.78,8.47,9.92,19.54,8.92,6.83,13.42,11.73,9.06,5.66,4.32,10.93,11.64,6.69,10.06,2.55,8.21,16.75,6.74,16.35,7.49,10.62,6.66,12.94,5.88,10.62,21.06,20.98,3.58,13.03,6.09,11.32,4.03,11.50,13.85,8.14,5.98,12.32,7.47,4.29,3.28,7.69,10.75,8.33,12.97,6.70,7.39,16.22,4.25,15.83,1.71,13.19,5.03,9.94,9.94,12.56,5.11,22.79,20.57,2.51,13.06,15.90,5.24,8.30,10.27,9.93,8.57,19.86,6.58,5.97,18.06,1.68,2.57,5.14,13.36,18.56,4.24,10.47,4.23,2.54,9.41,12.60,2.54,15.54,10.72,10.92,6.21,11.72,8.32,16.86,16.23,6.69,8.67,8.95,11.89,6.62,19.12,5.94,0.85
4	48660936	48662285	AAGAGGGAGAAGGAG	1.38	HG02772:15.43	11.23,9.89,12.48,5.02,5.11,13.33,15.66,15.07,28.29,15.43,3.31,11.54,37.81
X	66671521	66672965	AAG	1.37	HG02772:10.28	4.08,1.63,5.70,0.83,5.01,5.82,5.83,0.83,6.69,3.99,0.84,2.51,8.32,1.70,0.84,0.82,4.93,3.22,0.82,1.71,1.71,0.87,5.75,2.40,4.06,0.97,6.75,1.70,0.86,1.63,1.68,4.95,0.81,0.79,0.85,0.81,5.15,2.52,7.57,4.20,6.80,3.43,1.66,4.96,5.63,5.08,4.13,2.34,5.13,1.68,3.35,6.59,0.94,7.77,0.84,8.32,3.35,3.41,2.46,4.19,2.53,1.66,7.36,5.00,1.73,10.08,1.63,2.53,0.81,9.86,4.34,2.61,4.85,0.81,4.11,4.89,1.63,1.71,4.11,0.83,3.43,3.28,0.85,0.83,1.67,1.73,4.19,3.29,0.81,8.51,2.50,7.71,4.94,2.52,3.31,8.28,0.84,7.67,5.50,10.28,10.03,5.22,7.53,5.24,4.98,11.13,8.27,4.28,1.65,7.40,5.12,1.64,4.20,6.00,6.00,1.67,13.50,3.40,6.11,8.46,5.92,8.56,5.04,7.63,4.09,7.42,2.52,3.11,3.35,3.33,4.21,5.98,9.19,4.73,4.88,7.64,1.65,7.48,3.39,5.08
3	133782177	133783092	AAAG	1.37	HG02772:2.57	0.84,0.84,1.71,0.80,0.83,0.81,0.86,0.84,1.65,0.80,0.83,0.84,0.94,0.84,0.84,0.84,1.66,3.27,0.83,0.90,0.82,1.72,2.57,2.61,0.82,0.84,0.78
4	80936480	80937304	AAAGG	1.37	HG02772:1.71	0.84,0.83,1.71,0.87,0.83,0.86,0.83
22	20824407	20825382	ATCC	1.36	HG02772:3.43	1.63,0.81,0.83,2.50,0.84,1.68,0.83,0.85,0.85,0.82,1.70,0.86,0.82,1.68,0.81,0.81,0.84,0.84,2.55,0.87,0.83,0.83,3.30,1.56,0.84,0.84,0.86,0.84,1.66,0.84,1.67,2.53,0.86,1.66,0.83,2.42,0.90,2.61,0.81,0.81,0.81,0.85,0.83,0.86,0.82,0.81,0.83,0.84,0.84,0.85,3.43,1.74,1.67,0.87,1.66,1.71,0.83,0.82,0.84,0.84,0.87,1.55,0.83,1.69,1.71,0.84,0.85,0.83,2.49,0.85,0.85
X	11608402	11609319	AAAAG	1.34	HG02772:3.43	0.82,0.83,0.82,0.83,2.52,3.13,0.86,0.84,0.82,0.87,0.81,0.81,3.43,0.83,1.71,3.28,0.85,0.85,1.64,2.47,0.84,13.48,6.79,6.77
20	36039718	36040043	AAGAAGGGAAGGGAAGGG	1.32	HG02772:1.71	3.30,3.35,1.71,2.52,2.54,3.35
17	31274361	31275441	AAGG	1.31	HG02772:5.14	4.08,3.26,2.50,0.84,0.82,0.87,1.64,0.81,0.81,5.89,4.22,0.86,1.63,1.68,1.63,3.94,3.26,0.86,0.84,1.70,5.14,0.83,1.89,0.84,1.66,1.67,1.64,3.35,1.73,5.72,0.90,1.74,2.43,1.61,0.81,0.85,2.46,1.70,1.71,1.67,5.14,0.87,0.83,1.65,0.83,0.82,1.64,0.84,1.70,4.28,0.84,0.85,0.82,5.02,3.34,0.85,0.83,2.49
11	97601609	97602299	AAATATATATATATATAT	1.31	HG02772:1.71	1.65,2.48,1.71,1.67,1.74,1.66,0.85
5	118459204	118459392	AGAGGAGGGAGAGGG	1.31	HG02772:1.71	0.83,0.84,0.84,0.83,1.71,0.83,0.84,0.85
19	56509552	56510386	ACACACATATATATATAT	1.29	HG02772:1.71	3.36,1.71,3.36,2.57,1.65,2.49
15	94646144	94646942	AAAG	1.26	HG02772:2.57	0.82,0.79,2.57,0.87,4.27,1.68,3.49,1.69,2.54,2.52,2.37
22	43974127	43976042	AATGATGCCTGCGTGTAGGG	1.24	HG02772:9.43	6.53,2.45,7.33,4.99,6.68,5.82,4.16,4.16,3.34,5.01,3.99,4.18,4.19,3.33,6.81,5.89,0.82,1.64,4.89,4.02,4.10,3.41,5.13,2.60,8.22,3.20,5.84,5.68,6.45,4.21,1.94,4.22,10.21,6.91,4.09,1.68,4.95,5.70,5.52,2.54,4.89,3.43,3.36,4.20,8.41,5.95,6.94,8.57,6.63,7.44,2.41,2.48,7.62,1.65,5.47,3.24,1.71,6.71,4.19,4.12,6.61,6.05,9.25,2.50,4.18,1.68,3.41,1.64,10.89,3.37,6.88,4.16,4.90,5.00,0.86,0.84,1.63,4.21,4.84,5.38,6.08,3.48,7.28,2.42,4.11,5.70,4.07,3.42,7.39,4.15,6.01,2.46,1.71,5.79,4.16,5.19,2.51,4.11,2.43,7.66,6.66,2.57,5.77,10.07,4.97,4.14,2.51,3.41,6.29,9.43,7.52,3.48,2.51,3.49,4.98,5.99,2.48,4.28,4.14,4.93,6.83,2.46,3.36,6.00,5.14,5.01,7.59,5.09,4.36,1.69,3.38,1.71,3.36,4.24,3.27,3.30,1.68,5.43,4.19,5.82,5.06,5.13,7.52,5.52,7.32,2.55,7.45,4.16,5.09,3.39
11	3235536	3236438	ATCC	1.24	HG02772:1.71	0.84,0.87,0.85,0.84,0.82,0.90,0.86,0.84,1.71
5	92825637	92826372	ACC	1.23	HG02772:2.57	0.82,0.83,0.83,3.32,0.80,0.83,0.85,0.81,0.80,0.85,1.67,0.81,0.97,1.69,0.85,0.84,1.63,0.84,0.87,0.86,0.80,0.83,0.85,0.83,0.81,0.84,0.82,1.61,0.81,0.83,0.82,0.86,0.86,3.36,0.83,0.85,2.57,0.87,0.84,1.75,0.82,0.84,0.85,0.85,1.71,0.83,0.83,0.85
4	65697720	65698374	AAAG	1.21	HG02772:1.71	0.85,0.84,0.87,0.81,0.82,0.85,1.71,0.85,0.81
2	89878382	89879567	AAAGG	1.18	HG02772:1.71	0.84,0.84,0.83,0.83,0.83,1.69,1.71,0.86,0.85
9	16539067	16540365	AAAGG	1.17	HG02772:5.14	0.83,0.81,0.84,0.85,0.82,1.58,3.43,0.85,0.80,1.68,0.82,0.83,0.82,1.63,0.84,0.81,0.86,3.31,4.19,5.14,7.47,5.91,5.08,8.43,7.32
10	101231214	101232078	AAAG	1.16	HG02772:2.57	2.51,0.85,0.84,0.82,1.60,0.82,0.79,0.86,0.83,1.68,0.94,0.84,1.66,0.86,1.74,0.81,1.64,0.83,0.82,0.86,0.82,0.81,0.83,2.57,1.66,0.82,1.71,1.74,0.83
22	47043465	47045370	ATCC	1.13	HG02772:25.71	13.06,12.24,16.28,14.97,14.19,20.80,16.62,14.99,16.70,16.72,15.16,10.02,17.59,7.49,23.82,10.94,15.63,13.15,15.48,16.10,10.67,13.65,11.96,10.38,14.80,16.83,10.02,12.17,19.34,16.82,23.23,20.24,18.71,15.55,15.52,20.13,10.73,19.54,14.99,15.24,13.85,15.45,18.48,18.50,10.93,17.01,9.54,9.43,17.40,11.58,18.48,14.86,10.16,26.45,18.75,13.78,19.65,11.75,15.08,12.36,11.33,16.41,17.65,14.97,12.55,14.26,17.03,20.53,13.40,17.68,13.77,18.30,15.53,14.16,8.63,10.08,14.70,13.48,16.94,18.82,19.98,18.27,17.79,9.67,9.85,19.56,13.84,7.69,16.43,7.47,10.30,21.33,17.08,24.82,15.82,14.70,20.94,11.50,13.78,8.51,23.33,13.71,14.01,25.17,8.28,16.57,27.63,10.23,18.86,25.71,19.23,13.06,6.69,13.97,14.11,14.55,14.07,21.42,17.37,20.55,25.60,9.85,22.66,6.86,14.56,9.19,12.66,13.58,19.19,23.69,18.61,15.40,25.21,18.64,13.08,12.37,13.44,17.08,25.96,18.30,26.13,23.07,17.55,13.40,18.71,10.19,16.55,14.13,14.43,9.31
2	237818711	237819699	ACATATATATATAT	1.13	HG02772:1.71	0.84,0.85,0.83,3.36,0.83,1.67,1.71,3.34,0.83,0.85
2	170746688	170747470	AT	1.11	HG02772:1.71	0.83,1.68,0.80,0.84,0.83,0.83,2.47,1.71,0.86,0.85
Y	26170421	26170447	AAG	1.09	HG02772:1.71	0.83,0.87,0.84,0.83,0.81,0.83,1.71,0.83,0.86,0.84
8	51885754	51886725	AAAAT	1.06	HG02772:7.71	1.63,1.60,7.71,15.67,13.69,24.47,16.13,7.61,0.84,17.46
19	4247071	4248099	AC	1.03	HG02772:3.43	0.82,0.83,2.51,0.83,0.85,0.81,4.92,1.60,2.90,0.82,0.84,0.83,1.65,0.85,0.84,0.84,0.86,0.85,1.64,1.66,4.09,2.59,0.90,1.71,2.57,4.27,0.84,4.86,0.84,3.43,0.82,2.56,0.84,0.85,0.81,0.85,1.66
X	82426852	82427826	ACATATATATAT	1.00	HG02772:4.29	1.63,8.14,2.51,4.81,0.81,0.86,4.13,6.83,4.16,3.35,2.58,1.79,0.81,4.17,0.82,0.84,0.85,4.29,1.75,1.72,0.84,1.69,2.57,4.66,1.65,0.83,0.85
