motif	top_case_zscore	high_case_counts	all_counts
AAGAAGGAG	12.49	HG02373:19.33	32.18,5.72,19.33,4.15,4.19,3.29,2.55,1.65
ACACATATATATG	7.25	HG02373:25.78	14.69,6.53,1.63,26.61,5.84,9.15,1.66,5.83,15.86,6.69,7.98,8.35,0.84,17.47,0.85,2.47,5.75,4.07,16.90,1.64,3.41,2.56,1.73,1.64,2.40,1.67,1.62,2.42,6.78,1.69,11.91,3.46,4.90,13.42,4.13,1.63,5.93,0.81,9.44,2.52,1.68,13.45,3.40,3.47,3.43,4.97,11.58,3.21,0.83,5.93,2.48,3.91,8.92,3.36,3.35,4.94,0.94,7.77,5.04,9.15,7.66,0.82,2.51,1.68,2.58,5.82,4.90,5.83,6.72,8.17,9.27,2.42,1.79,4.34,6.96,5.66,25.78,16.42,0.81,7.33,1.71,20.54,5.81,0.86,6.83,4.14,10.82,6.05,3.35,3.29,3.24,1.70,1.67,1.71,1.65,0.83,0.84,0.85,0.79,5.14,15.67,3.35,11.35,0.83,3.31,16.22,2.52,3.43,3.43,2.51,0.85,12.84,2.52,9.81,0.84,10.05,0.83,8.43,2.44,6.79,3.31,0.83,1.70,0.85
ACAGTGCTAGTAGCCAGG	3.71	HG02373:7.25	4.08,7.51,0.83,1.66,0.83,1.67,1.68,1.66,3.29,1.64,1.64,1.64,5.61,4.06,1.63,0.81,1.63,2.58,0.84,2.52,1.68,0.87,0.86,0.83,0.83,1.65,0.85,3.91,3.30,5.88,3.35,0.84,0.83,0.82,0.86,0.84,0.81,0.90,1.74,1.62,7.25,4.07,1.64,3.32,1.65,0.83,0.81,2.55,0.83
ACACTACCC	3.62	HG02373:63.64	31.84,33.46,49.67,22.45,24.20,29.12,40.73,19.99,26.72,49.31,30.31,12.53,32.67,29.95,51.05,28.61,23.03,25.48,19.56,62.79,24.62,34.98,17.09,60.56,25.48,24.04,53.42,21.10,56.41,21.03,23.23,43.85,46.78,49.24,43.31,51.99,42.90,36.64,46.54,27.10,23.63,33.48,27.72,22.70,29.42,27.21,41.62,25.72,40.59,15.72,44.20,58.62,22.86,4.13,17.97,57.56,32.46,1.68,40.21,41.20,38.70,9.50,15.13,29.11,2.51,36.06,35.77,35.31,28.47,28.63,23.23,31.61,54.76,26.65,24.15,23.53,26.95,44.65,54.87,17.92,30.41,26.98,34.77,63.64,36.13,15.48,54.55,23.07,29.57,19.93,31.75,50.88,52.95,25.64,24.15,15.56,58.62,30.39,12.97,28.08,8.33,7.71,46.15,17.62,33.96,64.61,45.21,29.84,51.87,36.00,22.57,51.36,15.06,6.98,6.64,16.26,0.83,7.71,14.07,18.09,29.02,32.84,41.13,40.31,5.14,55.12,25.31,22.92,9.60,38.07,14.38,15.40,7.56,28.81,31.89,65.14,50.41,21.74,28.47,24.95,2.53,16.23,20.06,8.67,56.95,3.40,32.26,39.91,36.49,11.85
ACACAGGGTGCAGG	3.44	HG02373:5.64	0.82,0.82,1.66,3.34,0.80,0.83,1.70,1.68,0.82,1.61,0.82,0.85,1.60,3.25,0.81,0.84,0.82,0.85,0.87,0.83,1.62,1.71,0.82,0.86,2.52,0.84,0.86,0.90,1.74,5.64,4.07,1.63,0.85,0.85,0.83,0.83,0.84,3.36,0.84,1.67,0.84,0.87,2.48,2.56,0.85,1.69,0.86,1.68,0.84,1.55,1.67,0.85,0.84,0.79,0.83,0.85
ACTCACTCCTCTCCCCGCTC	3.39	HG02373:12.89	4.08,8.98,4.17,2.50,3.33,3.34,9.57,8.35,3.33,0.85,3.37,1.64,9.78,3.22,0.85,2.56,4.33,7.51,11.36,5.64,5.05,3.40,5.18,10.06,4.95,1.63,15.77,4.89,15.12,0.84,0.87,4.97,3.31,2.48,2.54,4.05,4.94,6.05,0.84,4.19,2.55,9.03,0.84,2.50,4.09,5.88,3.23,4.34,10.44,12.89,4.11,23.63,0.81,6.84,8.58,9.03,1.71,2.48,3.35,3.29,3.40,3.34,0.87,2.57,5.75,2.52,3.39,3.88,5.10,1.65,2.55
AACCTCCCTCACCTCCCT	3.16	HG02373:3.22	4.89,4.16,3.22,1.71
ACACAGGGCC	3.11	HG02373:20.14	15.51,8.98,19.54,14.14,11.68,8.32,9.14,10.83,12.52,7.52,9.57,9.19,5.86,4.16,8.51,15.15,12.34,4.11,8.96,11.27,10.67,13.65,10.25,10.38,2.47,9.61,8.35,7.30,7.25,7.57,5.81,6.75,8.51,19.01,14.71,11.74,6.60,13.84,18.14,13.55,10.59,12.02,8.40,8.41,15.13,8.50,10.41,6.86,6.63,9.93,12.05,7.43,12.70,11.57,15.63,11.35,7.69,7.55,6.70,10.71,7.55,9.50,12.61,11.64,11.71,6.71,10.22,13.96,5.86,7.58,10.33,15.81,13.08,12.49,12.94,1.68,10.62,11.80,18.56,12.55,14.77,17.40,12.94,20.14,9.03,20.37,8.14,8.54,15.61,7.47,11.15,12.31,15.37,8.27,9.99,4.32,7.54,5.75,8.92,10.21,10.00,7.71,9.89,7.55,9.94,12.42,10.88,10.23,16.50,7.71,12.54,5.22,10.04,4.36,9.13,6.85,6.62,8.57,6.62,7.40,11.95,6.57,8.39,5.15,6.00,9.19,6.75,8.49,7.85,5.08,4.23,11.12,13.44,16.10,13.08,16.49,10.08,13.97,5.02,8.32,2.53,16.23,9.19,17.35,16.27,7.64,3.31,4.99,5.94,11.85
ACAGATCCTGGCCACTCTGC	2.30	HG02373:19.33	4.90,5.71,11.40,11.64,8.35,5.82,9.14,8.33,5.01,7.52,9.57,19.21,4.19,19.97,5.96,4.21,15.63,12.33,9.78,12.07,7.39,5.97,8.54,6.06,5.75,8.01,10.85,4.06,4.03,9.25,6.78,7.59,17.86,14.69,12.26,12.58,8.25,5.70,14.99,4.23,7.33,4.29,15.12,9.25,15.97,5.95,16.48,1.71,7.46,4.14,11.25,3.30,3.39,4.13,11.72,7.30,8.54,9.23,11.73,14.01,4.72,4.32,1.68,9.98,5.02,7.55,5.11,16.43,2.51,5.05,11.19,11.65,5.72,6.66,1.73,12.60,4.08,4.21,4.84,6.27,5.21,5.22,19.41,19.33,4.11,15.48,13.03,10.25,3.29,9.97,11.15,5.74,17.08,19.03,4.16,6.05,11.72,11.50,10.54,17.02,3.33,7.71,4.94,5.03,6.63,13.25,9.21,11.08,11.79,12.00,5.02,6.96,3.35,10.48,2.49,2.57,6.62,11.14,4.14,9.87,12.80,6.57,5.04,3.43,4.28,4.18,8.44,13.58,13.96,6.77,4.23,11.98,10.92,1.69,6.54,14.84,4.20,9.32,4.19,4.99,8.43,17.09,3.34,8.67,14.64,11.04,5.79,7.48,4.24,9.31
ACAGGGTGGATAGGGTGG	2.29	HG02373:4.03	1.63,0.83,0.84,1.60,0.83,3.29,0.80,0.85,0.82,0.83,0.81,0.97,0.82,0.81,0.85,1.66,0.83,0.83,0.81,3.30,1.73,1.70,0.84,0.86,0.83,0.86,4.03,0.81,0.85,2.56,0.82,0.85,1.71,0.83,0.87,17.58,1.67,1.63,1.66
AACTTGACCTC	1.61	HG02373:1.61	1.61
AATATATTCCACGTGTATC	1.56	HG02373:1.61	0.81,1.61,2.43,0.87,1.70
AACCACCGCCGCGACCCT	1.44	HG02373:1.61	3.15,1.61,0.85,3.35,0.82
ACCCTCTCCACGCTC	1.24	HG02373:3.22	0.82,0.82,0.83,0.83,0.84,0.85,0.82,2.41,0.85,1.67,0.84,0.84,0.85,0.82,1.63,3.43,0.85,0.83,1.56,2.43,1.71,0.82,0.94,0.84,1.66,1.67,0.85,1.64,0.84,0.86,0.84,1.63,1.61,0.90,0.81,3.22,1.64,0.82,1.71,0.83,0.83,0.81,4.25,0.82,0.85,1.69,0.87,2.45,0.82,2.33,0.85,0.84
ACAGAGGG	1.13	HG02373:59.61	37.54,19.54,3.33,3.34,3.33,1.66,5.83,19.22,2.39,6.68,4.19,4.16,3.40,2.52,33.72,42.74,5.70,21.73,3.28,26.45,4.27,0.87,5.75,21.63,31.96,28.07,5.90,58.69,38.58,23.93,44.78,52.85,11.86,23.18,21.02,73.14,20.41,44.23,16.29,67.10,26.47,24.91,8.26,5.08,5.79,2.34,0.81,10.25,1.68,3.35,5.77,3.78,0.86,22.70,11.64,14.26,6.81,8.21,2.51,2.53,16.35,21.63,32.69,33.31,25.01,35.29,47.18,14.77,11.31,31.54,59.61,32.84,89.65,56.18,52.58,20.76,26.26,33.31,40.80,5.19,33.50,18.89,63.24,3.40,1.67,9.11,15.07,24.72,17.14,5.85,3.48,6.11,18.26,3.42,23.99,2.48,0.82,21.34,39.40,25.18,15.42,3.38,22.92,5.08,26.53,1.68,22.88,28.04,2.52,43.47,4.19,4.99,4.21,6.84,4.18,64.65,7.32,3.40,4.14,22.45,22.02
AATATATATATATGG	1.13	HG02373:10.47	1.63,0.82,8.14,6.65,3.34,2.50,4.16,3.33,1.67,3.34,9.19,5.11,4.94,3.29,5.70,0.80,1.64,0.85,5.13,2.60,0.82,4.01,4.17,3.25,1.61,1.68,3.87,9.28,11.06,6.05,4.95,7.33,3.15,8.47,3.26,9.44,10.08,5.04,0.85,1.73,1.71,9.11,11.25,4.13,7.81,4.05,0.84,4.19,6.59,1.73,2.52,6.65,5.86,3.41,9.03,6.70,5.89,1.72,1.66,0.82,10.82,0.86,0.84,4.08,6.74,4.84,4.34,3.48,0.81,10.47,4.11,8.96,2.44,1.71,9.04,0.83,4.29,7.39,0.83,7.49,1.64,0.81,7.66,3.33,1.71,5.77,3.31,0.83,10.05,3.41,8.65,2.57,0.84,0.87,1.67,2.62,2.49,3.31,6.62,0.85,2.52,1.72,2.57,2.51,0.84,0.85,1.74,1.71,7.56,0.85,0.82,2.47,1.68,4.66,8.37,1.66,1.69,5.13,9.19,3.15,0.81,5.94,1.65,2.49,7.64,0.85
ACAGCCCTGGCTACTAGC	1.02	HG02373:18.53	2.45,0.81,6.68,2.50,11.64,3.33,15.03,3.34,0.80,7.54,14.98,3.40,9.87,5.75,2.41,2.46,1.73,7.40,11.22,25.97,7.74,1.69,12.26,2.52,8.25,7.33,3.15,5.08,4.07,13.74,8.40,21.02,8.41,7.80,17.15,4.14,9.10,6.60,4.23,3.31,8.60,0.84,0.84,14.01,0.94,1.73,7.57,0.83,0.84,0.84,0.82,3.37,5.16,18.30,8.99,0.83,5.18,21.01,15.51,6.74,10.49,3.58,14.77,6.96,6.47,18.53,4.11,19.56,14.66,10.68,4.98,2.57,9.85,5.98,8.27,18.32,17.29,16.22,7.66,10.00,1.71,3.31,1.66,5.02,1.57,0.84,0.84,1.75,0.83,4.14,2.57,1.65,2.56,12.31,1.68,0.86,0.86,2.51,0.85,0.87,0.85,1.69,2.54,7.36,14.02,2.50,0.84,0.84,3.40,14.89,1.66,18.67,9.31
