#contig	start	end	unit	top_case_zscore	high_case_counts	all_counts
13	24047128	24047654	AAAAT	30.47	HG02852:30.47	30.47
2	191250155	191251198	AAAAT	15.67	HG02852:15.67	15.67
4	4265224	4265788	AAAG	11.20	HG02852:11.32	7.54,13.71,11.32,3.33
9	77753658	77754104	AAAAG	10.45	HG02852:10.45	10.45,7.85
13	70354409	70355142	ACATATATATAT	10.42	HG02852:10.45	6.00,10.45,5.02
9	105593568	105594794	ACATATATATGATAT	9.66	HG02852:40.91	3.26,16.28,14.97,23.37,10.81,13.32,7.51,23.45,0.85,15.63,12.33,8.81,18.36,8.93,9.38,6.83,8.50,14.68,4.93,10.89,32.56,14.83,19.30,16.28,17.56,40.91,26.19,12.45,12.84,12.41,18.85,11.58,13.15,26.27,13.43,20.88,0.87,34.68,18.61,12.84,12.71,16.35,16.49,21.00,13.40,20.06,15.77,20.38,9.93,17.78
17	41394109	41394710	AAGGAG	8.70	HG02852:8.70	8.70
17	49908352	49909612	AGC	7.30	HG02852:23.50	8.98,7.34,6.51,6.65,3.33,19.22,7.49,7.24,15.59,14.71,1.68,6.78,10.37,17.98,12.58,5.78,15.77,8.47,9.78,30.26,14.57,15.74,7.44,10.22,5.05,3.36,11.65,8.69,15.59,4.32,5.02,8.21,5.87,23.19,23.50,5.88,13.36,11.04,16.58,16.07,15.22,7.76,12.54,2.48,10.16
1	4362598	4363459	AACGG	6.96	HG02852:6.96	6.96,1.65,0.85
11	130466146	130467286	AGAT	6.28	HG02852:11.32	3.27,1.63,2.44,4.99,2.50,0.83,1.67,5.01,3.34,1.60,2.51,4.19,4.16,5.11,4.21,0.82,1.64,4.07,1.61,1.64,5.12,3.42,0.87,3.34,1.61,2.52,1.94,2.53,1.70,0.86,1.63,3.35,3.30,0.81,3.15,3.39,4.89,6.01,3.36,1.68,1.70,2.60,2.57,3.31,1.65,1.61,2.48,2.54,3.31,2.34,3.24,3.42,3.36,3.35,1.65,2.83,0.84,2.50,4.18,0.84,3.41,0.82,3.35,0.84,2.58,3.33,0.82,6.66,0.86,2.52,4.08,3.37,1.61,2.69,1.74,3.48,1.62,3.28,2.44,0.85,0.82,1.66,3.43,2.46,0.85,0.83,0.83,0.86,4.19,4.05,2.55,1.67,1.71,5.87,3.31,2.48,5.02,3.41,3.14,1.71,3.34,11.32,3.35,0.87,4.15,3.42,1.65,5.14,3.31,3.29,3.41,0.84,5.15,2.57,0.84,2.53,3.40,2.62,1.69,0.85,1.68,1.69,0.82,2.47,3.36,1.67,1.66,2.53,4.27,0.84,0.79,1.63,0.85,4.99,0.85,4.23
1	233381262	233382420	AAATGCCCTTCAGATGGGAT	6.23	HG02852:8.70	0.82,0.83,0.84,0.84,0.85,0.82,1.68,0.86,4.19,0.85,1.63,1.66,0.80,0.83,0.94,0.86,0.83,1.67,0.86,1.69,0.81,1.63,8.54,2.46,1.65,3.33,2.55,0.83,4.72,0.86,8.70,1.75,0.86,0.82,0.84,0.86,2.57,0.85,2.57,1.68,0.84,0.79,3.40,0.83
20	9832964	9833660	AAAAT	6.09	HG02852:6.09	0.86,7.42,6.09
7	73463027	73465046	ATCC	6.07	HG02852:12.19	3.27,4.90,0.81,4.16,2.50,4.16,1.66,1.67,3.34,7.52,3.19,4.18,2.51,2.50,5.96,2.52,2.47,5.75,4.07,4.83,5.75,2.56,1.71,4.33,3.29,5.61,6.68,4.06,3.22,5.89,3.87,5.90,1.70,1.73,4.09,4.19,4.13,2.44,0.79,1.69,4.89,6.87,3.36,8.41,1.68,1.70,3.47,4.29,0.83,3.31,0.80,3.30,5.93,4.13,1.56,1.62,0.85,5.03,4.19,2.47,0.94,3.45,5.04,0.83,4.18,1.68,5.96,1.64,3.35,2.53,2.58,4.16,1.63,5.83,4.31,1.68,1.63,4.21,0.81,1.79,2.61,4.35,3.23,3.22,4.93,0.81,1.71,2.49,1.72,1.64,1.71,3.31,1.67,3.46,3.35,4.93,2.43,1.70,4.17,5.14,4.12,5.03,3.31,2.48,2.51,3.41,1.57,5.14,3.34,12.19,1.67,3.49,3.32,3.42,5.14,2.48,2.47,4.27,0.82,2.52,4.29,0.86,2.51,5.06,6.79,1.74,3.38,1.69,1.71,3.36,1.69,2.45,3.30,3.36,1.55,3.35,1.66,3.42,0.84,0.79,0.81,0.85,4.96,4.16,5.09,4.23
3	141052696	141053647	AAGG	6.02	HG02852:6.96	0.83,0.83,0.85,0.81,0.84,0.84,0.83,0.84,0.87,0.82,0.82,1.66,4.29,6.96,0.83,0.86,0.82,0.85,0.84,0.86,0.85,3.30,0.84,0.78,4.16
12	24160650	24160869	AAATACATTTATATATATAT	6.02	HG02852:6.09	6.09,2.56,1.70,0.85
16	86153927	86154649	AGG	5.76	HG02852:6.09	0.84,4.84,0.82,0.82,4.72,6.09,0.85
12	9759342	9760318	AAAG	5.73	HG02852:6.96	0.83,1.60,0.84,1.66,1.71,0.82,9.25,0.85,0.81,1.67,1.68,0.86,0.90,0.81,6.96,1.71,0.84
12	127767762	127768901	AAAGAAGGAAGGAAGGAAGG	5.37	HG02852:6.09	0.83,0.85,0.81,0.85,0.83,0.84,0.83,0.86,0.81,6.09,3.40,4.24
5	147143991	147144677	AAAGAGAG	5.22	HG02852:5.22	4.94,5.22
2	150762262	150763132	AAAG	5.10	HG02852:5.22	5.22,15.62,4.27,0.81,1.70
1	236402589	236403627	ACACATATATAT	4.99	HG02852:6.09	0.81,0.83,0.83,1.67,0.84,1.63,0.83,2.41,0.83,1.56,0.84,0.84,1.73,0.84,0.86,0.90,0.86,0.86,6.09,0.86,0.83,2.56,0.84
15	89867937	89868764	ACTCTCTC	4.92	HG02852:5.22	0.84,1.64,0.85,5.22,0.82,0.84,0.79
21	47203657	47204262	ACCTCT	4.35	HG02852:4.35	4.35
1	78353323	78354165	AAGGAG	4.35	HG02852:4.35	0.82,4.35
8	11494455	11495892	ACACACACCCTCACAT	4.34	HG02852:20.02	11.43,6.51,9.15,5.01,14.98,0.83,5.83,3.34,4.18,4.79,4.19,9.15,11.06,5.89,13.16,13.97,16.30,2.41,11.09,5.13,2.47,5.61,6.68,3.25,1.68,0.85,6.77,6.01,4.20,5.95,4.96,5.78,13.55,1.65,7.03,4.05,9.40,9.23,6.70,18.95,5.66,6.05,0.84,4.99,5.86,5.87,3.41,13.96,7.54,9.47,5.82,2.45,3.33,0.82,1.79,1.74,6.96,4.85,2.46,5.75,0.83,0.84,11.50,9.43,5.77,1.68,5.80,3.31,2.51,3.41,18.08,4.29,6.69,20.02,10.04,4.36,4.98,2.57,3.31,6.58,0.85,5.75,0.84,4.29,9.42,5.85,4.22,3.40,0.87,11.00,1.69,3.42,11.76,5.93,1.64,10.72,21.74,6.65,2.53,1.58,7.64,4.14,4.16,2.55,0.85
18	55398837	55399880	ACACATATATACATATAT	4.24	HG02852:5.22	0.83,0.82,1.69,0.84,0.84,0.94,0.85,0.84,0.83,0.83,0.85,5.22,0.83,5.15,6.00,0.87,5.08,0.84,0.83
5	147144074	147144907	AAAGAGAGAGAG	4.16	HG02852:6.96	11.54,6.96,6.00,8.46,4.23
10	8065881	8067226	AAAG	4.15	HG02852:9.58	4.33,0.81,6.73,8.57,7.26,3.30,3.35,9.58,2.52,4.20
19	17459484	17460446	AAAG	3.89	HG02852:5.22	0.83,0.84,3.33,0.86,0.84,0.84,5.22,0.87,0.83,0.86,0.86,4.20,0.86,2.53,5.98,11.39
17	77867111	77868448	ATC	3.87	HG02852:10.45	2.45,0.82,3.26,4.16,3.34,4.99,5.82,2.50,5.01,6.69,3.99,2.51,1.68,2.50,3.40,6.73,0.82,3.29,6.52,1.61,2.46,3.41,0.85,3.46,3.29,4.17,2.43,4.03,3.36,1.94,1.69,1.70,3.46,5.72,0.84,4.95,1.63,4.73,5.08,4.89,5.15,4.20,3.36,8.41,1.70,4.34,2.57,3.31,4.96,1.65,2.54,3.31,1.68,10.05,3.30,4.72,2.59,5.88,4.16,4.18,2.52,7.66,3.29,0.84,4.21,1.72,6.66,7.36,1.67,2.59,0.84,0.82,3.37,3.23,1.79,2.61,5.22,3.23,2.42,4.93,3.26,5.70,1.71,3.29,0.83,4.29,3.28,0.85,2.48,2.50,3.46,5.86,2.46,1.62,7.66,3.33,4.28,2.47,0.84,4.14,2.48,3.35,0.85,1.57,1.71,3.34,10.45,1.67,2.62,1.66,0.86,0.83,5.14,1.65,5.75,5.12,1.64,2.52,1.72,0.86,4.18,1.69,1.70,1.74,4.23,3.38,2.57,0.84,1.69,1.64,2.47,1.68,2.33,0.84,0.83,2.53,2.56,0.84,1.58,4.07,1.70,1.65,0.83,3.39,2.54
22	47774355	47775628	AGG	3.84	HG02852:13.06	2.45,1.63,4.89,4.99,5.84,2.50,0.83,9.16,1.67,4.18,3.99,10.02,3.35,1.66,5.11,0.84,2.47,3.29,3.26,8.85,5.75,1.71,2.56,2.60,3.29,0.80,6.68,6.49,8.86,1.68,2.90,6.75,5.10,0.86,4.09,5.87,1.65,7.33,1.58,6.77,1.63,8.59,4.20,2.52,5.04,8.50,6.07,4.29,5.80,3.31,4.82,2.48,3.39,2.48,6.25,5.67,2.56,5.03,6.70,1.65,4.72,5.18,6.73,4.16,4.18,3.35,2.55,4.11,0.84,5.89,10.33,4.16,7.36,2.50,2.59,5.88,4.90,3.37,1.61,0.90,4.34,1.74,3.23,4.83,5.75,4.07,0.81,3.42,2.46,4.15,1.72,4.92,1.71,3.31,3.33,2.59,7.54,7.39,4.86,5.11,10.00,5.14,9.89,5.03,8.28,8.28,7.54,9.38,7.07,3.43,3.34,13.06,3.35,4.36,5.81,7.70,2.48,6.00,2.48,5.75,9.39,4.10,3.36,6.86,1.71,8.35,8.44,5.09,6.11,5.92,7.61,0.86,5.88,4.24,12.27,2.47,1.68,6.70,4.99,5.90,7.69,5.01,5.52,4.88,5.94,6.62,7.48,6.79,3.39
X	134779269	134780455	AGATATATATATGG	3.83	HG02852:14.80	3.27,0.82,2.49,2.50,0.84,0.84,0.82,8.22,0.81,2.41,3.28,1.73,0.83,0.81,0.84,4.22,1.73,9.81,3.35,0.83,0.81,0.79,6.77,2.44,2.58,1.68,10.93,0.85,2.60,9.94,2.48,6.60,2.54,2.51,0.84,13.31,0.84,2.55,0.82,0.84,1.66,0.83,3.36,16.01,8.96,1.74,18.60,7.39,0.82,1.72,4.92,6.83,4.14,0.83,6.05,0.84,7.39,7.30,5.96,7.71,8.24,4.20,0.83,10.77,2.57,7.52,14.80,0.87,2.49,7.70,2.57,0.82,14.51,9.85,7.55,4.18,10.13,2.55,3.49,1.69,6.77,0.86,1.69,9.00,9.07,0.84,6.21,1.66,10.11,5.98,2.51,1.58,2.44,9.34,3.31,4.16,3.39,2.54
14	91671520	91672599	AAG	3.76	HG02852:14.80	14.80,10.29,19.71,6.11,14.72,11.72,6.84
11	84425115	84425652	AG	3.60	HG02852:5.22	0.85,0.81,0.79,0.85,0.84,1.66,0.86,0.84,0.87,0.83,2.48,3.35,2.57,5.22,1.67,0.83,1.65,0.86,3.40,0.87,0.85,2.56,0.81,1.70
19	3331757	3333371	AAGG	3.55	HG02852:6.09	1.63,3.33,1.67,1.67,2.51,0.84,0.84,1.65,2.44,1.61,2.43,0.84,0.97,0.85,1.65,0.85,0.81,0.84,3.30,2.48,4.69,4.19,0.86,0.83,1.64,0.84,2.58,0.82,0.84,0.82,0.90,0.81,0.81,0.81,2.56,0.86,0.85,1.64,1.62,0.84,0.83,0.83,6.09,0.84,0.83,0.86,0.82,2.56,0.84,0.84,0.84,0.87,0.85,1.69,0.82,0.82,1.68,0.84,0.83,0.84,2.51,2.48,0.85
10	19414056	19414915	AAAG	3.51	HG02852:6.09	1.63,6.65,0.83,0.83,0.82,1.71,0.84,1.63,1.68,0.81,0.86,1.68,0.85,0.83,1.65,1.89,0.84,0.86,0.82,0.81,1.79,3.48,0.81,0.85,0.82,0.83,0.85,0.83,0.86,0.82,3.33,0.82,0.84,2.48,1.66,0.84,0.85,1.67,6.09,2.62,2.49,0.86,0.83,2.47,2.46,1.68,0.86,2.54,1.69,0.82,0.82,1.67,0.84,0.85,0.84,1.63,2.55,0.83,1.66,7.64,0.85
12	131129970	131131382	ACCTCCCTCTCC	3.50	HG02852:14.80	10.61,1.67,0.83,1.67,1.67,0.84,1.68,0.83,3.37,4.94,4.89,5.75,1.71,1.73,4.11,1.60,8.35,8.12,2.42,1.94,3.37,1.70,2.59,3.27,3.30,9.77,11.04,2.54,0.81,16.31,5.04,5.89,4.25,6.00,6.63,5.63,0.85,3.31,0.84,0.84,7.55,0.86,5.88,1.66,10.88,7.66,10.11,2.45,3.45,9.24,2.45,2.53,15.33,3.58,4.35,21.83,2.42,9.03,4.89,1.63,6.64,6.56,1.71,4.14,0.83,10.37,0.84,0.82,1.70,2.50,3.43,4.97,2.48,1.67,0.85,4.29,10.03,14.80,0.83,4.28,5.79,1.71,1.65,2.47,0.85,6.57,1.68,7.72,8.35,6.75,9.34,9.60,11.84,0.85,9.24,13.90,6.60,5.04,6.21,6.70,4.99,0.84,3.34,0.79,5.69,6.62,1.66,5.09,5.08
7	37886182	37888420	AAG	3.47	HG02852:18.28	19.12,0.83,2.50,4.18,0.83,11.06,0.81,2.47,1.68,1.69,3.40,2.59,4.89,2.37,0.85,2.55,0.87,0.83,2.48,16.94,0.83,0.78,17.02,2.45,1.73,2.45,0.84,1.61,1.79,0.87,1.62,4.03,9.03,8.96,4.27,0.83,5.86,2.46,4.25,1.68,1.71,18.28,0.83,2.48,1.64,0.84,1.67,0.85,0.87,1.69,13.44,0.82,2.52,1.66,0.84,1.67,2.55,0.83,0.85
8	77092075	77092947	ACATATATACATATATAT	3.44	HG02852:3.48	4.97,3.48,0.82,1.66
X	145421888	145423138	AAAG	3.35	HG02852:5.22	0.83,1.68,1.68,1.64,0.81,0.81,0.97,2.45,0.81,0.79,0.81,1.72,3.40,3.31,0.85,2.53,2.45,0.84,3.31,0.86,0.84,5.22,0.87,1.71,0.82,0.84,0.85,0.84,0.85,0.83,0.85,0.83
3	194365614	194366707	AC	3.05	HG02852:12.19	0.81,0.83,0.84,0.80,1.68,0.85,0.82,1.64,1.64,0.83,0.81,0.86,0.82,2.58,7.57,0.86,2.49,1.65,0.85,0.84,1.65,0.84,0.86,0.83,0.86,0.84,0.81,0.87,1.74,4.93,1.63,0.83,1.67,9.16,1.65,0.84,0.83,2.56,25.94,12.19,0.87,8.57,1.71,3.28,0.84,7.59,2.55,2.54,10.27,2.54,5.77,6.74,1.71,1.70,4.14,1.66,2.55,9.31
22	42403655	42404658	AAAGG	3.03	HG02852:5.22	0.83,1.67,0.84,0.87,1.64,2.90,0.86,0.83,0.81,0.86,0.84,2.52,1.70,1.66,1.62,1.66,0.84,0.82,0.83,1.73,0.84,0.82,1.69,1.79,3.48,0.87,1.62,0.82,0.85,0.86,0.82,0.83,1.73,0.82,1.62,0.84,0.79,0.86,4.18,5.22,0.85,3.27,0.82,4.99,2.44
8	51885754	51886725	AAAAT	3.00	HG02852:15.67	1.63,1.60,7.71,15.67,13.69,24.47,16.13,7.61,0.84,17.46
16	7278973	7280569	AAGGGAGAGAGAGGGAGG	2.91	HG02852:14.80	3.27,12.24,12.21,4.16,9.18,3.33,5.82,1.67,10.85,3.34,1.60,6.68,9.21,3.33,11.06,4.21,11.52,4.11,10.59,5.63,2.46,3.41,7.69,11.25,4.11,0.80,5.84,8.12,7.25,5.05,4.84,4.22,2.55,3.46,2.45,7.55,1.65,3.26,11.04,3.39,4.07,1.72,4.20,4.20,9.25,5.10,2.60,1.71,11.60,2.48,4.02,3.30,3.39,4.96,18.75,5.67,8.54,4.19,10.05,2.47,8.50,1.73,5.88,5.82,2.51,2.52,8.52,7.39,12.56,5.05,10.33,0.83,2.45,7.49,6.04,4.20,0.82,4.21,8.88,5.38,4.34,0.87,12.13,3.22,2.46,8.96,7.33,5.98,9.04,3.32,7.72,3.28,2.56,2.48,5.00,2.59,1.67,0.82,3.24,2.55,3.33,11.14,5.77,1.68,9.94,6.63,10.05,3.41,18.86,3.43,3.34,14.80,7.53,5.24,3.32,5.14,3.31,3.43,6.62,3.29,9.39,7.39,5.88,6.86,2.57,5.01,3.38,4.24,10.47,5.08,5.92,5.99,7.56,0.85,13.08,9.90,1.68,10.87,5.86,5.82,6.74,7.69,12.54,7.88,7.32,6.79,7.45,4.16,7.64,5.93
2	1568400	1570824	AAGCCAGCCGCTACACCAGT	2.91	HG02852:7.83	1.63,4.90,0.81,0.83,0.83,1.67,0.84,1.66,2.55,1.65,1.64,1.63,1.64,2.56,1.64,0.80,0.83,0.81,0.84,0.84,1.70,4.32,0.82,1.68,1.65,0.86,1.68,1.70,0.87,0.86,2.48,1.69,1.65,0.78,5.67,1.71,3.36,1.68,1.65,0.84,0.83,0.85,0.82,0.84,0.84,0.86,0.83,0.84,1.61,0.90,0.87,0.87,0.81,0.81,0.81,1.63,1.71,0.82,4.98,0.82,1.71,2.50,0.86,0.84,0.82,0.85,3.33,4.28,4.94,4.20,3.31,3.31,0.85,1.57,0.86,3.34,7.83,0.84,2.62,2.49,0.86,4.14,2.57,0.82,5.12,0.82,7.55,4.28,5.01,4.22,1.70,4.36,1.69,2.54,1.71,1.68,0.85,3.27,2.47,3.36,4.66,3.35,1.66,0.84,5.13,0.79,1.63,1.70,0.83,6.65,0.85
10	127385542	127386506	AAAG	2.88	HG02852:5.22	0.83,0.83,0.84,0.84,3.28,0.82,0.81,1.68,2.55,0.81,0.86,0.80,0.84,2.46,0.86,0.90,0.87,1.61,0.83,2.59,0.81,0.83,0.86,2.52,1.66,0.85,2.57,5.22,0.87,4.15,1.65,2.56,1.69,0.82,0.84,0.79,0.81,1.65,5.82,0.85
4	36045464	36045772	AAGGG	2.88	HG02852:3.48	1.63,0.83,0.87,0.82,0.81,0.84,0.84,0.87,3.48,0.87
3	36920633	36922191	AAACATACAAATATATGT	2.82	HG02852:33.95	16.32,12.21,15.80,6.68,7.49,16.62,8.35,30.09,5.58,5.85,6.70,8.32,12.76,8.23,0.82,15.29,19.70,23.89,19.65,12.98,18.91,24.04,14.19,1.62,9.67,14.30,16.46,4.25,22.06,11.55,40.71,6.31,9.78,39.48,9.35,27.43,9.64,16.09,18.18,11.75,0.82,11.23,21.02,13.31,12.55,16.77,10.33,9.15,19.62,16.39,26.89,11.43,13.72,22.40,15.66,7.28,8.86,15.60,17.93,17.10,11.96,6.57,15.78,14.59,7.44,28.53,17.59,12.32,5.11,0.83,2.52,5.80,8.28,0.84,4.18,33.95,20.08,16.28,11.58,16.44,5.01,5.06,13.53,12.84,15.12,31.36,5.77,6.72,17.86,18.42,24.95,19.38,11.11,0.79,27.66,0.85,4.14,23.28,3.39
X	504292	505417	AAAG	2.82	HG02852:3.48	0.83,0.81,0.82,0.81,0.81,0.83,0.84,3.48,0.86,0.82,0.84
6	165049147	165049626	AATATAATATAATATATT	2.81	HG02852:6.09	0.81,0.83,0.83,0.84,0.84,0.85,0.84,0.82,0.82,0.80,1.64,0.85,0.87,0.80,1.61,5.81,2.53,0.85,0.86,1.63,0.83,4.07,0.79,0.85,4.29,0.84,0.83,1.65,2.51,2.47,0.84,3.35,1.64,2.51,0.84,0.86,0.86,2.45,0.81,0.87,2.43,2.44,0.81,1.71,0.86,0.82,0.83,0.84,0.83,3.30,3.41,0.79,0.84,6.09,0.84,1.66,0.83,4.14,1.64,9.43,0.84,0.84,0.84,1.64,1.65,0.84,0.78,1.66,0.85,2.37,0.81,0.85,0.83,1.69
7	31183335	31184495	AAAG	2.72	HG02852:5.22	0.83,0.84,0.85,1.63,3.34,2.52,3.94,0.87,0.86,1.65,6.71,2.46,0.87,0.83,4.19,0.84,0.84,0.84,5.22,1.71,0.82,1.71,1.64,0.86,0.84,3.39,4.27,1.58,0.85,1.66,1.69
4	32887509	32888389	AAATATATATTTATATAT	2.71	HG02852:4.35	0.81,0.82,0.81,1.65,0.83,0.82,1.71,0.83,1.70,4.35,1.75,2.57,0.82,0.85,7.39,0.86,1.67,0.84,0.85,1.69,0.84,3.42,0.79,0.81,0.83,5.08
5	166622617	166623973	ACACACATATATATAT	2.69	HG02852:5.22	0.84,2.36,5.22,1.75,2.57,4.14,3.36,1.72,1.67,2.55,2.54,1.69,2.45,1.68,3.11,2.50,0.84,0.79,5.69,0.85,2.48
5	61894566	61894673	AAAGGAAG	2.61	HG02852:2.61	2.61,1.55
1	205532246	205532356	AG	2.61	HG02852:2.61	2.61
2	212806851	212806852	AAAT	2.61	HG02852:2.61	2.61
1	236402729	236403277	ACATATATATAT	2.61	HG02852:2.61	0.83,2.61
7	5575800	5575934	AAAT	2.61	HG02852:2.61	0.78,2.61
3	63749466	63750394	AAGGAGAGAGAGAGGGAGG	2.58	HG02852:3.48	0.83,0.84,0.87,0.84,0.84,0.86,0.85,0.83,0.82,1.67,3.48,0.86,0.84,0.87,0.85,5.13,0.83,0.84,2.54
13	39113332	39114392	AAAG	2.58	HG02852:2.61	2.61,3.31,9.76
X	107025002	107025965	AAATATATATATAT	2.53	HG02852:2.61	4.12,2.61,0.85,3.39
1	235130870	235131883	ACATATATACATATATAT	2.46	HG02852:3.48	0.82,0.81,1.66,0.83,0.84,2.51,0.82,0.85,0.84,0.81,0.79,0.81,1.61,0.83,0.86,0.83,0.90,2.42,0.85,1.64,0.81,0.83,3.48,0.83,0.82,0.82,0.81,0.83
3	18830027	18830478	AAAAATATATTATAT	2.44	HG02852:2.61	1.63,0.83,0.86,0.82,2.61,0.84
7	135481518	135482961	AAAG	2.41	HG02852:11.32	0.82,0.82,2.44,2.49,0.83,6.70,4.99,2.52,5.75,0.82,1.73,0.82,9.08,9.46,21.19,0.85,3.30,0.85,4.69,6.49,2.59,4.20,0.84,4.20,0.81,9.14,1.62,11.14,6.59,1.67,6.82,3.93,7.71,11.32,8.37,6.85,2.48,5.97,9.85,8.39,2.57,4.28,3.34,3.38,1.70,6.77,0.85,4.20,4.24,6.54,0.82,5.88,11.64,0.84,1.66,5.01,0.81,4.24,1.69
3	102815001	102815512	AG	2.40	HG02852:2.61	1.65,1.67,2.61,0.86,0.84,0.85
2	185395592	185396773	AACTATATATATAT	2.38	HG02852:5.22	0.84,0.82,1.70,2.44,2.52,1.70,0.83,0.85,4.19,0.82,3.37,1.73,2.45,0.84,0.87,0.81,0.82,0.81,0.82,1.64,0.86,4.14,0.84,0.85,2.36,5.22,1.64,3.28,0.86,1.69,0.85,1.71,2.52,0.82,0.84,0.78,4.99,2.56,1.67,0.79,4.07,1.70
4	149718504	149719533	AAAATATATATAT	2.37	HG02852:3.48	0.83,1.67,3.33,0.80,0.83,0.82,1.69,0.85,3.31,1.68,0.82,0.83,0.84,0.87,1.64,3.48
11	47562686	47563738	AAAG	2.32	HG02852:15.67	10.77,21.31,15.67,0.86,10.19,0.86,21.44,21.29,10.58,0.85,0.85
14	101151374	101151863	ACCGCAGCCCCCTCC	2.32	HG02852:4.35	0.83,0.83,0.83,2.50,0.80,0.85,0.81,0.82,0.85,0.81,1.68,0.84,0.81,0.84,0.84,0.83,0.83,2.52,0.82,0.84,0.86,1.66,1.66,1.57,0.84,4.35,1.64,0.82,0.84,1.72,0.86,1.67,0.85,3.42,2.52,0.82,0.84,0.84,2.50,7.58,2.56,1.66
10	90901938	90902719	AAAGGAAAGGAAAGGAG	2.30	HG02852:2.61	0.83,0.83,0.86,2.61,0.87,0.79,0.83
22	46285864	46287080	ACACACACGCCCCTC	2.23	HG02852:3.48	1.66,0.83,0.85,0.82,0.80,0.81,0.79,0.86,1.68,1.64,0.84,0.84,0.82,0.87,0.81,0.85,0.82,0.86,2.48,0.85,0.79,0.86,3.48,0.84,0.87,2.57,0.85,0.84,1.63,1.70,0.83,0.85
10	129595225	129596035	ACCCTCCATCCATCCCTC	2.20	HG02852:5.22	4.90,1.63,1.63,2.49,2.50,0.83,1.66,0.83,0.83,1.67,0.80,0.84,0.83,0.85,4.21,0.82,1.71,2.60,0.82,0.80,0.83,0.81,0.81,0.84,1.94,1.69,0.85,0.86,0.82,2.52,1.63,0.79,0.85,2.44,0.86,0.84,0.87,1.65,0.80,0.83,0.83,2.34,3.42,2.51,0.82,0.94,2.59,0.84,1.66,1.67,1.68,0.82,5.02,1.68,2.58,0.83,0.86,1.68,3.27,0.84,1.61,1.74,0.81,0.81,1.63,0.81,0.85,0.83,0.86,2.46,0.83,0.83,1.73,1.67,2.46,2.43,0.86,2.48,1.67,0.85,0.86,0.84,5.22,0.86,0.83,0.85,0.82,0.84,1.72,3.34,0.84,0.85,0.87,0.85,0.85,1.71,0.85,2.47,4.19,0.84,0.84,1.58,2.44,2.55,0.83,1.69
12	22585378	22586220	AGATATATAT	2.20	HG02852:2.61	2.61,0.83,0.84,0.85,0.82,0.83,1.65,2.55
11	1415886	1416556	ACCCATCTCCAGG	2.19	HG02852:2.61	0.82,1.57,2.61,0.83,0.86,3.34,0.85,0.84
Y	13447821	13449380	AATGGAATGGAGTGGAGTGG	2.16	HG02852:9.58	1.63,0.82,4.07,2.49,1.67,4.99,0.83,2.50,0.83,5.85,2.39,6.68,5.86,3.33,5.96,3.37,6.58,4.11,1.63,8.85,5.75,5.12,7.69,3.46,4.11,4.81,7.51,1.62,8.06,4.21,1.94,4.25,6.05,1.63,3.35,3.30,2.44,1.58,1.69,0.81,4.29,5.04,2.52,5.04,2.55,0.87,0.86,2.49,2.48,2.41,4.13,1.69,4.96,3.91,4.05,2.56,3.36,2.51,4.12,4.72,5.18,2.52,3.33,6.69,0.84,4.26,5.75,4.19,1.68,2.58,7.49,4.09,5.00,2.59,5.04,4.90,7.58,4.84,6.27,1.74,1.74,4.04,1.61,4.93,4.89,2.44,5.13,4.11,7.47,3.43,4.92,1.71,5.79,3.33,3.46,0.84,1.64,4.05,0.85,2.50,6.00,4.94,4.20,0.83,6.63,6.70,3.41,2.36,0.86,5.85,9.58,4.18,2.62,3.32,3.42,1.65,8.57,3.31,4.11,3.41,4.10,1.68,4.29,2.57,1.67,2.53,0.85,2.62,1.69,4.23,6.85,6.72,5.93,1.64,3.30,5.88,5.43,4.19,1.66,1.69,5.98,1.67,1.58,13.83,3.40,4.96,2.49,1.70,2.54
20	60972396	60973694	ACC	2.13	HG02852:6.96	4.90,1.63,3.33,0.83,1.66,0.83,5.83,4.17,5.01,1.60,0.84,1.70,2.52,0.82,1.64,5.70,3.22,2.46,3.41,4.27,1.73,3.29,4.81,3.34,4.87,1.68,3.37,1.70,1.73,0.82,0.84,2.48,4.07,0.79,8.47,0.81,1.72,5.04,1.68,1.73,1.71,2.49,3.31,1.65,0.85,2.48,0.78,1.62,2.56,0.84,1.68,4.94,0.94,2.52,0.83,1.67,3.41,1.68,3.44,2.50,2.45,1.67,3.27,0.90,2.61,2.61,1.61,4.11,1.63,1.63,3.42,0.83,1.72,4.10,0.85,1.65,1.67,4.19,1.71,2.47,2.52,0.83,0.84,0.85,5.50,1.71,2.51,6.96,0.84,2.49,1.71,1.65,0.86,1.65,1.64,1.64,3.36,0.86,0.86,2.53,1.74,1.69,1.69,1.71,3.27,1.65,0.78,1.67,2.50,0.84,0.85,0.79,3.40,1.65,3.33,1.70,0.85
3	122870100	122871455	AAGGAAGGCAGGCAGG	2.12	HG02852:15.67	0.82,0.83,0.83,0.83,0.84,1.68,0.85,0.80,0.85,0.82,0.83,0.85,0.82,1.68,2.48,0.86,0.83,0.83,0.83,0.78,0.81,0.83,1.70,3.29,0.86,0.82,1.79,0.83,0.83,0.81,18.00,2.47,9.94,9.94,0.84,11.08,11.00,1.71,11.70,15.67,5.24,10.79,14.89,7.71,7.45,8.22,0.85,13.13,9.43,0.86,15.87,10.19,12.21,0.85,9.30,2.57,10.17,3.27,13.19,15.96,11.72,12.48,13.48,11.11,27.58,0.79,6.79,12.41,12.47,6.79,6.77
12	124922755	124924078	AG	2.10	HG02852:6.96	0.82,0.82,2.50,2.50,5.85,0.80,4.21,0.82,0.80,0.82,0.85,2.60,0.83,1.62,0.81,2.90,0.84,0.85,2.59,4.09,5.87,5.78,4.89,2.37,0.85,5.15,0.84,3.36,0.85,3.43,1.65,2.41,0.78,1.62,4.27,0.84,1.66,3.29,1.67,1.72,4.16,2.50,0.84,3.23,2.69,1.74,0.87,0.81,0.81,1.64,0.81,0.81,2.56,4.93,1.72,2.56,1.65,5.83,2.59,0.82,0.81,0.85,2.57,1.65,0.84,4.72,4.29,6.96,0.84,0.87,0.83,0.86,3.31,0.83,1.64,0.84,0.86,1.67,0.84,0.85,0.87,0.85,4.95,2.52,2.33,1.66,0.85,2.51,1.70,2.48,0.85
2	1192495	1193818	ACACATATATATAT	2.10	HG02852:4.35	0.82,1.66,0.83,0.80,2.51,0.83,1.70,0.80,1.71,1.73,0.84,1.63,2.37,6.52,0.86,1.68,1.70,1.73,1.71,0.83,0.85,0.84,7.49,1.63,0.81,0.87,0.81,0.81,0.82,0.83,1.64,0.83,0.84,0.82,0.81,0.85,4.35,0.83,5.75,7.55,1.71
6	31397066	31397965	AATATATATATAG	2.09	HG02852:5.22	0.82,5.71,1.66,1.67,2.51,2.51,0.85,3.37,1.64,2.44,0.85,0.83,1.62,0.84,0.84,3.30,2.44,3.15,0.84,2.52,0.80,0.83,1.65,2.52,0.94,4.18,2.51,1.72,1.66,2.45,2.53,0.81,1.74,0.81,3.26,0.83,4.92,1.70,3.33,0.83,0.84,0.86,5.22,1.66,5.09,0.81
6	2694134	2695298	ACC	2.06	HG02852:31.34	17.96,17.14,30.94,16.63,20.03,12.48,7.48,7.49,4.17,28.42,26.32,16.70,13.40,24.13,17.87,8.42,4.94,16.44,4.07,16.90,1.64,9.39,11.96,6.92,4.93,14.42,11.68,7.30,18.53,10.93,5.81,8.43,11.06,2.59,4.90,10.06,9.90,4.89,25.24,12.70,4.89,21.46,5.04,5.04,8.41,6.80,11.27,6.86,19.05,7.44,18.48,14.86,7.62,10.74,9.38,20.27,7.69,6.71,12.57,17.30,21.71,17.27,6.73,15.80,28.45,6.71,5.96,23.82,5.86,17.68,13.77,9.15,15.53,5.83,15.53,3.36,4.08,4.21,15.33,11.65,15.64,6.09,8.09,9.67,7.39,6.52,13.03,11.96,5.75,1.66,6.86,5.74,11.10,8.27,9.99,19.02,8.37,4.93,12.16,11.06,24.99,35.13,30.49,12.59,4.14,29.82,5.86,7.67,29.87,18.00,11.70,31.34,21.75,14.84,17.43,12.84,4.14,6.85,6.62,8.22,17.92,25.45,11.75,23.16,15.42,18.37,19.41,20.37,6.98,12.69,5.92,9.41,10.08,25.42,23.71,12.37,9.24,12.42,13.40,17.47,10.11,28.20,17.55,13.40,14.64,4.25,8.27,16.63,13.58,9.31
1	178473937	178475568	AATCCTAGCTCCCCTG	1.99	HG02852:15.67	3.27,5.71,10.58,10.81,8.35,7.49,7.48,7.49,5.84,7.52,10.37,10.02,10.89,4.16,5.11,6.73,7.40,4.11,9.78,4.83,2.46,13.65,6.83,8.65,11.51,11.22,12.52,8.93,5.64,8.41,6.78,6.75,11.06,11.23,7.35,8.39,8.25,6.51,8.68,10.16,5.70,5.15,10.92,5.04,5.04,7.65,7.80,14.57,14.91,4.96,7.23,9.91,11.86,8.26,7.03,7.30,10.25,5.87,7.54,3.30,9.44,8.64,5.88,4.16,4.18,5.87,6.81,4.11,9.21,4.21,6.02,9.98,6.54,7.49,7.76,10.08,4.90,10.11,12.91,9.86,15.64,7.83,8.09,8.06,13.96,7.33,4.89,5.98,10.68,9.97,11.15,5.74,9.39,5.79,3.33,6.92,9.21,10.68,9.73,11.06,6.66,13.71,10.71,10.07,10.77,9.11,10.05,10.23,11.79,12.86,10.03,15.67,8.37,7.86,6.64,11.98,10.76,8.57,6.62,9.87,9.39,9.03,17.63,6.00,11.99,5.01,8.44,9.34,10.47,7.61,5.92,13.69,9.24,15.25,10.63,4.95,11.76,6.99,10.05,12.48,4.21,11.96,8.36,9.46,7.32,12.74,5.79,10.81,8.49,9.31
1	31904047	31905324	AACCACCCTATCCACCCT	1.98	HG02852:3.48	0.82,0.82,0.82,0.87,0.82,6.31,0.84,0.85,0.85,1.70,0.83,1.73,0.81,1.64,1.71,0.83,0.84,3.48,0.86,0.86,6.75,0.85,0.87,5.08,0.82,1.55,0.85,1.58
4	38734512	38736181	ACC	1.95	HG02852:22.63	14.69,11.42,17.10,19.12,10.85,14.14,19.95,14.16,15.03,14.21,9.57,7.52,15.92,13.31,11.91,20.20,9.87,9.04,16.30,9.66,17.24,13.65,6.83,14.71,15.62,14.42,16.69,13.80,12.09,15.98,16.46,21.08,13.61,5.18,13.07,13.42,10.73,17.91,12.62,11.86,13.04,12.88,19.32,18.50,13.45,20.41,13.01,17.15,19.88,17.37,13.66,10.73,15.24,12.40,10.16,8.11,10.25,18.46,20.94,7.42,21.71,18.14,11.77,9.15,6.69,15.10,8.52,11.50,14.24,12.63,13.77,16.64,21.25,19.15,12.94,11.76,15.51,6.74,16.94,19.72,13.03,12.18,8.09,10.47,8.21,9.78,12.21,6.84,13.14,10.80,12.87,14.77,8.54,10.75,5.83,9.51,17.59,17.25,17.03,17.02,10.83,13.71,8.24,19.30,19.05,13.25,13.40,17.05,14.15,11.14,9.20,22.63,16.73,11.35,24.07,11.98,11.58,13.71,7.45,10.69,22.19,9.85,9.23,12.86,11.14,16.70,16.88,12.73,14.83,11.00,19.45,11.12,10.92,16.95,12.27,9.90,11.76,9.32,7.54,14.14,10.96,27.34,13.37,7.10,13.02,8.49,16.55,18.29,11.88,16.09
X	1483714	1487006	ACCCCGCGC	1.93	HG02852:5.22	0.82,0.82,1.63,1.66,1.66,0.83,0.80,0.84,0.83,0.84,1.65,3.29,1.63,0.82,1.71,1.73,0.82,2.40,0.81,0.97,1.70,0.86,1.63,3.94,1.69,0.81,1.72,2.52,1.68,1.70,0.87,0.83,0.83,0.80,1.65,2.54,3.13,2.43,0.85,0.84,0.82,1.89,0.84,1.66,1.67,0.84,0.84,1.66,0.82,0.83,1.73,0.84,0.84,0.81,0.90,0.87,2.43,1.61,0.82,0.81,0.85,4.11,0.83,1.72,3.28,0.83,2.50,0.84,0.81,0.85,0.83,2.57,0.82,0.84,1.66,0.84,0.79,5.22,1.67,0.83,0.86,0.83,0.86,0.82,3.41,1.72,0.84,3.38,0.85,1.68,1.69,3.27,1.68,3.88,2.51,1.66,4.27,0.84,3.15,0.81,1.70,1.70,0.85
3	128315129	128316501	AAGG	1.86	HG02852:6.09	0.82,0.82,0.81,3.33,1.67,2.50,0.83,2.50,1.67,0.84,2.39,0.84,3.35,3.40,1.68,0.82,1.63,0.80,1.64,0.85,3.42,0.87,0.82,5.61,1.67,1.62,1.61,0.97,0.84,2.55,5.18,1.63,4.19,2.48,0.81,0.79,1.69,1.63,1.72,2.52,1.68,2.55,0.87,1.71,2.49,0.83,1.61,2.54,1.65,3.91,2.43,0.85,1.68,0.82,0.94,3.45,4.20,1.66,2.51,1.68,1.64,1.67,3.37,0.86,4.16,4.90,1.67,0.86,0.84,3.27,1.69,0.81,0.90,3.48,2.61,3.28,1.63,2.44,2.56,1.64,3.32,0.86,2.46,1.71,0.83,1.73,1.67,0.82,0.81,2.55,2.50,3.43,0.82,2.52,1.66,3.35,3.41,4.29,4.18,6.09,1.67,1.75,3.32,0.86,3.31,4.28,1.65,1.71,3.36,0.86,1.71,1.67,2.55,1.74,2.54,0.86,1.68,2.45,0.84,2.33,4.19,0.83,4.21,0.85,1.58,0.81,0.85,1.65,4.16,3.39,2.54
16	24844154	24845678	ATCC	1.85	HG02852:10.45	4.90,2.45,0.83,2.50,0.83,2.50,5.01,0.84,2.39,1.68,4.16,8.51,4.21,0.82,6.58,0.81,4.83,0.82,7.79,5.68,3.22,3.36,3.87,4.22,13.61,4.90,2.48,0.81,3.94,7.33,3.43,1.68,5.04,4.20,2.60,0.83,7.44,2.41,6.60,7.62,2.48,1.56,1.62,0.84,3.35,0.82,7.55,6.91,4.20,0.83,5.02,2.52,4.26,3.35,2.50,1.63,3.33,0.86,2.45,5.06,5.65,0.87,0.87,3.23,4.03,4.11,1.63,3.42,3.29,1.66,4.29,3.31,0.83,0.84,3.29,11.35,5.00,0.86,5.87,2.51,2.56,0.79,0.86,0.84,10.45,0.84,6.11,2.49,8.27,10.28,0.82,3.41,1.64,10.91,6.86,1.71,5.85,10.13,6.79,3.49,7.61,5.07,3.42,0.84,6.78,0.82,9.90,3.11,3.35,5.82,3.37,5.13,0.84,1.58,0.81,3.40,4.96,6.65,5.94,3.39
12	29243245	29244442	AAAG	1.77	HG02852:4.35	0.82,1.63,1.67,2.39,1.68,0.97,0.83,0.81,0.81,0.86,0.84,2.55,2.60,1.66,0.85,0.78,0.84,0.84,1.68,0.81,1.74,0.87,0.81,0.81,0.82,0.85,0.82,2.56,0.83,0.84,0.82,1.67,2.47,0.84,3.31,0.84,4.35,1.67,4.27,0.86,4.28,3.40,0.85,0.85,0.82,0.84,2.53,1.71,3.40,0.85,0.85
21	44593530	44593777	ACACACACC	1.74	HG02852:2.61	0.82,0.83,0.80,0.84,0.82,0.83,0.81,0.84,0.97,0.84,0.83,1.65,0.78,0.86,0.84,0.82,0.82,0.84,0.81,0.82,0.85,0.83,2.61,0.87,0.83,0.86,0.82,0.84,0.86,0.85,0.84,0.78,0.83,2.54
10	116543655	116544566	AG	1.74	HG02852:1.74	1.74,2.57,0.85
6	108593461	108593851	ACATATATATATGAGAT	1.74	HG02852:1.74	1.74,0.85,0.82
10	128447939	128448317	AT	1.74	HG02852:1.74	1.74,0.85
19	57683586	57683833	AGGGGGGCGGGGGCCGCG	1.74	HG02852:1.74	1.74,0.82
10	72573736	72573737	AC	1.74	HG02852:1.74	1.74
13	44044179	44044470	ACGTATATATAT	1.74	HG02852:1.74	1.74
1	68002577	68002578	AAAT	1.74	HG02852:1.74	1.74
17	44342490	44342491	AAG	1.74	HG02852:1.74	1.74
19	15767410	15767411	AGAT	1.74	HG02852:1.74	1.74
22	47315953	47315954	ACAT	1.74	HG02852:1.74	1.74
4	111726226	111726324	ACGGGAGAGGGAGAGGGAG	1.74	HG02852:1.74	1.74
4	138243290	138243486	AAGAAGAAGAGG	1.74	HG02852:1.74	1.74
4	24481100	24481246	AAGGG	1.74	HG02852:1.74	1.74
X	16280899	16280900	AC	1.74	HG02852:1.74	1.74
21	45826840	45826935	AAGGGAGGGAGGGAGG	1.74	HG02852:1.74	1.56,1.74
15	101502706	101503174	ACATATATATATATAT	1.74	HG02852:1.74	0.84,1.74,0.84
21	33157758	33157868	ACCACCACCACCACCATC	1.74	HG02852:1.74	0.84,1.74
1	15323625	15323640	AAAT	1.74	HG02852:1.74	0.83,1.74
10	88354454	88354662	AAGGG	1.74	HG02852:1.74	0.79,1.74
4	62298122	62298236	AAAG	1.73	HG02852:1.74	0.83,0.86,1.74
8	70684066	70685433	AAAGG	1.72	HG02852:11.32	0.83,0.83,0.80,0.84,5.03,0.85,0.87,0.97,1.63,0.85,0.84,0.87,1.65,0.78,10.09,0.84,1.73,0.90,0.87,0.81,1.71,0.82,0.82,0.85,0.84,0.81,0.86,0.82,0.84,15.74,7.45,1.67,12.79,7.07,11.32,10.79,3.42,2.57,0.85,1.64,1.68,9.43,1.71,6.11,1.69,5.93,1.64,10.08,10.87,5.86,4.16,0.84,0.84,0.81,3.31,1.66
10	121186327	121187713	ACCACCATCATCAGCATC	1.72	HG02852:4.35	0.81,0.83,0.83,0.83,1.65,0.97,0.85,1.73,0.85,0.86,2.48,0.80,0.81,1.65,0.94,1.68,0.83,0.85,0.86,0.83,0.82,0.86,0.84,0.82,0.90,1.74,0.81,0.81,0.81,0.83,2.48,2.46,0.85,0.82,0.84,0.83,0.84,1.70,0.79,2.57,4.35,4.15,0.86,3.31,3.29,1.71,0.82,0.86,0.84,0.85,4.36,1.69,2.54,1.64,1.68,0.84,3.33,0.85,1.63,2.55,1.65,1.70,0.85
6	6537828	6538088	AAGAGGGGAAGGGGAG	1.72	HG02852:1.74	1.74,0.84,2.54,0.83
3	78760729	78760947	AAAG	1.72	HG02852:1.74	0.84,1.74,0.87,1.70
10	76059325	76060513	AAGG	1.71	HG02852:2.61	0.84,0.84,0.97,3.31,0.80,0.82,0.83,0.84,0.82,0.81,0.87,0.85,0.82,0.86,1.64,0.79,0.86,2.61,0.87,0.84,1.69
15	90551278	90552065	ACATATATATAT	1.71	HG02852:1.74	1.74,2.62,0.84,4.99
3	66044241	66045437	AAAG	1.68	HG02852:6.96	1.63,4.16,3.34,1.66,0.83,5.01,5.01,0.82,0.97,3.37,17.86,1.68,0.78,0.81,5.66,0.84,2.50,0.84,1.67,5.82,7.76,2.42,1.64,1.72,2.46,1.71,0.83,1.73,1.62,0.83,5.14,2.47,4.14,0.84,6.96,0.84,5.24,3.32,0.84,4.28,12.21,3.38,1.68,0.84,3.94,6.62,3.39
11	41980397	41981404	AT	1.68	HG02852:2.61	1.69,3.33,2.61,1.64,1.69,0.84,2.56,4.07,1.65
16	7554255	7555152	AT	1.67	HG02852:1.74	2.50,1.74,0.82,0.84,0.85
1	219648135	219649508	AAAG	1.66	HG02852:7.83	1.63,5.71,4.16,1.67,3.33,4.16,1.67,2.39,2.47,0.82,3.26,1.61,2.46,2.56,6.83,2.47,3.20,0.83,1.68,1.70,3.35,1.65,3.15,0.81,0.86,1.68,1.71,3.31,1.61,7.62,0.78,2.52,0.84,4.94,4.32,4.18,2.52,2.55,0.82,0.84,2.53,0.83,3.45,5.04,9.27,1.79,0.87,0.87,5.64,1.63,0.83,1.71,1.65,2.59,0.84,0.85,3.31,2.48,3.41,4.72,7.83,1.75,3.32,2.57,0.83,6.85,1.71,2.46,0.84,3.43,5.94,4.23,6.77,3.42,0.84,8.47,4.12,3.36,0.78,1.67,11.11,0.84,0.79,4.07,0.83
4	131405545	131406238	AATATAT	1.66	HG02852:1.74	0.82,0.81,1.74,0.84,0.85
7	26509236	26509972	AG	1.65	HG02852:3.48	0.84,0.84,1.69,0.85,0.82,0.87,0.78,0.83,0.81,0.87,2.43,0.81,0.82,0.85,0.81,2.50,0.82,0.84,2.48,0.83,1.70,0.84,3.48,1.66,0.86,2.48,1.65,0.82,2.57,0.86,0.85,2.52,0.85,0.78,0.85,0.79,0.83,1.66
9	14990821	14992140	AAGATGGTGGGGCAAGGTGT	1.64	HG02852:13.93	11.42,4.07,4.99,7.49,1.66,2.51,2.51,10.82,3.40,0.84,1.65,8.22,9.78,7.24,9.85,6.83,9.40,6.06,5.61,4.17,5.68,4.03,4.21,4.84,10.96,6.80,11.23,2.45,1.68,4.95,7.33,8.68,13.55,4.89,8.59,3.36,2.52,9.25,9.35,14.74,4.29,5.80,0.83,5.63,1.65,8.26,4.86,3.36,4.19,6.91,9.25,0.84,7.66,4.93,6.88,4.99,4.09,3.33,8.63,5.88,2.45,1.79,0.87,7.83,2.43,2.42,4.89,2.44,6.84,3.29,15.78,4.29,5.12,8.27,13.32,6.05,4.19,7.39,14.59,13.61,2.50,1.71,2.47,5.03,2.48,4.14,1.70,5.50,0.86,2.51,13.93,4.15,3.42,3.31,12.85,9.10,6.58,5.97,6.00,3.34,7.59,0.85,0.85,5.92,5.99,10.08,7.63,5.72,4.20,5.86,4.99,3.37,0.85,0.84,5.69,1.70,0.83,6.65,2.55,3.39
17	34422338	34423519	AAAG	1.64	HG02852:6.09	4.90,0.82,1.63,1.66,0.83,0.83,1.67,0.84,2.44,0.82,7.30,2.53,3.40,0.82,3.30,2.44,3.94,1.72,0.84,6.07,2.57,0.83,1.61,2.48,1.89,3.36,0.84,0.84,1.72,1.73,4.03,1.74,0.87,5.13,1.64,4.10,5.83,0.81,3.43,1.68,1.67,6.09,1.67,0.83,7.45,1.71,4.11,3.41,0.86,1.71,0.84,9.34,1.74,1.69,3.36,1.67,3.37,0.85
2	125618056	125618482	AAAGAAGGAAGGAAGGAAGG	1.63	HG02852:1.74	0.83,1.74,0.86,2.52,1.69
1	3499352	3499809	AACGCACAGCCACCAGAC	1.62	HG02852:2.61	0.84,0.83,1.70,1.74,0.86,0.83,0.83,3.14,2.61,0.84,0.86,0.85,1.68,0.85,1.58,0.85
18	63449436	63449641	AAAGAGAG	1.62	HG02852:1.74	0.87,1.71,1.74,0.84,0.87
6	170766439	170767810	ACAGGAGGAGTCCCTATCCC	1.61	HG02852:3.48	0.83,0.84,0.84,0.82,0.87,0.83,0.84,0.82,0.83,0.85,0.85,0.87,2.48,0.86,0.81,0.82,0.81,0.84,0.86,0.84,0.83,1.66,1.57,0.84,3.48,0.84,0.83,0.83,0.86,1.71,1.72,2.53,0.87,4.23,0.85,0.86,2.45,3.30,0.83,0.84,1.71,0.84,2.44,1.65,0.85
10	26162545	26163969	AAAGG	1.59	HG02852:13.06	6.51,4.99,11.91,7.40,4.07,12.11,6.05,7.43,11.04,10.59,7.57,9.35,10.29,5.93,8.26,2.56,1.68,3.35,11.92,20.17,4.21,10.47,9.03,8.54,10.82,12.32,11.35,7.50,4.94,1.66,11.72,13.06,5.24,9.41,6.62,0.86,4.27,6.72,9.31,6.77,15.12,4.24,5.77,5.86,4.99,7.69,11.70,6.51,5.10
7	89972770	89974074	ACATATATACATATATAT	1.59	HG02852:6.09	0.82,0.81,4.99,5.84,1.66,2.50,1.67,0.80,1.67,5.86,0.85,2.52,2.47,1.64,0.81,1.61,2.46,2.56,2.60,3.29,1.67,0.81,1.68,1.69,2.55,0.81,3.43,3.36,2.55,3.47,1.66,0.83,0.83,0.81,0.85,0.84,2.47,4.72,1.73,4.20,3.33,1.67,1.70,0.82,5.02,1.68,0.87,0.81,1.65,1.73,0.82,1.70,0.83,1.65,1.68,5.02,1.71,2.51,6.09,3.35,2.49,1.71,0.82,2.46,1.71,5.92,3.38,1.71,1.68,2.45,0.84,7.49,0.84,1.63,1.70
X	5196333	5197171	AAAG	1.59	HG02852:1.74	0.82,1.74,0.82,0.78,2.50,1.58
5	1196778	1198011	AACCCCCACAGTACCC	1.57	HG02852:2.61	0.82,0.81,1.60,0.80,0.81,1.61,0.82,2.52,0.87,0.86,0.83,0.83,0.81,0.82,0.84,0.86,1.63,0.87,0.82,0.86,0.82,0.86,0.83,0.84,2.61,0.87,0.84,0.85,0.87,0.85,1.66
3	72123949	72124230	AGATATATATATAGG	1.57	HG02852:1.74	0.78,0.84,0.83,1.74,0.84,0.85
1	2266528	2267225	AGCCC	1.52	HG02852:9.58	9.58,11.04,17.65,9.07,10.08,16.86,16.56
7	72841972	72843157	AC	1.45	HG02852:5.22	3.27,0.81,2.49,2.50,3.32,0.83,0.83,3.34,2.39,1.67,5.03,0.83,1.70,0.84,0.82,1.64,3.26,1.64,2.56,3.42,1.73,0.82,0.81,2.52,2.90,3.40,1.73,2.52,1.65,0.81,1.58,2.54,1.72,4.20,2.52,0.84,1.73,1.66,2.48,0.80,1.69,0.83,1.56,1.62,3.42,0.84,3.30,2.83,3.45,0.84,1.68,1.70,0.84,2.53,0.86,2.50,3.27,0.83,2.59,1.68,1.63,1.69,2.42,0.90,1.74,3.23,1.61,1.64,0.81,0.85,3.28,2.50,1.73,1.67,2.46,1.62,4.25,4.17,2.47,2.52,4.14,3.31,1.67,3.14,0.86,1.67,5.22,2.51,0.87,1.66,2.57,2.48,4.28,0.83,0.82,5.12,1.64,0.86,1.71,2.51,1.69,1.70,1.74,2.54,0.86,3.36,0.85,0.82,1.65,1.68,1.55,1.67,0.83,0.84,0.85,1.67,0.79,1.63,0.85,1.65,2.49,0.85
11	134697156	134698012	ACACACACACATATAT	1.45	HG02852:2.61	0.83,0.85,0.84,0.84,0.81,0.86,0.83,0.84,0.82,0.85,0.84,2.47,1.67,2.61,1.67,0.83,0.86,0.82,0.86,0.85,0.82,0.78,1.66,3.42,1.63,0.85,0.83,0.85
17	72889211	72890204	AACCTACGGAGCCCATGG	1.44	HG02852:2.61	0.82,1.69,0.84,0.85,1.73,0.82,0.87,0.82,1.67,2.61,2.62,1.74,0.84,0.82,1.65,0.85
18	63448599	63448895	AAAGAGAG	1.41	HG02852:1.74	0.83,4.28,1.74,1.71,2.51,0.83,0.85
3	133782177	133783092	AAAG	1.39	HG02852:2.61	0.84,0.84,1.71,0.80,0.83,0.81,0.86,0.84,1.65,0.80,0.83,0.84,0.94,0.84,0.84,0.84,1.66,3.27,0.83,0.90,0.82,1.72,2.57,2.61,0.82,0.84,0.78
7	71673704	71674776	AAGGAAGGAAGGAAGGAGGG	1.38	HG02852:5.22	3.27,1.63,1.66,2.50,3.33,2.49,1.67,1.67,1.67,1.68,0.83,1.70,1.65,1.64,1.63,3.22,1.64,0.85,4.27,1.73,1.64,2.40,0.83,1.62,2.42,3.36,0.84,4.25,0.86,4.09,1.68,0.83,4.07,1.58,3.26,1.68,1.68,3.36,0.85,1.73,0.86,3.31,0.83,0.80,2.48,1.65,3.13,0.81,1.71,4.19,1.65,1.89,1.73,2.52,0.83,3.35,0.84,0.85,2.46,2.51,3.37,3.44,1.66,2.50,2.52,2.45,2.53,1.61,0.90,1.74,2.61,4.85,3.22,0.82,2.44,5.70,0.85,3.29,4.15,3.43,2.46,0.85,1.65,0.83,2.59,2.51,0.82,2.43,2.55,2.50,0.82,2.52,1.66,0.83,1.67,1.70,3.14,3.43,0.84,5.22,1.67,0.87,0.86,1.65,1.71,0.83,0.85,0.84,2.57,0.86,1.67,1.69,2.54,2.57,0.84,1.69,1.64,2.47,0.84,3.11,0.84,2.50,2.53,3.42,2.51,3.15,3.25,1.70,0.83,0.83,3.39
11	97601609	97602299	AAATATATATATATATAT	1.33	HG02852:1.74	1.65,2.48,1.71,1.67,1.74,1.66,0.85
8	1418336	1418857	AAAGCCTGGAGGGGTCGGG	1.30	HG02852:4.35	0.82,1.66,2.49,1.67,1.60,2.51,0.83,0.82,1.61,0.82,0.87,1.64,0.80,0.83,0.81,0.97,0.84,3.30,0.81,3.39,2.52,0.84,0.84,4.34,2.49,1.61,1.65,1.56,0.81,0.84,1.65,0.94,0.86,0.83,1.64,0.84,1.68,0.86,0.82,0.83,1.73,0.82,0.90,4.34,0.81,0.82,0.81,1.63,2.56,0.83,1.64,1.67,0.84,0.82,2.43,4.12,0.84,0.83,0.83,1.67,1.57,4.35,1.66,1.71,0.85,0.82,2.57,1.71,0.85,3.49,2.54,1.64,0.84,0.78,0.84,0.85,0.79,3.25,2.49,3.39
2	68133789	68134423	AAGGG	1.28	HG02852:6.09	0.85,5.18,4.16,6.52,3.33,4.86,6.86,6.09,0.86,5.79,2.51,1.74,0.85,10.63,6.79
2	31309791	31310487	AAGAGAGGAGAGGAGAGGAG	1.28	HG02852:1.74	0.80,0.84,0.84,0.85,1.74,1.71,0.84,0.84,0.84
8	13663657	13664937	AAGCCAAGGAGGGAGGGAGG	1.26	HG02852:4.35	1.63,0.83,1.66,0.83,0.83,2.51,0.80,0.84,0.83,2.55,2.52,1.63,0.82,0.85,0.87,1.64,1.67,1.61,1.68,2.53,1.73,0.82,2.52,0.83,0.81,2.37,1.69,0.81,1.68,0.84,0.84,3.40,3.47,0.86,0.83,0.83,0.78,2.43,0.84,0.82,1.73,1.68,3.35,0.85,0.84,2.53,1.68,0.82,0.81,1.74,0.81,4.11,0.83,0.85,2.50,0.86,0.82,0.83,1.71,3.30,0.83,0.84,2.36,0.86,4.35,0.84,0.87,4.15,3.31,2.57,0.83,0.85,0.82,0.84,1.72,0.86,0.84,0.87,3.36,0.82,1.55,1.67,1.69,2.37,0.83,0.85,1.69
4	49151066	49152479	AACGGAATGGAATGGAATGG	1.26	HG02852:2.61	0.81,0.82,0.82,0.81,0.80,1.71,0.83,0.81,0.84,0.81,0.84,0.86,1.65,0.83,1.56,0.81,0.85,0.84,0.86,0.86,0.84,1.63,0.90,0.82,1.65,0.81,0.83,0.83,0.85,0.79,0.86,2.61,0.83,0.86,1.64,1.68,0.87,0.82,1.65,0.84,0.78,0.85,0.81,0.83,0.83
2	235946441	235947221	AATATATATTATATAT	1.24	HG02852:1.74	0.83,0.78,0.87,0.86,4.18,1.74,3.33,1.71
7	134200885	134201840	AAAAG	1.22	HG02852:9.58	0.83,0.86,9.20,9.58,12.53,12.73,9.30,9.90,12.54,6.31
8	91244859	91246308	AAATATATATAT	1.20	HG02852:8.70	2.45,6.53,2.44,4.17,7.49,4.16,2.50,5.01,5.01,3.99,2.51,6.70,3.33,2.55,2.52,3.29,4.07,3.22,4.10,2.56,0.85,4.33,0.82,5.61,5.01,4.06,1.61,9.25,1.94,3.37,3.40,0.86,2.52,1.65,1.58,6.77,2.44,0.86,2.52,2.52,4.25,0.87,2.57,1.61,0.83,0.85,2.48,7.81,4.27,4.19,7.54,6.59,5.66,4.32,2.52,4.16,5.02,4.19,1.70,3.29,5.02,5.05,2.58,3.27,4.31,2.52,5.72,6.74,3.23,4.48,3.48,2.61,0.81,8.06,4.11,4.07,3.26,2.56,4.15,0.86,4.27,9.10,0.83,0.86,1.67,7.39,3.24,4.25,3.43,1.65,8.39,3.31,4.19,4.26,2.36,1.71,1.67,8.70,5.02,2.49,1.65,2.57,4.14,4.93,1.71,1.68,4.28,2.53,0.85,0.87,3.42,0.84,4.91,4.95,4.20,9.32,2.51,1.66,3.42,0.79,0.81,3.40,1.65,1.70,1.69
17	3582662	3584770	ACCCTGCGTCCTCC	1.18	HG02852:16.54	8.16,8.98,8.96,13.30,6.68,5.82,14.96,6.66,5.84,5.01,7.98,11.69,9.21,10.82,6.81,7.57,11.52,11.51,8.15,7.24,6.57,5.97,8.54,4.33,9.04,9.61,10.02,5.68,3.22,7.57,9.68,11.81,8.51,9.50,8.99,10.06,5.78,14.66,15.77,16.94,6.52,11.16,9.24,5.89,15.13,6.80,4.34,7.72,6.63,14.06,12.05,6.60,3.39,6.61,13.28,11.35,5.98,6.71,7.54,14.01,8.50,5.18,9.25,9.98,11.71,11.74,9.37,9.03,11.72,5.05,14.63,9.15,16.35,3.33,15.53,4.20,5.72,9.27,8.88,6.27,7.82,8.70,16.17,11.28,15.60,10.59,9.77,2.56,6.57,4.98,9.44,17.23,12.81,4.14,5.83,5.19,10.89,9.86,8.92,15.32,10.00,7.71,7.42,9.23,6.63,9.11,12.56,9.38,9.43,6.00,9.20,16.54,7.53,5.24,9.13,7.70,11.58,15.42,6.62,11.51,7.68,12.31,7.55,3.43,6.00,9.19,6.75,10.19,4.36,11.00,6.77,9.41,7.56,5.08,13.08,9.07,8.40,13.97,13.40,6.65,7.58,11.96,9.19,11.83,12.20,11.04,13.24,6.65,11.88,6.77
5	1196648	1197969	AACTCCCACAGTACCC	1.15	HG02852:4.35	0.82,2.49,4.16,0.83,1.67,1.67,2.51,1.70,0.84,2.47,0.81,3.22,0.82,0.87,2.47,0.80,1.67,1.61,3.36,1.94,0.84,0.85,1.73,4.09,1.63,1.58,0.85,0.81,1.72,1.68,2.52,0.84,1.70,1.73,1.71,2.48,1.61,0.83,2.54,0.83,0.78,0.81,1.68,1.65,0.94,1.68,2.50,1.68,0.85,1.64,3.44,0.82,2.52,2.69,0.87,2.61,0.81,1.61,1.64,0.81,1.66,0.86,2.48,0.83,0.84,1.62,0.83,0.86,1.65,3.36,0.83,3.31,0.84,0.79,0.86,1.67,4.35,2.51,1.75,3.32,0.86,2.48,0.86,1.65,2.47,0.85,0.82,1.68,0.86,2.51,0.87,4.23,0.84,1.69,0.82,1.65,3.88,1.66,1.69,0.85,1.67,0.81,1.70,0.83,2.54
6	20756418	20757610	AAGG	1.14	HG02852:2.61	0.81,0.83,3.34,0.84,3.35,0.83,0.80,0.83,0.84,0.85,0.86,2.48,0.81,0.84,0.82,1.67,0.86,0.82,0.81,0.82,0.84,0.84,3.93,2.61,0.83,0.86,0.86,0.86,1.74,0.85,0.86,0.84,0.82,0.78,0.84,0.85,0.84,1.65,1.66,0.85,0.85
10	22005951	22007091	AGG	1.13	HG02852:4.35	0.83,0.83,2.50,2.50,0.84,0.80,2.51,2.50,2.55,0.82,1.64,1.63,1.61,1.71,0.82,1.60,1.67,0.81,0.81,1.68,1.94,1.63,3.26,0.85,0.86,0.84,1.68,0.85,0.87,0.86,0.80,2.48,0.81,1.71,0.84,2.47,0.86,0.84,3.35,2.55,0.82,0.84,1.72,4.09,0.83,0.86,1.63,2.42,0.87,2.61,2.43,3.22,1.64,0.81,1.71,1.72,0.82,3.42,0.83,1.67,0.82,4.86,0.85,0.86,0.82,1.68,3.35,2.56,1.57,0.86,4.35,1.67,0.83,0.86,0.83,0.86,3.31,1.64,1.71,0.82,4.20,0.86,0.84,0.84,1.70,0.87,0.85,0.85,0.86,1.68,0.85,2.45,0.82,2.33,3.35,0.83,1.71,0.79,0.81,1.65,2.49,1.70,0.85
X	6252295	6252780	AG	1.13	HG02852:2.61	1.63,1.67,0.83,0.81,0.85,0.82,0.81,0.97,2.53,0.86,0.83,0.83,0.83,0.86,0.87,1.64,0.85,1.68,0.83,2.61,0.84,1.75,0.82,0.84,0.86,5.08,1.71,0.84,0.85,1.67,0.85
19	16044656	16045114	ACTCACTCCTCTCCCCGCTC	1.11	HG02852:3.48	2.50,2.39,0.84,0.82,2.44,0.80,1.62,1.61,1.68,0.85,1.73,0.84,1.58,1.66,2.54,2.43,3.41,1.64,1.67,0.83,0.82,1.61,1.61,1.63,1.71,0.86,1.64,0.83,0.85,5.85,3.48,1.71,8.46,4.20,0.83,0.85
5	79834007	79834649	AAAG	1.10	HG02852:1.74	0.86,0.84,0.83,1.74,0.86,0.85,0.86,0.84,1.63,0.83
4	108476898	108477306	AAATATATATAT	1.08	HG02852:2.61	0.83,0.82,0.81,1.71,0.83,0.86,3.31,1.70,2.51,2.61,1.64,0.86,3.38,1.69,0.86,4.95,0.85,0.79,1.63
11	71114065	71115584	AAGGAGATGGAGGCTCAGAG	1.07	HG02852:10.45	6.53,4.08,6.51,6.65,4.16,3.32,3.33,6.68,9.19,3.99,4.18,5.86,0.83,6.81,1.68,7.40,6.58,8.15,3.22,6.57,4.27,6.83,6.92,4.93,3.20,7.51,8.12,4.84,7.57,5.81,5.90,6.80,6.05,8.17,7.55,4.13,4.89,6.31,3.39,0.86,9.24,8.41,7.57,7.65,5.20,2.57,9.11,4.96,7.23,1.65,3.39,4.96,4.69,6.49,2.56,3.36,4.19,5.77,1.89,3.45,3.36,2.50,10.88,3.35,5.11,4.11,3.35,3.37,3.44,8.32,3.27,2.50,5.18,9.24,2.45,2.53,8.88,8.07,9.56,4.35,6.47,4.83,7.39,3.26,6.51,5.13,9.86,1.66,4.29,4.10,2.56,4.96,5.83,7.78,7.54,4.93,8.11,4.25,4.17,4.28,4.12,5.03,2.48,4.97,4.19,3.41,12.57,6.00,4.18,10.45,5.02,7.86,4.15,3.42,7.45,7.71,4.96,5.75,5.97,3.28,7.55,2.57,6.00,2.51,2.53,4.24,6.98,5.92,3.38,7.70,4.20,5.08,11.45,4.95,5.88,4.66,7.54,4.99,8.43,9.40,4.18,9.46,6.51,5.94,2.48,3.33,9.34,3.39
13	49891945	49893321	AAAG	1.07	HG02852:5.22	6.53,0.81,0.83,0.83,3.34,4.18,2.39,2.51,2.50,1.65,0.82,0.81,0.85,0.85,0.87,2.47,3.34,0.84,0.97,1.69,1.70,0.86,2.52,2.48,0.85,0.81,1.70,1.71,2.49,6.60,0.85,0.83,3.13,2.43,5.03,0.82,0.86,1.66,3.35,2.52,2.55,0.82,2.53,1.72,0.82,4.31,0.81,0.87,1.74,2.43,0.85,1.64,3.43,0.86,4.19,1.62,0.83,0.82,5.03,2.56,5.22,1.71,0.83,0.84,5.23,1.69,2.54,0.86,1.69,0.84,3.33,0.84,1.67,1.63,0.85,0.83,2.49,0.85
8	76016840	76017204	AAGGG	1.06	HG02852:1.74	1.74,2.57,1.71,4.93,0.85,4.66,0.84,1.71
2	52031865	52033068	ACC	1.03	HG02852:20.89	8.98,1.63,6.51,0.83,1.67,8.32,6.65,9.18,5.85,3.19,4.18,8.38,0.84,2.47,3.29,3.26,3.22,0.85,4.33,3.20,0.81,0.81,1.68,3.87,0.86,0.82,2.48,0.81,1.63,5.15,2.41,0.83,10.05,8.24,5.04,11.74,0.85,2.46,2.51,0.86,5.82,5.72,1.67,0.84,0.81,0.81,1.61,0.82,0.81,3.42,6.64,4.29,0.86,0.84,1.62,1.66,24.85,25.15,7.71,20.89,0.87,21.58,1.71,5.04,10.29,11.99,10.02,2.53,16.13,5.92,6.77,4.24,5.72,33.38,1.67,8.32,11.96,32.54,23.78,13.24,8.47
15	78177220	78178815	AC	1.03	HG02852:6.09	2.45,1.63,2.44,2.49,0.83,2.50,0.83,4.16,3.34,3.34,2.39,4.19,1.66,2.55,5.05,1.65,2.47,0.81,1.61,4.27,0.85,1.73,2.47,3.20,0.83,0.81,4.03,0.84,2.90,5.06,4.25,1.73,1.68,1.65,2.44,2.37,0.85,4.07,1.68,3.36,4.20,3.40,1.73,2.57,7.46,4.14,1.61,5.78,1.69,0.83,1.56,2.43,2.56,0.84,1.68,0.82,2.83,5.18,3.36,1.66,1.67,1.68,0.85,3.29,2.51,2.53,0.83,0.82,9.99,1.73,2.52,1.63,4.21,0.81,0.90,0.87,2.43,1.61,1.64,0.83,1.72,2.46,2.56,0.83,1.67,0.86,4.19,4.11,1.62,3.40,1.67,3.43,1.68,1.66,1.67,2.56,0.79,1.71,0.84,6.09,1.67,5.24,5.81,2.57,2.48,0.86,0.83,2.47,1.71,4.93,2.52,2.57,0.86,1.67,3.38,1.70,1.74,4.23,3.42,2.52,1.69,2.45,0.82,2.33,4.19,1.66,0.84,5.98,0.84,3.94,0.85,4.14,4.16,0.85,0.85
