#contig	start	end	unit	top_case_zscore	high_case_counts	all_counts
11	125934224	125935503	AAGAGGTGGTAGTATT	11.69	HG02016:38.27	16.33,9.79,4.07,3.33,36.72,3.33,19.20,10.03,25.53,5.05,7.24,8.21,12.80,5.13,18.17,6.58,10.42,12.09,12.76,9.50,20.43,1.63,7.10,7.62,14.67,20.61,14.28,13.45,4.20,9.35,1.73,10.29,14.91,6.62,14.46,11.56,1.69,7.03,5.67,6.83,12.57,3.30,1.89,7.77,7.49,1.67,7.39,8.37,17.68,4.30,38.27,30.24,7.49,12.08,17.64,10.62,21.06,4.03,2.69,2.61,9.70,16.11,11.50,16.30,21.17,5.13,16.43,8.30,9.03,4.27,14.06,21.65,21.61,5.86,18.89,16.22,4.25,7.45,1.75,8.49,14.41,3.30,0.85
6	131802734	131803975	AAAG	8.56	HG02016:19.13	4.90,10.61,4.16,5.84,3.33,6.69,10.69,4.83,8.06,4.84,23.82,2.59,7.43,3.39,7.33,4.20,5.95,3.47,0.83,0.78,9.23,1.65,0.84,0.85,19.13,9.49,7.58,8.96,0.81,10.59,5.75,7.47,2.57,9.85,4.27,16.65,8.64,9.21
16	61459053	61460446	AAAG	7.49	HG02016:52.41	18.77,0.81,28.27,15.86,15.82,5.85,31.11,35.91,10.21,37.87,14.80,7.24,0.85,0.87,7.40,12.02,8.35,12.99,17.66,10.96,20.41,28.51,56.10,29.97,9.32,13.04,42.93,20.18,18.21,29.15,1.66,9.93,11.25,1.65,10.94,7.69,15.94,0.94,38.00,15.97,34.93,5.96,13.96,33.56,52.41,12.26,8.33,25.28,0.81,26.94,33.94,38.01,16.42,16.30,19.65,13.29,22.98,23.91,32.47,16.75,35.32,29.19,21.27,5.83,7.71,22.25,10.28,9.20,11.62,13.69,15.42,5.04,30.45,17.76,13.69,16.81,0.82,13.44,17.47,19.71,15.29
8	119378526	119379574	AAAAT	7.05	HG02016:19.13	3.40,15.45,24.81,0.83,0.84,19.13,0.87,20.53
5	132961745	132962408	AATATATACATATGG	6.88	HG02016:15.81	4.16,15.62,4.27,4.33,6.88,15.81,11.43
2	97324415	97325753	AAAG	6.80	HG02016:35.77	0.82,6.53,1.63,14.97,4.99,1.67,8.36,12.56,1.66,0.85,0.84,0.82,2.44,19.32,0.82,3.41,3.42,3.29,19.48,4.21,13.55,15.18,16.16,13.82,8.99,9.22,2.48,9.77,27.61,11.01,13.85,15.45,10.92,9.25,19.33,24.66,18.21,6.86,4.97,9.93,19.29,16.51,0.85,3.91,0.81,3.42,9.23,2.51,9.44,0.86,13.45,0.83,0.84,9.23,11.07,3.29,0.84,2.53,35.77,22.07,5.83,16.39,20.17,11.43,11.80,9.68,8.07,0.87,5.22,12.89,23.81,9.78,12.21,6.84,7.47,17.16,4.92,5.12,25.64,7.49,5.19,5.86,30.81,8.51,10.07,0.83,15.74,3.41,3.14,1.71,6.09,7.86,1.66,6.00,1.64,9.39,3.28,0.86,2.51,0.84,0.85,1.64,6.72,0.78,17.70,2.56,3.15,2.55,0.85
14	99809937	99810463	ACC	6.62	HG02016:6.66	6.86,6.66,3.46,0.83
6	169465256	169466215	AAAG	6.60	HG02016:9.15	0.84,0.83,2.90,2.44,5.04,1.73,2.49,1.65,1.73,5.04,6.02,9.15,1.69,1.74,0.82,3.31,5.02,1.70,0.83,0.86,0.86,1.70,0.85
3	165216008	165217299	AAAGG	6.33	HG02016:14.97	4.08,2.45,2.44,1.66,7.52,0.84,4.19,5.05,2.47,3.26,0.80,4.17,10.09,5.95,0.84,0.81,0.85,1.72,5.89,3.40,1.66,4.14,5.79,6.25,10.07,1.68,10.71,7.55,2.59,2.52,7.53,6.71,0.85,10.68,13.40,2.58,14.97,0.83,2.59,3.23,0.81,2.46,0.81,0.81,5.98,3.43,3.28,0.83,2.50,2.59,0.81,5.96,1.67,2.47,7.55,5.80,3.31,0.85,6.00,3.34,9.58,0.87,4.15,5.14,0.86,4.14,8.22,7.68,2.46,0.86,1.69,2.55,8.72,5.92,1.71,0.84,5.77,2.52,4.66,5.02,1.66,3.37,5.13,0.84,0.79,3.25,5.10,3.31,2.49,5.09,3.39
X	100748557	100749704	AGCCCC	6.21	HG02016:20.80	4.90,8.98,5.70,10.81,5.01,4.99,4.16,5.00,7.51,6.69,4.79,3.34,8.38,9.15,6.81,7.57,4.94,4.93,1.63,4.02,8.21,5.97,3.42,2.60,2.47,3.20,5.84,8.93,4.84,5.05,7.74,13.49,10.21,5.18,3.27,14.26,3.30,14.66,8.68,11.01,7.33,17.17,7.56,10.93,6.73,9.35,3.47,10.29,7.46,5.79,8.04,2.48,8.47,6.61,10.94,4.86,12.81,11.75,4.19,8.24,15.10,11.23,0.84,20.79,12.55,4.19,11.07,5.75,10.05,8.42,6.02,20.80,2.45,14.16,4.31,7.56,4.90,6.74,6.45,16.13,3.48,7.83,12.13,2.42,6.57,8.15,4.89,10.25,7.39,4.15,5.15,8.21,6.83,6.62,5.00,12.10,7.54,9.86,4.86,9.36,7.50,7.71,7.42,17.62,0.83,19.05,5.02,6.82,7.07,12.00,9.20,6.96,2.51,4.36,8.30,7.70,7.45,11.14,7.45,13.98,2.56,7.39,9.23,12.01,1.71,7.52,13.50,10.19,13.09,6.77,9.30,5.13,7.56,9.32,4.91,9.07,3.36,7.76,8.37,7.49,7.58,11.96,13.37,6.31,12.20,11.04,6.62,13.30,6.79,11.85
6	155948135	155949825	AAGG	6.01	HG02016:21.63	1.63,7.34,2.44,6.65,2.50,3.33,6.65,11.66,0.83,1.67,3.99,0.84,3.35,1.66,2.55,0.84,4.94,4.11,1.63,4.02,3.28,0.85,6.83,6.92,10.69,5.61,11.68,4.06,3.22,9.25,7.74,7.59,6.80,8.64,13.89,17.61,7.43,11.40,7.89,15.24,13.04,14.60,9.24,1.68,6.73,11.05,7.80,12.00,4.14,14.89,7.23,5.78,5.93,4.13,1.56,5.67,0.85,2.52,9.06,0.94,2.59,3.36,5.82,9.20,0.84,5.11,1.64,4.19,3.37,4.30,21.63,6.54,14.99,17.25,12.60,13.88,5.06,3.23,7.17,6.95,9.57,5.66,4.03,3.28,16.30,2.44,2.56,9.86,2.49,10.30,6.56,5.98,16.54,6.66,6.92,15.07,6.57,24.32,4.25,3.33,6.00,9.89,12.59,1.66,4.14,2.51,2.56,2.36,5.14,4.18,5.22,5.86,3.49,10.79,3.42,4.14,7.71,2.48,1.64,5.12,7.39,4.20,6.85,1.67,7.59,2.55,3.49,3.38,16.07,16.26,4.20,13.56,4.91,4.95,2.52,10.09,2.51,4.16,0.84,14.53,1.67,3.94,5.69,0.85,13.24,9.98,6.79,1.69
18	77832512	77834485	ACAGGGTCCCAGAGC	5.93	HG02016:24.96	12.25,17.14,18.73,17.46,8.35,17.47,13.30,9.16,13.36,19.22,11.17,15.03,10.89,13.31,17.02,11.78,14.81,10.69,3.26,10.46,18.88,13.65,17.94,13.84,14.80,16.02,17.53,4.06,12.09,10.93,7.74,16.86,11.91,8.64,17.98,15.93,13.20,11.40,14.20,9.32,8.96,14.60,13.44,15.13,15.97,5.95,20.81,12.00,6.63,19.02,17.68,14.86,5.93,16.53,10.94,14.59,7.69,16.78,14.24,15.66,15.10,16.41,9.25,16.64,11.71,13.42,16.18,4.93,12.56,5.05,8.61,24.96,21.25,13.32,12.94,10.92,19.60,18.54,18.56,15.23,10.43,14.79,15.36,15.30,13.96,17.11,16.28,17.09,6.57,9.97,19.73,19.69,8.54,15.72,8.33,7.78,15.91,8.21,14.59,12.76,12.50,8.57,15.66,15.10,14.91,13.25,8.37,6.82,14.93,13.71,6.69,18.28,5.86,9.60,12.45,8.56,12.41,6.85,11.58,18.09,13.66,12.31,9.23,12.01,6.85,6.68,13.50,15.28,8.72,15.23,12.69,10.27,10.08,12.71,14.72,18.97,13.44,16.30,12.56,8.32,12.64,15.38,5.85,14.19,9.76,7.64,13.24,12.47,12.73,12.70
14	23749192	23750436	AAAAT	5.86	HG02016:52.41	17.46,24.96,1.67,16.75,21.88,13.97,3.22,22.21,16.44,17.63,12.62,49.75,13.42,8.14,16.09,11.41,17.17,15.12,14.05,39.85,6.83,32.72,16.05,19.34,1.70,12.56,52.41,10.62,13.07,18.54,6.45,4.85,25.74,18.79,17.37,7.49,0.81,14.99,26.56,10.77,34.79,19.26,16.50,12.45,21.40,14.07,14.75,11.04,22.07
7	73857443	73858332	AAAG	5.85	HG02016:9.15	16.57,9.15,10.22,1.64,8.95
9	123510001	123510152	ACGGGAGAGGGAGAGGGAG	5.82	HG02016:5.82	5.82
5	140027162	140027865	AC	5.82	HG02016:5.82	5.13,5.82
19	15784071	15785761	AATGAGTGAGTGAGGAGAGG	5.74	HG02016:16.64	8.16,1.63,1.63,9.15,6.68,4.16,9.14,1.67,0.83,4.18,11.17,9.19,0.84,3.33,3.40,5.89,1.65,3.29,10.59,8.05,0.82,5.97,3.42,5.19,4.93,0.80,5.84,4.87,4.84,1.68,6.78,7.59,5.95,2.59,1.63,2.52,3.30,2.44,0.79,1.69,10.59,1.72,1.68,4.20,9.54,4.29,9.11,4.96,6.43,9.91,5.93,2.48,6.25,11.35,9.40,4.19,3.30,5.66,5.18,3.36,2.50,5.86,4.19,9.37,7.39,1.67,1.68,12.05,16.64,1.63,1.67,1.73,4.20,3.27,11.80,2.42,3.58,2.61,3.48,4.04,3.22,7.39,7.33,6.51,5.98,13.14,4.15,5.15,6.56,8.54,4.14,3.33,3.46,1.67,1.64,11.35,3.40,0.83,1.71,4.20,4.14,2.48,3.35,6.82,1.57,2.51,3.35,2.62,6.64,3.42,12.41,0.86,3.31,5.75,3.41,6.57,0.84,4.29,2.57,0.84,4.22,3.40,1.74,3.38,1.69,2.57,0.85,1.64,14.84,9.24,1.55,5.02,4.16,0.84,3.42,0.84,1.58,1.63,5.10,4.14,4.99,0.85,2.54
19	31100120	31101133	ATCC	5.61	HG02016:8.32	1.66,0.83,2.49,1.67,0.83,1.67,1.60,0.84,0.83,2.55,0.84,0.82,2.47,1.61,0.82,1.71,2.56,1.73,0.80,0.81,1.61,2.52,2.90,0.84,0.85,0.82,0.84,0.83,1.63,1.58,2.54,1.72,0.84,1.68,0.85,1.73,2.57,0.83,1.65,0.80,0.83,3.39,1.56,1.62,1.71,1.68,0.84,0.94,0.86,0.84,2.50,3.35,0.84,1.70,1.67,1.68,3.44,8.32,0.82,2.50,1.73,1.68,1.63,1.74,3.48,0.82,0.85,1.66,0.85,2.48,2.51,1.64,2.43,0.85,1.67,1.65,0.84,1.66,1.57,1.74,1.67,2.49,0.86,1.65,1.71,1.64,1.71,2.46,0.86,2.57,2.51,2.53,1.70,1.74,0.85,0.84,0.82,2.52,0.84,1.66,3.42,1.58,0.81,0.83,0.83,1.70,1.69
10	115406635	115407680	ACCACCGGGGGAGGCAGT	5.30	HG02016:9.15	2.45,0.81,0.83,2.50,2.50,1.67,2.51,5.01,1.66,5.96,0.82,1.64,0.82,3.41,1.73,1.60,0.81,3.36,0.97,0.84,0.85,3.46,3.15,2.54,0.81,0.86,1.68,1.68,0.84,4.25,4.34,1.71,1.66,2.48,2.41,1.65,0.85,0.83,0.78,0.81,1.71,0.84,0.84,2.47,1.73,0.84,4.99,0.84,1.68,1.70,3.35,0.86,9.15,2.45,1.67,0.86,2.52,1.63,1.69,1.79,1.74,0.81,1.64,2.44,2.44,5.13,2.46,1.72,4.10,2.48,2.50,0.82,2.43,1.67,0.82,0.85,1.65,0.86,2.47,0.85,1.68,2.51,0.87,2.57,0.84,0.82,1.55,0.84,3.33,3.42,1.65,1.66
2	1192495	1193818	ACACATATATATAT	4.99	HG02016:7.49	0.82,1.66,0.83,0.80,2.51,0.83,1.70,0.80,1.71,1.73,0.84,1.63,2.37,6.52,0.86,1.68,1.70,1.73,1.71,0.83,0.85,0.84,7.49,1.63,0.81,0.87,0.81,0.81,0.82,0.83,1.64,0.83,0.84,0.82,0.81,0.85,4.35,0.83,5.75,7.55,1.71
13	35459447	35460594	AAAG	4.98	HG02016:8.32	0.82,0.83,0.84,4.18,0.83,0.82,1.63,0.80,0.85,0.85,2.52,0.85,3.35,1.65,0.81,2.37,3.39,1.68,1.68,3.40,0.87,2.49,3.31,1.65,2.54,0.78,2.52,0.84,0.82,3.45,0.84,0.85,0.84,0.86,8.32,0.82,2.53,1.79,1.74,2.43,0.81,1.64,2.44,0.85,0.83,0.86,0.82,2.56,1.65,1.73,3.29,4.05,0.85,0.86,4.14,0.84,0.83,1.65,0.83,4.12,0.84,0.85,0.84,3.15,0.83
15	81857168	81857504	AG	4.80	HG02016:4.99	0.84,0.81,1.68,4.99,1.63,1.70
2	114578503	114579749	AAAG	4.76	HG02016:16.64	0.87,3.20,3.36,0.97,15.55,0.82,0.84,10.59,5.15,15.31,10.29,16.64,4.09,2.45,2.42,3.26,3.46,6.57,4.14,1.71,0.84,5.79,8.39,6.00,4.18,2.55,0.85,0.86,3.39,0.82,6.60,4.66,10.11,4.27,0.84,0.85,6.65,1.70,2.54
18	74686439	74687498	AAAAG	4.73	HG02016:4.99	5.70,7.65,4.99,0.83,0.86,0.84
19	34535022	34536276	AAG	4.40	HG02016:12.48	4.89,0.83,10.81,0.83,9.18,5.01,3.34,4.99,10.94,5.76,6.52,6.83,5.13,1.73,4.01,1.68,1.94,5.90,5.10,2.59,2.45,0.84,0.83,0.81,3.94,1.69,6.52,0.86,2.52,0.84,2.52,2.55,4.34,0.86,4.14,4.96,1.61,4.13,0.81,1.68,3.35,3.30,3.45,4.18,2.55,0.84,12.48,4.09,0.83,3.45,3.36,4.08,5.90,14.52,3.58,3.48,0.87,9.70,2.46,4.89,1.71,4.93,0.83,0.82,0.83,6.66,6.92,6.70,0.82,1.62,1.70,0.83,0.86,0.82,2.52,0.83,5.11,2.36,3.49,0.83,0.85,5.75,0.84,1.72,3.38,1.69,4.12,1.66,0.79,2.44,0.85
X	107153217	107154649	AAAGG	4.38	HG02016:52.41	17.96,15.50,16.28,12.47,11.68,14.98,16.62,24.15,7.51,14.21,15.16,15.87,13.40,13.31,20.42,12.62,16.45,16.44,17.93,11.27,18.06,11.95,20.50,15.57,23.02,12.82,11.68,14.61,13.70,23.55,2.90,39.63,18.71,31.10,26.15,46.96,20.63,26.06,29.97,38.95,25.26,47.22,11.76,39.51,19.33,31.46,20.81,27.43,19.88,20.68,29.73,18.99,29.64,43.80,16.41,17.02,17.94,33.56,10.89,26.37,17.93,27.64,17.65,43.25,16.74,16.77,33.21,15.60,41.87,18.53,13.77,52.41,17.16,22.48,2.59,38.65,19.60,33.70,4.03,49.29,25.20,13.05,50.94,16.11,4.93,13.85,25.24,15.38,14.79,19.93,19.73,24.62,6.83,12.41,26.65,31.98,23.45,25.46,25.13,25.53,9.16,26.56,14.01,24.34,13.25,39.76,13.40,19.61,23.14,10.03,21.76,7.53,32.30,4.98,15.41,14.07,23.13,10.76,26.31,12.80,13.13,31.90,28.30,12.85,17.54,16.03,35.65,10.47,23.69,9.30,13.69,26.89,24.58,11.45,23.09,15.96,23.29,14.23,14.14,13.48,35.89,33.43,15.77,7.32,38.22,14.06,34.09,15.28,22.86
X	138065948	138066464	AAG	4.28	HG02016:5.82	1.67,1.61,0.85,0.80,0.81,0.97,0.85,0.82,0.83,0.81,1.68,0.84,0.86,0.83,0.85,0.83,0.81,1.68,0.94,0.86,2.50,0.84,5.82,1.67,0.84,0.82,0.84,3.23,0.87,1.61,0.81,0.85,0.83,0.86,0.84,0.82,1.62,0.85,0.83,0.83,0.84,0.83,0.86,0.84,0.87,0.84,0.85,0.82,0.82,0.83,0.84,0.85,0.79,1.66
10	7608013	7609268	AAGGAG	4.26	HG02016:15.81	2.51,3.99,4.33,12.02,0.83,7.25,1.94,9.28,3.46,3.27,4.19,7.43,4.73,5.08,4.07,1.72,4.20,10.93,6.73,6.00,3.31,4.14,7.53,5.96,15.81,6.54,3.33,4.08,3.37,4.84,5.38,5.21,11.31,14.56,3.22,9.77,3.32,0.85,8.27,6.66,6.05,10.89,7.39,5.68,21.42,3.43,1.74,5.06
10	8722831	8724251	AAG	3.99	HG02016:15.81	8.98,12.24,8.14,5.82,0.83,5.00,1.67,1.67,2.39,4.18,11.65,0.85,6.73,9.87,0.81,3.22,8.21,5.12,0.85,5.19,9.04,9.61,2.50,8.12,1.61,1.68,10.65,8.43,11.06,8.64,6.54,11.74,9.08,2.44,8.68,11.86,4.89,2.58,9.24,7.57,11.77,11.05,2.60,12.86,5.80,8.27,5.63,0.83,0.85,5.79,3.91,4.86,0.85,3.36,5.03,5.77,6.61,1.73,5.88,4.16,1.67,6.71,5.96,3.29,5.86,8.42,8.61,15.81,7.36,3.33,1.73,13.44,2.45,14.32,1.61,9.86,13.90,5.22,1.62,11.28,4.11,3.26,7.33,5.98,3.29,5.81,3.43,12.31,3.42,5.79,1.67,6.92,8.37,5.75,4.05,4.25,3.33,5.77,8.28,1.66,5.02,4.26,2.36,5.14,3.34,2.61,3.35,6.11,0.86,4.96,5.14,9.10,4.93,0.85,2.46,2.52,0.86,4.28,8.35,0.84,1.70,3.49,9.30,0.86,0.85,1.64,3.30,3.36,1.55,2.51,1.66,1.69,0.85,2.51,2.37,0.81,3.40,1.65,1.66,9.34,2.54
15	87577527	87577874	ACATACATGTAT	3.99	HG02016:4.16	2.50,0.84,1.68,4.16,5.06,0.84
GL000216.1	27655	83217	AATGG	3.98	HG02016:270.36	145.31,121.58,122.94,163.80,103.49,236.28,157.92,175.71,178.68,208.11,122.04,120.27,109.73,155.58,179.53,143.07,152.99,127.40,114.09,132.82,141.17,174.07,168.30,209.36,148.79,157.84,219.51,150.97,102.34,207.74,102.62,115.53,176.93,75.16,111.94,128.31,121.29,73.28,116.73,126.18,89.64,148.53,138.61,73.98,79.02,123.30,169.10,143.16,74.56,165.43,79.56,177.50,149.05,166.94,100.02,61.61,97.38,255.04,212.79,103.00,113.27,208.99,252.20,128.09,207.52,168.57,200.99,82.95,114.72,114.53,228.03,270.36,147.11,167.36,81.08,142.84,89.01,102.79,147.66,88.72,212.88,171.43,122.11,45.11,81.29,69.27,99.33,91.43,81.33,135.37,119.26,81.24,88.82,79.41,114.08,128.80,201.83,98.56,80.27,91.90,183.27,182.53,196.96,280.28,160.68,154.89,192.56,109.11,131.25,179.12,116.20,198.47,169.83,167.61,122.83,147.22,158.87,318.66,123.28,152.92,174.11,158.43,164.52,162.94,147.36,215.47,167.92,211.37,204.15,131.97,227.49,133.49,150.41,235.60,150.46,83.28,134.42,128.87,99.64,139.74,171.08,227.28,176.35,68.59,162.70,92.57,151.39,170.44,115.42,138.87
2	163369298	163370389	AAGG	3.95	HG02016:8.32	2.45,3.26,2.44,0.83,4.16,1.67,0.83,3.34,2.39,1.67,1.68,1.70,1.68,3.29,4.11,2.44,2.41,1.64,3.41,5.13,2.60,4.93,3.20,0.81,0.84,2.53,4.25,3.46,4.09,2.48,0.81,0.79,0.85,1.63,0.86,1.68,0.84,3.36,0.85,3.47,2.57,2.48,2.41,2.48,0.85,3.91,1.62,2.56,0.84,3.35,0.82,2.59,2.52,1.67,2.55,0.82,4.19,0.84,0.86,8.32,4.09,5.00,0.86,1.68,1.63,1.69,1.61,3.58,3.48,1.74,4.04,1.61,1.64,3.26,5.13,0.82,0.83,3.43,3.28,3.42,4.14,1.73,2.51,1.64,4.05,2.55,0.86,2.47,2.52,2.48,0.83,1.67,1.70,0.79,0.86,0.84,3.48,0.84,4.36,5.81,0.83,0.83,0.82,4.27,1.64,0.84,1.72,3.43,0.84,1.69,2.62,2.54,0.85,2.57,3.36,4.24,1.64,2.47,2.52,3.11,0.84,3.33,1.69,3.42,0.84,1.70,0.83,2.49,2.55,1.69
4	49632912	49660021	AATGG	3.93	HG02016:199.65	135.52,108.53,140.85,98.95,92.64,122.30,90.60,120.75,132.76,139.57,94.92,96.88,143.24,134.78,127.63,97.62,110.22,104.39,79.86,114.30,116.55,96.42,136.69,164.37,129.88,104.16,135.21,145.28,121.68,70.65,107.46,134.08,111.43,69.11,135.64,115.73,91.58,83.87,149.86,112.63,136.91,121.06,110.89,112.66,83.22,154.77,133.54,134.59,115.15,131.52,134.20,137.05,103.32,106.61,109.40,83.50,58.94,110.74,144.10,91.47,100.05,189.99,153.00,94.82,175.72,112.38,116.68,83.77,169.99,101.90,193.61,199.65,110.33,209.00,138.01,79.82,107.79,94.36,139.59,181.92,143.37,142.72,170.62,100.69,106.74,81.50,153.07,151.24,82.97,153.64,145.00,109.14,76.86,120.77,81.60,177.21,128.13,106.77,175.13,159.12,149.95,150.82,123.62,173.70,122.58,115.96,121.40,81.83,66.80,157.70,139.61,156.68,97.88,98.64,141.09,159.20,104.26,144.77,95.15,109.34,139.12,110.00,166.20,79.76,81.39,111.07,59.91,137.52,136.97,64.29,161.53,102.68,79.82,153.40,136.56,39.58,115.94,55.89,85.40,113.12,141.58,117.06,130.38,89.09,120.40,97.67,132.36,99.77,105.24,116.85
17	21833853	21834314	AG	3.87	HG02016:5.82	0.83,1.71,2.40,2.55,0.86,1.67,5.82,0.84,2.61,1.71,3.32,0.85,2.48,2.50,5.02
16	86922163	86923835	ATCC	3.80	HG02016:36.60	15.51,34.27,18.73,22.45,19.20,17.47,17.45,24.15,21.71,24.24,42.28,26.73,21.78,23.30,24.67,15.15,18.10,20.55,26.89,26.56,29.55,19.63,19.65,15.57,27.95,10.42,31.72,19.48,19.34,22.71,20.33,21.92,20.41,16.41,25.33,35.22,24.75,12.21,18.93,22.02,30.15,23.18,19.32,24.38,15.97,22.96,28.62,24.00,23.20,25.64,29.73,16.51,23.71,30.58,32.82,24.32,15.38,26.01,26.81,18.95,27.37,23.32,23.54,26.62,7.53,23.48,27.25,18.07,17.59,18.53,18.07,36.60,22.07,24.98,14.66,21.01,23.68,26.12,23.40,23.30,18.25,14.79,22.64,16.92,22.99,33.41,26.05,17.94,31.22,18.27,16.30,15.59,24.77,17.37,15.82,19.02,22.61,18.89,18.65,22.12,22.49,21.42,28.84,29.37,25.67,27.33,23.44,26.43,18.08,16.28,20.90,18.28,35.97,16.59,26.56,26.53,30.62,18.85,25.65,29.60,29.02,33.66,21.82,21.44,15.42,28.39,27.00,22.92,26.17,30.45,24.52,31.66,27.73,26.27,18.81,20.61,15.96,20.18,27.63,17.47,19.38,19.65,31.76,29.17,30.91,17.83,20.68,24.11,22.07,17.78
10	10307719	10309721	AACACCAGGGACATG	3.80	HG02016:18.30	12.25,11.42,8.96,8.31,7.51,14.98,15.79,9.16,5.01,16.72,9.57,7.52,11.73,6.66,11.91,3.37,9.87,9.04,3.26,12.07,8.21,10.24,8.54,9.52,9.86,4.01,9.18,13.80,14.51,9.25,13.55,12.65,7.66,10.37,6.54,11.74,4.13,8.96,11.83,5.93,12.22,9.44,9.24,10.93,9.25,7.65,10.41,5.14,9.94,14.06,6.43,6.60,15.24,13.22,11.72,8.92,8.54,9.23,11.73,6.59,4.72,9.50,8.41,13.31,10.04,7.55,11.92,6.57,7.54,8.42,14.63,18.30,6.54,10.82,10.35,9.24,12.25,7.58,8.07,9.86,9.56,10.44,10.51,9.67,12.32,11.41,13.03,6.84,6.57,4.98,11.15,11.49,10.25,9.93,8.33,6.05,9.21,9.86,15.40,7.66,7.50,9.43,6.59,9.23,0.83,10.77,6.70,6.82,12.57,4.29,9.20,8.70,10.04,9.60,7.47,9.41,9.10,0.86,3.31,5.75,10.24,11.49,10.91,5.15,6.85,9.19,2.53,11.04,9.60,4.23,9.30,6.85,5.04,15.25,7.36,9.90,4.20,4.66,8.37,14.97,10.11,11.11,9.19,10.25,9.76,4.25,9.10,2.49,5.09,5.08
21	10773645	10829527	AATGG	3.76	HG02016:277.02	166.54,158.30,181.56,252.77,116.01,217.15,158.75,139.07,232.12,274.97,134.81,147.00,198.52,144.77,214.41,162.42,163.68,175.08,160.54,156.16,150.20,202.22,201.62,244.83,138.10,165.05,233.70,191.55,136.19,193.44,164.57,172.87,241.57,87.25,142.18,192.04,125.41,157.97,122.25,146.50,137.73,171.71,232.69,155.53,145.43,237.25,247.14,152.59,139.17,235.74,107.68,192.36,155.82,157.02,152.38,109.44,113.61,253.36,232.90,114.54,164.24,174.45,311.05,162.20,215.05,140.90,191.62,97.73,161.62,128.00,192.75,277.02,174.08,174.86,219.95,136.11,189.44,147.44,169.44,196.26,152.06,120.09,173.05,137.74,135.48,173.59,170.98,176.88,147.87,115.43,132.13,192.01,98.21,143.10,100.75,172.02,192.62,188.90,276.47,178.69,166.61,161.10,190.37,194.68,185.52,168.97,155.73,135.54,129.68,155.12,142.95,167.13,171.50,164.12,170.14,130.95,139.01,239.86,74.46,132.36,168.14,160.89,164.52,156.94,115.66,124.44,165.39,197.79,190.19,119.28,213.96,140.33,149.57,200.01,121.02,75.86,178.94,136.63,133.13,163.86,160.97,195.66,173.85,115.11,147.25,82.38,191.93,186.24,140.04,116.00
4	25452816	25453402	AAGG	3.73	HG02016:4.16	2.45,1.58,1.68,4.16,0.84,0.90,0.84,0.85
7	26994686	26995864	AAAGG	3.63	HG02016:9.15	1.63,1.66,2.50,3.33,2.50,3.35,1.70,0.82,4.89,1.71,0.85,1.64,12.26,4.34,0.86,7.23,3.30,3.39,2.48,3.13,2.56,0.84,1.65,4.72,1.73,0.84,3.35,5.11,0.82,1.68,9.15,1.73,8.98,0.84,8.21,3.42,5.19,6.81
6	160400969	160401689	AAGG	3.48	HG02016:6.66	2.50,1.69,2.59,3.35,4.13,1.63,5.08,0.84,6.66,4.09,2.45,1.61,6.95,2.43,5.02,7.45
11	122859735	122861106	ACC	3.46	HG02016:41.59	34.29,18.77,31.75,29.93,20.03,37.44,34.08,23.32,20.04,32.60,23.13,30.90,30.99,23.30,27.23,21.88,24.68,32.06,22.82,20.12,24.62,24.74,25.63,38.06,27.95,28.84,38.39,24.35,30.62,34.48,27.11,30.36,34.02,27.64,18.79,23.48,24.75,30.94,34.70,27.10,29.34,27.47,28.56,25.22,20.18,30.61,26.02,23.15,25.68,28.95,29.73,27.24,33.87,37.19,31.26,25.94,38.44,31.88,22.62,31.31,23.60,23.32,25.22,33.27,38.49,26.00,27.25,24.64,32.66,23.58,24.09,41.59,37.60,30.81,30.19,35.29,26.13,15.17,29.85,26.88,22.59,21.76,25.07,22.55,26.28,35.04,34.20,29.91,23.82,19.10,30.89,38.57,23.06,32.26,29.98,16.42,31.82,18.07,25.13,24.68,30.82,35.13,27.20,32.73,28.99,43.07,25.12,24.72,30.65,21.43,23.41,33.08,35.97,33.17,23.24,29.96,27.31,38.55,22.34,32.89,31.58,40.22,23.50,24.01,31.70,24.22,29.53,31.41,24.43,24.53,26.22,21.39,42.85,34.75,30.26,30.51,26.04,24.84,27.63,29.94,19.38,21.36,25.91,24.44,28.47,24.63,28.95,32.43,28.01,24.56
1	42009805	42012025	ACC	3.42	HG02016:63.22	35.92,35.90,46.41,50.72,36.72,35.78,46.55,35.81,49.26,42.62,43.87,39.26,45.23,44.93,31.48,44.60,51.82,43.56,43.19,43.47,22.98,44.37,31.61,37.20,32.06,50.48,51.75,33.28,45.93,35.32,39.69,37.95,45.93,39.74,55.56,35.22,38.78,42.34,46.54,44.04,33.41,58.38,39.48,50.44,46.24,30.61,41.62,34.29,46.39,35.57,53.84,23.94,38.96,50.41,50.01,42.97,43.56,41.95,39.37,32.96,45.31,33.68,54.64,49.91,57.74,37.74,36.62,34.49,32.66,32.00,27.54,63.22,46.59,42.47,43.99,38.65,51.44,52.24,54.06,49.29,48.66,34.81,34.77,30.61,50.09,70.90,30.13,29.91,48.47,37.37,37.75,52.52,43.56,50.46,51.63,39.76,46.06,49.28,59.19,57.86,35.82,44.56,50.27,39.44,28.99,35.62,37.68,28.13,49.51,38.57,33.44,51.36,46.85,29.68,59.76,48.79,37.24,42.83,43.85,48.51,57.18,64.85,47.01,32.59,26.56,49.27,44.72,36.50,42.75,31.30,49.05,41.07,32.77,52.54,58.88,42.88,37.81,60.55,60.28,46.58,30.34,45.28,34.27,56.77,61.83,33.12,32.26,58.20,45.83,40.64
2	192116672	192116871	ACGGGAGAGGGAGAGGGAG	3.33	HG02016:3.33	3.33
10	5689608	5691070	AAACACCCACTCAGGC	3.31	HG02016:5.82	2.45,0.82,0.81,0.83,1.66,0.83,0.83,1.70,0.84,1.63,1.61,0.82,0.85,0.85,1.73,0.83,1.62,0.81,0.84,0.86,1.65,1.63,3.15,2.44,0.86,0.84,0.84,0.83,0.83,0.80,0.85,3.13,2.52,3.35,0.82,1.89,0.86,0.84,0.83,0.84,0.85,1.64,1.67,0.84,1.72,5.82,0.83,0.84,3.27,1.61,0.90,2.61,0.87,1.62,1.61,1.63,0.81,0.85,0.82,1.65,3.33,2.59,0.84,0.82,0.85,0.86,0.82,0.83,0.85,0.79,0.84,1.66,0.86,0.83,0.83,0.85,1.68,0.85,0.85,1.65,0.85,0.84,0.79,0.81,0.85,0.83,0.83
8	143302665	143305123	ACTC	3.29	HG02016:12.48	9.80,2.45,5.70,7.48,4.17,4.99,7.48,4.16,8.35,8.36,4.79,10.02,4.19,4.16,7.66,1.68,4.11,4.11,5.70,4.83,3.28,4.27,5.98,0.87,4.93,7.21,5.01,4.87,5.64,5.05,2.90,5.06,9.36,6.05,10.62,5.87,1.65,7.33,3.15,4.23,2.44,9.44,3.36,6.73,3.36,5.95,5.20,5.14,2.49,3.31,2.41,4.23,2.48,6.25,4.05,2.56,6.71,6.70,2.47,7.55,5.18,7.57,7.49,6.69,2.52,7.66,4.93,5.02,4.21,4.30,12.48,7.36,3.33,4.31,5.04,3.27,1.69,0.81,7.17,6.95,4.35,4.04,2.42,6.57,5.70,3.26,4.27,0.82,6.64,3.43,8.21,3.42,9.10,4.16,6.05,8.37,4.93,7.30,5.96,4.17,3.43,8.24,5.87,7.45,9.94,2.51,5.97,5.50,3.43,3.34,7.83,6.69,1.75,6.64,2.57,3.31,4.28,4.96,3.29,5.97,4.10,4.20,4.29,5.14,4.18,9.28,3.40,3.49,6.77,7.61,11.12,2.52,3.39,4.91,4.95,0.78,5.86,5.82,3.37,7.69,4.18,7.10,4.07,3.40,5.79,7.48,4.24,2.54
X	143793454	143794664	ACACATATATATAT	3.20	HG02016:9.98	1.66,0.83,0.84,1.67,0.84,1.68,0.82,0.83,2.42,0.84,3.87,8.43,3.40,4.09,2.52,0.81,3.94,4.23,0.81,5.04,4.20,8.41,1.70,0.86,4.14,1.56,0.84,0.84,0.86,9.98,3.27,0.83,1.73,1.68,1.69,12.10,2.69,1.74,8.09,0.82,5.75,1.66,2.57,4.10,4.14,7.78,5.02,3.40,3.30,1.66,0.85,3.35,0.87,2.56,1.71,1.69,3.40,5.92,5.13
12	101382786	101383999	ATCC	3.16	HG02016:6.66	0.82,1.63,0.83,0.83,1.66,0.83,0.83,3.34,0.84,1.68,1.66,1.61,0.82,2.56,2.56,0.87,2.47,3.34,0.81,1.61,1.68,2.90,1.70,0.86,0.82,0.81,2.37,2.54,0.86,0.84,1.68,1.70,1.73,0.86,1.66,2.54,1.65,2.34,1.68,1.68,1.89,0.86,0.83,3.35,0.85,0.82,6.70,0.84,1.72,6.66,2.45,0.83,2.52,1.63,0.84,0.90,0.87,0.87,1.64,0.81,1.63,4.27,0.82,0.82,2.56,2.48,1.67,0.86,1.67,1.64,3.24,1.70,0.83,0.86,2.47,5.03,0.83,1.67,1.57,0.84,3.35,1.75,4.15,2.57,3.43,0.83,1.71,1.64,2.52,0.86,1.71,0.84,1.70,0.87,4.23,1.71,0.84,1.69,2.52,2.33,1.69,2.56,1.67,0.79,1.63,1.70,0.83,0.85
6	134154073	134155008	AGATATATATAT	3.01	HG02016:3.33	3.40,6.05,1.65,3.33,0.81,1.66
14	71291592	71292736	AAAG	2.90	HG02016:4.16	0.83,0.82,0.85,1.73,1.63,0.81,0.84,4.16,0.83,1.63,0.82,0.85,5.19,1.70,5.99,0.82,18.39
2	30054258	30054513	AAGAAGGAG	2.84	HG02016:3.33	0.82,3.33,1.73,1.74,0.81,0.81,0.83,0.84,0.82
16	3247020	3248650	AGAGGG	2.83	HG02016:25.79	8.98,11.42,15.47,23.28,10.02,7.49,14.96,5.83,14.19,11.70,2.39,13.36,6.70,7.49,11.06,7.57,17.27,3.29,8.96,7.24,13.95,13.65,10.25,12.11,9.86,10.42,12.52,18.67,10.48,13.46,14.52,13.49,12.76,8.64,10.62,16.77,9.90,8.14,24.45,11.86,10.59,13.74,14.28,7.57,15.13,8.50,13.01,13.72,18.23,8.27,21.70,14.86,9.32,15.70,20.32,15.40,14.52,12.58,11.73,17.30,6.61,8.64,13.45,14.97,11.71,9.23,12.77,8.21,10.89,6.74,11.19,25.79,9.81,12.49,9.49,10.08,10.62,14.32,31.47,13.44,10.43,8.70,15.36,18.53,8.21,20.37,24.43,11.96,9.04,5.81,11.15,16.41,4.27,9.10,9.99,7.78,7.54,6.57,19.46,8.51,11.66,11.14,10.71,10.07,11.60,22.36,3.35,5.97,7.07,12.00,7.52,6.09,13.39,13.97,7.47,3.42,9.10,13.71,14.07,11.51,5.97,13.96,3.36,10.29,11.14,7.52,6.75,3.40,8.72,12.69,16.07,9.41,7.56,11.86,25.35,5.77,5.04,17.86,20.09,7.49,10.96,7.69,5.01,21.29,18.71,5.94,9.10,9.15,11.88,10.16
7	80022505	80023425	ACACATATATATAT	2.82	HG02016:3.33	0.81,0.87,3.33,0.83,1.73,0.84,0.87,0.82,2.59
3	187859542	187861099	AAAG	2.75	HG02016:5.82	0.82,0.83,0.80,0.82,1.64,0.80,1.70,1.63,0.84,1.63,2.37,2.54,3.43,0.84,5.95,1.73,1.71,1.66,1.61,0.83,0.84,0.84,0.84,5.82,1.63,3.33,1.79,1.74,4.35,8.06,1.63,1.66,0.86,1.67,2.46,0.84,0.84,3.35,0.87,0.86,1.64,2.52,2.51,0.83,6.69
20	31200665	31201782	ATCC	2.72	HG02016:5.82	1.63,0.83,2.49,0.83,2.50,0.84,1.67,0.84,5.11,1.68,0.81,0.80,3.28,2.56,0.85,1.73,1.60,0.83,0.81,0.84,0.84,0.85,0.84,1.65,0.81,0.79,1.63,3.43,0.84,0.84,0.85,1.71,0.83,0.83,4.23,1.65,1.56,0.85,0.82,1.68,0.83,3.35,1.64,5.82,4.16,1.73,0.84,1.63,0.84,1.61,0.87,0.81,0.81,1.71,0.82,0.83,0.86,1.64,1.67,2.59,0.84,0.85,0.83,0.86,0.84,0.83,0.83,1.67,0.85,2.57,0.84,1.74,2.51,1.66,3.42,1.65,2.57,0.83,1.64,0.85,0.82,0.84,3.43,0.84,1.70,1.69,2.54,1.71,2.54,0.83,0.84,0.85,0.84,0.81,0.83,1.66,0.85,1.69
8	23603431	23603720	AAAG	2.56	HG02016:3.33	1.64,0.81,0.84,0.86,3.33,0.83,0.90,0.85,0.84,0.86,0.82,0.84
5	174169847	174170246	AAGGGAGGGAGG	2.55	HG02016:6.66	3.26,0.83,0.80,2.50,3.22,1.69,0.86,0.82,0.83,4.73,0.85,0.81,0.84,3.36,2.55,0.87,1.65,5.87,0.82,0.84,6.66,0.86,1.68,0.82,5.65,0.90,2.61,0.87,1.63,5.75,3.33,0.86,0.84,1.66,2.48,7.86,0.87,0.85,0.84,2.53,5.92,2.52,3.27,0.78,1.66,1.69,0.84,0.81,1.65,2.49,0.85
2	151989298	151990426	AAAG	2.53	HG02016:10.81	4.90,5.71,4.99,4.99,3.34,1.67,6.58,4.93,8.15,2.56,7.21,8.17,4.19,10.73,8.47,1.68,2.52,6.80,4.34,6.63,10.75,7.23,0.83,7.62,6.61,2.43,1.71,15.10,4.19,3.30,0.84,2.50,4.18,1.70,3.44,10.81,1.63,5.00,2.59,2.52,4.08,2.53,11.65,3.48,3.22,2.46,4.89,0.81,4.27,5.74,7.69,1.67,5.19,7.54,5.68,3.36,8.28,3.14,0.84,6.09,0.84,3.32,6.85,4.20,0.86,2.53,2.62,4.23,3.39,0.84,1.58,3.33,0.85
2	45190275	45191105	AAAG	2.50	HG02016:2.50	2.50,4.31
19	13012040	13012041	AAAT	2.50	HG02016:2.50	2.50
4	79625800	79625801	AAAT	2.50	HG02016:2.50	2.50
X	47239837	47240935	AGG	2.49	HG02016:5.82	1.63,0.82,2.44,1.66,0.83,0.83,0.83,1.67,0.84,0.84,3.35,3.33,2.55,0.84,3.29,0.82,1.63,0.80,1.64,0.87,2.50,0.81,2.90,2.53,2.55,2.45,1.68,0.83,0.81,0.86,2.52,4.20,0.85,0.86,0.83,0.83,0.83,1.69,1.65,0.81,1.68,0.84,0.82,4.72,2.59,0.84,2.50,2.51,1.68,0.85,0.82,0.84,0.84,0.86,5.82,1.67,2.52,1.63,3.37,0.90,1.74,4.04,0.81,3.28,1.63,1.71,0.83,0.86,0.82,1.71,0.83,1.73,0.84,0.85,1.67,2.57,1.65,1.68,1.66,1.70,1.71,1.67,1.74,0.84,2.49,3.42,0.83,1.71,1.65,0.82,0.85,1.64,0.84,1.72,1.71,1.67,1.69,2.55,0.87,2.54,0.85,0.86,1.68,2.54,1.64,3.30,0.84,1.55,1.66,2.53,2.56,0.84,0.79,0.81,0.85,0.83,4.23
14	73488068	73488092	AAAT	2.48	HG02016:2.50	2.50,0.86,0.82
7	157564092	157565147	AC	2.46	HG02016:4.16	1.66,0.83,0.83,0.83,0.80,0.83,0.85,0.82,0.81,0.85,1.67,1.61,1.68,1.70,0.85,0.86,0.83,0.80,0.85,0.81,0.84,0.84,1.70,0.84,1.72,4.16,2.45,2.42,2.69,0.87,0.82,0.82,0.83,0.84,1.64,0.81,0.85,0.83,0.79,0.87,0.86,0.83,0.85,0.84,1.69,0.85,0.86,0.84,0.85,0.82,0.84,0.78,1.67,0.84,1.71,0.85
7	154949557	154950434	AAAG	2.46	HG02016:3.33	0.83,0.84,0.83,0.82,0.83,0.84,0.85,3.33,0.84,0.83,1.67,1.64,0.81,0.86,0.84,2.48
2	217247245	217247618	ACACATATATGTATACATAT	2.46	HG02016:2.50	0.85,0.80,0.82,2.50
16	32394846	32395431	AAAG	2.46	HG02016:2.50	0.82,2.50,0.81,0.83
16	1969541	1970748	ACCGTGGGGACGGCTGAG	2.45	HG02016:9.15	4.08,4.89,4.99,1.66,3.32,2.50,3.19,6.73,3.29,3.29,2.44,1.61,0.82,1.71,1.71,1.73,1.64,8.81,5.84,8.93,3.22,4.22,3.40,5.72,3.30,6.31,1.69,3.43,3.36,7.57,1.70,0.87,1.71,6.63,8.27,1.61,0.83,7.03,3.24,2.56,5.87,4.32,0.83,2.46,2.58,9.15,8.17,0.83,4.31,0.84,2.45,1.69,2.69,2.61,1.74,2.43,0.81,1.64,1.63,5.70,4.93,1.66,0.86,4.96,3.33,0.84,2.55,2.50,2.57,0.82,1.68,2.48,1.66,4.19,3.41,2.36,0.84,3.32,2.48,0.86,2.48,0.82,0.85,4.93,3.43,0.84,2.53,1.70,4.36,3.38,2.54,0.86,6.72,0.82,3.30,0.84,4.66,0.84,1.66,2.56,0.84,2.44,3.40,1.65,0.85
5	78476457	78476729	AGAGG	2.45	HG02016:2.50	1.68,1.70,0.81,2.50
5	102597088	102597250	AAAG	2.45	HG02016:2.50	0.83,2.50,0.84,0.81
17	34422423	34422697	AAGG	2.43	HG02016:2.50	2.50,0.84,0.86,0.82,0.83
7	29684209	29685248	ACACATATATATATATAT	2.41	HG02016:7.49	1.63,6.53,0.83,0.83,3.35,3.42,1.68,3.15,0.81,2.52,0.85,2.60,0.83,0.85,0.82,0.86,4.26,7.49,0.84,2.61,2.43,0.81,0.83,0.86,0.84,2.43,0.85,0.84,1.66,8.28,7.54,2.57,0.87,0.86,2.47,6.86,1.69,0.86,4.20,4.12,3.94,12.73
3	85261518	85261801	AG	2.38	HG02016:2.50	2.54,1.71,2.50,0.81,0.81,0.82
5	442744	443915	CCG	2.34	HG02016:2.50	3.40,0.84,2.50,3.45,10.49
13	21839426	21840348	AAAG	2.32	HG02016:15.81	10.37,16.34,15.81,25.81,8.07,1.61,13.03,27.91
19	16041654	16043219	AATGAGTGAGCGAGGAGAGG	2.20	HG02016:19.97	7.35,4.90,4.07,9.98,11.68,13.31,4.99,9.16,8.35,5.01,16.75,10.02,13.40,7.66,15.63,5.75,14.67,9.66,9.85,7.68,3.42,4.33,4.11,4.01,2.50,9.74,0.81,10.93,7.74,0.84,2.55,18.14,0.82,5.03,2.48,4.07,3.15,4.23,13.04,6.01,5.88,0.84,21.02,10.20,13.01,8.57,3.31,3.31,1.61,5.78,1.69,4.13,3.13,0.81,15.38,6.71,19.27,14.83,3.78,3.45,4.20,1.66,23.43,6.71,17.88,3.29,9.21,2.53,8.61,19.97,7.36,11.66,10.35,1.68,1.63,2.53,6.45,8.96,16.51,3.48,16.98,3.22,17.11,10.58,16.24,2.46,2.49,9.44,4.92,14.52,3.31,6.66,2.59,7.54,7.39,3.24,13.61,3.33,9.43,4.94,3.36,1.66,2.48,2.51,4.26,22.79,5.14,1.67,5.22,2.51,5.24,6.64,0.86,4.14,8.27,9.04,0.85,4.10,2.52,3.43,5.85,5.06,2.55,0.87,0.85,0.85,0.86,13.56,6.54,4.95,5.88,4.66,1.67,1.66,11.80,7.69,8.36,1.58,4.88,1.70,5.79,7.48,2.55,5.08
X	8248006	8248732	ACACATCTGTATATATAT	2.15	HG02016:8.32	4.08,4.08,4.07,1.66,2.50,3.33,1.66,2.50,2.50,6.69,3.99,2.51,4.19,0.83,5.96,1.68,4.11,2.47,3.26,4.02,2.46,3.41,2.56,3.29,2.40,2.50,2.43,1.61,1.68,1.69,2.55,1.73,4.19,4.89,2.37,1.69,3.43,1.68,3.36,0.84,2.60,4.23,9.92,4.69,3.24,5.13,5.87,2.51,3.30,14.16,2.59,9.15,1.67,6.81,5.02,2.53,0.86,8.32,0.82,2.50,4.90,6.74,0.90,0.87,4.03,2.44,5.15,3.28,1.71,2.50,3.46,2.51,4.25,2.51,2.57,5.24,6.85,3.29,3.28,2.53,0.87,1.66,0.85
7	4256126	4257646	ACACCACCCGGAGCACC	2.12	HG02016:4.99	0.82,1.63,1.66,1.67,0.83,1.66,0.83,0.83,0.84,0.84,0.84,0.83,0.85,3.37,2.47,2.47,0.80,0.82,0.85,0.87,1.64,0.80,5.01,1.62,1.61,0.84,1.94,1.70,0.86,0.82,2.44,1.72,0.84,0.84,1.70,1.71,1.65,0.83,1.69,0.81,3.42,2.52,0.84,1.89,1.73,2.52,2.52,0.85,0.82,1.67,1.68,2.58,4.99,2.45,2.50,1.73,1.68,1.63,1.61,0.90,0.87,1.74,0.81,1.61,1.64,0.81,1.63,3.42,2.46,0.83,0.82,3.31,1.73,0.84,1.64,2.43,1.67,1.71,1.65,1.68,1.66,3.31,0.84,0.79,0.86,0.84,0.83,0.86,0.83,1.71,0.83,0.82,0.84,0.86,2.51,0.87,3.38,0.86,0.84,0.85,2.45,2.47,0.84,2.33,0.84,0.83,0.85,1.58,2.44,0.85,1.66,2.54
19	9092116	9093319	AAAG	2.10	HG02016:5.82	0.81,4.99,1.66,1.67,2.50,2.39,1.70,1.65,0.81,1.71,0.87,2.50,0.81,0.84,1.69,3.40,2.45,0.81,2.44,5.04,3.43,0.83,0.80,0.78,0.85,0.84,0.94,0.84,0.84,0.86,5.82,1.68,2.53,0.90,7.82,3.22,4.07,4.89,1.64,0.86,3.28,2.59,1.68,1.67,0.79,0.84,0.83,0.86,3.36,0.86,4.24,0.85,0.85,0.86,1.69,0.78,0.84,1.70,1.65,1.66
17	78120373	78121382	ACAGCGAGGTCGGCAGCGGC	2.10	HG02016:4.16	0.83,0.82,0.85,1.60,1.69,1.70,1.63,2.37,1.63,0.86,3.47,0.83,1.65,0.84,0.82,0.94,2.50,1.67,4.16,3.27,0.87,3.42,0.83,0.85,2.48,0.84,4.86,0.86,1.68,0.81,0.83
2	45642921	45643637	AGAGG	2.09	HG02016:3.33	0.85,0.81,0.83,1.63,0.79,0.83,0.86,3.33,0.82,0.90,0.87,0.81,0.85,0.82,0.85,0.86,0.84,1.66,0.85,0.79,2.62,0.86,0.83,0.84,0.85,1.64,0.84,0.78,0.83,0.84,4.07,1.70,0.83,1.69
16	89045811	89047188	ACCC	2.07	HG02016:2.50	0.84,0.85,0.85,2.50,0.84,0.83,0.84,0.79
10	1368286	1370027	ACGGCCCAGCGCCTCCCC	2.02	HG02016:10.81	4.08,0.82,4.89,4.16,2.50,1.67,1.60,0.84,1.66,0.85,0.84,9.05,2.44,0.80,0.82,2.56,6.06,2.47,1.67,1.62,8.06,6.75,5.10,5.18,6.54,6.60,3.26,12.22,0.86,2.52,2.52,6.07,3.43,2.49,0.83,8.84,2.48,1.69,1.65,5.47,2.43,2.52,7.54,5.77,2.52,2.50,1.68,0.85,3.29,1.67,3.37,4.30,10.81,1.67,5.04,3.37,6.45,3.48,1.61,3.28,3.26,6.51,6.57,0.82,1.71,3.31,1.67,0.86,0.84,0.82,5.68,2.50,5.14,4.94,2.48,1.66,5.86,1.70,6.29,1.71,1.67,4.15,7.45,8.57,6.83,8.21,8.58,4.18,9.28,6.98,1.71,4.91,8.25,17.08,5.86,0.83,4.27,4.18,4.25,5.79,14.43,10.16
14	79723500	79724423	ACCACCACCACCACCATC	2.01	HG02016:3.33	0.82,1.63,0.83,0.84,1.66,0.80,0.82,0.83,0.81,0.80,1.56,0.84,1.89,1.68,0.86,3.33,0.84,1.64,0.82,0.84,0.82,1.62,1.55,0.79,0.85
X	19092180	19092821	AAGGAG	1.99	HG02016:4.16	1.66,1.67,0.83,0.85,3.46,1.69,1.72,1.71,0.80,0.94,0.84,4.16,1.67,1.68,5.38,1.64,0.82,1.71,1.73,1.67,5.75,3.24,3.40,2.61,0.87,0.85,0.84,1.66
6	111278217	111278499	AGAGGG	1.99	HG02016:2.50	0.80,1.94,0.85,0.83,2.50,0.82,0.86,0.86,0.86
18	70874764	70875106	AAACATATATATGTG	1.98	HG02016:2.50	5.81,3.39,0.84,0.84,2.50,0.83,1.67,0.83
10	120007124	120008358	AAAG	1.96	HG02016:18.30	18.29,10.87,15.95,13.95,10.25,10.02,8.86,5.95,0.79,0.86,0.84,7.57,0.85,20.09,16.41,8.11,3.42,5.03,10.05,9.15,3.37,10.33,18.30,4.16,15.96,12.64,3.58,9.03,4.07,10.68,0.83,14.59,0.85,12.41,8.33,0.86,13.40,4.11,18.65,8.33,8.57,7.55,12.56,5.02,0.87,26.77,1.71,1.64,2.52,7.52,10.19,1.69,9.30,7.70,11.76,5.02,8.32,13.59,1.69
X	85165690	85166527	AATATATATATG	1.94	HG02016:3.33	4.08,5.70,5.01,0.85,0.86,1.65,0.81,1.58,1.69,0.85,0.86,3.33,0.85,2.46,0.83,0.86,0.84,0.82,0.86,0.85,0.85,0.84
3	152739956	152741328	AAAG	1.92	HG02016:10.81	0.81,1.67,3.34,2.39,11.73,0.85,0.82,0.82,1.63,1.64,2.56,0.85,6.92,4.11,9.61,8.35,2.42,1.68,1.94,0.85,0.82,4.19,0.79,0.85,7.33,1.72,8.41,3.47,2.57,3.31,0.80,8.26,0.85,1.65,0.85,0.84,5.66,1.73,0.83,5.02,2.55,8.21,0.84,10.81,3.27,1.67,0.84,0.82,1.79,2.61,13.92,3.23,3.28,4.89,0.81,2.56,5.75,0.83,6.56,1.71,0.83,0.86,0.84,1.64,2.50,1.71,4.94,0.84,14.08,3.31,0.84,1.70,0.86,0.84,2.61,4.18,0.87,4.98,0.86,1.65,8.27,2.47,6.83,4.10,0.84,9.42,0.84,0.84,0.85,1.74,2.54,2.54,2.57,6.54,6.60,0.84,3.88,8.37,29.11,0.84,2.56,6.69,1.58,2.44,3.40,7.45,9.15,0.85
10	98174704	98176100	AG	1.86	HG02016:60.73	42.45,38.35,50.48,44.07,32.55,49.09,46.55,35.81,42.58,48.47,31.91,50.11,49.42,43.26,51.90,29.45,47.71,42.74,46.45,36.22,41.86,44.37,40.15,35.47,27.13,42.46,52.58,34.09,49.16,38.69,51.31,54.81,36.58,48.38,39.22,51.99,40.43,46.41,45.75,44.88,41.56,43.79,49.56,42.88,39.51,45.07,48.56,41.15,48.88,40.53,50.63,27.24,39.80,50.41,50.79,48.64,36.73,47.82,45.24,45.32,38.70,29.36,57.17,38.26,50.21,33.55,35.77,45.99,29.31,39.58,37.86,60.73,43.32,44.96,30.19,50.41,44.09,33.70,45.18,47.50,46.05,37.42,47.71,38.66,65.69,53.79,56.18,32.47,44.36,40.69,51.48,50.05,38.43,40.53,39.14,31.98,56.95,41.06,55.94,52.76,52.48,33.42,52.74,52.03,31.47,64.61,32.65,30.69,44.80,36.85,35.95,36.56,53.54,43.65,39.01,34.24,48.82,47.97,49.64,46.04,54.62,68.13,36.93,35.16,21.42,46.77,51.47,26.32,40.13,43.99,37.21,37.65,49.58,47.46,56.42,43.70,54.61,40.37,55.26,39.93,53.09,47.85,46.80,49.67,45.56,45.01,47.98,66.51,35.65,37.26
10	13791397	13792488	AAAG	1.86	HG02016:3.33	1.63,0.83,0.84,0.80,0.84,0.80,1.64,0.85,0.82,0.80,1.70,0.86,1.68,0.83,0.85,0.86,2.52,0.84,1.68,3.33,0.86,0.84,0.90,0.87,1.63,1.63,0.85,0.83,0.82,0.85,0.83,0.83,0.86,0.84,0.81,0.87,1.67,0.85,0.81
10	38868835	38875362	AATGG	1.85	HG02016:30.78	18.78,22.03,19.54,24.94,11.68,14.98,16.62,12.49,21.71,30.09,15.95,12.53,22.62,16.64,26.38,13.47,15.63,18.08,17.93,16.10,23.80,15.36,29.90,17.30,18.08,12.82,16.69,21.10,13.70,25.23,16.46,28.67,28.07,9.50,19.61,15.09,12.38,17.91,21.30,19.48,17.93,20.61,21.00,18.50,21.02,19.56,22.55,19.72,17.40,20.68,12.86,20.64,24.56,14.88,12.50,18.65,11.10,24.33,16.76,15.66,21.71,19.00,29.42,10.81,28.45,19.29,17.03,14.78,27.63,10.11,17.21,30.78,22.88,29.98,25.01,27.73,11.43,26.96,16.94,24.20,19.12,20.02,17.79,18.53,13.14,15.48,19.54,23.93,10.68,14.12,23.17,27.08,11.10,28.12,7.49,19.88,20.10,23.82,29.19,17.02,13.33,23.14,18.95,31.05,12.42,19.88,18.42,12.79,7.07,13.71,13.38,16.54,18.41,9.60,17.43,15.41,16.55,29.13,8.27,18.09,23.90,23.81,15.95,20.58,16.28,14.20,20.25,22.92,17.45,12.69,21.14,16.26,24.37,29.66,22.08,11.54,9.24,11.64,13.40,16.64,17.70,18.80,15.88,14.19,15.46,12.74,21.51,19.12,16.13,12.70
4	141920364	141921731	AAG	1.84	HG02016:24.12	13.87,26.05,22.00,1.64,1.94,17.71,0.84,0.81,0.84,9.25,5.10,11.58,7.23,9.91,0.84,15.80,28.10,6.57,5.16,24.12,2.52,16.33,0.81,31.75,0.82,2.49,17.93,0.83,10.37,1.70,0.83,1.71,28.30,0.85
7	71673490	71675019	AAGGAAGGAGGGAAGGAGGG	1.84	HG02016:11.65	8.98,6.53,5.70,4.99,4.17,3.33,6.65,3.33,6.68,5.85,3.19,8.35,9.21,9.15,4.25,5.05,11.52,2.47,8.96,4.02,8.21,5.12,5.98,1.73,6.58,2.40,5.84,4.87,6.45,6.73,3.87,0.84,7.66,2.59,4.90,6.71,5.78,4.89,3.94,4.23,3.26,3.36,2.52,2.55,1.73,4.29,4.97,1.65,1.61,4.13,4.23,5.79,7.81,12.16,2.56,1.68,5.86,8.24,8.50,5.04,6.65,1.67,8.39,3.41,4.93,2.51,5.05,3.44,11.65,0.82,1.67,1.73,3.27,4.21,10.49,0.90,1.74,2.61,7.28,0.81,1.64,2.44,7.69,4.11,1.66,1.72,2.46,1.71,3.33,1.73,0.84,1.64,1.62,2.55,1.67,0.86,0.82,3.36,2.48,0.83,6.70,7.67,5.50,2.57,1.67,0.87,5.02,0.87,4.15,5.99,3.31,0.86,5.79,9.87,5.12,7.39,1.68,0.86,8.35,3.38,2.62,2.54,3.38,2.57,3.36,6.78,10.63,4.12,4.20,9.32,12.56,4.16,6.74,3.42,5.01,13.40,5.69,2.55,3.31,4.99,5.94,5.08
13	19265509	19265757	AAAG	1.80	HG02016:2.50	0.82,0.84,0.85,0.83,1.65,0.84,2.50,0.82,0.86,0.82,0.85,0.83
10	3815003	3815237	AAATATATATATACATATAC	1.75	HG02016:2.50	0.80,0.85,0.81,0.85,0.83,0.80,2.50,0.82,2.59,1.64,0.82,0.84
6	23623025	23624238	AAGGAAGGGAGGAAGGGAGG	1.73	HG02016:4.16	1.63,1.66,2.39,0.84,0.84,2.50,1.70,0.82,0.81,0.82,0.82,0.81,1.94,0.84,0.85,1.73,0.82,0.83,0.81,1.58,0.85,1.63,2.58,0.84,0.84,0.85,2.41,0.78,0.86,0.84,1.68,1.72,4.16,0.82,2.52,0.82,3.37,0.81,2.61,2.42,3.28,0.81,0.85,2.46,0.83,0.82,2.56,1.65,1.67,0.84,2.43,0.86,0.83,1.69,0.84,0.83
4	91853346	91854643	AAAG	1.72	HG02016:4.99	0.83,0.82,0.97,2.53,1.63,5.78,0.81,2.52,5.89,3.31,4.99,5.72,3.45,0.84,1.63,0.84,2.69,4.35,2.46,4.07,6.84,0.82,1.72,0.83,1.73,2.51,0.81,0.84,0.85,0.83
19	51182352	51182969	ACCCCTCCCCATCACCCTG	1.72	HG02016:4.16	0.82,0.83,0.83,0.83,0.84,0.84,1.63,0.80,2.56,3.46,0.80,0.81,0.84,0.84,0.86,1.70,0.83,0.80,4.69,3.24,0.85,1.65,0.84,2.51,0.84,4.16,0.82,0.83,4.03,0.81,0.81,0.82,0.84,1.64,0.81,0.84,2.56,0.87,0.83,1.64,4.09,1.68,0.79,0.83,0.85
1	2055211	2056046	AACCACCACCGTGACCCT	1.72	HG02016:2.50	0.83,0.84,0.85,0.85,2.50,1.67,0.86,0.82,0.85,1.67,0.81,1.70,0.83
7	1055253	1056273	ACAGCAGCGCACGCCAGCGC	1.71	HG02016:2.50	0.82,1.70,0.82,0.83,0.87,0.84,2.50,0.84,0.87,1.69,0.84,0.78,0.84,0.84
X	114939534	114940994	AAAG	1.67	HG02016:19.97	12.21,6.65,6.68,4.16,3.32,7.49,16.70,10.03,5.58,7.52,5.11,6.73,7.40,6.58,9.78,8.85,9.39,3.42,12.82,8.35,16.23,4.84,21.92,14.69,8.17,5.87,13.84,5.08,11.41,13.74,6.72,12.61,12.61,13.61,14.91,6.62,1.61,8.26,18.18,4.69,12.97,6.83,9.22,4.94,10.38,9.25,6.65,11.71,10.90,18.74,12.32,19.26,7.58,5.16,19.97,4.90,4.16,11.21,10.92,17.69,22.59,17.03,6.95,4.35,4.83,5.75,6.52,5.70,2.56,0.82,12.46,4.29,1.64,14.89,9.16,11.24,5.75,4.86,11.06,11.14,8.24,15.94,0.83,1.67,8.52,1.71,7.52,10.45,12.55,12.22,5.81,6.85,18.85,9.93,5.75,2.56,8.39,12.86,1.71,9.19,0.84,15.28,4.23,6.77,10.27,7.56,11.02,10.63,3.30,2.52,11.64,4.19,3.33,3.37,11.11,11.70,9.46,3.25,21.23,4.14,9.98,2.55,11.01
7	3621258	3622490	ACCTACCTGAGGCAG	1.67	HG02016:4.16	2.45,0.83,1.66,1.60,2.51,0.85,1.68,0.82,0.82,0.81,0.82,0.85,2.60,0.82,1.60,0.83,0.81,1.61,2.52,1.94,0.84,0.85,0.82,1.68,0.81,3.94,1.69,0.81,0.86,0.84,0.84,0.85,1.73,0.86,0.83,3.31,2.48,0.85,0.83,1.56,0.85,0.84,0.82,1.73,1.68,0.83,0.84,1.70,1.64,0.84,1.72,4.16,0.82,1.67,0.86,1.68,0.82,1.61,0.90,3.26,0.82,0.83,2.57,2.46,0.83,0.86,2.46,0.81,0.83,1.71,0.84,0.83,0.86,0.84,0.87,1.71,1.65,0.86,0.85,0.84,0.86,0.84,0.87,0.85,0.86,1.68,1.69,0.82,0.82,0.84,0.83,0.84,0.85,1.58,2.44,1.70,0.83,2.49,1.70,0.85
2	153446447	153446927	AT	1.66	HG02016:3.33	1.63,0.83,0.83,1.68,2.55,1.68,1.61,1.68,0.97,1.70,0.86,0.82,1.68,0.83,0.81,0.86,0.83,2.48,1.62,0.85,0.84,0.83,0.82,0.86,3.33,0.82,0.84,1.64,0.81,0.81,0.85,0.86,0.83,1.70,0.85,0.85,1.69,0.78,0.84,0.81,0.83,1.70
17	78465592	78466731	ACCGCCACCTGC	1.66	HG02016:2.50	0.84,0.84,0.85,0.81,0.82,0.84,0.84,0.85,0.83,0.81,2.50,0.82,0.82,0.87,0.85,0.83,0.83,0.83,0.83,0.84,0.84
19	16042920	16043220	AATGAGTGAGCGGGGAGAGG	1.66	HG02016:2.50	0.83,0.84,0.82,0.80,0.82,0.82,0.84,0.83,0.78,0.94,0.84,0.83,2.50,0.82,0.86,0.83,0.83,0.81,0.84,0.83,0.82,0.84,0.83
1	75745976	75745982	AATATATTATATATAC	1.66	HG02016:1.66	1.66,0.85
6	26578017	26578478	AAC	1.66	HG02016:1.66	1.66,0.85
5	165564226	165564711	AAAG	1.66	HG02016:1.66	1.66,0.83,0.84
6	2316557	2316666	AG	1.66	HG02016:1.66	1.66,0.81,0.83
1	60160044	60160156	AAAT	1.66	HG02016:1.66	1.66,0.81
1	15201139	15201140	ATCC	1.66	HG02016:1.66	1.66
1	219143233	219143247	AACCCT	1.66	HG02016:1.66	1.66
12	73984950	73984951	AC	1.66	HG02016:1.66	1.66
13	46633814	46633815	ATC	1.66	HG02016:1.66	1.66
15	87577518	87577678	ACATACATACATGTAT	1.66	HG02016:1.66	1.66
2	195630731	195630732	ACCCAGCCCAGTGCCCCC	1.66	HG02016:1.66	1.66
2	42294591	42294592	AACCCT	1.66	HG02016:1.66	1.66
2	6050737	6050738	AACCCT	1.66	HG02016:1.66	1.66
2	63976971	63976972	AACCCT	1.66	HG02016:1.66	1.66
4	106715725	106715726	AGAT	1.66	HG02016:1.66	1.66
5	25562454	25562455	AACCAGGGCTGTGCTAGT	1.66	HG02016:1.66	1.66
6	33803792	33803793	AACCCT	1.66	HG02016:1.66	1.66
6	46813689	46813690	AACCCT	1.66	HG02016:1.66	1.66
7	126404898	126404899	AATGG	1.66	HG02016:1.66	1.66
9	17814820	17814821	AACCCT	1.66	HG02016:1.66	1.66
X	137234217	137234641	AT	1.66	HG02016:1.66	1.66
5	178947734	178948035	AG	1.64	HG02016:1.66	0.81,1.66,0.86,0.85
12	125255177	125256066	AAAGG	1.63	HG02016:6.66	4.89,4.89,8.40,8.67,6.66,3.33,0.82,15.61,3.43,3.31,3.29,0.81,0.85,15.71
7	89837737	89838276	AAGG	1.63	HG02016:3.33	1.63,1.67,0.84,1.66,0.84,0.86,2.37,0.84,0.85,1.65,3.21,1.68,1.70,3.33,1.63,0.84,0.81,0.85,0.82,0.83,0.82,3.42,1.65,0.84,1.62,1.70,0.84,0.84,0.84,0.82,0.83,0.84,0.85
3	150440797	150441635	AAAG	1.63	HG02016:2.50	0.82,0.82,0.80,0.84,0.85,0.86,1.63,0.85,0.84,0.82,0.86,2.50,0.83,0.82,1.79,0.87,0.81,0.85,0.81,0.87,0.82,0.85,0.85,0.85
6	24926833	24928018	ACC	1.62	HG02016:7.49	1.63,2.44,2.49,1.67,3.33,4.99,1.67,1.67,5.01,2.39,1.67,3.35,0.83,1.70,4.21,3.29,0.82,0.81,0.80,4.92,6.83,2.56,1.73,1.64,4.81,2.50,3.25,2.42,4.21,0.84,2.55,1.73,4.09,5.87,0.83,1.63,6.31,5.08,0.81,2.58,0.84,4.20,2.52,1.70,4.34,3.43,1.66,5.79,6.43,2.48,0.85,1.65,1.56,0.81,0.85,4.19,3.30,0.94,2.59,5.04,0.83,5.02,1.68,0.85,2.53,0.86,7.49,6.54,7.49,0.86,1.68,2.45,1.69,4.84,1.79,0.87,0.87,0.81,0.81,4.11,4.07,3.26,0.85,2.46,1.66,3.43,1.64,1.71,0.83,4.16,3.46,3.35,3.29,2.43,3.40,1.67,1.71,0.82,0.84,1.66,0.83,4.19,2.56,1.57,1.71,2.51,1.74,0.84,2.62,3.32,6.85,2.48,1.71,1.65,1.71,3.28,1.68,0.86,0.84,0.85,1.74,0.85,1.69,7.70,5.08,0.82,0.82,2.52,1.55,3.35,0.83,0.84,1.71,4.18,4.73,0.81,1.70,3.31,1.66,0.85
17	8563766	8564645	AAGG	1.61	HG02016:2.50	0.83,0.84,1.64,0.80,0.97,0.86,0.85,0.84,0.86,0.85,2.50,0.86,0.85,0.82,0.86,2.55,0.82,0.83,1.57,0.83,0.83,0.86,0.82,0.84,0.87,0.84,0.81
10	48321165	48323515	ACAGGCCACCCATCCACC	1.59	HG02016:3.33	1.63,1.63,0.83,1.67,0.83,2.50,3.34,0.80,0.83,1.70,0.82,1.64,1.63,0.80,1.64,0.81,0.84,0.97,0.81,0.85,0.81,0.86,1.68,0.84,1.71,0.83,0.80,0.83,0.83,0.78,0.85,0.84,1.68,0.94,0.86,0.83,1.68,0.82,0.84,3.33,0.82,1.73,0.84,2.45,1.74,1.61,1.63,1.66,0.86,1.71,0.83,0.84,0.82,0.84,0.84,0.85,0.84,0.87,0.86,0.82,1.69,0.87,1.69,0.85,1.71,0.82,0.82,1.55,0.84,1.66,1.69,0.85,1.58,0.85,1.65,1.66,0.85,0.85
13	57507514	57508284	ACTATACTATAT	1.58	HG02016:1.66	1.68,1.72,1.66,1.66,0.81
11	1882393	1883527	ATCC	1.57	HG02016:9.15	5.71,2.45,0.81,3.33,5.84,4.16,4.16,5.83,6.68,6.69,1.60,3.34,4.19,4.16,5.96,4.21,1.65,1.64,2.44,2.41,4.10,4.27,1.71,3.46,3.29,3.20,2.50,4.87,0.81,8.41,0.97,4.22,8.51,1.73,3.27,4.19,3.30,4.73,0.85,3.26,5.04,2.52,1.68,0.85,2.60,6.86,0.83,4.14,3.21,4.95,3.39,4.13,0.81,1.71,5.03,2.51,4.72,3.45,5.88,1.66,8.37,4.19,5.11,2.46,0.84,0.84,8.61,9.15,6.54,6.66,1.73,5.04,4.08,1.69,4.03,2.69,3.48,6.09,3.23,2.42,4.11,3.26,2.44,3.29,2.49,5.15,4.10,2.56,3.31,2.50,3.46,2.51,7.39,0.81,5.11,5.00,4.28,4.94,3.36,2.48,3.31,3.35,5.97,2.36,4.29,4.18,6.09,4.18,7.86,5.81,3.42,3.31,10.28,4.96,4.93,5.97,3.28,3.36,5.15,4.28,2.51,3.38,5.09,1.74,0.85,8.46,2.57,4.20,1.69,2.45,1.65,2.52,2.33,2.50,5.13,1.67,2.37,4.07,0.85,1.65,3.33,5.94,0.85
X	86488659	86489552	AATATATATACACATATAT	1.56	HG02016:2.50	0.85,1.73,0.81,0.83,2.41,0.86,0.83,2.50,1.68,0.82,0.86,0.81,0.85,0.87,0.82,2.56,0.85
8	143063751	143065666	ACACTGACCATCCATAGCCC	1.56	HG02016:2.50	0.82,0.84,0.84,0.83,1.65,0.81,0.80,0.85,0.87,1.62,0.84,0.84,0.85,0.78,0.84,0.86,0.84,0.84,2.50,1.61,0.82,0.82,0.86,0.84,0.84,0.85,0.86,0.87,0.85,0.86,0.86,0.85,0.85,0.86,0.84,0.83,0.84,1.70,0.83,0.85
X	69593221	69593914	AT	1.55	HG02016:2.50	0.83,0.83,0.82,0.82,0.81,0.85,2.57,1.69,0.83,0.84,0.83,0.82,0.84,2.50,0.83,0.84,0.84,0.81,0.81,0.83,0.86,1.64,0.86,0.83,0.86,0.84,1.63
8	2480032	2481570	AGAGCGCGGAGGCGCCAGG	1.54	HG02016:3.33	0.83,0.83,1.67,0.80,0.83,0.84,3.22,0.83,0.97,0.84,0.86,0.83,0.87,0.86,1.65,0.83,0.94,0.86,0.84,0.84,0.84,3.33,0.83,0.86,1.63,1.61,3.58,1.66,2.46,0.85,0.86,0.85,0.82,1.68,1.70,0.79,0.84,0.86,0.82,1.68,0.84,1.71,0.85,0.82,0.82,1.55,0.84,0.79,0.85,3.31
18	5957466	5958804	AAG	1.54	HG02016:2.50	0.83,0.80,0.84,1.63,0.80,0.85,0.80,0.83,0.84,0.84,0.84,0.82,2.50,0.86,3.42,2.49,0.87,0.83,1.74,0.85,0.84,0.81,0.85
19	1165122	1165724	ACCCCAG	1.52	HG02016:2.50	0.83,3.34,0.80,0.84,1.66,1.68,0.85,0.87,0.83,0.84,1.94,0.85,0.86,0.79,0.85,0.87,0.83,0.83,0.84,0.83,0.84,2.50,0.82,0.81,0.87,0.81,0.82,0.85,0.82,0.84,0.82,0.82,0.86,0.85,0.85,0.82,0.82,0.81
19	37674745	37675796	AAAG	1.52	HG02016:2.50	0.83,0.83,0.83,0.84,0.85,0.82,0.85,1.73,0.84,2.50,0.83,0.81,0.81,0.85,1.64,3.42,0.82,0.86,1.67,0.83,0.85
13	114124605	114125989	AACTCCACAGAGGACCC	1.51	HG02016:5.82	1.63,1.63,3.33,0.83,4.16,1.67,0.83,0.80,5.01,4.99,3.40,1.68,4.11,1.64,2.44,1.61,1.64,2.56,5.13,4.33,1.60,4.17,0.81,1.68,1.69,3.40,1.73,0.82,3.30,2.44,1.58,0.85,1.72,1.68,0.84,1.68,2.55,1.73,1.71,2.49,1.61,1.65,4.23,0.83,1.56,4.27,0.84,2.51,0.82,4.72,2.59,1.68,1.66,3.35,0.84,3.41,3.35,0.84,0.86,5.82,4.09,3.33,3.45,2.52,2.45,1.69,1.61,1.79,1.74,2.43,1.61,1.64,2.44,1.63,0.85,1.64,2.49,0.82,2.56,3.46,1.67,3.24,3.40,2.50,2.57,1.65,3.36,1.66,3.31,1.67,2.56,0.84,3.48,1.67,1.75,1.66,2.57,3.31,2.48,1.64,1.71,1.68,1.72,1.71,2.51,0.84,0.85,1.74,0.85,0.85,0.86,3.36,2.54,0.82,1.65,3.36,3.35,4.16,0.84,0.85,0.84,3.15,8.14,2.55,2.48,4.16,0.85,1.69
8	13409185	13410003	AT	1.50	HG02016:1.66	0.86,0.78,0.86,1.66,0.82,0.82
11	90004058	90005077	AAGG	1.49	HG02016:12.48	4.90,4.08,4.99,6.68,9.15,5.01,3.99,2.51,3.35,9.98,16.17,1.68,11.52,8.22,6.52,1.61,2.56,13.67,1.73,9.04,8.12,1.68,9.68,1.68,10.59,2.54,4.07,7.56,8.41,5.95,8.28,3.31,6.43,6.60,10.16,3.24,5.03,5.03,11.54,1.89,4.32,2.52,4.99,5.03,11.92,3.29,3.37,6.02,12.48,5.72,2.50,3.45,4.20,1.63,5.90,2.42,7.17,3.48,4.04,2.46,11.11,1.64,2.49,5.15,1.64,0.85,2.48,9.03,0.85,3.33,1.71,3.30,5.86,8.52,6.86,3.34,1.74,8.37,3.49,1.66,5.99,9.93,0.83,8.22,6.83,6.00,6.68,1.74,8.46,5.13,2.54,18.81,9.07,3.88,5.02,8.32,1.71,4.18,7.10,3.25,2.49
21	36720156	36721563	AATAG	1.49	HG02016:5.82	0.82,1.66,0.83,0.80,1.68,0.80,2.40,4.87,3.87,3.37,1.73,1.63,2.52,4.89,6.31,2.54,5.70,0.86,0.84,2.52,2.55,4.14,3.31,3.21,0.83,1.56,1.68,0.84,0.82,0.84,0.84,0.85,0.82,5.02,0.86,5.82,2.50,5.18,4.20,2.45,1.69,1.61,0.90,2.61,1.74,4.85,1.61,0.81,2.44,1.71,3.29,1.66,2.57,0.82,1.71,1.67,0.86,0.84,0.85,0.79,0.86,0.87,2.54,2.56,2.51
17	31596229	31597154	AAGG	1.49	HG02016:3.33	0.82,0.83,0.80,0.83,0.84,0.82,0.82,0.85,0.82,0.83,1.62,0.81,0.82,2.52,0.85,0.84,0.85,0.87,0.86,1.65,0.78,0.84,0.82,2.50,2.51,0.82,0.84,3.33,0.82,1.67,0.84,0.82,0.87,1.64,0.81,0.85,0.83,1.67,2.56,1.67,1.74,0.84,0.85,0.86,0.87,0.85,0.85,0.78,3.37,0.79,0.81,0.85
8	9113479	9114432	AG	1.47	HG02016:3.33	1.63,1.63,1.66,0.83,0.84,3.33,0.84,0.82,0.81,1.73,0.82,0.80,0.81,0.97,1.70,0.82,1.68,0.79,0.85,1.63,1.68,0.83,0.83,0.85,0.83,0.78,2.56,0.84,0.84,0.86,0.84,1.66,0.84,1.64,0.84,3.33,0.83,0.87,0.87,0.81,0.83,0.86,0.82,0.83,0.86,1.64,1.67,2.57,0.79,0.86,0.87,0.84,2.49,0.83,0.82,0.86,3.38,0.85,0.85,0.86,0.84,0.82,0.84,0.84,0.81,1.65,0.85
11	63776982	63777288	ACCCACCCCCCC	1.47	HG02016:1.66	0.83,0.85,0.82,1.66,0.82,0.85
7	88799904	88801361	AAG	1.46	HG02016:4.16	0.82,2.44,1.66,1.67,1.66,1.67,0.84,0.84,0.83,3.40,0.82,1.63,0.82,0.85,1.73,1.60,1.67,1.68,0.84,0.85,1.63,0.81,0.85,1.63,0.87,0.86,0.83,0.83,0.80,0.83,0.81,0.84,0.84,0.82,2.52,0.83,1.67,4.19,4.19,0.84,0.86,4.16,0.83,2.59,0.84,3.48,1.61,1.71,1.64,0.86,0.82,0.83,0.86,1.67,1.67,1.71,0.82,0.84,0.83,1.71,4.18,0.87,1.75,1.65,0.85,0.82,1.71,0.84,0.84,1.70,0.87,1.69,2.54,0.86,3.27,0.82,0.79,0.81,0.85,0.85
2	146785486	146786473	AAAG	1.46	HG02016:2.50	0.83,3.37,0.80,0.87,1.64,0.85,0.86,0.84,0.79,0.85,0.86,0.84,3.31,0.83,0.80,0.85,0.78,0.86,1.70,2.50,0.81,0.90,0.87,0.87,1.63,0.81,0.85,0.84,0.83,0.84,0.82,0.85
14	106168734	106169839	ACCAGGGCTGAGTGACGAGG	1.43	HG02016:6.66	3.27,4.90,3.26,4.99,2.50,2.49,2.50,2.50,1.67,3.99,3.34,4.19,1.66,1.70,4.21,3.29,4.93,6.52,0.80,0.82,2.56,1.71,8.65,2.47,1.60,2.50,3.25,3.36,5.81,1.69,4.25,5.18,3.27,1.68,4.95,0.81,1.58,2.54,1.63,1.72,0.84,2.52,2.52,2.55,1.73,4.29,3.31,4.14,3.21,1.69,4.13,3.91,0.81,4.27,4.19,4.19,4.12,1.73,2.52,0.84,1.68,1.70,1.64,1.67,1.68,1.72,6.66,3.27,1.67,6.04,0.84,0.82,0.84,2.42,4.48,3.48,3.48,4.04,3.22,0.82,4.07,1.71,6.57,1.66,1.72,6.56,0.85,3.31,2.50,1.73,2.51,4.11,2.43,0.85,1.70,1.57,3.35,0.83,0.83,2.47,0.82,0.84,0.86,0.85,0.82,0.82,1.68,0.84,0.84,1.65
17	78288773	78290035	ACC	1.41	HG02016:4.16	0.81,1.66,1.66,0.83,3.34,0.84,0.84,0.83,0.82,0.82,3.22,1.64,0.85,1.71,1.73,0.82,2.40,0.83,0.84,0.84,0.85,0.82,0.84,1.58,1.69,1.63,0.84,0.84,2.52,1.70,0.86,0.83,0.85,1.56,2.43,1.68,0.84,2.47,0.86,0.84,4.16,1.67,0.84,1.64,0.84,0.84,2.58,4.16,3.36,1.63,1.69,1.61,3.58,0.87,0.81,1.64,0.81,1.63,1.64,2.57,0.82,0.85,0.83,1.67,1.73,0.84,2.46,0.81,1.70,0.82,0.83,4.19,0.85,0.79,1.67,0.87,2.62,0.83,0.86,0.86,1.64,0.85,0.84,1.72,1.67,0.85,0.85,1.71,0.84,1.69,2.45,0.82,2.52,2.33,0.84,0.83,0.84,0.84,0.83,0.83,0.85
8	90278292	90278961	AAAAG	1.41	HG02016:1.66	1.60,1.66,4.15,5.79,2.53
12	108350320	108351207	AAG	1.38	HG02016:2.50	0.82,0.83,0.83,0.85,0.85,0.82,3.87,1.69,1.70,0.86,0.85,0.83,0.84,0.84,0.85,0.84,1.68,2.50,0.83,0.86,0.84,0.87,0.82,0.81,0.82,0.83,0.83,0.82,0.84,1.66,0.79,0.87,0.86,0.86,0.84,0.82,0.84,0.83,0.85,0.83,1.66
10	39099590	39110085	AATGG	1.37	HG02016:13.31	6.53,3.26,8.96,4.16,5.84,6.66,1.66,4.16,7.51,7.52,3.19,5.85,12.56,7.49,6.81,6.73,6.58,9.86,4.89,4.02,2.46,9.39,11.96,5.19,6.58,3.20,6.68,7.30,5.64,10.09,5.81,10.12,7.66,0.86,3.27,5.03,3.30,6.51,3.15,11.01,5.70,3.43,5.04,5.04,0.84,6.80,6.07,5.14,2.49,13.23,1.61,9.08,8.47,7.44,4.69,4.86,2.56,4.19,5.86,4.12,2.83,13.82,6.73,4.16,12.55,11.74,14.48,2.46,4.19,3.37,10.33,13.31,3.27,8.33,7.76,6.72,5.72,6.74,10.49,2.69,5.21,6.96,7.28,3.22,4.93,3.26,4.89,7.69,2.46,4.98,6.01,6.56,1.71,7.44,3.33,1.73,7.54,6.57,4.05,4.25,2.50,7.71,4.94,3.36,6.63,9.94,5.86,4.26,5.50,4.29,3.34,3.48,2.51,5.24,6.64,6.85,9.93,14.56,2.48,8.22,3.41,3.28,3.36,9.43,2.57,5.85,10.13,3.40,5.23,3.38,7.61,5.13,0.84,3.39,3.27,2.47,3.36,3.35,1.66,6.74,8.54,5.01,2.37,4.88,3.40,12.41,7.48,8.49,2.54
9	74035428	74036362	AAAAAGAGAGAG	1.37	HG02016:2.50	0.82,0.83,0.83,0.83,1.68,0.83,0.80,0.85,0.83,0.81,0.87,0.86,0.85,0.82,0.83,0.86,2.50,1.62,1.63,0.82,0.83,3.35,0.87,0.83,0.86,0.82,0.85,0.82,0.85,0.87,1.71,0.82,0.78,1.67,0.84,0.83
18	67877953	67878948	AAAAT	1.36	HG02016:2.50	0.85,3.30,2.37,11.58,2.48,19.82,2.50,4.21
6	163167851	163168834	AT	1.35	HG02016:2.50	0.83,0.84,0.82,1.61,0.82,0.85,0.87,0.84,1.66,0.83,0.78,0.86,0.84,0.82,2.50,0.82,0.83,0.84,0.81,0.82,2.44,0.81,0.82,0.85,0.86,0.84,0.82,1.57,0.84,2.57,0.82,0.84,0.84,1.69,0.85,0.85,0.84,0.85,0.85,0.85
1	79903422	79903741	AAGG	1.35	HG02016:1.66	0.85,0.82,0.81,0.85,1.66,0.82,3.48,0.83
10	50312583	50313717	AG	1.34	HG02016:4.99	1.63,0.83,0.83,0.83,0.83,2.50,5.85,0.80,1.68,5.11,2.52,0.82,3.29,2.44,1.61,0.82,0.85,1.71,0.87,1.64,1.60,1.67,2.43,2.42,0.84,0.97,2.55,1.73,1.63,3.35,0.83,0.81,4.23,1.63,2.52,0.84,1.70,1.73,0.86,4.14,1.65,1.69,0.78,1.62,0.84,2.51,2.47,1.89,0.86,0.84,0.83,3.35,0.84,1.64,0.84,0.84,4.99,1.73,1.68,0.90,0.87,0.87,0.81,0.82,2.56,0.83,2.57,1.71,2.48,1.67,1.67,4.11,0.81,0.85,2.50,2.57,2.52,1.66,1.67,0.86,1.67,0.87,1.67,2.62,0.83,0.83,2.57,0.83,0.82,3.36,0.86,2.51,1.69,0.85,0.87,1.69,3.38,0.86,1.68,4.24,0.82,0.82,0.84,1.67,0.84,1.71,3.34,1.58,2.55,3.31,1.66,1.69
15	22337166	22337783	AAAATATTATATATAT	1.34	HG02016:1.66	0.85,1.62,0.84,1.66,0.84,0.87,0.86,0.84
10	3260466	3261900	ATCC	1.33	HG02016:9.15	3.27,4.08,4.07,2.49,4.17,9.15,4.16,2.50,8.35,4.18,7.52,5.86,2.50,6.81,2.52,1.65,5.75,6.52,6.44,0.82,2.56,4.27,2.60,3.29,2.40,4.17,4.06,5.64,5.89,1.94,0.84,0.85,2.59,4.90,7.55,2.48,3.26,3.15,3.39,6.52,1.72,5.04,4.20,4.20,3.40,7.80,0.86,5.80,6.62,3.21,4.13,2.54,4.96,3.91,1.62,4.27,6.71,3.35,2.83,5.18,6.73,4.99,5.86,0.84,0.85,1.64,5.02,2.53,3.44,9.15,3.27,6.66,2.59,0.84,5.72,2.53,3.23,4.48,7.82,4.35,1.62,4.03,1.64,3.26,5.70,3.42,4.11,3.32,0.86,9.85,9.39,4.14,5.00,7.78,3.35,1.64,7.30,5.11,7.50,0.86,2.47,7.55,0.83,6.63,1.67,0.85,3.14,3.43,5.85,4.35,5.02,3.49,4.98,5.99,4.96,1.71,4.14,4.11,8.53,3.28,5.88,4.29,1.71,4.18,5.91,5.94,6.98,7.61,1.69,3.42,2.52,5.08,2.45,1.65,4.20,3.88,2.51,5.90,2.56,6.69,5.52,6.51,5.10,4.14,0.83,4.24,5.93
17	80807225	80808832	AACAACAGCACAGCC	1.32	HG02016:6.66	1.63,1.63,1.63,0.83,2.49,2.50,1.67,0.84,0.80,2.51,0.84,4.99,2.55,0.84,1.65,2.47,2.44,1.61,3.41,0.85,0.87,1.64,0.80,1.67,6.49,0.84,0.97,2.53,3.40,7.78,1.63,3.35,1.65,0.81,2.37,2.54,0.81,0.86,2.52,2.52,2.52,0.85,0.87,2.57,4.14,3.21,3.30,2.54,2.48,2.34,3.24,3.42,0.84,2.51,4.12,1.89,0.86,0.84,3.33,3.35,0.84,1.70,0.84,0.84,0.86,6.66,1.63,0.83,0.86,0.84,1.63,2.53,0.81,1.79,1.74,4.35,1.62,1.61,4.11,0.81,2.44,4.27,4.11,1.66,0.86,0.82,1.71,1.65,2.50,1.67,3.29,0.81,1.70,1.67,0.86,2.47,6.71,2.48,2.48,3.35,0.85,3.14,2.57,1.67,0.87,0.84,1.75,1.66,1.71,6.62,2.57,3.29,2.56,2.46,1.68,0.86,0.86,2.51,1.69,0.85,7.85,0.85,0.86,2.52,5.08,0.82,4.12,5.04,2.33,1.67,3.33,3.37,1.71,3.34,3.15,0.81,5.94,3.31,4.16,0.85,4.23
17	43442442	43442988	AAAG	1.31	HG02016:3.33	1.63,1.63,0.83,1.67,0.83,2.50,0.80,0.84,1.68,0.80,0.82,0.85,0.82,1.60,0.83,0.81,1.68,0.85,0.82,0.79,0.85,1.68,0.84,1.70,0.86,1.66,0.83,0.83,0.78,2.43,0.85,2.47,0.94,0.86,0.84,0.84,1.70,0.82,1.68,3.33,2.45,0.82,0.84,0.90,0.87,0.81,0.85,0.82,0.84,0.81,0.83,1.71,0.82,1.67,0.84,0.87,0.84,0.87,0.83,2.56,1.68,0.86,0.86,3.49,0.85,0.86,0.84,0.82,0.82,1.68,0.78,0.85,1.67,1.70,1.70
15	90206587	90206712	ACAGAGCCAGCGCCAGGGCC	1.31	HG02016:1.66	0.82,0.85,1.67,0.84,0.84,1.66,0.83,0.84
2	95701997	95705457	ACTC	1.30	HG02016:42.43	28.57,21.22,37.45,31.60,20.03,34.11,24.94,31.64,38.41,29.25,17.55,24.22,36.02,32.45,33.18,20.20,35.37,15.62,27.71,29.78,29.55,24.74,31.61,30.28,27.13,29.65,42.57,22.73,26.59,26.91,30.01,32.04,39.13,12.09,22.88,35.22,24.75,28.50,29.18,28.79,24.45,31.77,29.40,30.27,24.38,30.61,21.68,34.29,27.34,52.94,32.14,28.90,34.72,25.62,29.69,25.94,9.40,34.40,25.13,23.90,21.71,29.36,26.06,27.45,39.33,20.13,34.07,19.71,19.26,19.37,29.26,42.43,22.88,38.30,35.36,30.25,25.31,21.91,26.63,35.85,27.80,28.72,26.69,26.58,20.53,26.89,28.50,23.07,14.79,16.61,29.17,38.57,15.37,21.51,14.99,26.80,23.45,32.85,30.81,29.78,21.66,34.28,32.14,40.28,34.79,33.96,23.44,30.69,22.79,27.43,23.41,26.98,29.28,22.70,26.56,32.52,21.51,41.97,15.72,29.60,35.85,26.27,17.63,30.87,19.71,23.38,29.53,44.99,28.79,23.69,28.75,23.10,24.37,37.29,33.53,18.97,21.00,23.29,28.47,19.96,21.91,41.87,22.57,18.13,20.34,16.99,34.75,48.22,24.61,26.25
4	182525991	182527430	AAAG	1.27	HG02016:16.64	0.82,2.50,0.83,6.69,0.84,3.33,0.85,6.58,11.41,5.19,0.82,2.50,0.81,6.78,8.43,8.51,8.64,3.30,20.51,11.01,8.96,3.43,10.92,9.25,5.88,1.70,3.31,2.48,6.43,7.43,0.85,3.24,18.46,10.38,0.86,0.83,5.86,1.68,21.51,16.64,0.82,0.86,0.84,17.96,14.52,3.58,0.87,3.48,0.81,2.46,9.78,0.81,0.82,5.81,6.86,0.82,16.23,9.10,6.66,1.73,18.42,3.29,8.92,5.11,1.68,0.83,5.02,2.51,5.79,0.83,1.64,0.84,1.71,5.92,1.68,2.45,4.16,0.84,1.71,0.84,0.83
2	52162616	52163756	ACGTATATATATAT	1.27	HG02016:2.50	3.33,5.82,0.83,0.87,0.80,5.84,7.30,2.54,13.78,2.50
19	50975040	50975640	ACACACGTATACATACATAT	1.24	HG02016:1.66	1.66,0.90,0.81,0.83,0.82,0.87,0.82,0.81
X	860382	860698	AAG	1.23	HG02016:1.66	2.53,1.66,0.81,0.83,0.86,0.84,0.84,0.85
1	52372215	52373070	AGGG	1.22	HG02016:8.32	0.82,1.63,4.07,7.48,3.34,0.83,1.67,1.67,2.51,0.80,0.84,1.68,0.83,0.85,4.11,2.47,0.81,1.61,4.33,3.29,1.60,2.50,4.06,0.81,0.84,1.94,5.06,1.70,1.73,2.45,6.71,1.65,9.46,5.08,1.63,1.72,5.04,5.04,1.70,0.86,4.14,1.65,3.21,0.85,2.34,0.81,0.85,0.84,3.35,0.94,0.86,1.68,1.67,0.84,4.26,1.64,0.84,0.86,8.32,3.27,0.83,5.18,0.84,2.45,1.69,3.23,0.90,0.87,3.48,9.70,0.81,0.82,7.33,5.70,0.85,9.04,0.83,1.72,10.67,1.71,2.48,2.50,8.64,3.35,2.46,6.49,4.25,1.67,2.47,1.68,1.66,0.83,0.85,2.36,2.57,0.84,0.87,1.67,0.87,0.86,1.71,0.82,0.85,2.52,1.72,2.51,0.84,1.74,3.38,2.54,4.91,0.82,1.68,4.19,0.83,0.84,1.58,1.63,0.85,5.79,4.99,1.70,2.54
14	104910727	104911116	AATGGGTGAGTGGGTG	1.21	HG02016:2.50	0.82,0.83,0.84,1.66,0.85,0.82,0.82,0.81,0.85,0.84,0.80,0.83,0.85,0.94,1.73,0.84,0.82,0.84,2.50,0.81,0.81,0.85,0.86,0.82,1.62,1.66,1.74,0.84,0.83,0.86,0.86,1.71,0.82,0.84,0.85,0.85,0.84,0.85,1.66
7	522501	523689	ATCC	1.20	HG02016:14.14	6.53,3.26,10.58,12.47,5.84,5.82,5.82,5.83,10.85,12.54,7.98,5.01,2.51,6.66,7.66,7.57,8.23,2.47,4.07,3.22,4.10,8.53,6.83,3.46,9.86,4.81,1.67,9.74,8.06,3.36,10.65,6.75,5.95,6.05,4.90,7.55,5.78,11.40,7.89,10.16,2.44,10.30,5.88,4.20,15.13,9.35,7.80,7.72,10.77,3.31,16.88,5.78,5.93,8.26,12.50,7.30,7.69,5.87,7.54,6.59,5.66,9.50,10.93,3.33,5.02,4.19,11.07,4.11,4.19,1.68,6.02,14.14,10.62,7.49,6.90,7.56,8.98,10.11,12.91,6.27,13.03,9.57,7.28,12.08,10.67,12.22,8.14,9.40,12.32,11.63,9.44,9.85,7.69,5.79,9.16,8.64,6.70,9.86,18.65,8.51,5.83,5.14,10.71,8.39,10.77,8.28,3.35,9.38,10.22,6.00,8.36,6.96,4.18,4.36,9.96,6.85,2.48,8.57,11.58,11.51,5.97,9.03,5.04,7.72,6.85,13.36,10.97,6.79,6.98,11.84,6.77,7.70,6.72,4.24,11.45,5.77,10.08,7.76,8.37,5.82,7.58,5.98,13.37,11.04,6.51,10.19,9.10,11.64,11.88,5.08
2	118035549	118036187	AT	1.20	HG02016:2.50	0.83,2.39,2.51,0.83,0.82,1.71,0.80,0.83,0.81,2.45,0.84,0.87,1.68,2.50,0.81,0.86,2.46,1.68,0.84,0.83
21	10830052	10861041	AATGG	1.19	HG02016:203.81	105.31,114.24,115.61,183.76,93.48,171.39,108.88,97.43,197.05,198.08,97.32,64.31,168.36,149.76,152.30,90.05,97.06,124.11,112.46,107.06,110.80,143.35,129.01,145.34,71.52,84.93,186.96,103.89,77.36,141.30,124.88,158.53,233.07,59.61,114.39,155.98,88.28,122.95,99.38,139.73,149.14,103.88,150.37,122.74,91.63,201.54,181.24,134.59,106.87,207.61,77.95,151.08,136.34,81.82,102.37,52.70,63.21,193.80,141.58,86.52,143.47,107.09,217.74,81.51,159.83,64.58,116.68,76.38,90.44,96.85,141.12,203.81,108.70,154.04,170.78,144.52,159.23,118.79,144.43,211.49,133.81,118.35,100.27,91.02,100.17,127.95,157.95,178.59,82.15,99.66,121.84,146.06,67.47,115.81,68.28,164.24,144.88,153.58,197.83,129.34,132.45,117.40,155.76,146.01,126.72,88.63,126.42,92.92,63.66,94.27,125.40,117.51,110.43,129.20,113.70,96.72,108.40,186.74,52.95,76.46,116.93,102.61,79.74,103.77,105.38,109.40,100.42,144.31,134.35,77.83,171.67,121.51,89.07,137.29,70.33,45.35,154.58,79.18,83.73,103.97,112.93,112.78,150.44,78.84,99.25,44.16,171.24,152.15,89.11,83.83
2	1846113	1847000	AAGCGCCTGGAAGCGG	1.18	HG02016:2.50	0.82,1.67,2.41,1.64,4.19,0.81,0.84,0.84,0.85,0.86,0.83,0.84,2.50,0.84,0.81,0.82,0.86,2.50,3.14,0.87,0.83,0.82,0.84,2.54,0.84,0.85
19	23943966	23944930	AAGG	1.16	HG02016:5.82	1.63,0.81,0.86,1.68,0.85,0.80,0.84,5.16,5.82,0.83,1.61,0.85,3.43,3.30,2.48,3.49,5.79,2.47,1.68,0.84,4.36,5.92,3.36,6.54,4.66,1.71,12.54,5.69,14.13,2.54
Y	13447775	13449228	AATGGAGTGGAGTGG	1.16	HG02016:3.33	0.82,0.82,0.83,1.66,1.67,1.67,0.80,0.84,2.50,1.64,0.80,0.85,0.85,0.81,0.81,0.84,0.85,1.68,0.83,0.81,0.79,0.86,0.84,1.70,0.86,0.83,0.81,0.85,2.52,0.84,0.82,1.70,0.86,3.33,1.73,0.84,0.84,1.79,0.81,0.82,0.83,0.82,0.83,0.86,1.64,0.83,1.71,0.84,0.85,1.57,1.71,1.74,1.75,0.83,1.65,1.71,1.65,1.71,0.82,0.84,0.86,0.86,1.67,0.84,2.55,1.74,0.85,1.68,2.54,1.64,0.82,0.84,0.78,4.19,0.83,2.56,0.81,2.48
12	82498327	82499132	AATATATATATATGATGG	1.15	HG02016:2.50	0.83,1.67,1.73,0.86,1.58,0.84,0.86,0.81,0.85,0.84,2.50,0.82,1.67,3.22,0.82,0.81,1.63,0.85,0.86,0.82,0.84,2.51,2.47
7	144892809	144893802	AAAAG	1.15	HG02016:1.66	0.82,1.66,0.84,0.84,0.82,0.84,0.78,0.84,0.85
3	54006897	54008001	ATCC	1.12	HG02016:9.15	3.27,1.63,1.66,0.83,3.33,1.66,1.67,1.67,6.69,1.60,5.01,0.84,1.66,4.25,5.89,2.47,4.11,1.63,1.61,4.10,5.12,4.27,2.60,0.82,3.20,9.18,3.25,4.84,3.36,1.94,1.70,1.73,4.09,5.03,1.65,2.44,0.79,5.08,3.26,5.15,2.52,4.20,2.52,5.95,4.34,3.43,2.48,1.61,5.78,2.54,1.56,0.81,1.71,5.87,3.35,0.82,1.89,9.50,4.20,1.66,2.51,5.03,3.41,2.46,5.05,4.30,9.15,1.63,5.83,1.73,3.36,3.27,5.06,1.61,2.69,2.61,3.48,1.62,7.25,2.46,2.44,2.44,5.98,0.82,3.32,4.29,3.28,6.83,1.65,1.67,2.51,5.75,4.86,0.85,8.33,4.28,4.94,8.39,1.66,3.31,2.51,0.85,3.93,2.57,13.38,4.35,6.69,2.62,4.98,4.28,2.48,2.57,1.65,4.11,6.83,4.93,8.39,3.43,3.43,2.51,3.38,3.40,0.87,5.08,12.69,15.40,2.52,6.78,0.82,1.65,4.20,1.55,5.02,1.66,0.84,2.56,3.34,3.94,2.44,0.83,6.65,3.39,4.23
7	157845824	157847224	ACCCCAGAGATGCAGAG	1.12	HG02016:8.32	9.80,0.82,0.81,8.31,0.83,4.99,3.32,1.67,3.34,0.80,5.01,3.35,1.66,5.96,0.84,1.65,1.64,1.63,0.80,0.85,0.85,1.64,0.80,0.83,1.61,0.84,2.90,4.22,1.70,4.90,0.83,1.58,1.69,2.44,3.43,2.52,1.68,0.84,0.85,3.47,1.71,1.65,1.65,0.85,4.96,2.34,0.81,5.13,0.84,0.82,1.73,0.84,1.64,0.84,2.53,8.32,0.83,1.73,0.84,1.63,0.84,0.90,0.87,2.46,1.63,0.81,2.46,0.85,0.83,2.59,0.82,0.81,0.85,10.83,8.57,6.59,6.71,1.66,3.35,6.69,0.87,3.35,2.62,2.49,2.57,0.83,1.71,0.83,2.56,3.28,4.20,5.15,1.71,2.51,6.75,0.85,1.74,7.61,1.69,0.86,5.08,1.64,1.65,6.72,6.99,5.86,3.33,4.21,1.67,0.79,0.81,7.45,1.66,4.24,9.31
20	30681985	30683110	AAAG	1.12	HG02016:4.16	0.84,2.41,1.71,0.97,2.48,1.70,0.86,0.83,0.83,1.61,2.54,0.82,4.19,0.85,0.84,4.16,0.83,0.84,0.87,1.64,0.86,1.64,1.62,1.71,4.12,8.39,0.83,2.51,0.79,0.86,1.75,3.31,1.71,2.46,1.71,0.84,2.55,2.62,2.54,2.54,0.82,1.68,1.55,1.66,0.84,3.42,0.84,3.40,2.48,0.85,3.39
7	157302119	157302595	AGAGAGAGGGGAGAGGG	1.11	HG02016:4.99	3.27,4.08,1.63,4.99,3.34,2.50,1.67,3.34,1.67,0.80,2.51,1.66,1.70,3.29,0.82,3.26,1.61,1.64,1.71,1.71,1.73,0.82,2.50,3.25,4.84,1.68,0.97,0.84,4.32,3.27,2.48,2.44,2.37,2.58,2.52,0.84,0.85,2.60,3.43,0.83,0.83,1.61,0.85,3.13,2.43,0.85,2.47,0.94,1.73,0.84,1.66,3.35,0.84,2.55,1.64,0.84,2.53,0.86,4.99,0.82,3.33,0.86,0.84,3.27,1.69,0.81,0.90,0.87,3.23,3.22,3.28,2.44,3.26,1.71,0.82,0.83,4.29,4.10,0.85,1.65,0.86,1.67,1.64,0.81,2.55,2.50,1.65,1.68,2.48,0.83,0.79,0.86,0.84,1.74,0.84,1.66,2.48,1.71,2.48,0.85,4.10,0.84,0.84,1.70,1.69,0.85,1.68,1.69,2.45,1.65,1.68,6.21,1.66,1.69,0.85,0.84,3.15,2.44,2.48,0.83,0.85,0.85
10	7779137	7779559	AATATAATATAG	1.10	HG02016:3.33	2.39,2.41,0.81,3.40,0.83,0.82,2.59,3.33,1.64,2.56,0.79,2.48,4.10,3.36,4.23,0.82,0.85,0.83,0.83
4	4704607	4705073	AAGG	1.10	HG02016:3.33	0.83,4.21,4.29,1.68,4.34,0.86,3.31,0.83,0.83,3.33,4.34,0.86,4.11,0.83,0.86,0.87,0.78,0.84
9	140446374	140446554	CCCCGCCCCGCGCG	1.09	HG02016:1.66	0.86,0.84,0.87,0.85,1.66,0.81,0.83,0.86,0.84,0.84
12	71432425	71432896	AG	1.06	HG02016:1.66	0.83,0.84,0.87,0.86,1.66,0.85,0.82,0.83,0.86,1.67
10	42790457	42817199	AATGG	1.05	HG02016:44.09	29.39,16.32,30.12,36.59,26.71,22.46,20.78,28.31,26.72,26.74,21.54,23.39,41.88,32.45,34.88,21.88,16.45,29.59,41.56,16.90,14.77,27.30,39.30,34.60,25.48,25.64,26.71,17.86,20.95,32.80,33.88,39.63,37.43,16.41,23.70,41.09,17.33,21.17,15.77,20.32,34.23,25.76,37.80,28.58,18.49,28.06,31.22,26.57,20.71,35.57,16.88,44.58,28.79,18.18,17.97,21.08,12.81,34.40,40.21,16.48,26.43,31.09,38.67,28.28,29.29,22.64,30.66,26.28,29.31,24.42,46.47,44.09,25.34,43.30,37.95,21.01,31.85,22.75,23.40,26.88,25.20,27.85,17.79,12.08,16.42,22.00,28.50,31.62,13.14,15.78,26.60,32.82,5.12,37.22,10.82,25.93,29.31,33.67,28.38,29.78,39.99,26.56,29.67,36.92,16.56,29.82,33.49,22.16,20.43,22.28,16.72,28.73,30.12,26.19,26.56,24.82,20.69,45.40,8.27,25.49,39.26,27.09,22.66,30.02,23.13,34.24,39.66,26.32,27.92,20.30,48.20,25.67,23.53,44.07,8.18,12.37,25.20,13.20,15.91,21.63,21.07,41.87,26.75,17.35,13.83,18.68,32.26,47.39,35.65,22.02
6	170469218	170471432	AACCCAGGACCCCTCTACAG	1.04	HG02016:20.80	9.80,13.87,10.58,12.47,8.35,9.98,11.64,11.66,20.04,13.37,11.97,5.85,15.92,14.14,11.06,10.10,10.69,10.69,9.78,8.85,11.49,11.09,16.23,19.90,14.80,8.01,9.18,12.99,12.89,15.14,4.84,12.65,20.41,7.78,10.62,16.77,13.20,11.40,14.20,16.94,14.67,10.30,10.08,11.77,6.73,14.46,13.87,8.57,9.94,9.10,12.05,9.91,14.40,9.92,17.19,21.08,10.25,15.10,11.73,13.18,7.55,10.36,14.29,11.64,10.88,10.06,8.52,13.96,15.91,7.58,6.88,20.80,10.62,11.66,12.94,10.08,12.25,11.80,21.79,13.44,9.56,11.31,21.02,15.30,13.14,13.85,13.84,17.09,10.68,15.78,10.30,18.87,10.25,11.58,7.49,12.97,8.37,4.93,8.92,7.66,14.99,13.71,14.83,20.14,9.11,16.57,13.40,11.93,16.50,12.00,6.69,16.54,11.71,11.35,9.13,6.85,15.72,13.71,16.55,10.69,20.48,15.60,15.95,10.29,12.85,17.54,14.35,9.34,17.45,7.61,13.53,11.98,10.92,14.41,19.63,14.84,19.32,17.08,17.58,14.14,13.48,11.11,17.55,19.71,13.83,5.94,16.55,16.63,16.13,11.85
16	33955047	33955682	AG	1.04	HG02016:1.66	0.84,0.85,0.84,1.66,0.84,0.90,0.83,0.86,0.86,0.85
3	184430044	184431374	AAGG	1.03	HG02016:27.45	6.53,9.79,16.28,19.12,11.68,10.82,7.48,7.49,6.69,11.17,13.36,14.98,24.67,23.56,14.81,14.80,15.48,8.85,15.36,20.50,20.76,18.91,21.63,17.04,11.28,10.09,15.49,18.55,11.23,21.24,11.40,5.08,7.33,6.87,6.72,32.78,11.91,8.57,14.08,35.57,6.43,27.24,15.70,24.22,15.40,23.92,14.26,17.59,9.89,16.05,16.41,20.18,8.37,11.74,18.74,19.71,15.91,15.16,23.23,27.45,9.99,12.94,11.76,5.72,20.22,11.30,12.55,16.51,13.92,12.13,6.44,9.03,7.33,7.33,7.69,14.95,12.01,9.85,17.08,7.44,6.66,14.70,26.80,11.91,13.33,3.30,12.59,17.39,23.44,10.23,14.15,34.28,5.86,0.87,25.68,9.93,1.71,11.58,8.22,9.39,32.01,7.55,12.85,11.69,18.56,8.49,13.09,2.54,8.46,2.57,13.44,19.49,13.90,2.47,0.78,20.09,5.90,11.96,17.55,2.44,7.45,21.62,10.16
15	90205939	90207847	ACAGAGTCAGTGCCAGGGCC	1.02	HG02016:38.27	21.23,30.19,29.31,39.08,18.36,27.46,24.10,34.98,26.72,24.24,28.72,23.39,29.32,23.30,29.78,15.99,16.45,22.19,27.71,28.98,19.70,19.63,22.21,30.28,30.41,29.65,25.87,25.97,26.59,40.37,46.47,21.08,28.07,24.19,31.05,21.80,23.93,20.36,34.70,29.64,27.71,22.32,26.04,26.06,20.18,29.76,29.48,24.86,30.65,23.99,18.48,17.34,11.86,26.45,29.69,34.86,30.75,25.17,17.59,18.13,20.77,15.54,21.86,17.47,25.94,23.48,30.66,36.14,30.15,19.37,21.51,38.27,18.80,34.97,20.70,18.48,27.76,14.32,29.85,17.03,17.38,20.02,31.54,28.19,13.14,25.26,15.47,18.80,19.72,27.41,26.60,27.90,20.50,25.64,20.82,32.85,23.45,16.43,35.67,28.93,32.49,35.99,31.32,26.85,38.93,22.36,19.26,24.72,21.22,16.28,22.57,24.37,30.95,16.59,25.73,19.69,20.69,22.27,28.96,37.82,34.99,36.12,25.18,26.59,23.13,13.36,29.53,17.83,23.56,28.76,29.60,12.84,25.21,16.95,22.08,30.51,19.32,35.71,40.19,38.26,29.50,33.32,20.06,25.23,34.98,17.83,22.34,31.59,34.80,18.63
6	21965654	21965987	AGGAGGGGGGGGGGG	1.02	HG02016:1.66	0.80,0.81,0.83,0.80,0.84,1.66,0.82,0.81,0.87,0.84,0.85
22	43974318	43975800	AATGATGCCTGCATGTAGGG	1.00	HG02016:4.16	0.82,0.82,0.81,0.83,1.67,4.16,1.66,0.83,3.19,0.84,0.83,1.70,0.84,1.63,0.80,1.64,0.85,1.73,3.29,2.50,0.84,1.69,1.70,2.59,0.82,0.84,1.65,0.81,3.15,1.69,0.81,1.72,1.68,0.84,1.68,1.70,0.87,0.83,1.65,0.83,0.85,0.83,1.71,3.36,2.51,1.89,1.73,0.83,2.55,2.46,2.51,1.72,4.16,2.50,1.73,1.68,2.45,0.84,0.87,0.87,0.81,1.61,4.07,2.44,1.71,0.82,0.83,3.43,2.46,1.71,0.83,1.73,2.46,1.62,0.83,0.86,1.65,3.36,0.83,3.31,1.67,2.56,1.57,0.86,2.51,0.87,1.75,1.66,1.71,2.57,0.83,0.85,1.64,1.67,0.84,1.70,2.54,2.54,0.86,0.84,0.85,0.82,2.33,2.51,3.33,1.69,2.56,0.84,1.58,1.63,1.65,1.66,2.55,2.54
