motif	top_case_zscore	high_case_counts	all_counts
ACATACATGTATACATGCAT	8.27	HG03063:8.27	8.27
AAACTATATATAG	4.88	HG03063:9.10	0.82,0.82,2.49,0.83,0.83,3.33,0.84,1.67,1.68,2.55,1.68,3.29,4.11,2.44,0.80,1.71,0.82,1.62,3.22,1.68,1.94,3.37,1.70,4.07,2.54,3.43,2.52,0.84,0.85,2.57,3.31,0.80,0.83,1.69,5.98,1.68,0.84,0.82,1.89,0.84,1.66,0.84,1.64,1.68,0.86,0.83,0.82,0.84,2.42,0.90,2.61,1.61,0.81,0.81,0.85,0.83,1.71,1.65,0.83,2.59,0.84,3.29,0.81,0.85,1.65,1.68,0.83,1.67,1.57,0.86,2.51,5.22,1.67,5.81,0.86,0.86,9.10,0.82,0.85,1.64,0.84,0.86,0.86,0.84,1.69,0.85,1.69,4.23,0.86,0.84,4.91,0.82,0.84,4.66,0.83,5.06,0.79,3.25,0.83,0.83,2.54
ACCACCCAGCCTCC	4.20	HG03063:9.93	3.27,1.63,2.44,1.66,0.83,0.83,0.83,2.50,2.51,1.60,1.67,4.16,2.55,3.37,2.47,4.11,2.44,1.61,0.82,2.56,0.87,0.82,1.60,1.67,3.25,4.84,4.22,3.40,3.46,2.45,0.84,0.83,4.07,2.37,1.69,3.26,0.86,1.68,2.52,0.84,5.95,2.60,1.71,0.83,3.21,1.65,1.69,4.13,3.91,1.62,0.85,0.84,0.84,2.47,1.89,0.84,1.66,3.35,1.70,4.93,2.51,1.68,1.66,3.27,2.50,1.73,1.63,2.53,1.61,1.79,0.87,5.22,5.66,1.61,1.64,4.07,1.63,4.11,1.66,5.15,5.12,2.48,3.33,3.46,1.67,1.64,3.24,2.55,1.67,3.43,3.30,3.36,3.31,2.48,4.26,5.50,1.71,5.85,6.96,4.18,2.62,2.49,3.31,0.86,9.93,2.47,5.12,5.75,1.72,3.43,1.67,3.38,2.62,5.08,1.69,1.71,1.69,3.27,1.65,5.43,6.70,2.50,1.69,3.42,1.67,3.15,7.32,5.10,1.65,3.33,5.09,7.62
AAGAC	3.93	HG03063:13.24	43.25,13.24,24.63,23.59
AGCGCGGGAGGCGCAGGC	3.61	HG03063:12.41	4.08,0.81,5.82,5.84,7.49,2.49,2.51,1.68,1.66,3.29,4.93,3.26,2.41,7.68,0.85,4.01,8.35,0.84,5.90,1.70,3.35,7.33,2.44,2.58,2.52,1.68,0.87,0.83,3.21,1.65,4.96,1.62,0.85,2.52,0.84,2.47,0.86,0.84,1.66,8.37,1.64,0.84,0.83,0.86,1.63,0.84,4.03,1.79,3.48,5.66,1.71,11.50,1.66,3.43,1.64,4.27,1.67,1.73,4.19,2.43,8.33,0.86,8.24,2.52,6.63,6.70,0.85,11.00,6.00,7.83,5.86,2.62,8.30,3.42,4.14,1.71,12.41,5.75,3.41,6.57,0.84,5.15,2.57,5.85,2.55,2.62,0.85,5.99,4.20,3.39,4.09,3.36,10.09,0.83,4.21,9.40,3.34,3.15,2.44,6.79,2.48,0.83,10.18,10.16
ACGCCAGTCTCTGCCCC	2.89	HG03063:14.89	4.90,7.34,13.84,9.15,4.17,1.66,11.64,0.83,5.84,6.69,13.56,4.18,2.51,2.50,11.78,9.05,7.40,4.89,4.02,4.92,2.56,7.69,7.79,8.81,2.50,4.87,6.45,5.05,7.74,4.22,9.36,5.18,4.90,8.39,7.43,7.33,7.10,5.08,1.63,4.29,5.04,3.36,4.20,4.25,6.07,2.57,4.14,5.79,4.02,1.65,7.62,5.79,12.50,17.02,5.98,4.19,9.22,9.06,6.61,5.18,0.84,12.48,6.69,5.87,8.52,9.03,10.89,6.74,4.30,5.82,4.09,2.50,6.04,4.20,11.43,1.69,5.65,4.48,0.87,5.22,8.09,5.64,5.75,4.07,4.89,6.84,4.11,9.97,7.72,4.92,9.39,4.14,6.66,5.19,8.37,2.46,4.05,3.40,5.00,5.14,3.30,8.39,7.45,9.11,0.84,9.38,3.93,6.00,1.67,6.09,5.02,1.75,3.32,4.28,4.14,10.28,14.89,4.11,5.12,9.85,6.72,5.15,4.28,1.67,9.28,5.94,3.49,2.54,5.07,5.99,5.88,1.69,4.09,9.90,5.04,9.32,14.23,6.65,1.69,7.69,5.85,7.88,12.20,5.10,8.27,6.65,6.79,5.93
AAATGGTGAAGGGCACTGGG	2.18	HG03063:40.54	8.98,17.47,12.82,18.53,10.93,24.91,6.71,11.74,15.33,13.47,13.05,13.33,13.71,27.33,18.42,0.85,61.71,10.88,4.98,30.62,17.13,40.54,6.58,0.86,28.27,76.00,25.31,17.83,2.54,15.22,33.05,33.60,5.90,0.85,51.25,3.40,11.58,19.12,14.39
ACAGAGGCTGTG	2.02	HG03063:10.76	12.25,0.81,4.99,7.51,6.66,3.32,1.67,1.67,4.18,0.80,3.34,5.03,5.82,3.40,2.52,3.29,1.64,0.81,4.83,5.75,1.71,1.71,4.33,9.86,1.60,2.50,4.06,2.42,5.05,2.90,4.22,6.80,1.73,1.63,3.35,0.83,1.63,2.37,3.39,4.07,3.43,2.52,0.84,4.25,4.34,2.57,3.31,0.83,3.21,4.95,0.85,8.26,0.78,1.62,0.85,5.03,2.51,3.30,8.50,3.45,6.73,2.50,9.20,2.52,10.22,9.03,1.67,0.84,3.44,4.99,3.27,4.16,6.04,3.36,3.27,2.53,0.81,5.38,6.08,3.48,0.81,4.03,3.28,6.52,1.63,1.71,5.81,0.86,4.10,2.56,3.31,2.50,4.32,7.54,3.29,4.05,5.11,5.00,3.43,7.42,6.71,4.97,0.83,1.67,5.97,0.79,4.29,0.84,8.70,5.02,4.36,4.98,5.14,6.62,6.00,10.76,1.64,7.68,8.21,7.55,5.15,2.57,5.01,7.59,11.04,6.11,1.69,5.92,5.13,2.52,8.47,0.82,0.82,3.36,3.88,5.86,2.50,1.69,7.69,5.85,2.37,3.25,4.25,4.96,5.82,1.70,7.62
AATATATAT	1.65	HG03063:1.65	1.65
AACCATTCCTAGCCATTCCT	1.53	HG03063:1.65	0.84,2.57,1.65,0.84,0.84
ACGCTCCCTAGATGGGCC	1.37	HG03063:4.96	0.82,0.82,2.49,0.83,0.83,2.49,0.83,0.83,1.60,2.51,0.83,0.85,2.52,0.82,2.41,3.28,3.41,2.56,2.40,0.83,1.61,0.84,3.87,1.69,2.55,3.46,1.63,5.03,2.48,2.37,1.69,1.63,2.58,2.52,2.52,1.68,0.85,1.73,1.71,2.49,1.65,0.80,0.83,2.48,0.78,1.71,5.03,3.30,2.83,3.45,0.83,1.67,3.35,0.84,3.37,1.72,1.66,0.83,1.68,2.45,4.21,3.23,0.90,6.08,1.74,0.81,0.81,1.64,0.81,0.85,2.46,1.66,1.64,0.85,1.65,2.50,1.73,2.51,1.64,2.43,1.70,1.71,0.82,0.83,0.86,1.67,0.87,2.51,0.87,1.66,0.83,2.57,4.96,0.82,1.71,0.82,1.68,2.47,1.68,3.88,1.67,1.69,1.67,3.25,0.85,0.83,0.83,1.70,0.85
AAATGAAGGAAGGGAAGGG	1.30	HG03063:2.48	0.81,0.86,0.87,0.84,1.65,2.48,2.57,6.77,1.64,1.65,0.84,7.69,0.79,1.63
ACCATCCTCAGCTCACCCC	1.23	HG03063:4.96	1.63,0.82,2.50,1.66,2.50,0.83,1.67,2.39,1.67,0.83,0.85,0.84,2.47,3.26,1.61,3.41,1.71,2.40,3.34,2.43,0.84,1.63,1.68,2.48,0.81,3.36,0.84,1.68,2.55,3.31,1.61,0.83,0.85,0.83,1.56,0.81,2.52,1.65,1.89,5.86,0.84,0.85,4.93,0.84,3.44,0.83,0.82,1.67,0.86,3.36,0.82,2.53,3.23,0.87,2.61,0.81,0.81,1.63,1.64,2.49,0.86,2.46,1.73,0.84,3.24,0.85,3.33,1.71,0.83,1.67,0.85,3.93,0.86,3.34,3.42,2.48,3.43,4.96,2.47,3.41,0.82,3.43,0.86,1.67,2.55,4.36,6.77,2.57,1.65,5.88,2.33,2.51,0.83,2.56,1.63,2.55,0.83,0.83,1.69
AAATGGTGAGGGGCACTGGG	1.22	HG03063:65.36	3.27,8.16,6.51,1.66,2.50,14.98,1.66,3.33,2.50,4.18,8.77,5.85,4.19,7.49,4.25,4.21,9.87,3.29,1.63,8.05,9.03,5.97,10.38,2.47,13.62,4.17,6.49,10.48,10.09,4.84,4.22,2.55,10.37,7.35,4.19,2.48,7.33,6.31,6.77,3.26,4.29,4.20,5.04,6.73,0.85,5.20,3.43,3.31,3.31,11.25,1.65,1.69,7.44,7.03,6.49,7.69,15.94,3.35,5.77,3.78,5.18,5.04,4.16,7.55,12.77,1.64,5.02,9.26,3.44,3.33,3.27,3.33,3.45,4.20,3.27,4.21,4.03,1.79,5.21,11.31,4.04,2.42,3.28,5.70,2.44,2.56,4.11,4.98,5.15,2.46,1.71,10.75,4.16,3.46,5.02,4.05,4.25,11.66,21.42,2.47,19.30,48.04,28.16,13.40,5.97,7.86,119.13,5.85,3.48,3.35,4.36,14.94,10.27,63.71,12.85,65.36,17.26,4.27,16.42,5.04,4.29,8.57,93.54,3.38,15.28,4.36,20.30,7.61,0.86,4.20,77.97,23.71,7.42,78.13,7.76,16.75,6.65,18.54,23.92,3.34,18.92,92.74,13.59,45.50,4.99,7.64,15.24
ACAGGAGGGGAGCGG	1.08	HG03063:10.76	4.90,2.45,5.70,3.34,4.99,6.65,2.50,1.67,2.39,0.84,1.68,2.55,1.68,4.11,0.82,4.07,2.41,0.82,1.71,0.87,0.82,1.67,1.62,2.42,0.84,1.69,0.85,3.46,2.45,2.52,0.83,1.63,8.68,2.54,0.81,1.72,3.36,0.84,4.20,3.47,0.86,0.83,2.41,1.69,0.83,5.47,6.49,1.71,0.84,1.68,1.65,0.86,2.52,3.33,3.35,5.11,1.64,4.19,0.86,1.66,3.27,1.67,5.18,0.84,4.90,2.53,2.42,0.87,0.87,5.66,0.81,3.28,6.52,2.44,2.56,4.93,1.66,1.72,1.64,5.98,3.31,1.67,4.19,7.30,1.70,2.50,3.43,1.68,4.14,7.45,3.35,0.85,10.22,13.71,10.03,6.09,9.20,1.75,8.30,1.71,3.31,4.28,10.76,4.11,0.85,4.93,6.72,2.57,7.71,1.67,5.06,5.09,6.98,3.38,1.69,5.99,7.56,16.95,43.34,4.95,6.72,10.09,2.51,7.49,5.90,5.98,0.84,11.04,11.39,2.55,2.48,3.33,4.24,1.69
AAATGGACTATAACCACGGC	1.07	HG03063:1.65	0.81,0.82,0.87,0.85,1.65,0.86,1.70,0.87,0.85,0.86
