motif	top_case_zscore	high_case_counts	all_counts
AATCCCAATTGATGTAG	3.66	HG03064:92.90	61.69,24.16,90.65,9.43,0.84,68.09,35.69,36.80,67.85,25.65,92.90,55.00,25.89,43.04,62.58,45.35,47.43,79.99,64.55,15.72,9.15
AAGAGGTGATGGTATT	3.16	HG03064:3.29	2.56,0.84,3.29,3.34,0.85
AACTACCACCGTGACCCT	2.92	HG03064:3.29	0.85,0.83,0.83,3.29,1.65,0.84,1.63,2.55
ACAGACGCTGCCCACCTCCC	1.84	HG03064:6.58	1.67,3.35,1.68,0.81,1.64,4.27,2.60,0.83,0.84,0.97,4.32,1.65,1.69,1.68,2.52,1.70,2.60,2.48,0.78,0.81,4.72,4.16,1.67,0.86,5.72,0.86,0.84,4.08,1.69,3.48,1.62,1.61,1.64,0.81,1.63,2.56,0.82,2.57,2.46,3.33,1.67,1.64,1.70,5.14,1.65,1.70,0.79,5.85,0.84,3.32,0.83,2.57,6.58,3.41,1.64,1.72,3.38,2.54,4.28,0.85,9.00,0.82,6.99,4.19,3.33,0.85,2.51,3.15,4.99,4.24,1.69
AACCACCACCGTGACCCT	1.80	HG03064:2.47	0.83,0.86,0.84,3.49,2.57,2.47,0.84,0.86,0.82,0.79
AACACATATATATGG	1.64	HG03064:1.64	5.97,1.64
AATGAGTGAGTGAGTGAGTG	1.64	HG03064:1.64	1.64,0.85
ACAGGCAGGAGACGGGC	1.60	HG03064:2.47	0.83,0.82,0.82,0.83,0.85,1.63,0.85,0.86,0.83,0.94,0.90,0.85,0.85,0.84,0.82,0.81,0.85,0.83,0.85,1.57,0.87,0.83,2.47,0.84,0.84,0.85,0.82,0.84,0.83,0.83,0.85
ACACACCTGGGCTCCCATGC	1.52	HG03064:4.11	0.82,0.82,1.67,2.50,0.83,1.67,2.39,0.84,0.84,1.68,4.11,4.11,0.81,0.80,0.85,0.85,0.87,1.67,0.81,1.61,0.84,0.85,1.68,0.83,0.79,1.69,1.63,0.86,0.84,0.85,0.87,0.86,2.49,0.83,2.41,0.83,1.56,1.62,0.85,0.84,0.82,0.86,0.84,1.70,0.84,1.66,0.82,1.63,0.84,1.74,1.74,0.81,0.82,1.63,0.83,0.86,0.82,2.56,0.83,0.83,2.59,1.67,1.64,1.62,0.86,0.82,0.83,1.66,1.67,3.14,0.84,3.32,0.86,0.83,2.57,0.83,4.11,0.85,0.82,0.84,0.86,2.57,0.84,1.69,0.85,0.85,0.84,0.85,1.64,1.65,0.84,2.33,0.84,1.66,0.84,0.79,0.83,0.83,1.70,1.69
ACAT	1.52	HG03064:2.47	0.84,0.82,0.85,0.84,0.83,0.79,1.72,1.68,0.78,0.84,0.85,0.84,0.87,0.84,1.66,1.57,0.87,0.86,2.47,0.82,1.69,0.84,0.81
AAAGAAAGAAGGAAGGAAGG	1.32	HG03064:1.64	0.83,0.84,0.84,0.83,1.64,1.69,1.69
ACAGACGCTGTCCACCTCCC	1.12	HG03064:1.64	0.83,0.94,0.85,0.90,0.81,0.86,0.79,1.64,2.50
