motif	top_case_zscore	high_case_counts	all_counts
AAGAC	18.82	HG03574:23.59	43.25,13.24,24.63,23.59
AAGGCTCCTGACCCCACCC	16.32	HG03574:46.37	16.33,12.24,11.40,14.97,2.50,15.81,14.96,9.99,11.69,13.37,8.77,18.37,15.92,16.64,8.51,14.31,14.81,8.22,11.41,12.07,13.95,10.24,8.54,17.30,6.58,23.24,15.02,25.16,12.89,1.68,11.62,14.34,16.16,18.14,13.07,16.77,15.68,21.17,18.14,16.09,12.22,12.02,15.96,16.81,19.33,9.35,18.21,7.72,6.63,6.62,21.70,9.91,9.32,16.53,20.32,20.27,12.81,7.55,12.57,14.01,7.55,10.36,9.25,20.79,18.41,6.71,15.33,5.75,11.72,13.47,11.19,14.97,10.62,14.16,14.66,8.40,17.96,21.06,17.75,17.03,16.51,13.92,16.17,24.97,7.39,22.82,18.73,9.40,27.93,12.46,16.30,22.16,29.04,9.10,18.32,8.64,20.10,14.78,17.03,15.32,7.50,5.14,9.07,14.27,14.08,16.57,9.21,11.08,18.86,9.43,10.03,8.70,6.69,5.24,17.43,9.41,5.79,26.56,22.34,13.15,6.83,11.49,17.63,6.00,6.85,20.04,6.75,10.19,6.98,16.92,3.38,11.12,7.56,7.63,20.44,21.44,15.12,19.41,45.21,12.48,11.80,17.09,13.37,24.44,46.37,16.99,7.45,10.81,22.07,10.16
ACCCACTCTATCCCAGC	12.15	HG03574:31.73	7.35,5.71,9.77,8.31,19.20,5.82,9.14,14.99,10.85,5.85,2.39,27.56,5.03,9.15,14.46,14.81,8.22,1.63,10.46,4.10,6.83,9.40,5.19,9.86,11.68,14.61,6.45,6.73,5.81,0.84,3.40,6.91,6.54,7.55,6.60,5.70,21.30,12.70,8.15,10.30,5.04,15.97,11.77,5.10,11.27,5.14,8.28,1.65,4.02,4.13,0.85,12.40,7.03,0.81,16.23,5.03,2.51,1.65,11.33,1.73,1.68,11.64,5.02,0.84,1.70,11.50,4.19,6.74,5.16,3.33,13.08,3.45,4.20,8.17,7.58,8.88,6.27,0.87,4.35,9.70,6.44,13.14,4.89,8.14,3.42,8.22,6.64,13.73,12.31,1.71,4.96,6.66,4.32,12.56,8.92,8.51,2.50,11.14,7.42,10.07,5.80,8.28,2.51,7.67,6.29,10.28,10.03,6.09,11.71,6.98,14.94,7.70,2.48,0.86,17.37,14.80,14.51,13.96,13.43,4.29,0.86,5.01,8.44,17.83,2.62,16.07,7.61,5.99,10.08,5.93,7.36,11.54,4.20,17.86,6.70,11.65,9.27,5.98,6.69,21.29,31.73,5.94,0.83,9.15,13.58,16.09
ACACGGGACT	8.17	HG03574:12.20	1.63,0.81,2.49,0.84,0.83,6.58,6.58,2.44,1.61,0.85,1.73,4.93,1.67,0.81,0.81,3.36,0.97,3.27,0.84,0.84,1.70,0.83,0.83,1.65,0.83,4.69,1.62,0.84,0.84,1.65,1.89,0.86,2.50,3.35,0.84,1.70,0.82,1.68,0.83,0.84,1.61,0.90,1.74,1.74,0.81,0.82,1.63,2.56,4.11,1.72,1.64,0.83,2.47,0.84,2.56,0.79,0.84,0.84,0.87,1.71,0.83,5.14,3.31,4.93,2.46,0.86,1.69,1.70,0.87,2.54,1.68,2.33,0.84,2.53,12.20,2.48,1.70,0.85
AAGGTATGACTGTGG	7.84	HG03574:8.95	0.81,0.81,1.65,1.74,0.86,2.48,0.82,3.34,1.70,0.82,0.84,0.79,8.95,0.85,0.83,2.54
AAAGAAGGAAGGAAGGAAGG	7.38	HG03574:14.64	2.45,1.66,2.50,2.50,4.16,2.50,1.67,1.60,1.68,0.83,1.70,0.84,0.82,0.80,4.92,1.71,0.80,2.42,2.52,1.94,2.53,2.55,0.86,0.82,5.87,3.30,8.96,2.37,0.85,3.26,1.72,0.84,7.57,4.20,3.40,2.60,2.57,1.66,0.83,4.02,1.65,2.54,0.83,12.50,0.81,3.42,2.51,1.65,2.83,5.18,1.68,0.83,1.67,1.68,0.85,0.82,1.68,1.66,3.33,1.68,3.27,1.69,3.23,2.61,5.22,2.43,2.42,4.11,6.52,8.14,0.85,8.22,1.66,1.72,8.21,3.42,4.14,2.50,5.19,2.51,5.75,4.05,1.70,3.33,1.71,0.84,2.48,2.48,0.84,4.26,4.72,1.71,1.67,0.87,4.15,3.42,1.65,2.57,1.65,0.82,0.85,5.75,2.52,2.57,3.34,1.69,0.85,1.74,0.85,0.85,1.71,2.52,9.81,3.30,0.84,3.11,1.67,3.33,1.69,3.42,2.51,7.10,14.64,1.65,6.79,2.54
ACCCTATCC	6.70	HG03574:410.02	57.15,41.62,105.03,66.52,50.91,73.21,26.60,78.28,33.40,47.64,58.23,63.48,36.02,79.04,19.57,69.85,60.87,34.52,13.85,53.93,45.96,60.58,52.11,24.22,98.64,48.87,70.94,95.77,33.85,52.15,50.34,32.04,27.22,63.07,58.83,43.61,39.60,29.31,173.52,119.40,60.31,30.91,24.36,8.41,61.37,20.41,11.27,27.43,13.25,77.75,126.17,20.64,12.70,57.85,82.83,230.24,81.15,25.17,9.22,182.94,60.41,12.09,36.99,58.22,14.23,3.35,5.96,44.35,16.75,39.58,39.58,26.62,28.61,14.16,102.64,51.25,11.43,86.78,20.17,50.18,49.53,86.15,97.04,31.42,81.29,62.75,47.22,66.65,80.51,16.61,57.49,21.33,94.80,112.50,17.49,45.81,202.66,110.88,30.00,33.19,5.83,89.12,28.02,135.94,79.51,241.86,31.81,45.18,61.30,12.86,95.30,24.37,154.77,15.71,193.38,42.80,143.15,11.14,86.87,40.28,132.29,160.89,85.62,86.62,12.85,151.16,56.54,103.56,326.29,49.91,66.81,65.03,4.20,99.16,181.54,154.20,68.05,357.10,519.95,21.63,49.72,55.54,54.33,50.46,410.02,33.97,43.85,81.48,111.18,70.28
AAATGGTGAAGGGCACTGGG	4.43	HG03574:51.25	8.98,17.47,12.82,18.53,10.93,24.91,6.71,11.74,15.33,13.47,13.05,13.33,13.71,27.33,18.42,0.85,61.71,10.88,4.98,30.62,17.13,40.54,6.58,0.86,28.27,76.00,25.31,17.83,2.54,15.22,33.05,33.60,5.90,0.85,51.25,3.40,11.58,19.12,14.39
ACACAGGACAGGTGGGGG	3.91	HG03574:7.32	0.82,0.83,0.83,2.39,0.84,0.81,0.80,2.56,0.81,3.87,0.79,0.84,0.84,1.66,0.85,0.83,0.84,1.68,1.64,0.86,0.82,0.87,4.35,0.81,0.85,2.49,0.83,0.82,0.83,2.47,3.36,3.31,0.86,3.34,2.61,0.84,2.62,2.49,0.86,1.71,1.65,2.47,0.85,3.28,8.58,2.53,0.85,0.84,2.33,3.35,0.83,11.04,7.32,2.48,0.83,4.24,1.69
ACACCCTCCATCCATCCC	3.58	HG03574:21.97	5.71,6.53,14.66,2.49,5.01,4.16,8.31,4.16,3.34,7.52,9.57,0.84,2.51,5.82,7.66,5.05,6.58,10.69,4.89,8.85,3.28,4.27,3.42,8.22,10.42,9.18,13.80,11.28,10.93,7.74,10.12,5.95,6.05,9.81,10.90,13.20,14.66,22.87,9.32,8.15,7.73,9.24,12.61,5.04,8.50,11.27,4.29,4.96,16.88,4.95,6.77,6.61,26.57,14.59,0.85,1.68,2.51,4.94,5.66,3.45,2.52,8.32,6.69,5.03,4.26,9.03,4.19,9.26,10.33,15.81,1.63,3.33,5.18,8.40,5.72,8.43,20.98,2.69,7.82,6.09,15.36,14.50,9.85,17.11,13.03,6.84,1.64,2.49,7.72,7.39,12.41,4.16,6.92,10.89,2.46,10.54,0.85,1.67,12.00,4.94,7.55,10.88,5.11,26.72,6.86,5.85,5.22,6.69,5.24,6.64,8.56,3.43,6.62,1.64,10.24,4.10,7.55,8.58,8.35,1.69,8.49,4.36,7.61,1.69,1.71,5.93,16.35,5.77,10.08,14.75,13.40,3.33,6.74,6.84,12.54,14.19,21.97,9.34,9.10,5.82,2.55,7.62
ACGCATCTCCTCACTCC	3.31	HG03574:8.14	1.63,0.82,0.83,0.83,1.67,2.50,5.11,4.11,1.63,1.61,1.64,2.60,1.60,0.97,0.84,0.85,1.63,1.58,0.81,2.52,0.83,4.95,0.83,2.34,0.84,3.30,0.86,2.51,0.84,1.70,2.51,0.83,0.86,0.84,1.63,1.61,0.90,2.44,0.81,2.49,0.86,1.64,1.65,0.83,0.82,3.24,4.17,2.57,4.12,0.83,1.70,5.50,0.84,1.74,0.84,1.75,1.71,0.86,1.65,2.47,5.12,0.84,0.86,1.71,0.84,2.55,3.49,5.08,3.38,1.71,0.84,0.82,3.30,0.84,4.66,3.42,1.67,9.46,8.14,3.40,2.48,7.64,5.93
ACCCGGCCCCCAGCCCAGT	3.25	HG03574:3.25	0.84,3.25
AGATATAGATATAGATATAT	3.03	HG03574:3.25	1.60,1.70,0.83,1.71,0.82,3.25
ACACGGGACTACACGGGGCT	2.94	HG03574:5.69	1.63,2.45,0.81,1.66,1.66,0.83,0.83,0.80,4.11,4.07,1.61,0.82,0.87,0.80,2.43,0.81,0.84,1.69,0.84,2.37,0.86,0.83,1.65,0.78,3.24,0.85,0.84,0.84,1.65,4.16,0.84,0.84,0.85,1.64,0.86,0.84,0.81,0.90,0.81,0.82,1.63,0.85,2.46,3.40,3.33,0.82,0.83,0.84,1.57,0.83,0.86,0.83,1.65,4.10,1.69,1.70,0.87,0.85,0.85,1.64,0.84,5.69,0.83,0.85,0.85
AAATGGTGAGGGGCACTGGG	2.53	HG03574:92.74	3.27,8.16,6.51,1.66,2.50,14.98,1.66,3.33,2.50,4.18,8.77,5.85,4.19,7.49,4.25,4.21,9.87,3.29,1.63,8.05,9.03,5.97,10.38,2.47,13.62,4.17,6.49,10.48,10.09,4.84,4.22,2.55,10.37,7.35,4.19,2.48,7.33,6.31,6.77,3.26,4.29,4.20,5.04,6.73,0.85,5.20,3.43,3.31,3.31,11.25,1.65,1.69,7.44,7.03,6.49,7.69,15.94,3.35,5.77,3.78,5.18,5.04,4.16,7.55,12.77,1.64,5.02,9.26,3.44,3.33,3.27,3.33,3.45,4.20,3.27,4.21,4.03,1.79,5.21,11.31,4.04,2.42,3.28,5.70,2.44,2.56,4.11,4.98,5.15,2.46,1.71,10.75,4.16,3.46,5.02,4.05,4.25,11.66,21.42,2.47,19.30,48.04,28.16,13.40,5.97,7.86,119.13,5.85,3.48,3.35,4.36,14.94,10.27,63.71,12.85,65.36,17.26,4.27,16.42,5.04,4.29,8.57,93.54,3.38,15.28,4.36,20.30,7.61,0.86,4.20,77.97,23.71,7.42,78.13,7.76,16.75,6.65,18.54,23.92,3.34,18.92,92.74,13.59,45.50,4.99,7.64,15.24
ACACCCTCACCCGGGC	2.44	HG03574:4.07	0.82,0.83,0.83,0.84,0.80,0.84,0.82,1.61,0.82,0.80,0.83,0.81,0.81,0.97,0.84,0.85,0.83,0.79,0.85,0.81,1.68,0.84,0.85,0.86,0.83,0.83,1.56,0.85,1.68,1.66,0.84,0.83,0.82,1.67,0.86,1.61,0.81,0.82,0.81,1.63,0.82,2.46,0.82,0.83,1.68,1.66,0.86,0.87,0.84,0.87,1.66,0.83,1.71,0.83,0.85,0.82,0.86,0.84,0.87,0.85,1.69,0.82,0.84,0.78,0.84,0.85,0.84,0.79,4.07,0.83,0.85
AATGTCCGTGGCTGCGGTGT	2.43	HG03574:21.15	2.45,13.87,13.03,2.49,5.01,2.50,4.99,2.50,5.84,3.34,10.37,7.52,2.51,16.64,3.40,4.21,3.29,3.29,7.33,6.44,9.85,3.41,5.13,2.60,3.29,2.40,4.17,17.04,19.34,2.52,4.84,3.37,5.10,2.59,2.45,2.52,0.83,8.96,13.41,5.93,1.63,12.02,5.04,6.73,0.84,5.95,1.71,3.31,3.31,1.61,4.13,5.93,2.48,4.69,6.49,2.56,3.36,4.19,3.30,1.89,1.73,2.52,4.16,18.41,4.19,5.11,4.93,15.07,2.53,3.44,4.99,3.27,2.50,5.18,5.88,4.08,5.90,4.84,2.69,6.08,6.09,2.43,2.42,2.46,7.33,3.26,4.27,5.75,4.15,3.43,10.67,4.27,5.79,4.16,5.86,6.57,1.62,9.36,8.33,3.43,9.07,1.68,4.97,26.51,4.19,9.38,9.43,6.86,0.84,3.48,4.18,0.87,4.15,0.86,9.10,12.41,8.22,0.85,7.39,10.91,2.57,2.57,15.87,7.59,7.61,6.77,10.27,5.04,2.54,7.36,17.32,5.88,27.17,15.91,7.49,5.90,1.71,0.84,25.23,21.15,15.29,5.79,3.33,3.39,16.09
AGGG	2.18	HG03574:4.07	0.81,0.83,0.83,1.67,0.84,0.85,0.82,0.81,0.85,0.84,0.85,0.86,0.84,0.85,1.56,0.84,0.84,0.84,1.72,1.68,0.81,0.90,1.74,2.43,0.81,0.82,2.59,0.81,0.86,0.83,2.36,0.86,0.84,1.74,1.65,0.84,0.86,1.69,3.27,0.82,0.78,1.67,1.67,2.37,4.07,0.85,1.65,1.66
AACCCTCGCCACTCC	2.18	HG03574:4.07	0.80,1.68,4.20,0.82,0.84,1.63,1.72,0.82,1.68,0.83,0.86,1.66,1.71,0.83,0.85,2.52,2.57,1.70,4.09,3.88,0.84,4.07,1.66,0.85
ACACCCCAGACCCCACTG	2.02	HG03574:5.69	0.81,4.99,0.83,2.50,0.83,0.84,0.82,0.82,2.44,1.61,0.85,0.84,4.25,0.86,2.45,1.68,0.85,0.84,0.84,0.85,0.86,3.31,2.41,1.69,0.78,0.81,2.52,0.84,1.68,2.51,3.29,0.83,3.27,1.67,2.69,2.43,0.81,0.82,1.63,4.89,0.82,0.83,1.73,1.70,1.67,1.68,1.66,1.70,1.57,3.48,1.67,2.49,1.65,0.83,0.82,1.71,3.36,2.57,0.84,0.85,0.87,0.85,0.86,0.84,4.09,2.33,1.67,3.33,4.21,4.18,3.94,5.69,0.85,0.83,3.33,0.85,0.85
AGAGAGAGAGGGAGGC	1.94	HG03574:3.25	0.82,0.81,0.83,1.67,0.84,0.80,0.84,0.82,1.61,0.86,0.84,0.79,0.86,0.83,1.61,0.83,0.81,0.85,0.84,0.82,0.86,0.81,1.63,0.85,1.65,0.83,1.67,0.85,0.84,0.84,0.84,2.51,2.37,3.25,0.83,0.85
AGG	1.87	HG03574:99.25	52.25,37.54,62.69,56.54,34.22,41.60,40.73,29.98,48.43,57.67,40.68,50.11,39.37,42.43,47.65,55.54,64.98,46.85,32.60,41.05,64.02,40.96,47.84,38.93,29.59,44.87,43.40,65.74,48.35,38.69,37.76,32.89,43.38,52.70,55.56,46.12,47.85,61.88,114.37,42.34,39.93,48.08,45.36,38.67,68.93,41.67,60.70,44.58,63.79,38.88,97.24,23.12,38.96,52.89,101.59,37.29,35.02,48.66,44.40,53.56,44.36,37.13,42.87,63.21,43.51,31.87,34.92,43.53,47.73,48.00,31.84,51.58,58.85,38.30,32.78,37.81,62.06,41.28,75.04,34.95,43.44,47.86,59.84,62.83,45.98,67.64,61.88,43.58,101.87,55.64,54.91,62.36,52.10,35.57,54.12,29.39,40.20,35.32,60.81,33.19,43.32,34.28,39.56,49.51,46.38,72.89,34.33,29.84,75.45,48.85,32.60,53.97,34.30,48.89,50.63,40.23,54.61,55.68,47.99,41.11,52.06,63.21,52.88,27.44,28.27,59.30,35.44,40.75,46.24,37.22,46.51,36.79,47.89,50.00,101.40,46.18,36.12,76.85,94.61,37.43,42.14,59.81,68.54,77.26,99.25,45.01,28.95,74.00,37.34,40.64
AAGGGAG	1.78	HG03574:5.69	4.08,5.71,1.66,5.82,0.84,0.80,1.70,0.84,0.83,2.42,3.36,0.86,0.81,0.86,1.68,0.85,1.73,1.61,0.85,3.13,0.81,0.84,1.68,2.47,0.94,0.84,0.84,1.70,0.82,0.84,1.68,4.99,0.81,1.64,0.81,0.82,2.43,1.66,0.83,1.67,0.79,5.24,0.83,2.48,1.71,2.48,0.82,0.86,1.67,0.87,3.38,0.84,2.54,4.91,1.65,3.11,1.67,1.66,1.71,1.67,0.79,5.69,5.10,0.83,1.70
AAAGGTGTGTGCGGGTGG	1.70	HG03574:5.69	0.82,0.82,1.63,1.66,0.83,0.83,0.83,1.67,3.34,1.66,0.85,6.58,0.80,1.64,0.87,0.82,1.60,1.67,0.81,2.42,1.94,3.37,2.59,3.27,5.87,1.65,1.63,0.79,0.85,0.81,3.43,1.68,0.84,3.36,0.85,0.86,1.66,1.65,1.61,2.48,0.85,0.83,3.91,5.98,1.68,2.47,1.89,1.68,2.50,1.68,2.55,4.93,0.84,0.83,0.86,0.84,0.84,1.61,1.74,0.87,1.61,1.63,0.81,0.83,4.14,1.67,1.64,1.62,0.85,1.67,0.86,2.47,0.84,2.48,0.79,1.71,0.83,0.86,3.31,8.53,4.10,0.84,1.72,2.51,0.87,3.36,1.69,1.65,0.78,0.84,0.84,2.56,3.34,2.37,5.69,0.85,0.83,0.83,0.85,0.85
ACAGGAGGGGAGCGG	1.66	HG03574:11.39	4.90,2.45,5.70,3.34,4.99,6.65,2.50,1.67,2.39,0.84,1.68,2.55,1.68,4.11,0.82,4.07,2.41,0.82,1.71,0.87,0.82,1.67,1.62,2.42,0.84,1.69,0.85,3.46,2.45,2.52,0.83,1.63,8.68,2.54,0.81,1.72,3.36,0.84,4.20,3.47,0.86,0.83,2.41,1.69,0.83,5.47,6.49,1.71,0.84,1.68,1.65,0.86,2.52,3.33,3.35,5.11,1.64,4.19,0.86,1.66,3.27,1.67,5.18,0.84,4.90,2.53,2.42,0.87,0.87,5.66,0.81,3.28,6.52,2.44,2.56,4.93,1.66,1.72,1.64,5.98,3.31,1.67,4.19,7.30,1.70,2.50,3.43,1.68,4.14,7.45,3.35,0.85,10.22,13.71,10.03,6.09,9.20,1.75,8.30,1.71,3.31,4.28,10.76,4.11,0.85,4.93,6.72,2.57,7.71,1.67,5.06,5.09,6.98,3.38,1.69,5.99,7.56,16.95,43.34,4.95,6.72,10.09,2.51,7.49,5.90,5.98,0.84,11.04,11.39,2.55,2.48,3.33,4.24,1.69
ACCACCCAGCCTCC	1.62	HG03574:7.32	3.27,1.63,2.44,1.66,0.83,0.83,0.83,2.50,2.51,1.60,1.67,4.16,2.55,3.37,2.47,4.11,2.44,1.61,0.82,2.56,0.87,0.82,1.60,1.67,3.25,4.84,4.22,3.40,3.46,2.45,0.84,0.83,4.07,2.37,1.69,3.26,0.86,1.68,2.52,0.84,5.95,2.60,1.71,0.83,3.21,1.65,1.69,4.13,3.91,1.62,0.85,0.84,0.84,2.47,1.89,0.84,1.66,3.35,1.70,4.93,2.51,1.68,1.66,3.27,2.50,1.73,1.63,2.53,1.61,1.79,0.87,5.22,5.66,1.61,1.64,4.07,1.63,4.11,1.66,5.15,5.12,2.48,3.33,3.46,1.67,1.64,3.24,2.55,1.67,3.43,3.30,3.36,3.31,2.48,4.26,5.50,1.71,5.85,6.96,4.18,2.62,2.49,3.31,0.86,9.93,2.47,5.12,5.75,1.72,3.43,1.67,3.38,2.62,5.08,1.69,1.71,1.69,3.27,1.65,5.43,6.70,2.50,1.69,3.42,1.67,3.15,7.32,5.10,1.65,3.33,5.09,7.62
AAGGAGGGAAGGGG	1.59	HG03574:2.44	1.66,0.80,0.80,0.81,0.84,1.70,0.83,0.83,0.83,0.84,0.86,1.69,0.83,0.84,0.85,2.44,0.83
AGGAGGAGGCGGCGGCGG	1.56	HG03574:1.63	0.83,0.82,0.80,0.82,1.63
AACACCAGCGTCATG	1.55	HG03574:1.63	0.84,0.86,0.78,1.63,0.83
AAGG	1.44	HG03574:73.22	39.19,17.95,52.11,59.87,55.09,69.05,30.75,27.48,41.75,43.46,51.85,21.72,21.78,46.59,40.84,25.25,23.03,19.73,15.48,20.12,54.99,24.74,17.94,51.04,46.86,25.64,5.01,38.96,27.40,25.23,49.37,36.26,69.75,36.28,58.01,53.67,36.30,57.81,60.73,51.66,37.49,42.93,32.76,43.72,37.83,56.12,42.49,37.72,70.42,17.37,78.75,43.76,37.26,24.79,70.33,34.05,46.13,11.75,18.43,42.03,45.31,36.27,58.85,12.48,56.06,17.61,58.76,53.38,62.81,23.58,33.56,56.57,27.79,43.30,25.01,35.29,52.26,43.81,47.61,52.87,30.41,47.86,45.28,30.61,55.01,42.38,60.25,39.31,47.65,33.22,36.89,73.85,56.37,43.84,39.14,54.46,27.64,23.82,74.59,47.65,37.49,29.99,45.33,47.83,45.55,58.81,52.75,42.62,56.59,56.56,28.42,40.91,36.81,47.14,63.08,41.94,48.82,71.96,33.09,24.66,29.87,55.82,33.58,38.59,33.41,37.58,38.82,30.56,41.00,45.68,38.06,35.94,39.49,33.90,46.61,27.21,23.52,69.87,47.72,28.28,37.08,49.56,52.66,61.50,73.22,43.31,46.33,45.73,32.25,33.87
AACTACCACCGTGACCCT	1.29	HG03574:1.63	0.85,0.83,0.83,3.29,1.65,0.84,1.63,2.55
ACAGAGGAGAGGGAGAG	1.26	HG03574:13.02	8.16,12.21,7.48,2.50,1.66,11.64,2.50,2.51,5.58,4.18,4.19,10.82,11.91,4.21,4.11,10.59,6.44,7.39,5.12,3.42,5.19,3.29,4.01,11.68,4.03,5.89,6.78,4.22,1.70,13.82,5.72,18.14,5.15,4.20,0.84,3.36,3.40,5.78,12.70,8.60,6.49,11.10,3.36,5.77,4.72,9.50,4.20,4.16,1.68,4.93,8.37,3.44,12.48,4.90,1.67,4.08,5.90,5.65,0.90,5.21,3.48,0.82,4.98,6.56,11.10,4.14,2.59,5.02,4.93,6.49,4.17,6.00,3.36,9.94,1.66,4.19,2.56,6.29,3.43,5.85,6.96,4.36,1.66,5.14,7.45,1.71,9.10,4.11,7.68,4.93,2.52,2.57,10.86,7.59,7.64,4.36,4.23,5.07,3.42,4.20,4.24,21.26,4.95,0.84,6.99,2.53,13.02,5.10,0.83,1.66,4.24,8.47
AAAGAGGGAGAGAGAG	1.24	HG03574:3.25	2.44,1.60,0.83,1.70,0.82,0.81,1.64,3.41,0.85,0.81,0.86,0.83,0.82,0.84,0.85,1.70,2.52,3.31,0.85,3.32,0.83,0.82,3.38,0.86,0.85,1.64,1.58,3.25
ACAGAGGAGAGGCAGAG	1.23	HG03574:21.15	17.14,25.24,12.47,12.52,4.99,14.13,11.66,5.01,17.55,9.19,6.70,10.82,19.57,5.05,7.40,17.93,16.90,9.85,9.39,8.54,10.38,15.62,6.41,18.36,5.64,10.93,9.68,5.06,10.21,19.87,8.17,7.55,24.45,6.01,3.36,5.04,5.88,5.10,4.95,17.78,14.85,17.84,21.35,9.23,1.65,9.44,19.86,7.57,8.32,3.35,7.39,13.40,9.47,21.63,9.81,7.49,13.88,7.58,14.52,14.34,2.61,6.09,9.03,2.56,4.98,15.59,12.81,15.72,4.32,7.54,6.57,9.73,7.50,10.28,2.47,6.71,15.74,2.48,14.23,8.52,17.29,2.57,5.85,12.19,7.86,8.30,9.41,12.41,2.57,9.93,8.22,6.83,5.75,9.23,1.72,3.43,8.35,16.03,12.73,5.23,11.00,11.84,11.98,14.28,9.32,31.07,13.19,5.04,16.30,2.50,0.84,21.15,7.64,4.16,9.34,13.55
ACC	1.20	HG03574:1132.42	997.60,1040.40,910.26,894.69,763.69,975.08,1013.19,841.08,996.96,1021.32,849.52,783.43,854.38,965.10,1123.97,937.51,973.03,841.68,858.13,972.38,798.58,849.00,688.60,731.02,767.77,877.33,1034.95,836.81,958.15,842.75,915.80,701.58,1054.75,885.50,835.08,847.82,831.67,891.61,1234.37,779.09,824.73,965.01,919.85,981.11,874.26,653.09,1011.12,681.52,724.04,687.36,900.04,612.58,813.82,913.21,985.38,752.33,809.77,771.83,849.49,1049.00,753.23,776.38,869.26,946.55,1210.83,660.87,810.76,987.15,749.48,666.13,765.85,812.75,867.97,696.10,720.23,750.31,903.12,784.38,997.30,708.85,709.89,650.93,852.31,907.01,807.96,969.83,871.19,654.53,969.39,905.21,832.27,935.45,668.71,804.02,854.31,594.73,845.00,654.57,839.96,878.98,743.91,829.51,815.05,815.65,814.15,1094.18,678.16,722.87,1040.57,692.49,762.42,1086.34,806.48,798.76,1234.97,769.46,796.85,1066.50,858.81,818.84,1109.53,1035.96,969.49,704.95,513.20,896.94,1231.14,779.28,613.32,881.50,767.88,768.42,942.77,722.07,1081.86,773.47,761.98,989.79,977.10,836.78,700.33,1098.79,810.72,968.96,1132.42,973.28,747.85,968.61,775.71,966.98
ACACCGCGCCTGAGCCCGGG	1.18	HG03574:2.44	0.83,0.84,2.47,0.85,0.81,0.82,0.85,0.84,0.83,2.51,0.84,0.84,1.66,0.82,0.85,0.83,0.85,0.86,0.82,0.79,1.66,0.84,0.85,1.65,0.84,0.84,2.37,2.44,1.70,0.85
ACACACCTCACCCACCT	1.11	HG03574:5.69	1.63,3.33,0.83,0.83,0.83,0.83,0.84,0.80,0.84,0.84,2.50,3.40,3.37,4.94,0.82,2.44,2.41,0.82,2.56,2.56,3.46,0.82,2.40,3.25,2.42,3.36,3.87,4.32,4.90,1.68,0.83,4.07,2.37,1.69,0.81,0.86,1.68,0.84,0.84,0.87,1.71,0.83,4.82,0.85,2.48,2.34,1.62,0.84,0.84,3.30,1.89,1.73,1.68,1.66,1.67,1.68,5.11,0.82,2.51,3.37,0.86,4.99,1.67,1.73,0.84,0.81,2.69,1.74,4.04,1.63,1.63,3.29,0.83,2.57,1.64,2.56,0.83,4.16,1.70,2.50,3.43,1.65,3.36,2.48,0.83,0.85,0.79,2.57,1.74,2.62,4.14,0.86,2.48,0.85,3.36,2.57,0.86,5.06,2.62,2.54,1.69,0.86,0.82,5.02,0.83,0.84,1.71,3.34,0.79,5.69,0.85,2.48,1.66,0.85
