#contig	start	end	unit	top_case_zscore	high_case_counts	all_counts
13	28413173	28414055	AAAAT	24.74	HG03040:24.84	0.81,0.86,24.84,2.48,4.16
14	66633802	66634814	AAAG	22.27	HG03040:22.27	22.27,11.69
3	136420708	136421213	AG	18.85	HG03040:18.85	18.85
4	153978765	153979847	AAGG	17.73	HG03040:18.85	0.82,0.83,0.83,18.85,1.71,1.68,1.69,0.84,0.82,3.36,2.33,0.84,3.40
1	16462788	16463528	AAG	17.13	HG03040:17.13	17.13
GL000216.1	17850	23875	AATGG	12.21	HG03040:24.84	2.45,4.08,4.89,3.33,2.50,14.14,6.65,9.16,5.01,6.69,3.99,1.67,3.33,11.91,10.94,8.23,2.47,2.44,4.83,2.46,9.39,5.13,5.19,13.15,4.01,8.35,4.87,4.84,5.89,3.87,3.37,3.40,4.32,0.82,10.06,1.65,1.63,3.94,4.23,0.81,7.73,1.68,1.68,5.10,6.07,7.72,5.79,1.61,9.08,7.62,4.96,2.34,3.24,1.71,5.03,10.05,3.30,2.83,12.95,10.09,3.33,8.37,7.55,3.41,2.46,1.67,9.26,19.79,10.81,2.45,9.99,4.20,0.82,5.06,4.84,9.56,6.09,6.47,2.42,0.82,1.63,0.85,4.11,9.14,3.43,0.82,4.27,0.83,1.67,3.46,5.86,0.82,1.62,5.00,6.00,14.83,10.07,12.42,6.63,10.05,5.97,3.14,7.71,6.69,3.48,4.18,4.36,5.81,2.57,2.48,24.84,4.14,6.58,7.68,13.13,2.52,7.72,6.85,10.86,2.53,8.49,10.47,3.38,21.14,4.28,1.68,8.47,12.27,3.30,0.84,4.66,3.35,8.32,5.90,3.42,4.18,0.79,7.32,11.89,10.75,3.39,5.08
2	37193448	37194610	AC	10.35	HG03040:18.85	1.63,5.85,7.98,8.51,1.68,2.47,1.61,6.06,5.01,3.36,8.43,4.25,2.45,5.03,4.13,7.56,5.88,8.28,11.58,8.84,5.78,0.83,4.27,7.54,8.61,2.45,9.49,3.36,19.60,8.70,4.93,6.64,1.71,7.49,3.30,5.02,0.85,2.57,9.13,3.42,1.65,18.85,5.75,5.04,7.52,5.06,3.40,3.38,4.28,1.65,1.65,4.24
2	48791021	48792333	AAG	9.72	HG03040:15.42	0.83,0.83,1.67,1.68,0.82,0.82,1.64,0.87,1.64,0.80,2.43,1.69,2.45,0.84,1.65,0.81,0.86,0.84,0.86,0.83,0.83,0.81,0.85,1.68,0.86,0.83,0.84,0.84,1.72,2.45,0.86,17.64,0.82,0.84,0.87,0.87,0.86,0.85,1.65,0.86,1.66,0.84,3.93,0.86,1.67,0.84,4.36,0.86,15.42,4.96,0.82,0.84,0.86,8.35,2.54,1.71,0.84,0.81,0.83,0.85
GL000220.1	135200	137244	AG	9.44	HG03040:295.54	68.57,49.78,104.22,78.99,53.42,145.60,111.38,72.45,122.74,144.59,133.21,69.32,115.59,108.99,130.18,79.11,78.96,100.28,123.06,67.62,128.86,69.97,97.39,77.00,83.85,108.16,44.24,115.25,98.31,64.76,126.82,154.31,93.57,43.20,154.43,165.20,191.42,162.85,89.13,111.78,57.05,76.41,131.05,74.82,56.32,118.20,68.51,99.44,83.67,74.44,109.29,115.58,132.11,69.42,42.98,30.81,59.79,135.91,87.13,94.76,50.97,103.63,83.23,86.50,188.28,34.39,131.15,65.70,97.14,42.95,80.89,123.95,133.22,57.45,62.97,92.42,118.40,63.19,102.47,111.12,85.15,115.74,103.51,67.66,119.06,107.58,69.21,102.54,56.68,161.11,140.71,155.09,79.43,81.06,114.08,160.78,129.81,78.02,98.91,151.46,188.27,109.69,156.58,180.42,97.73,149.09,135.63,69.05,145.40,173.12,87.78,126.22,76.97,78.57,176.78,136.94,172.94,295.54,132.38,118.39,258.61,101.79,71.35,86.62,151.65,163.69,142.61,199.49,115.16,106.59,156.45,104.40,69.74,124.58,115.30,56.90,84.85,116.45,83.73,94.82,111.24,201.64,95.28,120.63,167.59,84.93,129.05,197.05,124.76,87.21
1	228361297	228362634	ACAGCGAGCCGCGCCC	7.72	HG03040:16.28	3.43,10.05,2.62,9.41,16.28,11.84,0.85
18	56494689	56495196	AGGCCGGCCCTGC	7.70	HG03040:7.71	3.31,0.84,7.71,1.68
3	74214553	74215960	AAG	7.52	HG03040:19.70	4.08,0.82,1.63,0.83,1.67,0.84,0.84,1.66,3.40,1.65,1.63,2.41,1.64,0.85,3.42,0.87,2.50,0.81,0.81,3.36,1.69,2.55,3.46,3.27,3.35,1.63,4.07,0.84,0.84,5.04,2.55,6.07,0.86,2.49,2.48,3.21,0.78,5.98,2.52,3.45,5.04,1.66,0.84,0.84,0.84,0.84,0.86,4.90,0.83,3.36,2.45,0.84,0.90,4.34,0.87,0.81,2.42,1.64,4.89,1.63,3.32,0.86,0.82,3.31,2.59,5.02,2.46,9.73,3.40,2.50,3.43,11.54,0.84,14.91,9.21,6.82,1.57,1.71,8.36,1.74,2.51,12.22,2.49,6.85,2.48,19.70,4.14,4.11,5.12,5.75,1.68,3.43,2.57,0.84,5.06,6.79,2.62,17.77,1.69,0.86,0.84,9.81,3.30,10.92,4.19,9.98,3.37,11.11,12.54,3.94,5.69,0.85,4.99,11.88,5.93
3	16159521	16160071	AATATATAT	7.47	HG03040:10.28	0.82,0.83,3.33,0.83,0.80,0.84,1.67,4.29,0.85,2.34,0.94,4.17,2.57,0.84,0.83,1.67,10.28,1.65,3.36,4.18,0.85,4.95,2.50,1.69,0.85,0.83,2.55,0.85
GL000216.1	27655	83217	AATGG	7.40	HG03040:318.66	145.31,121.58,122.94,163.80,103.49,236.28,157.92,175.71,178.68,208.11,122.04,120.27,109.73,155.58,179.53,143.07,152.99,127.40,114.09,132.82,141.17,174.07,168.30,209.36,148.79,157.84,219.51,150.97,102.34,207.74,102.62,115.53,176.93,75.16,111.94,128.31,121.29,73.28,116.73,126.18,89.64,148.53,138.61,73.98,79.02,123.30,169.10,143.16,74.56,165.43,79.56,177.50,149.05,166.94,100.02,61.61,97.38,255.04,212.79,103.00,113.27,208.99,252.20,128.09,207.52,168.57,200.99,82.95,114.72,114.53,228.03,270.36,147.11,167.36,81.08,142.84,89.01,102.79,147.66,88.72,212.88,171.43,122.11,45.11,81.29,69.27,99.33,91.43,81.33,135.37,119.26,81.24,88.82,79.41,114.08,128.80,201.83,98.56,80.27,91.90,183.27,182.53,196.96,280.28,160.68,154.89,192.56,109.11,131.25,179.12,116.20,198.47,169.83,167.61,122.83,147.22,158.87,318.66,123.28,152.92,174.11,158.43,164.52,162.94,147.36,215.47,167.92,211.37,204.15,131.97,227.49,133.49,150.41,235.60,150.46,83.28,134.42,128.87,99.64,139.74,171.08,227.28,176.35,68.59,162.70,92.57,151.39,170.44,115.42,138.87
2	39713443	39714610	AG	7.40	HG03040:14.56	0.82,4.08,4.89,7.48,1.67,4.16,2.49,2.50,0.83,4.18,1.60,1.68,0.83,0.84,0.82,1.63,1.61,0.82,0.85,1.71,0.87,3.29,2.40,2.50,1.62,0.81,1.68,6.78,3.37,1.70,0.82,3.35,1.65,0.81,1.69,4.07,5.15,1.68,0.84,1.70,5.20,1.71,2.49,1.65,2.41,1.65,3.39,1.65,1.56,2.43,0.85,0.84,0.84,4.12,1.73,1.68,0.83,5.02,5.11,3.35,2.53,6.02,0.83,2.45,1.67,1.73,0.84,1.63,0.81,0.90,0.87,4.04,1.61,0.81,0.81,1.71,0.82,3.32,3.28,0.83,0.83,3.46,2.51,3.29,2.43,0.83,0.86,7.55,0.83,5.80,1.67,4.26,0.79,11.14,2.51,1.67,7.86,1.66,3.42,0.83,14.56,3.29,7.68,6.57,0.86,1.71,2.55,6.11,1.69,7.61,6.85,2.52,9.00,9.07,3.88,0.84,3.37,2.56,0.84,0.79,4.07,1.70,0.83,5.82,4.24,0.85
16	73201701	73202565	AAAG	6.84	HG03040:6.85	4.18,6.85,0.86
GL000220.1	131141	133969	ACAGAGAGAGAGAGAGAGAG	6.27	HG03040:12.85	4.08,2.44,4.99,0.83,1.66,0.83,3.33,2.50,10.03,2.39,3.34,8.38,0.83,5.96,2.52,1.65,3.29,0.81,3.22,6.57,3.41,2.56,4.33,4.93,2.40,0.83,4.87,3.22,4.21,4.84,5.06,2.55,0.82,1.68,2.48,4.89,6.31,4.23,4.29,1.68,1.68,2.52,2.55,5.20,2.57,0.83,4.96,3.21,1.65,6.77,0.83,2.34,0.81,5.98,5.03,4.19,2.47,2.83,6.05,6.73,4.16,6.69,5.11,2.46,4.19,1.68,5.16,4.99,3.27,1.67,0.86,6.72,2.45,1.69,3.23,2.69,4.34,3.48,4.04,0.81,0.82,4.89,1.63,5.13,0.82,1.66,4.29,4.10,1.71,1.65,5.00,2.59,5.02,1.64,1.62,2.55,3.33,0.82,6.71,3.31,4.14,3.35,3.41,4.29,3.34,3.48,2.51,2.62,4.98,5.14,1.65,12.85,2.48,6.58,2.56,3.28,2.52,3.43,1.71,6.68,3.38,5.09,6.11,3.38,5.92,1.71,1.68,2.54,1.64,1.65,3.36,0.78,0.84,0.83,0.84,5.13,4.18,0.81,5.10,5.79,3.33,4.24,1.69
4	49140929	49158820	AATGG	5.86	HG03040:587.65	389.41,366.38,421.75,448.18,306.31,465.08,362.39,397.23,447.55,619.31,369.32,324.90,472.42,443.45,479.88,311.38,417.83,392.89,369.98,392.01,380.00,467.59,464.76,572.70,429.92,453.49,514.97,490.23,375.53,509.69,377.55,354.16,529.93,239.30,254.94,340.47,301.98,346.87,366.76,269.29,286.05,364.88,380.54,330.40,291.70,441.34,502.09,360.05,292.43,392.90,302.96,369.04,409.88,451.23,330.55,252.94,263.94,516.79,487.58,320.55,265.24,512.12,433.79,386.77,509.60,361.47,407.94,286.62,426.24,307.38,504.25,497.47,368.60,420.49,345.02,311.72,472.79,242.64,448.62,392.51,477.02,348.96,370.36,306.09,371.96,335.77,387.56,381.95,356.54,305.61,295.16,416.85,260.48,418.55,257.29,414.06,462.28,363.83,437.82,327.60,411.53,354.77,360.14,549.64,319.69,425.74,368.38,277.89,418.90,358.24,346.10,385.62,306.19,439.97,470.58,389.44,393.87,587.65,261.45,397.91,394.31,397.31,553.16,374.77,322.14,386.67,393.22,445.67,446.68,337.54,474.43,391.91,328.54,453.41,359.80,275.42,314.20,383.49,420.31,397.60,373.34,405.85,313.42,400.51,398.63,238.65,378.06,443.98,335.24,261.64
6	102820483	102820945	AAATATATATATTTATACAT	5.81	HG03040:6.00	0.84,0.87,6.00,3.29,0.85,4.09
13	36981714	36982897	AAG	5.80	HG03040:11.14	7.35,0.82,0.81,4.16,0.83,4.16,0.83,1.67,4.17,3.34,1.60,1.67,0.84,0.83,3.40,3.37,4.11,1.64,3.26,3.22,0.82,4.27,1.71,0.87,0.82,0.80,0.83,3.25,0.84,0.97,0.84,0.85,6.05,5.87,0.83,1.63,2.37,0.81,0.86,0.84,1.68,1.68,5.95,2.60,1.71,0.83,1.65,2.41,2.54,3.31,3.13,4.05,4.19,0.94,1.73,0.84,2.50,3.35,2.52,4.26,3.29,6.70,5.16,4.99,2.50,0.86,4.20,0.82,1.69,0.81,6.27,2.61,0.87,1.62,0.81,0.82,2.44,0.85,1.64,1.72,0.82,1.71,3.31,0.83,1.73,3.35,6.57,4.25,3.33,4.12,1.68,3.31,0.83,3.35,0.85,2.36,1.71,1.67,1.74,3.35,0.87,2.57,11.14,0.83,0.82,2.56,4.20,0.86,1.67,4.22,2.55,0.87,0.85,1.69,0.86,3.36,3.27,1.65,0.84,0.78,1.67,2.56,2.37,1.63,1.66,0.85
6	1204657	1206571	ACCCGCTCTATCCCAGC	5.79	HG03040:17.99	9.80,5.71,9.77,6.65,4.17,1.66,5.82,6.66,4.17,11.70,6.38,9.19,5.86,8.32,5.11,4.21,4.94,9.04,1.63,8.85,4.10,4.27,12.82,6.06,7.40,3.20,5.01,8.93,3.22,9.25,6.78,4.22,4.25,3.46,4.09,5.87,4.95,10.59,7.10,3.39,7.33,3.43,10.08,2.52,7.57,6.80,4.34,7.72,10.77,4.14,8.04,3.30,3.39,1.65,10.94,4.05,4.27,6.71,3.35,2.47,10.38,4.32,8.41,9.15,1.67,3.35,4.26,9.86,11.72,7.58,9.47,7.49,4.09,4.16,7.76,6.72,6.53,1.69,11.30,4.48,6.95,4.35,7.28,3.22,4.93,10.59,6.51,10.25,3.29,2.49,6.01,5.74,5.12,5.79,1.67,5.19,5.86,5.75,4.86,6.81,12.50,11.14,9.89,6.71,4.97,17.39,5.02,5.11,13.36,4.29,3.34,6.09,2.51,10.48,4.98,5.99,8.27,17.99,8.27,9.04,7.68,7.39,8.39,6.86,7.71,3.34,4.22,5.94,9.60,8.46,8.46,2.57,10.08,6.78,12.27,7.42,11.76,9.32,8.37,7.49,8.43,11.96,5.01,14.98,13.83,5.10,3.31,10.81,10.18,2.54
11	44544461	44545529	AAG	5.13	HG03040:12.85	1.66,0.84,1.61,1.61,20.43,0.83,0.83,0.87,0.86,1.66,2.56,0.87,0.83,19.03,12.85,14.58,5.85,0.85,2.33,0.84,1.66
17	75211142	75212897	AACCCTACCTACT	5.01	HG03040:11.14	4.90,3.26,4.89,5.82,0.83,1.66,3.32,4.16,5.01,3.34,3.19,4.18,0.84,4.16,3.37,0.82,0.82,2.44,2.41,0.82,2.56,1.64,0.80,0.83,1.62,1.61,1.68,1.94,0.84,0.85,0.86,0.83,3.26,3.15,2.54,3.43,1.68,0.84,2.52,0.87,4.82,1.65,4.23,1.65,3.13,2.43,0.85,4.19,2.51,4.12,2.83,2.59,5.04,4.18,0.84,2.55,3.29,3.35,1.68,1.72,0.83,2.45,2.50,2.59,1.63,3.37,2.42,2.69,3.48,2.43,1.61,1.64,3.26,0.81,0.85,3.29,2.57,3.42,4.14,0.86,4.19,1.62,2.55,9.16,6.00,2.47,2.52,4.14,2.48,1.67,0.85,7.86,0.86,6.69,1.74,3.35,2.62,1.66,0.86,4.14,11.14,0.83,5.75,1.71,6.57,1.68,0.86,0.84,2.53,1.69,0.85,2.57,2.52,0.85,9.81,4.95,0.84,6.21,5.02,6.65,1.69,1.71,1.67,4.73,5.69,1.70,2.55,0.85
1	206916807	206918057	AAAG	4.62	HG03040:6.85	2.45,2.44,2.50,5.85,1.68,0.82,0.85,0.85,0.82,0.83,1.62,0.97,0.84,0.82,1.58,0.84,0.84,0.87,1.71,0.83,0.86,0.83,0.84,0.81,0.90,0.87,0.87,0.81,0.85,2.48,0.83,0.82,0.87,0.83,6.85,0.83,1.71,4.36,2.54,3.27,0.84,0.83,1.71,1.67,1.65,0.83,1.69
21	11084775	11086593	ACC	4.56	HG03040:57.39	44.90,38.35,48.85,44.90,30.05,26.62,44.05,32.48,44.25,30.92,42.28,31.74,43.56,28.29,26.38,18.51,37.84,27.12,39.12,30.59,36.93,34.98,38.45,34.60,37.81,32.85,44.24,17.04,18.53,28.60,29.04,37.95,36.58,30.24,29.42,27.67,44.55,45.60,64.68,46.58,40.75,41.21,20.16,29.43,45.39,23.81,52.90,42.01,27.34,30.60,45.81,34.67,24.56,36.36,47.67,29.19,31.60,38.59,29.32,46.15,28.32,26.77,39.51,46.58,32.63,47.80,34.07,36.14,40.20,23.58,38.72,51.58,39.23,38.30,44.85,38.65,35.93,32.02,42.76,45.70,47.79,29.59,25.88,33.03,32.02,44.01,48.85,39.31,39.43,29.90,35.18,52.52,22.21,32.26,31.64,27.66,41.04,32.85,33.24,33.19,33.32,24.85,30.49,39.44,33.13,50.53,38.51,39.21,37.72,44.57,37.62,30.47,57.72,42.78,39.01,35.09,38.89,57.39,35.58,39.46,40.11,36.12,26.86,22.30,20.56,35.08,46.41,30.56,40.13,38.07,45.67,35.08,26.05,49.15,42.52,29.69,38.65,43.47,36.84,25.79,38.77,41.01,30.09,25.23,52.07,24.63,49.64,50.72,32.25,31.33
3	189967928	189968758	ATATATATATATCC	4.54	HG03040:5.14	0.81,0.85,6.64,1.71,5.14,12.59,7.64
7	946274	946750	AAGGGAG	4.45	HG03040:6.85	0.82,0.83,2.56,0.83,0.86,0.86,0.85,2.47,2.46,0.83,0.81,2.43,3.43,2.51,2.62,6.85,0.82,3.41,0.85,0.78,2.56,8.14,4.25
12	108971833	108973164	ACC	4.24	HG03040:21.42	12.25,14.69,10.58,12.47,11.68,9.98,14.96,2.50,17.53,9.19,9.57,7.52,13.40,11.65,17.02,9.26,9.05,12.33,12.22,9.66,9.03,10.24,11.11,11.25,8.22,9.61,17.53,12.99,10.48,5.89,10.65,16.02,16.16,14.69,14.71,7.55,7.43,14.66,12.62,11.86,10.59,11.16,9.24,9.25,18.49,3.40,7.80,7.72,14.91,7.44,10.45,10.73,11.86,7.44,10.94,9.73,13.67,11.75,11.73,12.36,9.44,10.36,15.13,15.80,17.57,7.55,8.52,10.68,6.70,8.42,2.58,10.81,8.99,7.49,10.35,9.24,11.43,13.48,18.56,10.75,10.43,11.31,12.94,8.06,9.03,9.78,10.58,9.40,5.75,16.61,8.58,17.23,7.69,9.10,9.99,9.51,10.05,11.50,12.16,16.17,10.83,12.85,13.19,10.91,17.39,14.91,12.56,13.64,14.93,15.43,9.20,14.80,9.20,8.73,12.45,12.84,15.72,21.42,9.10,5.75,18.78,10.67,10.91,12.86,11.14,12.53,16.03,8.49,9.60,11.00,16.91,15.40,9.24,10.17,10.63,16.49,10.08,6.99,11.72,12.48,10.96,7.69,12.54,5.52,8.95,6.79,10.75,15.80,14.43,9.31
1	207359862	207361081	AAAAG	4.16	HG03040:6.00	0.81,0.83,0.82,0.82,1.64,0.84,0.85,0.83,0.78,0.85,4.21,0.86,0.82,0.84,1.63,1.74,1.62,0.85,0.86,0.81,1.70,2.57,0.83,2.51,0.79,0.84,0.84,0.83,6.00,1.65,1.64,0.82,1.67,0.87,0.85,0.85,0.84,0.85,2.33,3.34,1.65,0.83,0.85
2	109815173	109816857	AATGG	4.10	HG03040:226.15	105.31,110.16,121.31,143.02,106.00,146.43,130.49,147.40,124.41,234.85,137.20,126.12,155.80,136.45,146.35,110.25,130.78,119.18,113.28,104.64,119.01,110.92,148.66,217.14,136.46,127.39,153.57,116.88,101.54,165.69,121.01,94.44,177.78,76.02,94.78,89.73,132.84,83.05,102.54,89.76,101.05,117.62,126.01,110.97,87.43,113.10,125.74,151.73,80.36,107.53,73.13,117.23,155.82,147.11,70.33,93.23,76.88,186.25,181.80,74.16,101.00,188.26,160.57,119.77,145.60,133.35,170.33,92.80,109.70,99.37,154.89,151.40,127.50,136.56,89.71,108.39,138.00,70.77,144.43,151.45,220.70,93.98,79.25,90.22,119.06,86.39,126.20,152.10,83.79,134.54,72.93,107.50,98.21,136.48,63.28,91.63,168.33,88.70,110.27,115.72,151.61,122.54,119.50,196.36,125.89,121.76,90.42,96.33,73.88,102.85,104.50,126.22,141.38,154.51,145.24,159.20,110.88,226.15,100.94,108.52,115.22,129.70,202.29,117.49,95.10,116.08,106.32,112.05,158.78,101.52,174.21,143.76,102.51,138.14,88.32,78.34,116.78,125.76,115.54,139.74,96.92,160.63,73.55,93.03,124.47,59.45,140.64,141.34,105.24,98.22
11	32524644	32525873	AAAG	4.09	HG03040:7.71	0.82,4.90,3.32,1.67,0.83,2.51,3.46,0.82,0.83,0.81,0.84,1.70,0.86,1.63,1.68,1.63,3.94,1.69,3.26,2.58,0.84,8.41,0.87,0.83,1.65,4.02,8.26,1.65,0.84,3.30,0.84,0.83,1.73,5.72,1.61,1.79,1.64,0.81,1.63,2.56,0.82,0.83,0.83,2.50,0.82,1.62,1.71,1.67,1.57,7.71,0.82,0.84,2.62,2.52,0.85,1.68,0.84,1.71,0.84,1.70
11	94748492	94749349	ACACATATATAT	4.09	HG03040:6.00	0.81,0.84,0.83,0.83,0.85,0.82,0.84,4.94,2.52,1.66,6.00,4.24,7.61,1.69,2.37,3.33
20	20317370	20318358	ATCC	4.00	HG03040:12.85	7.35,2.45,7.33,3.33,5.01,3.33,2.49,4.16,5.01,8.36,3.19,0.84,4.19,2.50,2.55,1.68,7.40,3.29,5.70,2.41,3.28,7.68,1.71,2.60,4.11,3.20,5.01,8.93,6.45,5.89,2.90,2.53,4.25,0.86,4.90,2.52,2.48,4.89,2.37,3.39,6.52,1.72,1.68,5.89,0.84,8.50,6.07,3.43,8.28,4.96,5.63,4.13,4.23,6.61,7.81,8.11,5.98,5.03,0.84,6.59,5.66,2.59,8.41,3.33,5.02,1.68,0.85,4.93,5.86,2.53,3.44,8.32,2.45,5.83,3.45,6.72,2.45,3.37,2.42,5.38,1.74,7.83,3.23,4.83,6.57,11.41,6.51,3.42,4.93,1.66,4.10,5.98,4.14,7.49,4.32,5.86,6.57,3.24,2.55,1.67,3.43,7.42,3.36,1.66,6.63,0.84,5.97,7.07,4.29,5.02,7.83,6.69,6.11,7.47,6.85,4.96,12.85,6.62,6.58,2.56,9.85,10.07,6.00,7.52,3.38,4.24,5.23,6.77,2.54,5.99,8.40,4.24,4.09,4.12,6.72,8.54,3.35,0.83,4.21,1.71,1.67,3.94,12.20,10.19,6.62,3.33,1.70,5.93
14	93612317	93613580	AAAG	3.98	HG03040:26.56	6.86,0.83,0.86,1.61,0.85,19.02,14.78,15.83,25.32,20.69,26.56,3.31,9.39,6.57,9.23,16.29,15.03,8.44,23.69,12.69,13.44,5.98
GL000220.1	131100	134356	AG	3.96	HG03040:861.77	439.20,205.63,348.47,483.93,330.52,822.00,417.25,348.93,454.23,807.36,541.62,442.66,514.31,438.46,573.47,250.79,314.20,498.92,397.69,409.72,684.50,513.67,514.31,416.12,369.91,456.69,196.14,438.29,395.67,488.66,624.41,705.80,586.07,326.56,484.54,841.95,514.84,691.30,409.35,464.07,312.13,552.91,420.02,452.30,419.48,622.47,407.57,522.92,497.05,407.78,388.14,734.77,447.14,309.91,281.31,193.76,556.93,611.59,375.32,461.46,300.16,496.57,552.33,378.46,710.43,235.67,501.62,339.18,486.53,156.64,532.65,521.59,596.63,488.77,311.38,588.15,641.01,271.29,601.12,321.71,381.45,590.88,627.51,454.31,459.00,466.17,448.62,624.62,321.21,322.22,380.96,564.55,482.53,382.98,498.77,483.22,517.55,455.82,478.36,348.87,676.43,347.91,454.91,485.03,290.71,493.66,426.99,462.87,349.74,466.23,437.22,621.51,452.60,377.99,600.06,515.26,410.42,861.77,442.64,506.43,494.17,357.09,332.40,405.65,367.55,612.99,500.39,527.16,532.18,543.11,569.99,365.38,436.93,493.24,387.61,265.52,330.16,376.51,454.64,425.88,326.99,548.54,395.33,188.43,444.18,270.92,606.39,783.20,576.27,360.71
5	147144074	147144907	AAAGAGAGAGAG	3.88	HG03040:6.00	11.54,6.96,6.00,8.46,4.23
6	133895686	133896580	AAG	3.79	HG03040:5.14	1.66,1.67,0.83,0.83,0.84,1.66,1.71,0.87,1.67,5.14,0.82,0.86,1.71,0.85,2.51,0.79,2.44,0.83,0.85
2	30541779	30542891	ATCC	3.50	HG03040:7.71	0.82,0.83,3.33,0.83,2.51,0.82,0.87,2.40,1.94,4.19,1.65,0.79,0.85,0.86,7.56,1.70,0.86,1.65,5.63,0.83,4.19,0.84,0.94,0.84,0.84,0.84,1.67,2.50,0.82,1.67,0.84,0.82,1.69,0.90,0.87,0.87,2.43,3.26,0.82,0.86,0.85,2.48,3.33,5.19,5.75,5.14,2.52,2.48,0.84,1.71,0.84,0.84,0.87,7.70,7.71,0.84,0.86,1.71,2.51,4.36,0.85,0.85,1.66,0.85,0.84
2	125617372	125618603	AAGG	3.27	HG03040:30.84	1.63,0.82,0.81,0.83,1.66,2.50,1.67,3.34,0.84,0.84,2.47,2.47,2.44,4.02,2.56,3.42,2.60,0.82,0.80,0.83,2.43,0.81,0.84,1.94,1.69,4.25,3.46,1.63,0.81,1.58,0.85,1.68,0.84,0.84,3.40,1.71,2.49,2.48,0.83,0.83,0.81,1.68,0.82,1.89,1.73,0.84,0.83,2.51,1.68,0.85,0.82,3.35,4.21,0.86,0.82,0.82,0.84,0.81,1.79,1.74,2.61,0.81,1.64,0.81,0.81,1.71,1.64,0.83,2.57,0.83,0.86,1.67,2.46,0.81,20.60,1.68,25.67,18.22,16.74,11.93,23.58,3.43,12.54,12.19,1.75,0.83,1.71,21.51,30.84,0.83,40.28,21.34,22.16,0.84,27.85,3.38,0.86,0.85,3.27,1.68,2.51,32.02,18.80,0.79,1.65,26.61,19.52
11	29745711	29746790	AG	3.27	HG03040:8.57	2.45,2.45,3.26,2.49,0.83,0.83,0.83,5.01,1.67,0.80,2.51,0.84,1.66,2.55,0.82,1.64,4.07,0.80,1.64,3.41,0.85,3.46,2.47,1.60,3.34,3.25,2.42,1.68,4.84,1.69,3.40,1.73,3.27,3.35,1.65,0.81,4.29,4.20,2.52,1.68,3.40,2.60,6.86,0.83,2.48,1.61,1.69,0.83,0.81,0.85,4.19,4.94,2.83,0.86,4.99,5.02,1.68,1.70,1.64,5.02,3.44,4.16,1.63,2.50,3.45,2.52,5.72,0.84,1.61,2.69,2.61,3.48,3.28,3.26,4.07,2.56,4.93,3.32,6.01,3.28,2.56,0.83,1.67,2.59,5.86,2.46,4.86,0.85,1.67,1.65,3.36,0.83,4.14,2.36,1.71,4.18,0.87,1.67,2.62,9.13,2.57,1.65,8.57,0.83,2.47,2.56,2.46,5.04,1.72,1.71,2.51,4.22,4.24,3.49,0.85,2.54,2.57,2.52,2.54,4.09,0.82,1.68,2.33,2.50,2.53,5.13,1.67,2.37,4.07,0.85,3.31,4.99,6.79,4.23
X	132375356	132376100	ACACATACATATATATAT	3.24	HG03040:3.43	0.86,3.43,6.77,0.85,3.34,0.83
Y	13446129	13451670	AATGG	3.22	HG03040:37.69	16.33,17.14,20.35,20.79,10.85,15.81,15.79,15.82,31.73,21.73,23.13,16.70,16.75,27.46,8.51,23.56,27.14,24.66,18.74,18.51,20.52,23.89,34.17,14.71,15.62,17.63,20.03,24.35,19.34,20.19,18.39,23.61,11.06,12.96,11.44,11.74,12.38,14.66,19.72,13.55,19.56,22.32,16.80,18.50,17.65,17.01,26.02,15.43,20.71,18.20,16.88,14.03,16.09,18.18,19.54,15.40,15.38,16.78,20.11,18.13,15.10,12.95,26.06,13.31,11.71,9.23,12.77,20.53,15.91,13.47,18.93,28.28,17.98,23.31,22.43,10.92,15.51,15.17,24.21,18.82,18.25,9.57,16.98,19.33,20.53,17.93,19.54,8.54,29.57,17.44,14.59,19.69,25.62,13.23,12.49,12.97,17.59,15.60,25.13,22.97,28.32,13.71,27.20,15.10,26.50,15.74,21.77,11.08,22.01,25.71,34.28,27.85,19.24,20.95,30.71,22.25,28.96,37.69,25.65,23.84,36.70,32.01,31.90,14.58,13.71,20.88,20.25,31.41,35.77,9.31,20.30,35.94,19.33,15.25,32.71,20.61,19.32,21.74,24.28,14.97,11.80,29.05,24.24,19.71,14.64,18.68,36.40,19.95,11.88,22.86
15	26244030	26245006	AAGGAG	3.21	HG03040:3.43	0.86,6.70,3.43,2.62,2.37
2	241561999	241563560	AAACAGGTCGTGAGGGCGC	3.13	HG03040:24.84	6.53,4.08,14.97,5.84,4.99,7.48,5.83,5.84,5.85,0.80,0.84,16.75,1.66,5.96,3.37,15.63,4.11,10.59,0.80,7.68,3.42,2.60,1.64,0.80,4.06,5.64,21.03,7.74,6.75,2.55,2.59,2.45,3.35,4.13,4.07,4.73,11.01,10.59,3.43,9.24,6.07,3.43,5.80,2.48,16.07,13.21,0.85,13.22,3.91,4.05,3.42,5.03,5.86,2.47,3.78,2.59,5.04,1.67,9.23,9.37,3.29,5.02,0.84,0.86,3.33,4.09,7.49,4.31,4.90,3.23,0.90,4.34,5.22,16.98,1.61,1.64,15.48,2.44,1.71,4.93,2.49,5.15,0.82,2.56,6.62,4.16,7.78,11.72,0.85,21.66,11.14,14.83,10.07,17.39,29.82,10.88,1.70,2.36,6.86,15.05,19.15,12.55,7.86,14.94,26.48,24.84,7.45,13.15,5.97,18.88,5.04,5.15,34.27,5.01,10.13,6.79,13.09,14.38,0.85,0.86,9.24,13.56,3.27,5.77,9.24,17.86,5.02,3.33,4.21,5.98,14.21,8.67,9.76,5.94,9.10,9.98,11.88,20.32
X	1800021	1801207	AAAGAGAGAGAG	3.12	HG03040:7.71	2.45,0.83,8.51,0.82,0.83,0.81,0.81,0.97,2.55,1.73,3.27,0.79,2.44,1.68,0.85,2.49,0.80,0.83,1.62,2.52,1.68,0.84,2.50,3.35,1.70,0.86,0.82,2.50,0.86,0.84,8.98,3.37,0.81,0.87,1.62,1.61,1.64,0.82,0.86,3.28,1.65,1.73,7.39,2.43,0.85,0.86,1.65,2.52,0.83,1.70,5.50,2.61,0.84,0.83,0.86,1.65,7.71,1.64,1.64,0.84,1.69,3.40,0.85,0.85,0.84,1.55,3.35,0.83,4.21,2.56,1.67,5.52,2.44,0.85,1.65,0.85,0.85
8	127904621	127905509	AT	3.12	HG03040:3.43	0.87,3.42,3.43,0.84,0.85,1.69,1.58
5	78476199	78476925	AAGGG	3.11	HG03040:11.14	0.83,4.99,5.83,3.34,1.60,5.82,4.07,0.80,9.86,5.68,5.89,0.97,15.18,0.81,5.93,4.07,7.46,0.85,9.09,9.38,5.03,0.82,3.45,0.84,4.16,0.84,5.75,3.37,5.16,4.09,9.80,0.84,1.61,6.51,3.31,3.24,5.00,0.86,4.12,0.83,2.56,3.93,0.87,0.84,4.36,4.15,0.86,0.83,11.14,7.45,2.56,5.75,6.72,8.58,4.18,7.64,0.84,8.18,3.30,5.90,3.94,0.83
11	5007574	5008324	AG	3.10	HG03040:3.43	0.83,1.63,2.61,0.81,3.43,0.85,0.83
4	38881310	38882115	AATAG	3.04	HG03040:3.43	6.54,2.46,4.14,3.34,3.43
22	46961841	46964307	AACCCACTCCCATGATAACT	3.03	HG03040:17.13	12.25,6.53,7.33,5.82,10.02,6.66,9.97,4.16,6.68,10.03,11.17,2.51,1.68,9.15,7.66,5.05,14.81,9.04,12.22,7.24,12.31,5.12,6.83,6.92,3.29,7.21,6.68,8.12,14.51,9.25,4.84,4.22,12.76,13.82,7.35,12.58,6.60,8.96,11.04,2.54,7.33,12.88,6.72,7.57,7.57,9.35,7.80,7.72,9.94,6.62,7.23,8.26,5.93,10.74,7.03,6.49,7.69,7.55,2.51,9.89,6.61,12.09,13.45,6.65,7.53,8.39,4.26,4.93,7.54,14.32,6.02,9.15,7.36,9.16,7.76,7.56,4.90,4.21,12.10,11.65,13.90,6.09,11.32,12.89,11.50,10.59,8.96,4.27,13.97,11.63,5.15,9.85,9.39,4.14,8.33,8.64,9.21,8.21,12.16,16.17,5.83,7.71,8.24,6.71,4.14,5.80,5.02,8.52,14.15,6.86,7.52,10.45,8.37,13.97,6.64,6.85,15.72,17.13,4.96,5.75,7.68,12.31,10.91,8.58,7.71,8.35,5.06,5.94,4.36,13.54,3.38,5.99,4.20,10.17,10.63,15.67,7.56,10.87,5.86,9.15,5.90,11.96,5.01,13.40,8.14,3.40,11.58,9.98,12.73,8.47
X	86488208	86489229	AATATATATACATATAT	3.03	HG03040:6.00	4.08,2.51,0.84,2.55,2.46,2.42,1.68,0.82,3.78,0.83,0.84,0.84,0.81,3.29,2.52,2.49,0.86,6.00,2.48,3.36,2.57,2.57,0.84,1.74,3.39,2.47,3.35,2.50,0.81,2.55,0.83,4.99
1	18223280	18224688	AAAG	3.01	HG03040:13.71	0.82,0.81,0.83,12.52,0.83,0.83,9.16,5.01,5.01,0.80,1.67,0.84,2.50,5.96,11.78,8.23,4.11,2.44,6.44,6.57,9.39,0.85,5.19,8.81,5.01,5.68,9.67,8.41,5.06,5.95,5.72,0.84,1.65,4.89,0.79,2.44,6.01,4.20,1.68,1.70,7.80,4.29,1.66,11.58,12.38,9.32,8.26,4.69,5.67,5.98,2.52,0.86,2.52,6.65,0.84,5.11,2.46,0.84,3.37,4.30,0.83,5.72,1.67,6.72,3.27,5.90,4.03,3.58,0.87,2.43,3.22,12.32,4.07,4.07,2.56,3.29,6.64,0.86,4.10,3.42,3.31,1.67,1.73,10.05,0.82,1.62,9.36,10.83,8.57,0.82,3.36,1.66,4.14,0.84,2.56,0.79,6.86,6.69,1.74,7.53,8.73,3.31,13.71,0.83,0.82,3.41,0.82,6.72,0.86,2.57,0.84,2.53,2.55,5.23,5.08,3.38,6.85,1.68,4.24,4.91,4.95,0.84,5.43,3.35,1.66,3.37,8.54,5.85,14.98,5.69,5.10,7.45,6.65,5.93
12	119194842	119196158	AG	2.95	HG03040:12.85	6.53,3.26,6.51,9.98,4.17,11.65,2.49,8.33,3.34,6.69,7.18,3.35,4.16,11.06,4.21,3.29,4.11,6.52,7.24,5.75,5.12,2.56,0.87,1.64,2.40,3.34,3.25,7.25,5.05,5.81,4.22,7.66,6.91,2.45,0.84,3.30,5.70,3.94,3.39,6.52,6.87,3.36,2.52,4.20,2.55,6.94,0.86,9.11,6.62,4.82,4.95,5.08,1.65,7.03,2.43,3.42,3.36,8.38,0.82,6.61,4.32,2.52,4.99,4.18,5.87,5.11,3.29,9.21,6.74,5.16,3.33,7.36,5.83,2.59,2.52,2.45,5.06,3.23,5.38,4.34,1.74,6.47,3.22,1.64,7.33,6.51,11.11,7.39,4.98,4.29,6.56,2.56,1.65,8.33,6.92,5.86,4.93,4.86,3.40,10.00,9.43,7.42,5.87,2.48,5.80,5.02,6.82,5.50,14.57,3.34,1.74,2.51,2.62,5.81,5.99,8.27,12.85,3.31,9.04,7.68,4.10,5.88,2.57,1.71,2.51,4.22,3.40,6.98,4.23,2.54,4.28,2.52,2.54,0.82,7.56,3.88,6.70,9.15,0.84,8.54,4.18,7.88,8.14,0.85,4.96,14.13,3.39,6.77
16	87906105	87907097	AAAG	2.85	HG03040:4.28	0.82,0.83,0.83,0.85,0.84,0.85,0.82,0.97,0.84,1.65,0.79,1.70,0.87,0.84,0.83,0.84,0.82,0.81,1.79,0.81,0.82,0.82,3.31,0.84,2.62,0.83,4.28,2.48,1.64,0.84,3.11
14	44473869	44475007	AAG	2.84	HG03040:17.13	8.98,2.44,6.68,15.03,0.82,0.81,9.85,6.45,9.25,15.93,12.22,12.02,0.83,5.08,3.91,3.24,0.85,1.68,0.82,10.88,13.47,8.17,5.88,13.05,26.87,21.36,1.72,14.99,7.71,11.54,0.79,0.84,6.96,2.51,4.36,8.56,6.62,17.13,13.24,2.47,8.21,8.39,4.18,4.24,4.23,5.07,2.52,1.64,0.84,9.15,11.70,0.79,2.44,5.09,6.77
X	1561635	1562666	ACACACGCCGCCATCGTGG	2.83	HG03040:3.43	1.68,1.57,0.87,3.35,1.65,3.43,0.83,5.99
11	1882393	1883527	ATCC	2.81	HG03040:10.28	5.71,2.45,0.81,3.33,5.84,4.16,4.16,5.83,6.68,6.69,1.60,3.34,4.19,4.16,5.96,4.21,1.65,1.64,2.44,2.41,4.10,4.27,1.71,3.46,3.29,3.20,2.50,4.87,0.81,8.41,0.97,4.22,8.51,1.73,3.27,4.19,3.30,4.73,0.85,3.26,5.04,2.52,1.68,0.85,2.60,6.86,0.83,4.14,3.21,4.95,3.39,4.13,0.81,1.71,5.03,2.51,4.72,3.45,5.88,1.66,8.37,4.19,5.11,2.46,0.84,0.84,8.61,9.15,6.54,6.66,1.73,5.04,4.08,1.69,4.03,2.69,3.48,6.09,3.23,2.42,4.11,3.26,2.44,3.29,2.49,5.15,4.10,2.56,3.31,2.50,3.46,2.51,7.39,0.81,5.11,5.00,4.28,4.94,3.36,2.48,3.31,3.35,5.97,2.36,4.29,4.18,6.09,4.18,7.86,5.81,3.42,3.31,10.28,4.96,4.93,5.97,3.28,3.36,5.15,4.28,2.51,3.38,5.09,1.74,0.85,8.46,2.57,4.20,1.69,2.45,1.65,2.52,2.33,2.50,5.13,1.67,2.37,4.07,0.85,1.65,3.33,5.94,0.85
1	200975628	200977353	AC	2.76	HG03040:11.99	5.71,4.08,4.89,8.31,6.68,5.82,3.32,6.66,8.35,4.18,5.58,3.34,5.03,4.16,3.40,6.73,3.29,6.58,4.07,4.83,1.64,8.53,3.42,4.33,5.75,7.21,5.01,4.06,1.61,4.21,7.74,5.90,4.25,2.59,4.09,3.35,3.30,8.96,6.31,6.77,10.59,5.15,10.08,5.89,2.52,5.10,1.73,8.57,1.66,8.27,8.04,3.30,6.77,4.96,7.03,4.86,4.27,4.19,6.70,2.47,6.61,8.64,8.41,9.15,2.51,7.55,4.26,1.64,6.70,2.53,11.19,9.15,5.72,5.83,2.59,6.72,3.27,1.69,2.42,4.48,6.08,6.96,2.43,5.64,4.11,4.07,5.70,5.13,1.64,4.15,5.15,6.56,1.71,3.31,5.00,2.59,4.19,4.11,6.49,5.96,9.16,10.28,5.77,7.55,5.80,9.94,3.35,5.11,4.72,6.86,5.02,9.58,5.86,2.62,7.47,5.14,8.27,11.99,7.45,2.47,4.27,6.57,5.04,3.43,3.43,5.85,4.22,2.55,4.36,4.23,5.92,3.42,5.04,7.63,3.27,4.12,2.52,5.43,4.19,0.83,7.58,8.54,6.69,6.31,6.51,5.10,7.45,2.49,4.24,5.08
9	28188884	28190001	AAGGAAGGGAGGGAGGGAGG	2.75	HG03040:4.28	0.82,0.83,0.83,0.83,0.85,0.82,0.81,0.84,0.82,0.79,0.84,0.83,0.80,0.81,0.84,0.94,0.86,0.83,0.81,0.81,4.29,0.83,1.67,0.81,1.71,1.68,0.85,0.86,0.84,2.62,0.83,4.28,4.10,0.84,0.85,0.87,2.54,0.82,1.65,0.84,0.81,1.69
4	10538624	10539763	AAAG	2.73	HG03040:4.28	1.63,0.83,0.80,0.84,0.84,0.82,1.71,0.85,1.64,0.80,1.70,1.73,0.82,0.84,0.81,0.86,0.84,0.84,0.83,1.65,0.81,0.84,0.83,0.86,1.79,0.81,1.64,0.83,1.65,1.57,4.28,1.69,0.86,0.84,1.66,0.83
15	86438936	86440114	AAAGAGAGAGAG	2.71	HG03040:6.00	1.66,0.83,4.16,0.83,1.67,2.51,0.83,0.82,0.87,0.81,2.52,0.86,0.81,0.81,0.83,3.13,0.85,1.68,1.89,2.52,0.82,0.84,0.86,2.45,0.84,0.84,1.74,0.81,1.63,2.57,2.51,1.70,0.79,1.71,3.34,3.48,0.84,0.86,6.00,0.83,4.27,0.82,0.84,0.86,3.49,1.71,1.68,1.65,1.55,2.50,3.37,8.54,0.84,1.58,0.81,0.83,4.16,2.55,3.39
10	39099590	39110085	AATGG	2.66	HG03040:14.56	6.53,3.26,8.96,4.16,5.84,6.66,1.66,4.16,7.51,7.52,3.19,5.85,12.56,7.49,6.81,6.73,6.58,9.86,4.89,4.02,2.46,9.39,11.96,5.19,6.58,3.20,6.68,7.30,5.64,10.09,5.81,10.12,7.66,0.86,3.27,5.03,3.30,6.51,3.15,11.01,5.70,3.43,5.04,5.04,0.84,6.80,6.07,5.14,2.49,13.23,1.61,9.08,8.47,7.44,4.69,4.86,2.56,4.19,5.86,4.12,2.83,13.82,6.73,4.16,12.55,11.74,14.48,2.46,4.19,3.37,10.33,13.31,3.27,8.33,7.76,6.72,5.72,6.74,10.49,2.69,5.21,6.96,7.28,3.22,4.93,3.26,4.89,7.69,2.46,4.98,6.01,6.56,1.71,7.44,3.33,1.73,7.54,6.57,4.05,4.25,2.50,7.71,4.94,3.36,6.63,9.94,5.86,4.26,5.50,4.29,3.34,3.48,2.51,5.24,6.64,6.85,9.93,14.56,2.48,8.22,3.41,3.28,3.36,9.43,2.57,5.85,10.13,3.40,5.23,3.38,7.61,5.13,0.84,3.39,3.27,2.47,3.36,3.35,1.66,6.74,8.54,5.01,2.37,4.88,3.40,12.41,7.48,8.49,2.54
14	105131047	105131974	AC	2.62	HG03040:4.28	3.33,3.33,0.83,0.87,1.60,0.97,0.84,0.81,0.81,0.86,0.84,0.85,0.86,0.83,0.81,0.84,0.83,0.85,1.63,0.82,1.79,1.74,0.87,0.85,0.82,0.85,0.83,0.82,0.83,1.66,0.86,0.84,0.84,0.83,4.28,0.83,1.64,0.85,1.68,0.84,0.82,0.84,3.42,0.85,0.85
Y	58971759	58979756	AATGG	2.61	HG03040:37.69	20.41,13.06,21.98,28.27,15.02,21.63,17.45,16.66,20.04,26.74,19.14,20.05,34.34,26.62,23.82,15.99,13.16,13.97,21.19,12.88,18.88,29.01,19.65,26.82,18.08,13.62,22.54,18.67,11.28,37.85,26.14,19.39,23.82,9.50,17.98,26.00,18.15,16.29,14.99,19.48,29.34,16.31,21.00,15.97,15.13,19.56,31.22,22.29,14.08,37.22,16.88,28.07,25.41,19.83,14.85,12.97,5.98,26.85,29.32,5.77,13.21,25.91,35.31,14.14,25.10,23.48,15.33,23.82,23.45,13.47,28.40,29.95,13.89,33.31,24.15,15.12,19.60,13.48,26.63,18.82,24.33,16.53,25.88,13.69,22.17,10.59,18.73,21.36,13.97,18.27,19.73,26.26,10.25,19.03,14.99,16.42,25.96,29.57,28.38,28.93,29.99,20.57,20.60,28.53,19.05,19.88,26.79,15.34,20.43,15.43,21.74,25.24,24.26,20.95,29.05,18.83,15.72,37.69,11.58,13.15,33.29,16.42,31.06,22.30,18.85,28.39,19.41,27.16,26.17,18.61,26.22,13.69,18.49,38.98,18.81,11.54,23.52,4.66,10.88,12.48,19.38,28.20,11.70,11.04,17.90,11.04,28.95,19.95,22.07,22.02
3	123539211	123539893	AAGG	2.61	HG03040:3.43	0.82,0.86,0.83,0.84,0.86,0.87,0.81,0.82,0.82,0.86,3.43,0.84,2.54,0.78
11	25727237	25728445	ACACATATATACATATAT	2.60	HG03040:4.28	2.51,0.80,1.69,1.68,0.82,0.85,1.66,1.62,0.83,0.86,0.82,1.68,0.79,1.67,0.86,4.28,1.65,2.47,0.85,0.82,1.71,0.84,0.86,0.82,1.66,3.37,0.85,0.83,1.70,0.85
10	131821923	131823263	ACAGGCAGGAGACGGGC	2.58	HG03040:9.42	1.63,4.90,4.07,1.66,5.01,5.82,4.16,1.67,3.34,2.51,0.80,5.01,4.19,1.66,3.40,2.52,2.47,1.64,2.44,5.63,3.28,1.71,4.27,5.19,3.29,4.01,0.83,4.06,4.03,3.87,3.37,7.66,2.59,2.52,5.78,3.26,4.73,5.08,4.07,4.29,2.52,2.52,5.04,4.25,5.20,2.57,5.80,2.48,4.82,3.30,5.93,5.79,7.03,2.43,4.27,3.36,4.19,7.42,1.89,3.45,2.52,4.16,5.86,0.84,5.11,3.29,5.02,3.37,5.16,4.16,3.27,2.50,6.04,3.36,3.27,5.06,1.61,7.17,4.34,4.35,2.43,6.44,4.11,7.33,5.70,6.84,3.29,2.49,3.43,2.46,4.27,3.31,2.50,2.59,8.37,4.86,3.40,3.33,1.71,6.59,1.68,5.80,4.97,9.21,4.26,3.14,6.00,1.67,4.35,2.51,1.75,4.15,2.48,9.42,1.65,5.75,4.27,6.57,2.52,6.00,5.14,6.68,4.22,4.24,2.62,3.38,0.85,2.57,2.52,3.39,3.27,0.82,2.52,3.88,2.51,0.83,3.37,4.27,1.67,3.94,1.63,1.70,4.14,2.49,1.70,1.69
11	10887724	10887989	AAAGG	2.57	HG03040:2.57	2.57,4.27
10	29291975	29292445	AAAAT	2.57	HG03040:2.57	2.57
10	84652545	84652546	AAAT	2.57	HG03040:2.57	2.57
15	94149243	94149244	AAAT	2.57	HG03040:2.57	2.57
3	68534775	68534928	AAAAT	2.57	HG03040:2.57	2.57
7	93739781	93739782	AAAT	2.57	HG03040:2.57	2.57
1	42687356	42688155	AAGGAG	2.55	HG03040:2.57	16.14,2.57,0.78
2	84060520	84060826	AT	2.55	HG03040:2.57	0.82,2.57,1.71,0.85
20	62073333	62075396	ACC	2.54	HG03040:21.42	13.06,9.79,7.33,16.63,9.18,18.30,11.64,9.16,7.51,13.37,11.97,13.36,10.05,4.99,16.17,13.47,10.69,7.40,4.07,12.07,7.39,7.68,8.54,8.65,5.75,9.61,21.70,8.93,13.70,11.77,9.68,12.65,15.31,12.09,13.89,17.61,11.55,9.77,22.08,7.62,10.59,13.74,11.76,17.66,17.65,11.05,19.08,7.72,6.63,12.41,16.88,5.78,6.77,6.61,17.97,6.49,15.38,5.03,8.38,18.13,4.72,5.18,10.93,10.81,13.39,4.19,15.33,9.86,13.40,7.58,13.77,9.98,8.17,12.49,7.76,5.88,12.25,8.43,17.75,13.44,4.34,9.57,10.51,16.11,10.67,15.48,8.96,10.25,18.89,9.97,11.15,17.23,11.10,14.89,14.99,6.05,10.05,18.07,18.65,13.61,19.16,8.57,6.59,10.07,8.28,19.88,10.88,6.82,13.36,7.71,10.87,12.19,14.22,6.98,4.98,10.27,6.62,21.42,5.79,10.69,11.10,21.34,13.43,8.58,3.43,13.36,7.59,9.34,3.49,11.84,7.61,12.84,10.92,11.86,16.35,12.37,9.24,15.53,20.09,7.49,7.58,5.13,10.87,16.56,16.27,9.34,9.10,9.98,5.94,5.93
5	31363711	31364867	AACC	2.53	HG03040:9.42	1.63,5.71,1.63,6.65,3.34,2.50,6.65,3.33,6.68,2.51,5.58,2.51,6.70,1.66,1.70,2.52,1.65,0.82,6.52,0.80,7.39,2.56,1.71,6.58,7.21,5.84,1.62,4.03,6.73,3.87,3.37,5.95,1.73,3.27,2.52,1.65,2.44,1.58,4.23,3.26,3.43,9.24,3.36,0.84,3.40,5.20,2.57,0.83,3.31,4.02,2.48,5.08,4.96,3.13,4.86,4.19,5.03,3.30,3.78,5.18,5.04,5.86,3.35,1.64,3.35,3.37,2.58,6.66,1.63,2.50,5.18,1.68,1.61,6.27,0.87,6.96,0.81,3.22,6.57,2.44,0.81,2.56,6.57,4.98,0.86,5.74,0.85,5.79,6.66,6.05,4.19,4.11,10.21,4.17,2.57,1.65,1.68,1.66,1.66,2.51,4.26,2.36,3.43,1.67,7.83,4.18,5.24,4.15,5.99,2.48,9.42,0.83,0.82,4.27,4.10,2.52,6.00,3.43,3.34,2.53,3.40,2.62,3.38,1.69,3.42,3.36,3.39,1.64,0.82,4.20,1.55,0.84,1.66,3.37,5.13,4.18,3.15,4.07,3.40,5.79,5.82,3.39,4.23
5	127875702	127876115	ATATATATCATATATC	2.52	HG03040:2.57	1.68,0.79,2.57,0.85
15	89867573	89868960	ACTC	2.46	HG03040:10.28	0.80,3.35,2.56,0.85,1.67,0.97,4.09,0.81,3.36,1.70,4.29,1.66,3.91,0.82,1.73,0.84,0.83,0.84,1.68,8.98,7.58,1.74,0.87,7.28,3.28,2.44,0.82,0.83,11.24,2.46,2.55,3.43,4.14,1.66,1.70,15.72,1.71,1.67,0.87,2.51,0.83,2.48,10.28,2.47,4.93,0.84,2.57,0.84,1.69,2.62,2.54,2.54,0.86,3.36,5.72,0.84,2.50,0.85,2.37,0.81,6.79,11.03
X	107290635	107291472	ACACATATATATATAT	2.46	HG03040:3.43	0.83,0.83,0.85,0.81,0.87,1.68,0.85,3.31,6.59,0.84,0.85,0.84,3.43,0.83,1.71,0.79,0.85
17	73554229	73555547	ACCCCGCCTCCTCCATCCGC	2.44	HG03040:18.85	5.71,0.83,6.66,5.00,8.35,1.67,0.80,0.84,7.66,0.84,6.58,6.58,4.89,7.39,1.71,1.73,4.81,0.83,8.93,11.28,4.23,4.29,6.72,4.23,6.61,4.69,5.67,4.27,0.84,8.24,3.35,12.58,2.46,5.16,4.90,5.18,5.65,3.48,4.83,2.44,4.11,0.85,15.42,6.59,4.20,1.66,17.39,1.67,3.41,9.43,6.69,1.74,10.04,11.35,4.15,14.89,18.85,3.31,4.11,5.97,4.10,14.27,5.15,9.42,1.67,8.44,12.73,20.07,6.77,4.23,5.13,15.12,11.86,6.54,1.65,4.20,0.78,19.26,6.65,7.58,25.07,7.88,11.39,9.93,10.81,0.85,6.77
13	88277104	88277555	AT	2.39	HG03040:3.43	0.84,0.84,0.82,0.81,0.84,1.70,1.65,1.67,0.84,0.82,0.86,2.56,0.85,0.83,0.86,0.83,0.86,3.43,0.85,0.84,0.85,1.67,0.81,0.85,0.85
3	59166632	59166817	AT	2.35	HG03040:2.57	0.79,2.57,0.83,1.71,0.85,1.69
4	130592032	130593103	AAGG	2.34	HG03040:6.85	0.83,6.66,5.82,4.11,0.82,3.41,3.29,1.67,6.73,0.97,3.39,0.81,0.83,3.39,1.89,3.27,1.68,2.42,3.29,0.86,1.71,1.65,1.68,3.31,2.56,3.14,2.61,2.49,6.85,0.83,7.55,1.72,3.43,3.38,2.54,1.71,0.84,3.42,0.81,9.10
GL000195.1	87170	88211	AAG	2.33	HG03040:4.28	0.97,0.82,0.81,0.84,0.90,0.83,0.83,4.14,4.72,1.67,0.87,5.86,2.49,4.28,2.56,3.28,2.62,0.85,1.66,0.84,1.58
6	18796041	18796976	AAAG	2.31	HG03040:2.57	0.82,0.84,0.83,2.57,0.84,3.38,0.83
22	46762152	46762475	AAAGGTGCGGGGGGAGG	2.30	HG03040:2.57	0.83,0.83,2.51,2.57,1.68,0.85,0.81
4	49092903	49126487	AATGG	2.28	HG03040:734.99	555.94,401.47,563.42,600.34,372.25,595.70,497.87,456.35,579.47,708.74,454.67,406.75,612.31,498.36,602.40,444.35,441.69,447.14,462.07,433.87,509.68,581.93,559.59,759.57,531.85,513.58,506.63,538.93,415.01,698.92,495.66,544.74,680.48,318.78,419.99,589.53,466.99,468.20,486.65,453.06,503.64,552.91,584.67,422.88,448.90,610.57,591.41,593.22,457.29,641.87,449.22,503.61,526.74,534.70,453.23,368.06,331.43,625.02,515.23,377.41,448.35,661.52,610.33,440.84,562.32,447.85,466.70,399.95,560.23,443.80,688.40,583.98,455.23,651.97,552.03,399.94,587.93,433.05,610.00,538.58,649.93,500.38,562.01,453.50,490.20,493.06,545.51,594.72,469.09,391.98,358.65,619.53,317.70,473.15,312.25,561.01,554.40,515.77,698.08,445.87,587.30,631.56,469.74,633.56,565.68,641.10,626.25,365.70,556.44,525.37,532.52,554.49,471.84,658.21,624.13,655.62,574.26,734.99,311.92,502.32,600.00,455.59,707.60,494.84,442.94,415.90,591.52,488.96,581.91,519.43,778.03,546.79,479.79,830.55,513.54,321.59,521.71,402.90,706.66,500.74,552.84,588.70,517.36,539.27,439.30,322.73,598.12,672.62,435.38,430.99
X	86126804	86127207	AACATATATATATGG	2.26	HG03040:6.00	3.26,1.71,0.85,0.80,0.81,0.85,0.84,0.86,0.82,1.67,1.68,3.37,2.42,2.42,2.44,0.86,3.43,4.12,1.68,3.31,1.67,3.41,0.87,6.00,4.93,8.35,3.42,5.08,6.54,5.02,0.85
11	76402965	76404412	ACACCTCTCTGCCCTCCGC	2.22	HG03040:8.57	4.90,1.63,1.63,2.49,0.83,1.66,2.49,0.83,1.67,2.51,2.39,0.84,2.51,0.83,1.70,0.82,2.41,0.82,2.56,0.85,8.65,6.58,1.60,0.83,0.81,2.42,0.84,1.94,0.84,3.40,1.63,0.84,2.44,2.37,1.69,1.63,0.86,1.68,1.68,4.20,2.55,1.73,0.86,0.83,0.80,1.65,1.69,2.48,0.78,0.81,4.27,5.87,2.51,1.65,0.84,3.35,0.84,4.26,1.64,1.72,1.66,1.63,0.84,1.63,2.53,2.42,3.58,0.81,4.11,0.85,0.83,0.86,2.46,0.85,2.50,1.67,0.82,1.70,1.67,5.14,1.65,1.68,9.94,6.63,2.51,4.26,7.86,3.43,5.02,0.87,3.35,0.86,2.48,8.57,7.45,6.58,5.12,2.46,1.68,0.86,1.71,6.68,3.38,2.55,0.87,0.85,1.69,0.86,2.52,1.64,0.82,1.68,2.33,3.35,1.69,2.56,4.18,2.37,1.63,1.70,4.14,6.65,5.09,2.54
12	92821869	92822389	AAGGAAGGGAGGGAGGGAGG	2.21	HG03040:7.71	1.63,3.26,0.83,0.84,0.85,4.21,1.65,0.82,2.41,4.27,4.93,2.50,3.22,5.05,1.69,3.46,0.82,2.54,1.68,2.55,1.73,2.57,2.41,1.69,4.96,2.43,0.84,4.12,3.78,3.45,1.68,8.32,5.86,4.11,5.02,2.53,2.58,1.67,7.26,2.69,6.05,1.67,1.64,3.24,7.71,0.82,0.86,3.34,10.58,5.79,11.64
17	30603109	30604404	ACCGTACTCCGGCCCTAGC	2.17	HG03040:8.57	0.82,0.82,0.81,0.83,4.99,2.49,3.33,3.34,2.39,0.84,1.68,2.50,1.68,0.82,1.63,4.83,2.46,3.41,0.85,1.73,7.40,1.60,2.50,1.68,1.94,1.69,1.73,3.35,2.48,0.81,3.94,3.39,2.58,2.52,2.52,1.68,2.60,2.57,1.65,1.61,5.78,0.85,0.78,2.43,6.83,4.19,1.68,2.47,0.94,0.86,2.52,0.84,3.35,11.50,2.51,1.68,3.44,1.66,2.45,4.31,0.84,6.53,1.69,4.03,2.69,2.61,0.87,3.23,1.61,1.64,2.44,3.42,2.46,1.66,1.72,7.69,0.83,1.67,1.73,0.81,3.40,5.83,3.43,0.84,1.66,1.66,1.67,4.26,3.93,2.57,3.35,6.11,1.66,4.14,8.57,2.48,2.56,4.10,0.86,0.84,0.85,2.62,4.23,1.68,3.30,0.84,1.55,4.19,4.99,0.84,9.40,0.84,0.79,0.81,14.97,4.24,2.54
X	3487465	3488481	ACATATATATATATATAT	2.17	HG03040:3.43	0.84,0.84,0.79,2.55,0.84,0.83,0.83,0.82,0.81,1.71,0.84,1.71,0.87,0.86,3.43,0.85,2.57,2.56,1.67,0.83
3	111498331	111499811	AAG	2.16	HG03040:45.40	25.31,4.08,18.73,6.65,1.67,15.81,6.65,24.15,7.51,2.51,8.77,5.01,1.68,5.82,35.74,20.20,9.05,29.59,4.89,3.22,4.10,2.56,9.40,28.55,22.19,5.61,22.54,20.29,8.06,20.19,7.74,3.37,0.85,6.05,4.09,6.71,0.83,31.76,3.94,24.56,1.63,8.59,11.76,1.68,10.09,3.40,1.73,9.94,7.44,0.80,3.30,1.69,3.31,6.25,4.86,10.25,3.36,3.35,3.30,17.93,4.32,6.73,2.50,4.18,0.84,5.96,4.93,4.19,1.72,2.50,3.27,6.66,19.84,3.36,7.35,5.90,7.26,7.17,1.74,5.22,5.66,1.61,0.82,3.26,5.70,19.65,4.11,1.66,6.86,3.28,1.71,7.44,3.33,4.32,7.54,2.46,3.24,4.25,1.67,16.28,2.47,30.21,24.85,5.86,6.82,39.30,4.18,28.73,15.90,19.21,4.15,42.80,53.79,45.40,9.93,3.29,46.94,29.55,19.31,6.00,12.85,11.69,5.91,13.58,6.98,5.92,23.96,26.05,51.70,7.36,4.95,23.52,7.76,34.33,20.79,32.87,10.25,35.10,5.52,19.52,20.38,4.14,7.48,42.44,17.78
7	158440633	158442151	AAATGGACCACAACCACGCC	2.14	HG03040:34.27	35.10,15.47,10.81,9.98,30.75,8.33,10.85,17.55,18.37,19.97,21.27,21.73,15.62,12.82,10.55,21.76,14.30,18.39,32.32,14.03,10.59,25.24,11.86,13.85,20.61,23.52,18.50,30.26,24.85,11.58,20.09,16.51,23.71,23.14,17.84,12.81,12.58,15.10,31.95,8.39,33.21,20.53,10.05,22.37,30.81,15.53,10.62,10.95,16.14,13.44,9.57,33.96,13.69,25.45,27.71,17.10,13.97,18.27,15.44,18.87,9.39,18.20,23.34,9.03,12.97,16.17,8.33,24.85,19.78,16.78,24.85,22.61,27.28,26.72,18.00,8.36,20.89,12.55,31.43,14.11,11.98,34.27,11.58,17.92,10.67,7.55,19.72,25.05,5.06,16.13,13.96,11.84,13.69,18.49,18.81,29.69,36.96,13.97,24.28,14.33,8.54,13.37,11.83,7.32,8.49,41.36,10.81,27.16,13.55
22	46762154	46762521	ACCTCTCCTCCCCCCGC	2.13	HG03040:4.28	2.52,0.83,0.84,3.49,0.83,4.28,2.51,3.38,1.74,2.54,3.36,2.47,2.51,3.39
9	513416	514077	AGGG	2.11	HG03040:22.27	10.81,0.83,1.67,2.50,12.88,8.21,5.01,0.81,0.84,0.82,0.84,0.85,0.86,0.84,1.70,0.87,5.79,9.38,0.85,8.39,9.89,1.73,6.73,2.52,12.91,0.83,0.90,0.81,10.83,9.07,17.39,11.60,5.02,11.08,20.43,7.71,7.83,7.53,9.96,20.54,14.07,22.27,13.24,4.93,16.22,12.31,4.20,13.72,17.14,21.71,6.75,11.34,7.61,6.85,5.04,2.54,17.32,15.96,13.20,12.56,24.12,7.58,16.23,9.19,31.73,17.83,23.99,7.48,9.34,11.01
11	121953064	121954281	AAAG	2.09	HG03040:6.85	0.82,2.45,3.33,4.17,2.50,2.50,6.68,5.01,1.60,0.84,3.35,0.83,3.40,0.84,2.47,0.82,0.80,0.82,0.85,4.27,2.47,1.67,1.62,2.52,0.97,0.84,1.70,1.73,2.45,0.84,0.81,2.54,1.63,1.72,1.68,1.68,0.84,6.94,1.71,4.14,2.48,0.83,1.69,3.31,2.34,2.43,3.36,5.03,0.82,0.94,2.59,3.36,2.50,1.67,0.84,1.70,2.46,1.67,0.84,2.58,2.50,2.45,1.67,1.73,4.90,3.37,0.81,0.90,0.81,0.81,1.64,2.44,1.63,0.85,1.66,0.86,4.10,1.71,1.65,0.86,1.67,0.82,0.81,0.85,1.67,1.71,2.47,2.52,0.83,1.66,2.51,0.79,3.43,5.22,0.84,4.36,3.32,0.86,1.65,6.85,0.83,0.82,0.85,0.82,1.68,0.86,2.57,2.51,1.69,4.24,1.74,0.85,2.54,1.71,3.36,4.24,0.82,1.68,0.78,0.85,1.67,3.15,1.63,2.48,7.48,4.24
2	98663609	98665115	AAAGG	2.06	HG03040:6.85	2.45,0.83,1.67,0.83,2.49,1.67,1.67,0.80,0.84,0.84,1.68,0.81,0.82,0.85,0.87,1.64,0.83,0.81,0.81,1.94,1.70,0.86,0.82,3.35,3.30,3.26,3.15,2.44,2.58,0.84,0.84,0.87,4.29,1.66,0.83,5.08,3.31,1.56,2.52,1.65,1.89,2.59,1.68,0.83,0.84,0.84,0.85,2.51,3.37,0.86,2.50,1.63,1.67,1.73,2.53,3.58,4.34,3.48,4.04,1.64,4.07,4.89,7.69,1.66,6.01,0.82,4.14,0.83,1.67,1.64,3.24,2.55,4.28,0.84,0.83,1.70,4.72,2.57,0.84,0.87,0.84,5.99,6.62,6.85,0.82,0.85,2.46,2.52,2.57,0.84,0.84,2.55,0.87,1.69,0.85,3.42,1.68,1.69,1.68,0.84,1.66,0.84,5.13,3.40,4.14,1.69
4	4697208	4697678	ATCC	2.06	HG03040:2.57	0.83,0.83,0.84,0.85,0.84,2.57,0.86,0.84,0.86
8	143336245	143338162	ACC	2.03	HG03040:17.13	1.63,3.26,10.58,9.15,2.50,9.15,6.65,11.66,8.35,5.85,4.79,8.35,10.05,3.33,6.81,4.21,6.58,4.11,4.89,0.80,9.03,8.53,0.85,3.46,3.29,4.01,2.50,7.30,3.22,10.09,4.84,7.59,4.25,12.96,12.26,7.55,1.65,8.14,4.73,1.69,4.07,4.29,6.72,8.41,2.52,4.25,10.41,11.14,6.63,3.31,9.64,4.95,2.54,7.44,8.60,6.49,1.71,11.75,5.03,2.47,2.83,9.50,0.84,3.33,16.74,5.03,5.11,4.11,3.35,0.84,14.63,0.83,5.72,7.49,6.04,7.56,10.62,4.21,13.72,3.58,3.48,0.87,4.04,4.83,4.93,4.89,0.81,3.42,8.22,4.98,5.15,2.46,5.12,8.27,8.33,3.46,2.51,4.93,1.62,5.96,11.66,12.00,10.71,4.20,5.80,13.25,4.19,2.56,14.93,15.43,5.02,10.45,6.69,6.98,8.30,8.56,6.62,17.13,7.45,12.33,11.10,15.60,10.07,8.58,7.71,8.35,6.75,5.94,6.98,8.46,7.61,12.84,5.88,11.02,16.35,2.47,9.24,8.54,15.91,4.16,3.37,9.40,7.52,18.13,21.15,9.34,9.10,14.97,7.64,5.08
X	53490599	53491155	AAAG	2.01	HG03040:3.43	0.83,0.85,0.82,0.83,1.68,1.70,0.83,0.80,0.83,0.84,0.86,0.84,0.86,0.86,0.87,1.61,0.85,0.86,0.84,4.19,1.57,0.86,0.87,3.43,0.82,0.84,0.84,1.69,0.85,2.54,0.85,0.84,0.84,1.67,1.58,0.85
GL000220.1	126182	130320	AG	1.99	HG03040:1443.42	735.54,466.75,937.94,1427.68,429.00,1246.31,830.34,602.92,906.78,1374.02,1022.61,570.45,1107.35,634.80,988.68,419.10,527.23,1009.36,679.66,825.88,1066.96,904.46,1045.71,689.49,862.30,726.71,333.02,827.88,916.25,691.36,956.46,1295.23,853.16,465.64,903.71,1462.51,976.06,1306.07,834.48,871.39,527.27,948.70,785.44,738.15,872.58,878.43,565.40,819.53,898.84,663.37,695.12,1495.96,781.64,719.83,635.30,299.96,832.83,882.57,901.44,979.78,549.35,862.74,873.47,853.40,1156.43,503.20,961.51,703.00,1010.75,378.12,761.54,1078.95,906.38,719.42,499.42,1017.50,973.35,504.66,1103.80,595.93,640.38,965.08,1169.30,807.12,775.94,934.78,601.69,1071.51,612.85,511.57,808.25,1064.28,670.42,679.94,628.66,823.80,944.65,675.11,898.34,719.01,1311.22,640.99,793.62,882.79,570.65,1034.54,903.38,706.67,687.69,897.32,917.91,1135.09,878.42,726.30,927.06,1003.12,799.33,1443.42,799.24,929.82,867.99,704.32,626.18,792.43,656.27,1154.16,903.74,827.67,981.49,872.19,1037.66,646.91,775.55,866.14,1041.80,492.28,625.88,812.01,954.49,778.56,800.61,1081.70,707.92,478.56,990.06,497.68,894.28,1371.01,1021.84,595.26
5	173524110	173524853	AC	1.92	HG03040:3.43	0.82,0.83,0.83,0.80,0.82,1.61,1.64,0.85,0.85,0.83,0.84,0.85,1.68,1.63,0.85,0.83,0.83,0.84,1.89,0.86,0.84,0.84,0.84,0.82,0.81,0.87,0.85,0.82,0.85,0.83,0.82,0.84,1.66,0.84,0.79,0.86,0.84,1.74,0.84,1.66,0.86,0.83,3.43,0.85,1.64,0.86,1.67,0.85,0.86,0.85,0.85
3	9341617	9342253	ACCACCACCACCACCATC	1.91	HG03040:5.14	1.63,0.81,1.66,0.83,2.50,1.67,1.60,2.51,5.96,0.84,0.82,0.82,0.81,1.64,0.85,1.71,0.87,0.80,1.67,2.43,0.81,0.84,1.69,0.85,1.73,1.63,0.84,0.83,2.44,1.58,0.85,0.81,2.52,0.84,1.68,2.55,0.87,1.71,2.41,0.83,2.54,0.83,0.78,0.82,1.73,3.36,2.50,1.67,0.84,0.85,0.82,1.67,1.66,0.82,0.84,2.45,0.84,1.79,1.74,1.62,3.22,0.81,0.81,0.85,0.82,0.83,1.72,0.82,1.65,0.83,0.86,0.82,1.62,3.40,4.17,2.52,1.66,2.56,1.57,0.86,1.67,1.75,2.49,4.28,3.31,5.14,1.64,1.71,0.84,0.86,2.51,1.69,1.70,1.74,0.85,2.57,0.84,7.63,3.27,0.82,0.84,0.78,1.67,0.83,0.84,0.79,3.25,2.55,1.65,2.49,0.85,2.54
10	42790457	42817199	AATGG	1.88	HG03040:45.40	29.39,16.32,30.12,36.59,26.71,22.46,20.78,28.31,26.72,26.74,21.54,23.39,41.88,32.45,34.88,21.88,16.45,29.59,41.56,16.90,14.77,27.30,39.30,34.60,25.48,25.64,26.71,17.86,20.95,32.80,33.88,39.63,37.43,16.41,23.70,41.09,17.33,21.17,15.77,20.32,34.23,25.76,37.80,28.58,18.49,28.06,31.22,26.57,20.71,35.57,16.88,44.58,28.79,18.18,17.97,21.08,12.81,34.40,40.21,16.48,26.43,31.09,38.67,28.28,29.29,22.64,30.66,26.28,29.31,24.42,46.47,44.09,25.34,43.30,37.95,21.01,31.85,22.75,23.40,26.88,25.20,27.85,17.79,12.08,16.42,22.00,28.50,31.62,13.14,15.78,26.60,32.82,5.12,37.22,10.82,25.93,29.31,33.67,28.38,29.78,39.99,26.56,29.67,36.92,16.56,29.82,33.49,22.16,20.43,22.28,16.72,28.73,30.12,26.19,26.56,24.82,20.69,45.40,8.27,25.49,39.26,27.09,22.66,30.02,23.13,34.24,39.66,26.32,27.92,20.30,48.20,25.67,23.53,44.07,8.18,12.37,25.20,13.20,15.91,21.63,21.07,41.87,26.75,17.35,13.83,18.68,32.26,47.39,35.65,22.02
X	117994436	117995897	AAAG	1.87	HG03040:11.99	0.82,4.90,0.81,0.83,2.50,4.16,0.83,10.85,1.67,1.67,3.35,1.66,0.84,3.29,1.63,1.61,1.64,1.60,3.25,5.05,11.81,0.82,11.74,0.83,1.63,1.58,1.69,0.81,6.01,5.89,3.36,5.95,3.47,6.86,3.31,1.65,0.80,0.83,5.93,4.96,4.69,1.62,5.13,0.84,1.68,0.82,5.66,6.05,6.73,2.50,4.18,0.84,2.55,7.39,7.54,5.05,2.58,4.99,5.72,7.49,2.59,9.24,5.72,4.21,1.61,10.75,2.61,6.96,0.81,0.81,4.93,3.26,1.63,0.85,1.64,0.85,0.83,4.16,5.19,11.72,3.29,4.86,4.25,2.50,8.57,7.42,4.20,1.66,1.70,1.57,7.71,5.02,4.35,3.49,3.32,3.42,0.83,11.99,2.48,7.40,1.71,1.64,6.00,0.86,5.06,4.24,2.62,1.69,3.38,0.86,10.92,11.02,4.95,10.08,6.21,0.84,1.66,1.69,4.27,5.01,1.58,4.07,3.40,3.33,2.55,0.85
15	89867699	89868778	ACTCACTCACTCTCTC	1.86	HG03040:5.14	3.87,0.84,0.82,0.85,1.71,7.46,0.84,0.84,0.84,1.63,2.61,2.43,7.39,2.44,2.46,1.66,0.83,5.19,0.82,1.70,1.65,0.85,1.57,2.61,0.83,0.83,5.14,1.64,4.10,2.52,0.84,0.86,1.68,1.68,3.15,8.49,0.85
2	170322118	170323049	AAATATATATTTAATAT	1.86	HG03040:3.43	3.33,1.64,0.97,0.84,0.82,1.65,0.81,0.78,0.81,1.67,0.85,0.82,0.84,0.82,3.37,1.62,0.81,1.71,0.83,0.83,0.82,0.84,3.43,2.50,1.69,1.69
2	127961413	127962581	AAAG	1.86	HG03040:3.43	0.83,0.83,0.84,0.83,0.85,1.70,1.63,0.86,5.04,0.83,0.83,1.56,0.81,0.84,0.86,1.64,0.83,0.86,0.87,1.64,1.63,0.85,1.64,0.82,0.84,0.85,0.86,0.84,1.75,0.83,3.43,0.82,3.38,0.85,0.85,0.82,0.84,0.84,0.85
3	188501379	188502039	AATATATATATATGATGG	1.81	HG03040:9.42	2.45,1.63,5.70,9.98,1.67,0.83,0.83,3.33,0.83,2.51,2.39,5.85,1.68,0.83,2.52,1.65,4.11,4.89,4.83,0.82,5.97,1.71,6.06,1.64,0.80,2.50,8.12,4.03,1.68,4.84,5.90,3.40,4.32,1.63,4.13,0.81,1.58,6.77,0.81,2.58,1.68,0.84,4.20,0.85,5.20,3.43,2.49,1.65,3.21,0.83,4.05,2.56,5.03,5.03,0.86,1.68,0.83,5.87,0.85,4.11,0.84,1.68,1.72,1.66,5.72,3.33,3.45,3.27,2.53,2.42,1.79,5.21,3.48,4.85,1.61,1.64,7.33,2.44,2.56,3.29,1.66,1.72,3.28,0.85,0.83,0.86,1.67,2.46,3.33,3.43,9.11,4.19,3.41,7.07,2.57,8.36,1.74,2.51,4.36,3.32,2.48,9.42,2.48,4.93,1.71,0.82,2.52,5.14,8.35,2.53,0.85,2.62,1.69,5.92,1.71,3.36,1.69,14.72,4.95,3.36,3.88,3.35,4.99,2.53,0.85,9.19,1.58,6.79,3.33,3.39,1.69
11	38399556	38400337	AT	1.80	HG03040:2.57	0.83,0.85,0.82,0.86,0.84,0.87,0.85,0.84,1.68,0.84,0.84,2.57,0.86
13	112092166	112093217	AGCTCCCCCTGC	1.79	HG03040:7.71	0.82,2.45,2.44,0.83,0.83,3.33,2.50,2.51,2.39,4.18,2.51,5.82,4.25,1.68,3.29,2.44,3.28,5.97,2.60,4.11,3.20,1.68,2.55,4.32,3.27,2.37,2.54,4.07,1.68,3.36,0.84,2.55,0.87,4.29,3.31,1.69,4.96,3.13,0.81,2.56,0.84,1.65,3.78,2.59,3.36,0.83,1.67,3.35,2.55,2.46,3.37,3.44,4.16,3.27,2.50,0.86,2.45,4.34,0.81,1.64,3.26,0.82,1.72,5.74,0.85,6.92,2.46,1.62,1.67,0.86,4.94,0.84,1.66,8.28,4.19,5.97,3.14,1.71,1.67,5.22,6.69,0.87,1.66,4.28,4.14,7.71,2.48,2.47,6.83,5.75,4.20,3.43,1.71,3.34,2.55,6.11,5.92,1.71,3.36,1.69,4.09,4.95,0.84,3.11,2.51,2.50,1.71,5.01,0.79,1.63,3.40,3.31,1.66,4.24,1.69
4	99771581	99772607	AAGG	1.79	HG03040:3.43	1.68,1.69,0.85,0.84,0.79,0.84,0.83,1.61,0.78,0.82,0.87,0.81,2.46,0.85,2.48,1.75,2.48,3.43,1.67,0.84,4.91,0.78,1.66,1.63,0.83
19	8194768	8196088	AAAGG	1.78	HG03040:11.14	9.16,4.28,7.42,5.03,19.05,4.14,4.19,5.97,2.36,10.28,6.69,10.79,3.42,7.45,11.14,3.31,6.83,5.04,5.14,1.67,6.75,7.64,8.72,32.14,11.45,8.54,0.84,15.46,1.70,6.62,0.85,9.31
1	8404475	8405300	ATCC	1.77	HG03040:4.28	0.82,0.82,1.63,1.66,0.83,3.32,0.83,1.67,0.84,0.80,2.51,0.84,0.83,1.65,1.64,0.81,2.41,0.82,0.85,3.46,0.80,0.81,0.81,1.94,2.53,0.82,1.68,0.83,0.81,2.54,0.81,0.86,2.52,1.70,1.73,0.86,1.61,1.69,0.81,0.84,2.51,0.82,1.73,1.68,1.67,0.82,2.51,1.72,1.63,3.45,1.68,1.63,0.84,0.81,0.81,0.81,0.83,0.82,2.48,1.67,0.82,0.81,0.85,0.82,0.84,2.51,0.85,0.86,1.67,1.74,0.83,4.28,1.64,1.71,0.82,1.72,0.86,1.67,0.87,0.85,2.57,0.84,0.85,0.82,0.82,1.55,0.83,1.69,0.85,0.83
2	222980239	222981594	AAAG	1.74	HG03040:6.85	2.45,6.65,1.66,1.66,4.16,2.50,5.01,3.99,1.66,2.55,4.21,2.47,0.82,4.02,4.10,1.71,2.60,1.64,0.80,2.50,3.25,1.61,1.68,2.90,2.53,2.55,6.54,2.52,2.44,1.58,0.85,2.44,1.72,2.52,0.84,0.84,1.70,5.20,4.29,0.83,4.96,0.80,4.13,2.54,0.83,3.13,1.62,5.13,2.52,1.68,0.94,0.86,0.84,1.66,5.02,2.55,0.84,2.53,0.86,3.33,2.45,2.50,1.68,3.27,2.53,0.90,4.34,0.87,0.81,4.03,2.46,2.44,2.44,1.71,0.82,3.32,2.57,0.82,3.31,0.83,6.05,5.86,2.46,1.62,3.40,1.67,1.71,0.82,0.84,0.83,1.67,0.85,1.57,1.71,4.18,0.87,4.18,5.24,3.42,0.83,6.85,0.83,0.82,1.71,1.72,1.71,4.18,0.84,1.70,2.62,0.86,5.04,0.85,0.82,1.65,0.84,1.55,1.69,4.27,0.84,3.94,1.63,3.40,3.33,1.69
11	67096608	67097121	AGGGG	1.74	HG03040:3.43	0.82,1.66,0.83,1.67,0.84,0.80,0.84,0.83,0.82,0.82,0.85,0.80,1.67,0.81,1.68,1.69,1.68,0.81,1.58,0.86,0.84,1.70,0.87,0.83,0.78,0.85,0.84,0.82,0.94,0.86,0.84,0.84,0.83,0.83,1.73,0.84,1.74,1.62,0.82,1.63,2.46,0.83,0.86,0.83,0.86,0.84,0.85,0.83,0.82,0.84,0.83,0.85,1.57,1.71,0.84,0.83,3.43,0.83,0.85,0.82,0.84,0.84,0.85,0.84,4.09,0.78,0.84,0.85,0.81,0.85,0.85,1.69
7	102801390	102801665	AAATGGTGAGAGGCACTGGG	1.74	HG03040:2.57	0.82,0.82,0.81,0.85,0.86,0.83,0.85,0.83,0.84,0.94,0.83,0.84,0.79,2.57,0.82,0.86,0.84
16	24844154	24845678	ATCC	1.73	HG03040:10.28	4.90,2.45,0.83,2.50,0.83,2.50,5.01,0.84,2.39,1.68,4.16,8.51,4.21,0.82,6.58,0.81,4.83,0.82,7.79,5.68,3.22,3.36,3.87,4.22,13.61,4.90,2.48,0.81,3.94,7.33,3.43,1.68,5.04,4.20,2.60,0.83,7.44,2.41,6.60,7.62,2.48,1.56,1.62,0.84,3.35,0.82,7.55,6.91,4.20,0.83,5.02,2.52,4.26,3.35,2.50,1.63,3.33,0.86,2.45,5.06,5.65,0.87,0.87,3.23,4.03,4.11,1.63,3.42,3.29,1.66,4.29,3.31,0.83,0.84,3.29,11.35,5.00,0.86,5.87,2.51,2.56,0.79,0.86,0.84,10.45,0.84,6.11,2.49,8.27,10.28,0.82,3.41,1.64,10.91,6.86,1.71,5.85,10.13,6.79,3.49,7.61,5.07,3.42,0.84,6.78,0.82,9.90,3.11,3.35,5.82,3.37,5.13,0.84,1.58,0.81,3.40,4.96,6.65,5.94,3.39
17	4811511	4812646	AC	1.73	HG03040:5.14	1.63,2.45,2.49,1.67,1.66,3.34,0.84,1.60,1.67,1.68,1.66,1.70,0.84,2.47,2.47,2.44,3.22,1.64,1.71,0.85,1.64,1.62,5.05,1.94,3.40,3.27,2.52,2.48,1.63,2.37,0.85,0.81,0.86,2.52,0.84,1.68,2.55,3.47,3.31,0.83,1.61,1.65,1.69,5.03,0.84,1.73,1.68,2.51,0.84,1.67,3.37,2.58,1.66,1.63,0.83,0.86,1.61,1.79,0.87,3.48,4.04,2.42,2.46,2.44,0.81,1.71,0.83,1.72,0.82,0.85,3.31,0.83,0.86,0.81,0.85,2.50,2.47,0.84,1.66,4.14,0.84,2.56,3.14,0.86,0.84,0.87,1.67,1.75,2.49,2.57,1.65,5.14,1.65,1.64,0.85,1.64,2.52,1.72,0.86,1.67,1.69,0.87,1.69,2.57,1.68,1.55,0.84,0.83,0.84,1.71,1.67,1.58,2.44,0.83,0.83,1.70
6	95420696	95421896	AAATATATAATATATAT	1.72	HG03040:2.57	0.84,0.85,0.85,0.85,0.80,0.81,0.84,0.87,0.81,0.86,0.84,0.83,0.85,0.86,0.84,0.84,2.57,0.85,0.86,0.85,0.84,0.85
15	26244343	26245286	AGG	1.71	HG03040:2.57	0.82,0.83,1.67,0.84,0.85,0.84,0.97,0.83,0.84,2.51,0.82,2.57,0.82,1.74,0.85
12	46712168	46712278	AATATATAT	1.71	HG03040:1.71	1.71,0.84
4	99771607	99771823	AAGGAAGGAAGGAAGGGAGG	1.71	HG03040:1.71	1.71,0.84
10	120033151	120033373	ACAT	1.71	HG03040:1.71	1.71
11	134946282	134946424	ACCCTC	1.71	HG03040:1.71	1.71
1	192482357	192482358	AAGG	1.71	HG03040:1.71	1.71
12	57494464	57494502	AAAG	1.71	HG03040:1.71	1.71
12	75925912	75925913	AT	1.71	HG03040:1.71	1.71
16	29854440	29854457	AGGGGGGGGGGGGGGGGGGG	1.71	HG03040:1.71	1.71
17	4858609	4858737	ACAGGGCAGAG	1.71	HG03040:1.71	1.71
17	78926972	78926973	ACACCCACACCCCC	1.71	HG03040:1.71	1.71
19	10271999	10272000	AAAT	1.71	HG03040:1.71	1.71
2	661499	661500	CCCCCCCCCCCCCCCCGG	1.71	HG03040:1.71	1.71
4	39945082	39945083	AC	1.71	HG03040:1.71	1.71
5	156682828	156682829	AC	1.71	HG03040:1.71	1.71
5	45666037	45666038	AG	1.71	HG03040:1.71	1.71
8	12533036	12533238	AT	1.71	HG03040:1.71	1.71
8	134105407	134105408	ACACTGCCC	1.71	HG03040:1.71	1.71
8	39651717	39651718	ACC	1.71	HG03040:1.71	1.71
9	134295522	134295661	AAAGGG	1.71	HG03040:1.71	1.71
5	180101850	180102506	AATCACTAGTCACCGACTGG	1.71	HG03040:1.71	0.85,1.71,0.85
6	1205728	1206177	ACAGCGGGTGCTGGGAT	1.71	HG03040:1.71	0.84,1.71,0.87
1	105508785	105509265	AAAG	1.71	HG03040:1.71	0.84,1.71
3	145467891	145468091	AAGG	1.71	HG03040:1.71	0.83,1.71,0.84
2	99831837	99831986	ATCC	1.71	HG03040:1.71	0.82,1.71
1	19387160	19388268	ACC	1.70	HG03040:20.56	19.59,8.98,23.61,15.80,6.68,14.14,17.45,5.83,14.19,15.04,10.37,10.02,16.75,9.15,13.61,8.42,18.10,6.58,8.15,16.10,6.57,9.39,6.83,11.25,11.51,18.43,11.68,12.17,8.86,10.93,12.59,7.59,13.61,11.23,17.98,15.93,16.50,10.59,21.30,11.01,8.96,3.43,13.44,8.41,14.29,17.86,11.27,7.72,12.43,9.93,10.45,9.91,9.32,14.05,12.50,16.21,17.94,15.10,10.05,9.89,8.50,6.05,12.61,9.15,19.25,10.06,9.37,15.60,10.89,5.05,11.19,14.97,17.98,7.49,13.80,14.28,15.51,12.64,18.56,17.03,9.56,8.70,8.90,8.86,19.71,17.11,11.40,7.69,11.50,9.14,12.87,11.49,11.96,11.58,7.49,4.32,10.89,14.78,11.35,14.47,10.00,13.71,17.31,10.07,15.74,18.22,5.86,5.97,20.43,10.28,10.03,13.93,15.90,12.22,14.94,10.27,10.76,20.56,13.24,9.87,13.66,9.03,9.23,7.72,9.42,11.69,12.66,10.19,11.34,8.46,16.07,9.41,15.96,14.41,13.90,18.14,13.44,8.54,12.56,6.65,10.96,6.84,14.21,13.40,13.02,11.04,9.93,19.95,6.79,13.55
7	4122744	4123807	AAAGGAGGGAGGGAGGAAGG	1.70	HG03040:5.14	1.63,0.82,1.63,0.83,0.83,1.66,0.83,2.50,4.18,0.84,0.84,1.66,3.40,0.84,1.63,0.80,0.85,0.87,0.82,0.80,1.61,1.68,1.73,0.84,0.83,0.81,3.15,2.54,0.81,0.86,1.68,2.55,0.87,3.43,1.66,0.80,1.65,0.85,4.13,2.34,4.19,0.82,0.94,0.86,0.84,1.68,0.85,1.67,0.83,0.82,2.50,2.59,1.63,0.84,0.90,0.87,0.87,3.23,1.61,0.81,1.63,4.27,3.29,0.83,4.29,2.46,1.65,0.83,0.86,0.84,1.64,0.81,1.70,1.65,0.84,0.83,1.70,0.79,2.57,0.84,0.87,1.75,0.83,5.14,0.83,2.52,0.84,2.55,0.85,1.71,0.84,0.83,1.69,1.71,2.51,3.15,1.63,0.85,0.83,0.85
10	1368503	1370030	ACCGCCCAGCGCCTCCCC	1.70	HG03040:3.43	1.63,0.83,0.83,0.80,0.83,0.85,0.84,0.81,0.82,0.85,1.61,1.69,0.85,2.37,0.81,1.68,0.85,1.73,0.86,0.83,0.83,1.61,0.78,1.66,0.85,1.64,0.84,0.86,1.73,0.81,1.64,0.81,1.63,0.86,1.64,0.82,2.43,0.85,1.65,0.79,0.86,1.66,3.43,0.85,0.82,0.84,0.87,0.86,0.84,1.66,1.71,2.54
11	109372665	109373525	AATATATATATATGG	1.70	HG03040:3.43	0.94,3.30,0.84,4.36,3.43,6.79,0.85,3.42,2.52,1.71,1.63,0.83,1.69
10	8154552	8155550	AC	1.70	HG03040:3.43	0.81,0.83,0.84,0.85,1.61,0.82,0.85,0.87,0.80,1.67,1.68,0.97,0.85,0.85,1.63,1.73,1.71,0.83,0.83,0.85,0.84,0.86,0.84,1.66,0.84,0.85,0.84,0.84,0.82,0.81,0.90,1.62,0.82,0.81,0.85,0.82,0.83,0.82,1.65,0.84,1.67,0.86,0.83,1.67,1.70,0.79,0.86,0.84,1.74,1.75,1.71,3.43,1.65,3.29,0.86,0.84,2.53,0.85,2.54,1.68,1.69,0.82,1.68,1.67,0.79,0.83,0.85,0.85
8	95180041	95180635	AT	1.70	HG03040:1.71	1.71,1.65,0.82,1.71
2	199141691	199142637	AG	1.69	HG03040:3.43	0.81,0.83,0.83,3.33,4.18,1.67,0.84,1.64,0.85,1.71,1.64,0.81,1.61,0.87,1.65,0.85,1.68,1.67,0.86,2.53,0.84,0.84,0.86,3.43,0.85,4.29,0.86,0.84,0.79,1.66
10	7608550	7609030	AGG	1.69	HG03040:1.71	1.67,1.71,0.85,0.83
8	139078348	139078448	AT	1.69	HG03040:1.71	0.78,1.71,1.68,0.79
18	63559571	63559967	AAAG	1.68	HG03040:3.43	0.81,0.85,0.85,0.86,0.82,0.83,0.84,0.85,0.80,0.83,0.81,1.68,0.85,0.83,0.82,0.83,0.85,0.81,0.83,1.68,0.83,1.66,0.86,0.87,4.15,3.43,0.83,0.82,0.86,1.71,0.84,0.85,1.69,1.68,2.54,0.82,3.36,0.83,0.85,3.94,1.69
19	34613936	34614114	AAAG	1.68	HG03040:1.71	1.71,1.71,0.85
2	89874434	89875529	AAAGGAATGGAATGG	1.68	HG03040:1.71	0.86,1.64,1.71,0.85
GL000220.1	126534	129526	ACAGAGAGAGAGAGAGAGAG	1.67	HG03040:17.13	7.35,5.71,7.33,9.98,4.17,11.65,10.81,6.66,10.02,16.72,13.56,5.85,10.05,6.66,10.21,3.37,2.47,8.22,4.89,5.63,9.03,7.68,13.67,4.33,12.33,4.81,6.68,8.12,8.86,6.73,5.81,14.34,12.76,4.32,2.45,20.13,9.08,13.84,5.52,7.62,1.63,6.87,15.12,8.41,5.04,10.20,1.73,9.43,9.94,10.75,3.21,20.64,5.93,6.61,2.34,7.30,8.54,9.23,8.38,9.06,7.55,9.50,6.73,6.65,13.39,6.71,9.37,7.39,15.91,3.37,7.74,9.15,7.36,9.99,3.45,5.88,8.98,0.84,12.91,4.48,3.48,7.83,11.32,8.06,9.03,6.52,8.14,16.24,5.75,7.47,5.15,9.85,5.12,9.10,5.83,9.51,10.89,4.93,16.22,8.51,15.83,6.86,5.77,7.55,3.31,12.42,9.21,11.08,4.72,12.00,9.20,6.96,5.02,6.11,11.62,6.85,5.79,17.13,7.45,12.33,11.95,9.03,5.04,10.29,3.43,17.54,10.13,10.19,9.60,9.31,11.84,5.13,9.24,12.71,11.45,4.12,7.56,10.87,5.86,8.32,11.80,15.38,6.69,3.15,6.51,2.55,7.45,12.47,6.79,6.77
1	142538437	142540622	AATGGAATGGAATGGAGTGG	1.67	HG03040:2.57	0.83,0.81,0.83,1.70,0.84,1.62,0.82,0.86,1.73,0.87,0.81,0.85,0.84,0.87,0.86,0.83,2.57,0.85,0.82,0.85
X	196453	196850	AGGGGGGGGGGGGGCCGGGC	1.67	HG03040:1.71	0.84,0.83,1.71,0.85
7	138306052	138307232	ACATAGATAGATAGATAGAT	1.65	HG03040:2.57	0.83,0.83,0.84,0.82,0.87,0.82,0.85,0.86,0.86,0.83,0.86,0.85,0.82,0.82,0.81,0.81,0.82,0.85,2.57,9.04,1.71,0.86,0.85,0.78,0.83,2.44,0.83
18	56494867	56495450	AGGCGGGCCCTGC	1.65	HG03040:1.71	6.63,2.51,1.71,1.68
X	119488900	119489218	AT	1.64	HG03040:1.71	0.82,0.84,0.82,0.85,1.71
X	8248794	8248981	ACACAGATGTATATATAT	1.63	HG03040:1.71	0.84,1.71,0.84,0.83,1.71
5	96515486	96516094	AT	1.62	HG03040:1.71	0.81,3.36,0.81,0.85,1.71
1	224005052	224005484	AAAGGAGGAGGGGGAGGG	1.58	HG03040:4.28	1.63,1.63,1.63,0.83,0.83,2.50,0.83,1.67,0.84,1.67,2.55,2.47,0.82,0.81,1.61,0.85,0.85,0.87,2.47,0.81,0.81,0.84,1.70,0.84,0.81,3.15,0.81,0.86,0.84,2.55,0.80,0.85,1.65,1.56,1.62,1.68,0.84,1.89,2.52,2.50,1.67,2.55,1.64,1.67,0.84,1.72,1.66,0.83,1.73,1.68,0.82,0.84,0.81,1.74,2.43,0.81,1.64,1.63,0.81,0.85,1.64,3.33,0.86,0.82,0.81,2.55,1.67,0.86,2.47,1.68,1.66,0.84,0.85,0.79,0.86,0.84,1.67,1.75,0.83,1.71,2.48,4.28,1.65,0.82,4.27,2.46,2.52,1.72,0.86,0.84,0.85,0.85,0.85,2.57,1.68,1.64,0.82,1.68,5.43,2.51,2.50,0.84,1.71,4.18,1.58,0.81,0.85,0.85
10	11703803	11704208	AAAG	1.58	HG03040:1.71	0.85,0.85,0.80,0.81,1.71
10	6301036	6301922	ATCC	1.57	HG03040:3.43	0.82,0.82,0.83,1.67,2.50,1.66,0.83,3.34,1.68,0.83,0.85,0.84,1.64,0.82,0.85,0.87,0.81,0.84,0.85,0.82,0.83,0.81,0.81,1.68,1.68,0.85,2.49,0.83,1.62,0.85,0.84,1.65,0.84,0.82,0.84,0.83,0.84,2.45,0.84,0.87,1.61,0.85,1.64,0.83,0.83,0.86,0.84,1.70,0.83,0.82,0.84,1.67,1.70,1.71,0.84,1.75,0.86,0.83,3.43,2.46,0.84,0.85,0.82,0.82,0.84,1.67,0.85,0.83,1.69
5	176523202	176524509	AAGAGGAGGAGGAGG	1.56	HG03040:6.85	1.63,3.33,0.83,1.66,0.83,0.80,3.34,1.68,0.83,4.25,3.37,4.11,4.02,0.82,0.85,2.47,1.60,4.03,1.69,2.55,0.86,0.82,1.68,1.65,3.26,2.37,2.54,3.26,0.86,2.52,0.84,2.55,0.86,1.66,3.31,1.61,1.65,1.69,1.56,2.43,1.71,1.68,1.65,4.20,2.50,0.84,1.70,2.46,3.35,0.83,1.73,0.84,0.82,1.69,1.61,1.79,1.74,8.09,0.81,3.28,1.63,0.81,2.46,4.92,1.71,3.31,1.73,1.67,1.62,2.55,2.47,0.83,13.25,5.86,3.41,5.50,4.29,3.34,10.79,2.57,6.85,0.83,1.64,2.46,0.84,0.86,0.86,5.01,4.22,1.70,9.31,0.85,1.68,0.85,4.12,1.68,3.88,3.35,4.16,5.06,0.85,1.67,0.83,0.85
X	153899969	153901092	AAG	1.55	HG03040:4.28	1.63,0.81,0.83,1.67,1.68,0.81,1.64,0.82,1.61,0.84,1.70,2.59,1.68,1.65,0.81,1.63,1.72,0.84,2.52,2.55,3.43,0.83,0.80,1.65,1.69,0.83,0.85,0.82,0.94,0.86,1.68,1.66,0.84,0.84,0.86,2.50,1.63,4.16,0.84,2.69,0.87,0.87,0.82,0.82,3.43,0.85,0.83,0.83,0.86,1.67,1.70,2.52,1.66,1.67,2.56,1.71,1.74,0.84,1.75,2.48,4.28,0.82,1.72,0.86,0.84,2.53,0.85,0.87,0.85,1.69,0.85,1.68,0.78,2.50,2.51,3.25,4.25,1.66,0.85
17	53262385	53263291	AAG	1.55	HG03040:3.43	1.63,1.63,0.83,0.84,0.87,0.85,0.86,2.52,1.68,0.83,0.80,0.85,0.78,0.81,0.94,0.86,0.84,0.84,0.82,0.84,0.81,0.87,3.48,1.62,0.81,0.82,1.66,1.64,0.86,2.47,0.84,0.84,1.57,0.87,0.83,3.43,0.85,0.86,0.86,2.55,0.87,1.71,3.36,0.82,2.51,0.84,0.81,0.83,0.85,0.85
10	73179832	73180524	ACCATC	1.55	HG03040:2.57	1.63,0.80,0.85,0.85,0.82,0.83,0.81,0.84,1.70,0.82,0.86,0.84,0.86,1.64,1.68,0.83,0.82,0.87,0.82,0.81,0.84,0.82,1.71,0.87,2.57,0.84,0.84,0.85,0.85,0.85
9	4734655	4735701	AAATATATATATACATATAT	1.54	HG03040:7.71	2.45,6.51,1.66,2.50,0.83,5.86,9.15,0.84,5.75,0.81,0.85,2.90,1.68,1.65,3.94,8.15,6.01,1.70,6.60,3.39,0.83,0.81,2.52,1.68,1.68,4.93,1.68,4.20,3.23,3.28,1.71,0.84,0.82,5.83,2.57,4.14,0.83,8.52,0.84,4.18,5.81,0.83,7.71,3.31,10.69,0.84,2.51,5.91,0.87,0.85,0.85,1.71,3.27,2.47,0.78,0.84,2.56,1.67,0.79,3.25,5.10,4.99,1.69
5	77756023	77756539	AAGG	1.50	HG03040:2.57	1.68,2.57,0.86,7.45,2.51,2.57,3.36,1.67,0.85,4.14
9	107803586	107803842	AT	1.50	HG03040:1.71	0.82,0.82,0.82,1.65,1.71,0.85
1	2052666	2053461	AACTACCACCATGACCCT	1.49	HG03040:4.28	0.82,1.60,0.85,0.82,1.64,1.61,0.85,0.80,0.84,0.84,0.85,1.63,1.63,1.68,0.84,0.80,0.83,1.69,0.81,0.82,0.94,0.86,1.66,5.02,0.85,0.83,0.82,1.67,1.73,1.63,0.84,0.87,0.81,0.81,0.82,0.83,1.72,0.85,0.83,1.67,0.86,0.81,3.33,3.43,1.65,0.83,1.66,0.84,2.56,2.36,2.61,1.67,0.83,1.71,4.28,1.71,2.46,0.84,0.86,0.86,0.84,2.55,3.38,1.68,1.64,1.65,0.84,0.78,1.69,2.56,3.25,0.85,4.16,0.85
13	30271642	30272103	ACGGGAGAGGGAGAGGGAG	1.49	HG03040:1.71	3.31,1.71,3.43,0.85,1.65,9.76
14	95860234	95860818	ATCC	1.48	HG03040:5.14	0.82,3.26,1.63,0.83,1.66,5.82,2.50,4.17,3.34,3.19,0.84,0.84,0.84,0.82,1.63,1.64,0.85,2.60,1.64,1.60,0.83,4.06,1.61,2.52,0.84,2.45,0.83,0.81,4.23,2.44,1.72,1.68,1.68,0.85,0.87,1.71,1.66,3.31,1.61,0.85,0.83,1.56,1.68,0.84,1.65,0.94,1.73,5.88,3.33,0.84,0.84,0.85,0.82,2.51,1.68,3.44,3.33,0.82,1.67,3.45,0.84,4.08,2.42,1.74,0.81,0.81,1.64,2.44,0.85,2.46,0.83,0.86,1.64,0.85,2.48,1.67,0.86,3.35,0.82,0.83,0.82,0.84,0.83,3.35,0.85,1.67,1.74,0.87,1.66,2.57,5.14,0.83,0.82,1.71,1.64,0.84,2.57,3.43,2.51,0.84,0.85,0.87,0.85,0.86,2.54,0.84,0.78,0.83,0.85,0.84,1.58,1.70,2.48,1.66,0.85,0.85
19	5786963	5787195	ACCACCTCCC	1.48	HG03040:2.57	1.63,2.44,0.84,1.68,0.85,0.82,0.82,0.80,0.81,1.94,0.84,0.86,0.79,0.84,0.80,0.83,0.81,0.82,1.67,0.86,0.86,0.82,0.82,1.75,0.83,0.83,2.57,0.83,0.85,0.85,0.86,0.84,0.85,0.84,0.83,0.81
1	2736753	2737249	AATTCGGGCTGAGCGGC	1.48	HG03040:1.71	0.85,0.82,0.84,1.71,1.71,0.82
18	20602008	20603008	AAAAT	1.47	HG03040:19.70	27.68,12.52,13.55,17.84,17.21,8.33,28.28,24.72,12.42,15.72,7.52,17.46,19.70,13.72,15.42,20.25,22.07,7.42,15.88,17.90
9	123854375	123854533	AATATATATAGATATATAT	1.45	HG03040:1.71	0.80,0.84,0.83,1.71,1.69,0.84,0.78
X	3442102	3443239	ACCACCACCACCATC	1.44	HG03040:2.57	0.84,0.84,1.64,0.82,0.81,0.83,0.81,1.63,0.86,0.84,0.86,0.85,0.83,0.85,0.84,1.89,0.86,0.83,0.84,1.67,0.81,0.82,0.85,0.83,0.85,1.71,2.57,0.82,0.85,1.68,0.84,0.84,0.85,0.84,0.85,0.83,0.85,0.83,0.85
3	63299182	63300101	AT	1.44	HG03040:2.57	0.81,0.83,1.67,0.84,0.84,0.84,0.82,1.71,0.81,0.79,1.70,0.80,0.78,0.84,0.86,0.81,1.63,0.84,0.82,0.82,1.67,0.79,0.86,0.86,2.57,0.82,0.84,0.86,0.82,1.65
6	2797645	2797937	AGG	1.44	HG03040:1.71	1.71,2.36,1.67,1.71,0.83,0.83
14	80311749	80312511	AGAGAGAGAGAGAGGGGG	1.44	HG03040:1.71	0.83,0.84,0.82,0.87,0.83,1.71,0.83
20	49282188	49283239	AAAGG	1.43	HG03040:16.28	17.63,14.21,14.89,16.28,4.96,11.49,7.52,16.13,16.35,14.02
4	190902202	190902677	ACCCTCCCCC	1.43	HG03040:2.57	0.82,0.83,0.83,0.81,0.85,1.64,0.81,0.85,0.86,0.79,0.84,0.85,0.83,0.81,0.84,0.83,1.70,0.82,0.86,0.86,0.81,0.81,0.82,0.81,0.82,0.84,0.84,1.67,0.83,2.57,0.83,0.85,1.71,1.67,0.84,0.87,0.85,0.82,0.84,0.83,1.69,0.79,0.81
1	3500373	3500744	AACGCCCAGCCACCAGAC	1.43	HG03040:1.71	0.81,0.83,0.85,0.84,0.81,0.87,1.71
3	9341496	9342435	ACC	1.42	HG03040:10.28	3.27,2.45,11.40,4.16,3.34,6.66,2.49,4.16,5.84,5.01,6.38,5.85,5.86,2.50,5.11,6.73,0.82,8.22,3.26,9.66,4.10,5.12,8.54,2.60,6.58,3.20,6.68,8.12,1.61,7.57,1.94,5.06,8.51,1.73,4.90,4.19,6.60,4.07,6.31,6.77,6.52,5.15,4.20,9.25,2.52,3.40,3.47,2.57,6.63,3.31,7.23,3.30,5.93,2.48,3.13,7.30,4.27,4.19,5.86,4.94,6.61,1.73,5.04,5.82,1.67,4.19,5.11,3.29,6.70,6.74,8.61,7.49,8.17,2.50,6.90,6.72,0.82,4.21,8.88,3.58,4.34,7.83,6.47,4.83,4.93,2.44,9.77,7.69,3.29,4.15,0.86,4.10,4.27,5.79,4.16,6.92,7.54,3.29,4.05,3.40,4.17,3.43,7.42,6.71,4.14,8.28,4.19,2.56,7.86,6.00,4.18,5.22,5.02,4.36,10.79,5.99,7.45,10.28,3.31,8.22,3.41,5.75,5.88,2.57,7.71,2.51,3.38,7.64,7.85,3.38,6.77,0.86,2.52,9.32,7.36,2.47,2.52,4.66,2.51,3.33,1.69,2.56,5.01,3.94,7.32,2.55,4.14,8.31,5.09,5.08
6	163167851	163168834	AT	1.42	HG03040:2.57	0.83,0.84,0.82,1.61,0.82,0.85,0.87,0.84,1.66,0.83,0.78,0.86,0.84,0.82,2.50,0.82,0.83,0.84,0.81,0.82,2.44,0.81,0.82,0.85,0.86,0.84,0.82,1.57,0.84,2.57,0.82,0.84,0.84,1.69,0.85,0.85,0.84,0.85,0.85,0.85
15	98654289	98655102	AT	1.42	HG03040:1.71	0.86,2.51,0.83,1.71,0.86,1.67,0.81
3	7145606	7145826	AAAG	1.42	HG03040:1.71	0.83,0.85,0.83,0.83,0.84,1.71,0.85
4	191031605	191032704	AACCCT	1.40	HG03040:3.43	10.61,3.34,6.81,6.68,0.84,6.00,3.43
19	6995277	6995808	ACCACCACCGTCGCC	1.40	HG03040:3.43	1.63,2.47,0.83,3.41,2.61,3.43,3.31,1.64,4.20,4.29,9.32,0.82
10	15471708	15472127	AAAG	1.40	HG03040:1.71	0.84,0.82,0.86,0.83,1.71,0.81,1.70
1	236795815	236796687	AAAG	1.39	HG03040:2.57	0.84,0.84,0.97,0.85,0.84,0.83,0.84,3.93,0.87,0.83,0.86,1.65,2.57,0.84,0.86,1.69,4.24,0.87,0.85,0.82,0.83,1.58,0.85,3.33
7	105373393	105374658	ATCC	1.38	HG03040:7.71	2.45,4.08,3.26,8.31,2.50,3.33,1.66,5.84,4.18,3.19,5.01,3.35,1.66,2.55,0.84,3.29,4.11,2.44,2.41,4.10,0.85,3.42,4.33,2.47,5.61,4.17,1.62,1.61,0.84,3.87,1.69,3.40,4.32,5.72,4.19,1.65,2.44,3.15,0.85,2.44,5.15,2.52,3.36,1.68,2.55,7.80,6.00,9.11,2.48,4.02,2.48,1.69,4.13,3.13,3.24,5.98,2.52,4.19,2.47,1.89,3.45,2.52,5.82,3.35,5.03,0.85,4.19,2.53,3.44,0.83,1.63,5.00,1.73,1.68,5.72,3.23,3.58,6.08,4.35,2.43,4.03,5.75,4.89,4.07,2.56,4.11,1.66,4.29,6.56,3.42,4.14,5.00,0.86,4.19,3.29,2.43,4.25,4.17,1.71,4.94,4.20,1.66,7.45,2.51,3.41,5.50,0.86,1.67,0.87,3.35,3.49,0.83,0.86,2.48,7.71,3.31,0.82,5.12,2.46,2.52,4.29,3.43,3.34,0.84,5.09,6.98,3.38,1.69,2.57,3.36,5.93,5.72,2.47,5.04,3.11,2.51,5.82,2.53,3.42,5.85,5.52,2.44,4.25,3.31,4.99,4.24,5.08
2	9916501	9917253	ATCC	1.38	HG03040:7.71	1.63,1.63,4.89,5.82,1.66,4.16,5.01,5.85,3.19,5.01,8.38,4.99,2.55,2.52,3.29,4.11,6.44,3.28,1.71,0.85,1.73,2.47,4.01,1.67,7.30,3.22,3.36,0.97,1.69,3.40,0.86,0.82,1.68,2.48,2.44,5.52,2.54,6.01,1.68,1.68,3.36,3.40,3.47,2.49,4.14,3.21,1.65,2.54,3.13,8.92,0.85,3.35,3.30,1.89,0.86,3.36,0.83,3.35,1.68,2.51,2.58,6.66,3.33,0.86,1.68,0.82,1.69,5.65,4.48,5.21,2.61,4.04,2.42,4.11,0.81,3.26,5.13,2.46,1.66,3.43,3.28,3.42,4.96,1.67,4.32,4.19,0.82,7.30,10.21,1.67,1.68,3.31,1.66,2.51,2.56,2.36,5.14,0.84,2.51,4.36,4.98,3.42,1.65,7.71,1.65,0.82,3.41,1.64,2.52,0.86,3.43,4.18,4.22,4.36,0.85,2.54,5.04,2.54,3.27,2.52,2.33,0.84,3.33,2.53,5.13,2.51,2.37,1.63,0.85,4.14,4.16,2.55,4.23
10	57223074	57223486	AAAG	1.38	HG03040:1.71	0.83,0.79,0.85,0.85,0.86,0.84,1.71,0.78
9	36869115	36870642	ATCC	1.37	HG03040:35.12	30.21,21.22,24.43,21.62,14.19,29.12,29.09,31.64,18.37,30.92,31.91,23.39,18.43,25.79,16.17,27.77,19.74,18.08,19.56,35.42,22.16,23.89,25.63,16.44,21.37,27.24,23.37,33.28,24.18,25.23,31.95,22.77,29.77,27.64,22.06,20.96,12.38,21.17,34.70,24.56,21.19,24.90,22.68,11.77,18.49,13.61,19.08,29.15,20.71,15.72,24.91,18.16,33.03,15.70,25.01,28.37,35.88,23.49,21.78,18.95,13.21,31.95,28.58,17.47,18.41,23.48,13.63,27.10,22.61,21.05,24.09,21.63,35.14,33.31,23.29,21.01,27.76,21.06,26.63,24.20,26.07,28.72,23.45,22.55,28.74,26.08,24.43,28.20,20.54,19.10,24.02,23.80,20.50,26.47,14.16,12.10,30.15,31.21,29.19,29.78,27.49,21.42,11.54,20.14,35.61,18.22,21.77,20.46,31.44,24.85,13.38,19.15,15.90,18.33,17.43,20.54,13.24,35.12,22.34,25.49,17.07,23.81,17.63,14.58,17.99,26.72,23.63,22.07,27.05,20.30,21.99,17.97,20.17,40.68,20.44,23.91,15.12,13.20,20.93,18.30,16.86,25.63,20.89,22.86,31.73,16.14,30.61,26.61,16.13,26.25
10	49995464	49996508	AAGGAG	1.37	HG03040:1.71	1.70,1.71,1.64,5.82,0.85,2.55
1	186600079	186601343	AAG	1.36	HG03040:4.28	1.63,0.82,1.63,0.83,0.83,0.83,0.83,1.67,0.84,1.60,1.67,2.50,0.84,0.82,0.81,1.71,0.82,0.83,3.25,0.84,2.52,2.48,0.79,0.85,0.81,1.68,0.84,1.73,0.83,0.85,3.24,0.84,0.84,1.89,1.68,0.83,0.82,0.84,0.84,0.86,0.82,0.83,3.45,0.84,1.63,1.69,1.61,0.90,3.22,0.81,0.85,0.86,1.71,1.65,2.50,1.67,1.62,2.55,0.83,4.12,1.68,1.66,2.51,0.85,0.79,0.84,1.74,0.87,0.83,0.86,2.48,4.28,2.47,0.85,1.64,0.86,0.86,0.84,0.85,0.87,1.69,0.85,1.71,2.45,3.30,0.84,0.78,1.67,1.66,5.13,0.84,1.58,1.70,0.83,0.83,1.69
3	7969695	7970349	AAAG	1.36	HG03040:3.43	2.50,0.84,0.80,0.81,0.84,3.40,1.63,1.58,0.86,1.68,0.87,3.39,0.81,0.84,0.85,1.67,0.86,0.83,0.82,0.81,0.86,1.73,4.05,1.70,0.83,1.65,0.84,0.87,3.35,0.83,3.43,0.85,0.82,3.38,0.82,0.84,0.78,0.79,1.63,0.83
11	112779628	112780192	AAAG	1.36	HG03040:1.71	0.78,0.84,0.86,0.87,1.71,0.84,0.87
8	143600511	143601535	ACC	1.35	HG03040:5.14	3.27,1.66,0.83,0.83,2.49,2.50,2.50,4.18,2.39,1.67,2.51,3.33,0.85,1.65,0.81,0.80,3.28,1.71,0.85,1.73,1.64,1.67,3.36,1.94,2.53,0.85,0.82,1.68,0.83,0.79,0.85,0.81,1.72,2.52,1.68,2.55,0.87,0.86,0.83,2.48,2.41,1.69,0.78,0.85,1.68,1.68,0.82,0.94,1.73,0.84,0.83,3.35,1.68,1.70,1.64,0.84,2.53,3.44,4.09,2.50,3.45,0.84,2.45,0.84,0.81,1.79,0.87,2.61,1.62,1.61,0.82,1.63,0.83,0.82,0.83,1.67,0.84,5.75,2.43,1.70,2.50,0.86,1.65,0.84,1.66,1.66,0.84,1.70,3.14,0.86,0.84,2.61,4.18,3.32,1.71,5.14,0.83,0.82,3.41,4.20,0.86,2.57,3.34,2.53,0.87,1.69,1.69,0.86,3.36,4.24,1.68,2.33,2.51,2.50,0.84,4.27,1.67,0.79,1.63,1.70,0.85,1.69
8	269776	270414	ACACACACACCTGG	1.35	HG03040:2.57	0.83,0.84,0.83,1.70,0.84,1.73,2.37,0.85,0.84,0.84,0.85,0.83,2.48,0.84,0.85,0.84,0.86,0.83,1.63,0.86,0.81,0.82,0.82,0.85,0.82,0.85,0.83,0.79,0.86,0.86,2.57,1.65,0.85,0.84,0.85,0.85,0.84,0.85,3.88,0.84,0.81,0.85,0.85,0.85
13	114578559	114579860	ACACCCACACCCCAGCG	1.33	HG03040:4.28	0.82,0.82,0.81,0.83,0.83,0.83,0.83,0.84,0.84,5.03,0.83,0.82,0.82,0.81,4.02,1.71,1.73,0.83,0.81,1.61,0.97,0.84,2.55,0.86,0.81,2.58,2.52,0.84,0.86,1.66,1.65,1.65,0.85,0.83,1.68,0.82,1.73,2.52,0.84,0.84,0.85,0.82,2.53,0.86,0.82,1.67,2.59,0.84,1.63,0.81,2.69,2.61,3.48,0.81,1.61,0.82,0.81,2.44,2.56,0.83,0.86,1.64,0.85,0.83,1.73,1.64,1.62,1.70,0.83,0.86,2.47,1.68,1.66,0.84,1.70,2.51,1.66,4.28,1.65,4.28,0.82,2.56,0.82,0.84,0.86,0.86,1.67,0.85,4.28,0.84,0.85,2.45,0.82,3.35,0.83,0.84,0.85,2.51,1.63,0.85
10	29020246	29020494	AAAG	1.33	HG03040:1.71	0.82,0.80,0.83,0.86,1.71,0.87,0.85,0.86
X	144356083	144356281	AT	1.33	HG03040:1.71	0.81,0.83,0.87,0.83,0.84,0.87,1.71,0.86
19	17425323	17426447	ACACACACGTGTATAT	1.32	HG03040:4.28	0.82,3.26,0.82,0.83,3.91,1.62,0.86,0.83,1.66,2.56,4.72,6.69,0.84,1.65,4.28,2.48,0.84,1.69,1.69,0.86,0.85,0.78,2.51,2.56,3.34,6.31,6.51,1.70
21	26360947	26361835	ACTCCATCCCTCGCC	1.32	HG03040:3.43	0.83,2.50,0.82,0.84,0.82,0.81,7.50,3.31,0.83,7.86,0.86,0.87,0.83,3.43,1.71,2.46,1.68,1.70,3.27,1.55,0.84,4.24
21	10799456	10800098	AATCGAATGGAATGG	1.31	HG03040:1.71	0.84,0.83,0.83,0.86,1.71,0.82,0.83,0.85
16	818764	819332	CCCCCGGCCCCGGCCCCG	1.31	HG03040:1.71	0.83,1.71,0.82,1.68,1.55,0.84,2.50,0.83
X	134779195	134780610	ATATATATATATCC	1.29	HG03040:12.85	5.71,11.42,4.07,4.16,3.34,4.16,5.82,4.16,5.84,4.18,3.19,13.36,1.68,3.33,3.40,1.68,2.47,4.07,4.83,0.82,2.56,6.83,4.11,7.21,8.35,12.17,4.84,5.89,9.68,6.75,1.70,30.24,0.82,5.03,0.83,4.89,11.04,1.69,2.44,2.58,0.84,5.04,3.40,8.57,0.83,1.65,8.84,0.83,8.47,8.26,6.25,3.24,10.25,11.75,0.84,7.42,8.50,8.64,5.88,4.99,2.51,2.52,10.22,5.75,10.05,11.79,4.30,6.66,5.72,4.16,6.04,10.08,4.90,1.69,7.26,3.58,4.34,2.61,4.83,4.07,3.26,1.71,4.11,1.66,0.86,2.46,1.71,6.66,3.46,5.86,6.57,2.55,2.50,2.57,3.30,5.87,4.97,11.60,2.51,5.97,7.07,4.29,5.02,4.35,6.11,9.13,5.99,2.48,12.85,5.79,10.69,0.85,5.75,3.36,5.15,4.28,3.38,7.64,0.87,8.46,0.85,3.42,10.08,16.95,5.72,9.07,9.32,5.86,5.82,3.42,14.21,2.37,4.07,0.85,4.96,1.66,2.55,3.39
19	8787611	8788814	ATCC	1.27	HG03040:6.00	0.82,1.63,0.81,2.49,1.67,0.83,0.83,2.50,0.83,1.67,0.80,3.34,1.68,1.66,0.85,3.29,1.64,2.44,1.61,0.85,3.42,1.73,0.82,0.80,0.83,1.62,2.42,1.68,3.87,4.22,5.10,4.09,4.19,1.65,0.81,1.58,3.39,1.63,6.01,2.52,2.52,1.68,2.55,2.60,5.14,1.66,1.65,0.83,0.85,1.65,3.91,1.62,0.85,3.36,1.68,2.47,0.94,2.59,3.36,3.33,2.51,0.84,2.55,2.46,0.84,0.84,0.86,1.66,4.90,1.67,0.86,0.84,1.63,2.53,3.23,1.79,3.48,4.35,2.43,1.63,0.85,0.82,1.66,1.72,4.10,0.85,2.48,1.67,2.59,5.02,3.29,4.86,0.85,1.67,2.57,4.12,4.14,2.48,1.67,2.36,3.43,4.18,0.87,1.67,5.24,2.57,2.48,6.00,1.65,1.64,0.85,0.82,1.68,1.71,3.34,0.84,2.55,6.11,2.54,0.85,0.86,2.52,1.69,2.45,2.47,3.36,0.78,3.35,1.66,0.84,2.56,2.51,3.94,3.25,2.55,0.83,3.33,1.70,2.54
4	3607700	3608666	ACTC	1.26	HG03040:3.43	3.34,0.83,0.83,1.67,1.67,2.39,0.84,0.85,0.84,1.63,0.80,2.56,1.71,0.82,1.60,0.81,1.68,0.97,1.69,0.85,0.84,1.63,1.72,1.68,0.84,0.85,1.73,0.86,2.48,0.83,0.85,0.84,0.86,1.68,1.67,1.68,2.55,0.84,0.84,0.86,0.83,1.67,0.84,0.82,0.81,0.87,1.62,0.81,0.82,2.44,0.81,1.71,1.66,1.72,0.85,0.84,2.46,1.62,0.85,0.86,1.65,0.83,1.67,1.71,0.84,0.87,0.84,0.83,3.43,1.65,1.64,0.84,0.86,3.34,0.84,0.85,0.85,0.85,1.71,1.69,1.65,1.68,0.85,0.83
10	524383	524735	ACGGGGAGGGGAGGGGCAG	1.26	HG03040:1.71	0.83,0.83,0.86,0.84,1.71,1.65,2.49
5	98323924	98324347	AGAGAGGG	1.25	HG03040:2.57	2.50,0.86,1.68,1.66,0.85,0.84,4.96,2.57,4.10,1.71,1.70,0.85,0.82,0.85,1.65,0.85
8	51396720	51397122	AAAG	1.25	HG03040:2.57	1.67,0.80,0.84,0.83,1.73,0.82,0.80,0.85,0.86,0.81,0.79,0.83,0.80,0.85,0.83,0.84,0.82,1.63,1.71,0.86,0.85,0.82,1.62,2.36,0.86,1.66,1.71,2.57,0.86,0.78,0.84
10	51134994	51135218	AAAG	1.24	HG03040:1.71	1.63,0.84,0.85,0.85,0.86,1.68,0.87,1.71,0.83
13	99125526	99125886	AAGGAGGGAGGGAGGGAGGG	1.22	HG03040:2.57	0.82,0.80,1.68,0.85,0.82,0.85,0.82,0.82,1.58,0.86,0.85,1.56,2.43,0.82,0.94,0.86,0.85,0.82,1.67,1.61,0.87,0.81,0.81,1.63,0.82,1.57,0.86,0.83,2.57,0.85,0.82,0.86,0.85,0.85,0.85,0.86,0.85,0.82,0.82,0.84,0.83
2	98664383	98664628	AAAAGAAAGGAAAGGAAAGG	1.21	HG03040:1.71	0.82,0.82,0.81,0.86,0.81,0.82,0.83,1.71,0.84
19	11536081	11536389	ACACATATGTACATAT	1.19	HG03040:1.71	0.82,1.67,1.67,0.85,1.71,2.57,3.33,3.37
10	29719948	29720517	AAAG	1.18	HG03040:2.57	0.83,1.60,0.84,0.82,1.61,1.71,0.82,0.84,0.85,1.70,1.65,0.85,0.86,0.84,1.73,0.81,0.90,1.71,0.85,0.86,0.84,1.74,2.57,0.85,0.85,0.84
16	33898508	33900528	AATGG	1.17	HG03040:17.13	7.35,9.79,9.77,9.15,8.35,5.82,7.48,8.33,15.03,12.54,7.98,10.02,9.21,4.99,11.06,8.42,12.34,9.86,7.33,9.66,11.49,4.27,12.82,11.25,8.22,5.61,9.18,14.61,3.22,17.66,13.55,7.59,9.36,8.64,7.35,9.22,4.95,4.89,13.41,6.77,5.70,8.59,13.44,5.89,10.09,8.50,6.94,7.72,10.77,5.79,6.43,5.78,4.23,19.01,14.85,8.92,9.40,9.23,12.57,9.06,11.33,11.23,15.13,9.98,15.90,17.61,13.63,1.64,6.70,6.74,10.33,6.66,8.17,14.16,9.49,10.08,10.62,4.21,13.72,6.27,6.08,9.57,3.23,8.86,9.03,8.96,12.21,5.98,4.93,10.80,6.01,3.28,10.25,4.96,7.49,10.37,14.24,8.21,8.11,10.21,12.50,5.14,16.48,11.75,5.80,10.77,13.40,5.11,11.79,7.71,10.87,11.32,13.39,7.86,4.15,7.70,15.72,17.13,4.14,4.93,16.22,6.57,3.36,11.15,6.85,5.85,7.59,8.49,10.47,8.46,11.84,15.40,10.08,12.71,14.72,7.42,14.28,13.20,9.21,15.80,8.43,12.82,7.52,8.67,4.88,6.79,9.10,20.79,7.64,7.62
21	43113638	43114862	ATCC	1.17	HG03040:11.14	5.71,1.63,1.63,4.16,5.84,7.49,5.82,4.16,5.84,3.34,6.38,4.18,7.54,1.66,9.36,3.37,8.23,4.11,8.15,6.44,6.57,7.68,5.13,6.06,4.11,7.21,4.17,2.43,3.22,7.57,6.78,8.43,8.51,2.59,2.45,5.87,3.30,7.33,4.73,7.62,4.07,6.01,5.88,5.04,10.09,5.95,0.87,12.00,7.46,5.79,3.21,1.65,2.54,6.61,3.13,5.67,5.13,5.03,7.54,4.12,3.78,8.64,4.20,6.65,6.69,5.03,8.52,3.29,5.02,4.21,6.02,4.99,3.27,9.16,5.18,4.20,4.90,2.53,2.42,6.27,7.82,3.48,7.28,6.44,8.21,4.89,0.81,2.56,2.46,11.63,8.58,6.56,2.56,5.79,1.67,2.59,7.54,3.29,7.30,6.81,6.66,9.43,7.42,5.87,9.11,4.97,4.19,7.67,3.93,8.57,5.85,6.09,2.51,7.86,13.28,6.85,6.62,11.14,3.31,7.40,8.53,11.49,5.04,1.72,8.57,4.18,5.91,7.64,8.72,7.61,3.38,9.41,10.08,11.02,5.72,4.95,5.88,4.66,7.54,5.82,2.53,10.25,8.36,2.37,6.51,5.10,4.96,5.82,8.49,6.77
19	51997874	51998996	ATCC	1.17	HG03040:2.57	0.81,0.83,0.83,0.84,0.85,0.82,0.81,0.85,0.81,0.84,1.69,0.85,0.86,0.81,0.86,0.84,1.65,0.83,1.89,0.86,0.84,0.84,0.83,0.82,0.86,0.84,0.81,0.87,1.61,1.63,0.83,0.86,0.85,2.59,0.82,0.83,2.57,0.85,1.69,1.69,0.82,0.84,0.83,0.85,0.85,0.83,0.83,2.54
2	95701997	95705457	ACTC	1.16	HG03040:41.97	28.57,21.22,37.45,31.60,20.03,34.11,24.94,31.64,38.41,29.25,17.55,24.22,36.02,32.45,33.18,20.20,35.37,15.62,27.71,29.78,29.55,24.74,31.61,30.28,27.13,29.65,42.57,22.73,26.59,26.91,30.01,32.04,39.13,12.09,22.88,35.22,24.75,28.50,29.18,28.79,24.45,31.77,29.40,30.27,24.38,30.61,21.68,34.29,27.34,52.94,32.14,28.90,34.72,25.62,29.69,25.94,9.40,34.40,25.13,23.90,21.71,29.36,26.06,27.45,39.33,20.13,34.07,19.71,19.26,19.37,29.26,42.43,22.88,38.30,35.36,30.25,25.31,21.91,26.63,35.85,27.80,28.72,26.69,26.58,20.53,26.89,28.50,23.07,14.79,16.61,29.17,38.57,15.37,21.51,14.99,26.80,23.45,32.85,30.81,29.78,21.66,34.28,32.14,40.28,34.79,33.96,23.44,30.69,22.79,27.43,23.41,26.98,29.28,22.70,26.56,32.52,21.51,41.97,15.72,29.60,35.85,26.27,17.63,30.87,19.71,23.38,29.53,44.99,28.79,23.69,28.75,23.10,24.37,37.29,33.53,18.97,21.00,23.29,28.47,19.96,21.91,41.87,22.57,18.13,20.34,16.99,34.75,48.22,24.61,26.25
Y	13447821	13449380	AATGGAATGGAGTGGAGTGG	1.16	HG03040:8.57	1.63,0.82,4.07,2.49,1.67,4.99,0.83,2.50,0.83,5.85,2.39,6.68,5.86,3.33,5.96,3.37,6.58,4.11,1.63,8.85,5.75,5.12,7.69,3.46,4.11,4.81,7.51,1.62,8.06,4.21,1.94,4.25,6.05,1.63,3.35,3.30,2.44,1.58,1.69,0.81,4.29,5.04,2.52,5.04,2.55,0.87,0.86,2.49,2.48,2.41,4.13,1.69,4.96,3.91,4.05,2.56,3.36,2.51,4.12,4.72,5.18,2.52,3.33,6.69,0.84,4.26,5.75,4.19,1.68,2.58,7.49,4.09,5.00,2.59,5.04,4.90,7.58,4.84,6.27,1.74,1.74,4.04,1.61,4.93,4.89,2.44,5.13,4.11,7.47,3.43,4.92,1.71,5.79,3.33,3.46,0.84,1.64,4.05,0.85,2.50,6.00,4.94,4.20,0.83,6.63,6.70,3.41,2.36,0.86,5.85,9.58,4.18,2.62,3.32,3.42,1.65,8.57,3.31,4.11,3.41,4.10,1.68,4.29,2.57,1.67,2.53,0.85,2.62,1.69,4.23,6.85,6.72,5.93,1.64,3.30,5.88,5.43,4.19,1.66,1.69,5.98,1.67,1.58,13.83,3.40,4.96,2.49,1.70,2.54
20	2662179	2663278	AAG	1.16	HG03040:5.14	2.45,3.26,0.83,0.83,1.67,3.34,1.60,0.84,3.35,1.66,0.85,0.84,1.64,0.81,1.61,1.64,1.71,1.64,1.67,0.81,1.61,0.84,2.90,2.55,0.84,0.83,1.63,3.15,2.54,1.63,1.72,0.84,0.84,1.71,2.49,1.65,1.61,1.65,1.56,3.35,0.86,2.52,1.66,2.51,1.68,0.84,1.63,2.59,1.63,0.84,1.61,2.61,1.74,0.81,3.26,2.56,0.82,1.66,2.57,4.92,1.65,0.86,2.51,0.82,0.81,1.70,2.50,1.71,1.65,1.66,1.66,3.35,0.85,0.79,0.86,2.61,2.51,0.87,4.98,5.14,1.65,1.64,1.71,2.46,0.86,5.06,2.55,2.62,2.54,3.42,5.88,4.91,1.55,5.02,0.83,0.84,1.71,1.67,2.44,2.49,4.23
12	132043902	132044127	ACATGACCCCGCCCCACTC	1.16	HG03040:1.71	2.57,0.84,1.70,1.71,0.84,2.45,0.84,2.44
6	23623126	23623904	AAGGAAGGGAGG	1.16	HG03040:1.71	0.82,0.84,0.83,0.84,0.86,0.85,1.67,1.71,0.82
3	194365614	194366707	AC	1.15	HG03040:8.57	0.81,0.83,0.84,0.80,1.68,0.85,0.82,1.64,1.64,0.83,0.81,0.86,0.82,2.58,7.57,0.86,2.49,1.65,0.85,0.84,1.65,0.84,0.86,0.83,0.86,0.84,0.81,0.87,1.74,4.93,1.63,0.83,1.67,9.16,1.65,0.84,0.83,2.56,25.94,12.19,0.87,8.57,1.71,3.28,0.84,7.59,2.55,2.54,10.27,2.54,5.77,6.74,1.71,1.70,4.14,1.66,2.55,9.31
8	76016840	76017204	AAGGG	1.13	HG03040:1.71	1.74,2.57,1.71,4.93,0.85,4.66,0.84,1.71
X	40415922	40417090	AAAG	1.11	HG03040:6.85	0.82,1.63,0.81,0.83,11.17,4.18,9.78,0.82,4.03,0.84,2.90,4.22,1.70,2.59,0.81,0.86,0.84,0.87,2.48,8.11,12.58,19.27,1.67,1.68,2.58,1.63,1.69,2.42,2.61,1.62,2.42,0.81,0.85,0.85,7.44,4.16,1.73,2.55,0.83,2.48,3.43,0.87,6.85,1.64,0.86,3.38,1.69,0.85,2.52,4.16,5.13,1.67,0.81,2.48,4.16,3.39
12	69537036	69537571	AAAG	1.11	HG03040:1.71	0.83,0.85,0.84,0.86,0.83,0.82,0.81,1.71,0.85,0.82
Y	13836823	13853777	AATGG	1.09	HG03040:310.10	184.50,172.18,241.81,208.71,135.21,247.10,162.91,246.50,240.47,334.31,201.01,205.46,233.70,265.40,270.57,175.05,214.67,228.50,200.48,206.87,207.65,224.41,240.07,369.40,242.50,225.14,262.08,283.26,165.20,290.17,191.68,197.32,296.01,87.25,143.81,160.17,178.21,172.62,186.14,171.91,144.25,215.50,230.17,171.51,160.56,237.25,282.70,199.74,173.97,235.74,181.62,180.80,221.03,227.27,177.38,154.03,159.73,285.24,282.33,155.74,145.36,310.03,235.39,212.10,251.03,229.80,223.98,155.22,223.59,175.16,308.06,296.15,210.04,225.65,206.15,153.76,216.39,96.89,230.77,206.11,295.42,174.91,189.22,165.94,201.17,202.12,237.74,250.36,212.77,140.35,151.01,199.40,134.08,237.40,115.74,191.90,297.30,173.29,230.26,154.86,209.93,155.96,209.32,272.72,213.68,231.09,187.54,121.90,205.13,210.83,164.69,208.04,209.98,219.99,294.63,200.28,189.49,310.10,122.45,204.71,207.40,234.77,345.83,206.68,156.79,182.90,167.92,189.30,310.59,182.73,312.06,213.92,198.30,201.70,188.08,130.29,189.03,197.18,226.90,219.59,187.93,248.64,150.44,216.81,235.11,89.17,204.34,268.55,158.71,143.95
17	72460891	72462245	AC	1.08	HG03040:8.57	8.16,1.63,2.44,0.83,0.83,4.99,4.99,4.16,2.50,5.85,0.80,0.84,5.86,1.66,3.40,4.21,1.65,0.82,0.81,2.41,5.75,0.85,0.85,1.73,3.29,4.01,0.83,1.62,0.81,5.89,2.90,4.22,9.36,1.73,0.82,6.71,0.83,0.81,3.15,2.54,1.63,2.58,9.24,5.89,2.52,8.50,2.60,1.71,3.31,5.79,0.80,3.30,3.39,1.65,2.34,1.62,2.56,1.68,2.51,1.65,3.78,2.59,10.09,4.16,3.35,5.03,6.81,1.64,6.70,0.84,3.44,6.66,3.27,7.49,3.45,1.68,2.45,4.21,6.45,4.48,1.74,5.22,2.43,3.22,4.11,2.44,3.26,1.71,3.29,1.66,0.86,4.92,0.85,1.65,0.83,2.59,4.11,3.24,5.96,3.33,8.57,1.65,5.87,2.48,4.14,5.86,3.93,6.00,2.51,2.61,3.35,0.87,3.32,5.14,2.48,8.57,3.31,4.93,2.56,2.46,2.52,5.15,2.57,4.18,1.69,0.85,1.74,5.08,4.23,2.57,1.68,1.69,3.27,1.65,5.04,3.11,3.35,1.66,7.69,2.51,1.58,3.25,5.10,3.31,5.82,1.70,2.54
17	41000107	41000960	AT	1.08	HG03040:1.71	1.65,2.57,1.71,1.69,1.68,4.66,0.81,1.65
X	89480701	89481540	AT	1.08	HG03040:1.71	0.83,0.86,0.85,0.78,0.84,1.72,0.82,1.71,1.74,0.82,0.78
18	22518609	22520125	AAATTTACATGTATAT	1.07	HG03040:29.98	15.51,22.85,5.70,14.97,23.37,21.63,13.30,13.32,30.89,15.88,15.16,33.41,17.59,20.80,12.76,25.25,26.32,12.33,24.45,11.27,6.57,11.09,11.11,14.71,11.51,16.02,21.70,17.04,12.89,12.62,16.46,7.59,11.91,4.32,13.07,9.22,14.03,17.10,14.99,14.40,11.41,9.44,10.08,12.61,10.09,10.20,10.41,13.72,10.77,9.10,28.13,4.95,11.86,19.01,13.28,18.65,21.35,5.03,12.57,29.67,19.82,12.09,12.61,10.81,9.20,10.90,5.96,18.89,12.56,14.32,8.61,28.28,8.99,5.00,3.45,13.44,7.35,15.17,8.07,4.48,17.38,10.44,17.79,5.64,15.60,13.85,14.66,4.27,13.97,14.95,9.44,10.67,11.96,12.41,9.99,10.37,13.40,5.75,8.11,30.63,10.83,23.99,15.66,10.91,16.56,21.54,12.56,14.49,28.29,18.85,18.39,6.96,6.69,27.93,6.64,14.55,16.55,29.98,23.99,10.69,20.48,13.96,15.95,26.59,4.28,25.05,17.72,18.68,17.45,18.61,21.14,17.97,9.24,29.66,26.99,16.49,10.92,34.93,28.47,14.97,18.54,13.67,10.03,21.29,20.34,8.49,12.41,11.64,30.55,16.93
10	1369308	1370253	ACAGCGCCTCCTCACTGC	1.07	HG03040:2.57	0.81,0.83,1.66,0.84,0.83,1.61,0.82,0.81,1.94,0.82,1.63,0.85,0.86,1.66,0.83,0.83,0.85,0.83,0.83,0.86,0.83,0.90,0.81,0.81,0.82,0.82,0.83,0.84,0.82,0.79,2.57,0.85,3.28,0.84,0.87,3.30,1.55,2.51,0.84,0.83,0.85
20	7883840	7884121	ACC	1.06	HG03040:1.71	0.83,1.67,0.85,0.82,0.85,0.86,1.73,0.82,1.71,0.86
5	132687496	132688407	ACACACATATATATAT	1.06	HG03040:1.71	0.83,0.84,0.81,0.87,0.82,0.84,1.71,3.38,0.87,1.66
18	6185342	6186440	AAAAT	1.05	HG03040:17.13	2.57,10.05,16.28,16.72,17.13,11.95,16.98,18.83,17.99,21.84,0.83,11.85
8	2830665	2832099	ACCATCATCCTCT	1.05	HG03040:8.57	3.27,0.82,4.89,2.49,2.50,0.83,3.32,5.00,2.51,3.99,0.84,1.68,2.50,4.25,7.57,4.11,6.58,3.26,1.61,2.46,4.27,0.85,4.33,2.47,4.01,5.01,2.43,2.42,3.36,4.84,1.69,4.25,1.73,3.27,4.19,0.83,8.14,4.73,4.23,3.26,2.58,4.20,1.68,3.36,4.25,6.07,4.29,2.49,2.48,4.95,4.23,1.65,0.78,2.43,3.42,2.52,3.35,7.42,3.78,2.59,1.68,7.49,5.02,4.19,1.70,0.82,4.19,3.37,3.44,3.33,2.45,0.83,7.76,4.20,1.63,6.74,4.84,3.58,0.87,3.22,1.64,1.63,3.26,0.85,3.29,1.66,0.86,1.64,3.42,5.79,5.00,1.73,3.35,4.93,1.62,3.40,0.83,10.71,3.36,1.66,3.31,10.88,5.97,1.57,1.71,1.67,0.84,2.62,2.48,8.57,4.14,2.47,2.56,6.57,2.52,0.86,0.86,3.34,2.53,1.70,2.62,6.77,7.61,1.71,1.68,0.85,4.20,1.55,2.50,9.40,0.84,3.15,2.44,3.40,1.65,4.16,0.85,8.47
8	132565645	132566744	ACATATATATATAT	1.05	HG03040:1.71	0.80,0.81,0.82,0.86,0.79,0.83,2.48,1.71,0.85,0.82,0.81
10	18854549	18854965	AATGGAATGGAATGGAG	1.02	HG03040:1.71	0.83,0.83,0.84,0.81,0.87,0.83,0.82,0.81,1.71,0.85,0.84
21	39618457	39619735	ATCC	1.00	HG03040:9.42	4.08,4.08,8.96,3.33,4.17,8.32,0.83,4.16,5.84,0.84,3.99,3.34,3.35,6.66,3.40,4.21,1.65,2.47,7.33,1.61,3.28,1.71,5.13,6.06,2.47,1.60,2.50,6.45,6.73,6.78,2.53,2.55,3.46,4.90,7.55,2.48,0.81,4.73,4.23,4.89,6.01,3.36,5.04,2.52,5.95,5.20,6.86,9.94,3.31,0.80,6.60,7.62,4.13,0.78,4.86,4.27,9.23,5.03,4.94,3.78,3.45,7.57,4.16,4.18,2.52,5.11,4.11,3.35,5.05,2.58,4.16,1.63,8.33,7.76,3.36,6.53,4.21,3.23,7.17,1.74,3.48,4.85,4.83,3.28,4.07,4.89,3.42,3.29,6.64,4.29,2.46,5.12,4.14,2.50,8.64,4.19,4.93,4.86,5.96,5.83,3.43,3.30,4.20,0.83,1.66,7.54,4.26,2.36,7.71,5.02,5.22,3.35,3.49,3.32,1.71,6.62,9.42,4.14,6.58,3.41,2.46,5.04,6.00,3.43,4.18,7.59,5.09,1.74,4.23,2.57,3.36,9.32,2.47,8.40,3.88,1.67,4.16,4.21,8.54,2.51,3.15,0.81,5.94,9.10,5.82,2.55,1.69
9	81027622	81028474	ACACATATATACATATAT	1.00	HG03040:1.71	1.67,0.81,0.79,0.87,0.78,0.84,0.85,0.86,0.82,1.71,0.84
