motif	top_case_zscore	high_case_counts	all_counts
AAGGGAGAGAGGGAGGGAGG	4.24	HG03520:16.72	0.82,0.82,1.66,0.84,1.61,1.64,0.87,2.47,1.62,0.85,2.58,0.87,2.48,0.83,1.62,1.68,1.68,0.83,1.67,0.85,0.82,0.85,6.57,2.46,0.82,2.48,1.67,6.29,6.86,1.74,0.84,0.87,3.32,0.86,13.24,0.85,4.93,1.68,0.86,1.71,1.67,0.87,0.85,0.85,0.86,5.88,2.54,13.08,1.65,22.51,12.56,2.50,1.69,16.72,8.67,4.88,0.85,2.48,1.66
AAATATATATATTCC	3.79	HG03520:6.69	2.45,1.70,3.28,0.82,1.62,0.84,0.81,4.94,3.35,0.84,1.68,2.42,2.50,1.71,1.65,0.83,0.83,2.51,2.51,3.31,1.72,3.34,0.84,2.33,2.51,0.83,2.56,6.69,3.15,2.55,3.39
AGGGC	3.24	HG03520:10.03	0.82,4.08,7.33,2.49,0.83,1.66,0.83,6.66,2.50,1.67,1.60,0.84,4.19,5.82,3.40,2.52,4.11,1.64,1.63,4.83,2.46,0.85,0.85,4.33,2.47,0.83,8.12,2.52,1.94,2.53,4.25,1.73,1.63,5.03,3.30,2.44,3.94,4.23,3.26,3.43,1.68,1.68,2.52,2.55,5.20,4.97,2.41,2.48,2.54,13.28,2.43,1.68,1.65,2.59,0.83,2.51,0.85,7.39,2.51,0.84,2.58,3.33,4.09,1.73,0.84,4.90,1.69,3.23,2.69,2.61,0.87,0.81,2.46,2.44,4.07,3.42,4.11,0.83,3.43,0.82,0.85,4.96,4.16,5.19,0.84,0.85,1.71,0.82,2.52,4.14,2.48,0.84,0.85,1.57,1.71,1.67,6.96,1.67,2.49,1.71,2.48,0.86,1.65,3.41,2.46,0.84,1.72,3.43,3.34,2.53,0.85,1.74,2.54,8.46,2.57,1.68,0.85,5.72,1.65,1.68,13.20,5.02,3.33,1.71,10.03,6.31,6.51,3.40,5.79,0.83,5.09
AACCTCCCT	2.45	HG03520:47.64	10.61,4.90,17.91,51.55,13.35,34.94,20.78,13.32,32.56,29.25,33.50,5.85,8.38,5.82,34.03,38.71,32.90,27.95,4.89,28.17,45.96,25.60,9.40,27.68,21.37,19.23,16.69,16.23,27.40,23.55,6.78,31.20,47.63,27.64,22.06,15.93,26.40,8.96,19.72,17.78,6.52,15.45,32.76,20.18,7.57,17.01,30.35,17.15,3.31,26.47,49.02,14.86,11.86,9.92,42.20,13.78,20.50,7.55,15.92,20.60,18.88,17.27,35.31,28.28,20.08,8.39,8.52,22.17,15.07,10.95,23.23,34.94,34.33,11.66,18.11,32.77,11.43,19.38,25.01,10.75,23.46,12.18,21.83,6.44,36.13,24.45,34.20,14.53,32.86,17.44,39.47,27.90,17.08,29.78,18.32,60.51,30.15,9.03,23.51,32.33,2.50,8.57,4.12,2.52,4.14,12.42,0.84,1.70,0.79,4.29,18.39,0.87,20.08,10.48,5.81,29.96,3.31,27.41,7.45,3.29,2.56,9.03,15.95,6.86,11.14,5.85,4.22,7.64,5.23,2.54,0.85,0.86,15.25,9.00,0.82,10.92,31.05,3.35,2.53,8.54,47.64,2.37,20.34,7.64,4.96,12.47,11.88,6.77
AAGGTATGGGTGTGG	1.98	HG03520:275.81	173.89,82.42,175.05,152.16,107.67,66.56,161.25,64.96,131.93,148.77,103.70,167.88,93.81,201.34,150.60,91.73,131.60,189.05,148.32,219.75,106.70,73.38,36.74,36.33,67.41,122.59,230.36,121.75,116.04,130.37,79.38,96.13,97.82,112.31,99.69,109.86,105.61,128.65,144.34,107.55,75.79,104.74,107.53,86.59,114.33,73.98,111.00,72.87,86.98,60.38,211.35,49.53,98.23,143.80,199.26,188.89,142.65,119.13,98.86,77.46,50.97,94.13,82.39,23.29,66.94,58.71,127.75,230.77,138.17,85.90,51.63,87.35,109.52,90.76,82.80,97.46,143.72,90.15,144.43,76.17,78.20,78.32,125.34,115.99,119.06,136.92,107.47,75.19,145.41,95.50,91.81,94.37,129.81,104.22,117.41,96.82,130.64,112.52,178.37,115.72,138.29,20.57,236.52,195.52,174.76,90.28,36.84,65.64,148.54,81.42,53.50,117.51,25.93,247.05,333.64,54.78,22.34,119.07,202.71,214.57,73.40,32.01,318.13,135.50,20.56,60.13,196.61,27.16,80.26,30.45,179.29,35.94,124.36,159.33,157.82,110.50,26.88,52.79,24.28,259.52,16.86,179.43,275.81,291.71,48.00,125.69,67.01,21.62,316.57,23.71
AACACCAGCGACATG	1.84	HG03520:6.69	3.27,0.82,0.83,2.50,0.83,0.83,0.83,2.51,0.80,0.84,0.84,1.65,0.82,1.63,0.80,1.64,1.71,1.60,2.50,1.62,1.68,0.84,1.70,1.68,3.30,3.26,2.37,1.69,3.26,0.86,0.84,2.52,3.36,1.70,2.60,0.83,0.83,0.80,1.65,0.85,0.78,1.71,1.68,42.85,1.89,0.86,0.84,0.83,1.67,0.84,1.64,0.84,29.47,0.86,0.86,0.84,1.63,2.42,1.79,0.87,1.62,0.81,0.81,0.85,1.64,3.43,2.46,1.71,0.83,0.86,0.84,1.64,0.86,0.84,2.48,1.66,0.84,0.85,1.57,0.84,2.61,4.18,2.49,1.71,1.71,5.79,4.93,3.28,1.68,3.43,4.28,1.67,4.22,0.85,4.23,4.23,4.28,6.72,0.85,0.82,5.77,4.66,1.66,0.84,0.85,6.69,0.79,3.25,0.85,0.83,5.09,2.54
AACCCT	1.75	HG03520:23526.80	3338.11,7050.25,9477.11,5402.23,6401.65,8230.81,7297.65,3942.27,7493.05,7450.10,4765.27,2565.78,4631.27,4610.02,4292.51,5077.19,12558.06,5608.99,12266.48,9463.82,4848.11,3331.16,6149.54,7390.66,3646.48,5157.45,9401.40,7747.15,12801.71,4796.59,8546.22,9195.63,5624.21,13667.84,18879.94,6934.35,8984.17,13124.99,31816.73,4578.83,10745.15,12073.76,7308.36,10561.06,16416.01,4179.58,11167.46,8995.15,17444.05,2631.99,12221.32,4155.16,6157.45,13313.06,6758.59,10760.38,7385.31,6002.67,4040.54,6428.33,20208.97,2972.51,4592.64,6706.56,6993.83,5642.58,10232.50,5988.62,3670.36,9712.30,5508.93,7118.43,7638.44,8018.50,6059.42,5661.37,10866.06,13937.68,17772.21,9009.81,7651.50,12404.15,15687.69,10720.57,12181.05,24401.38,12348.87,5050.81,7957.22,8885.97,7603.70,5178.64,6991.18,12190.17,10933.72,6200.54,9742.15,7526.36,11376.79,14515.53,6130.40,10805.92,11341.45,14459.41,8409.80,15838.66,4397.16,17739.24,20300.61,7206.88,2538.89,9742.26,7692.47,6852.75,14544.12,8850.06,9454.63,12914.50,8214.15,7566.85,8213.91,22140.18,4238.06,9640.32,4698.44,15410.02,8962.29,8491.45,5010.37,6247.49,5453.83,7338.46,13880.16,8919.89,28199.63,13494.53,8529.66,29862.88,14938.63,15418.05,3494.89,10734.17,23526.80,20323.62,13080.63,17403.51,2576.12,7072.07,15695.89,8785.00
ACTGCCCAGCGCCTCCTC	1.38	HG03520:1.67	0.82,0.83,0.83,0.85,0.86,1.67,0.85
AAGCCAGCCGCTACACCAGT	1.21	HG03520:3.34	1.67,0.83,0.84,0.83,0.82,1.71,0.80,0.85,0.84,0.86,1.73,1.65,1.68,1.68,0.83,0.82,0.84,2.53,0.90,0.85,3.32,0.83,1.71,0.84,0.83,0.83,0.85,1.67,1.74,3.49,2.57,0.84,1.72,1.69,1.69,1.71,0.84,0.85,1.64,3.30,0.84,2.33,3.33,0.85,3.34,0.81,0.85,0.83,0.83,1.70
AGAGAGAGAGGGAGGC	1.19	HG03520:2.51	0.82,0.81,0.83,1.67,0.84,0.80,0.84,0.82,1.61,0.86,0.84,0.79,0.86,0.83,1.61,0.83,0.81,0.85,0.84,0.82,0.86,0.81,1.63,0.85,1.65,0.83,1.67,0.85,0.84,0.84,0.84,2.51,2.37,3.25,0.83,0.85
AGCCCT	1.08	HG03520:6.69	0.82,0.83,0.83,5.01,3.34,1.67,1.70,3.26,0.80,2.46,2.56,3.42,5.05,0.84,0.85,0.86,18.45,0.85,7.33,2.58,2.52,2.60,0.83,0.83,3.39,3.31,0.81,2.56,0.94,5.04,6.69,3.41,5.02,0.84,1.66,0.83,2.52,3.27,1.79,7.82,1.61,4.07,0.85,0.83,6.01,2.46,2.50,3.46,1.67,4.11,1.62,5.96,4.28,1.66,0.83,0.84,2.56,3.14,0.86,3.34,3.32,0.86,2.57,4.14,1.64,5.97,2.46,1.72,1.71,1.69,0.85,0.87,0.84,1.69,5.72,0.82,0.84,1.55,3.33,0.85,6.69,3.15,0.85,3.33,2.55,0.85
