motif	top_case_zscore	high_case_counts	all_counts
ACATGCCACTCATGCCTC	5.71	HG03582:15.28	1.66,3.40,4.89,0.85,2.60,10.85,3.25,0.84,0.84,1.63,5.08,0.80,5.47,0.84,11.23,1.68,5.82,1.68,5.02,0.87,3.26,5.75,0.83,1.72,3.28,2.57,0.82,0.83,3.31,3.35,0.86,10.03,1.74,2.57,1.65,1.64,1.71,1.68,5.15,0.86,1.67,4.22,3.42,2.45,0.82,6.21,3.35,1.66,9.27,1.71,0.84,11.83,3.25,2.55,2.48,15.28,7.62
AAGGTATGGGTGTGG	4.01	HG03582:316.57	173.89,82.42,175.05,152.16,107.67,66.56,161.25,64.96,131.93,148.77,103.70,167.88,93.81,201.34,150.60,91.73,131.60,189.05,148.32,219.75,106.70,73.38,36.74,36.33,67.41,122.59,230.36,121.75,116.04,130.37,79.38,96.13,97.82,112.31,99.69,109.86,105.61,128.65,144.34,107.55,75.79,104.74,107.53,86.59,114.33,73.98,111.00,72.87,86.98,60.38,211.35,49.53,98.23,143.80,199.26,188.89,142.65,119.13,98.86,77.46,50.97,94.13,82.39,23.29,66.94,58.71,127.75,230.77,138.17,85.90,51.63,87.35,109.52,90.76,82.80,97.46,143.72,90.15,144.43,76.17,78.20,78.32,125.34,115.99,119.06,136.92,107.47,75.19,145.41,95.50,91.81,94.37,129.81,104.22,117.41,96.82,130.64,112.52,178.37,115.72,138.29,20.57,236.52,195.52,174.76,90.28,36.84,65.64,148.54,81.42,53.50,117.51,25.93,247.05,333.64,54.78,22.34,119.07,202.71,214.57,73.40,32.01,318.13,135.50,20.56,60.13,196.61,27.16,80.26,30.45,179.29,35.94,124.36,159.33,157.82,110.50,26.88,52.79,24.28,259.52,16.86,179.43,275.81,291.71,48.00,125.69,67.01,21.62,316.57,23.71
AAGGAAGGCAGGCAGG	3.49	HG03582:4.24	0.86,0.83,0.79,3.34,1.72,0.84,0.87,0.85,1.68,0.85,4.24
AACCCTAACCCTCACCCT	3.25	HG03582:10.18	0.82,5.84,0.83,1.67,0.83,3.34,1.60,1.67,2.51,0.83,0.85,2.52,0.82,4.11,2.44,4.02,0.82,0.85,1.73,3.29,2.40,1.67,1.62,0.81,5.05,1.94,5.10,2.59,9.81,3.35,1.65,3.26,7.10,2.54,3.26,1.72,0.84,1.68,1.70,4.34,1.66,0.83,7.23,0.83,6.61,9.38,4.86,0.85,1.68,4.12,0.94,0.84,5.82,2.46,4.19,4.21,1.72,4.16,2.45,3.33,5.18,1.68,4.08,1.69,4.84,0.90,6.08,5.22,2.43,5.64,2.46,1.63,4.89,23.00,3.32,2.57,3.28,6.83,0.83,2.50,0.86,2.51,2.46,1.62,5.96,7.50,4.28,5.77,0.83,1.66,0.84,3.41,4.72,1.67,0.84,0.87,4.15,2.57,3.43,1.65,2.47,2.56,3.28,0.84,2.57,0.86,1.67,3.38,1.70,1.74,5.07,1.71,3.36,5.08,0.82,0.82,2.52,13.20,0.84,3.37,0.85,4.73,0.81,0.83,2.49,10.18,5.08
ACGCATCTCCTCACTCC	2.76	HG03582:7.64	1.63,0.82,0.83,0.83,1.67,2.50,5.11,4.11,1.63,1.61,1.64,2.60,1.60,0.97,0.84,0.85,1.63,1.58,0.81,2.52,0.83,4.95,0.83,2.34,0.84,3.30,0.86,2.51,0.84,1.70,2.51,0.83,0.86,0.84,1.63,1.61,0.90,2.44,0.81,2.49,0.86,1.64,1.65,0.83,0.82,3.24,4.17,2.57,4.12,0.83,1.70,5.50,0.84,1.74,0.84,1.75,1.71,0.86,1.65,2.47,5.12,0.84,0.86,1.71,0.84,2.55,3.49,5.08,3.38,1.71,0.84,0.82,3.30,0.84,4.66,3.42,1.67,9.46,8.14,3.40,2.48,7.64,5.93
AATATATATATATGATGG	2.57	HG03582:5.94	0.84,0.80,1.68,0.80,0.82,1.64,2.51,1.89,0.84,0.84,3.43,0.81,0.86,0.82,1.66,0.79,3.32,4.28,4.93,3.36,5.14,0.84,0.85,3.36,6.54,2.52,3.88,2.51,1.66,1.67,1.70,5.94,0.85
AAATTACACCGCGGCCACGG	2.53	HG03582:2.55	0.81,0.81,0.78,2.55
AATCCTAGCTCCCCTG	2.44	HG03582:3.39	0.85,0.84,0.85,0.85,0.87,1.62,0.85,0.84,1.79,0.83,1.62,0.84,1.71,0.83,0.84,0.86,0.84,0.79,0.83,3.39,0.85
ACGGCCCAGCGCCTCCCC	2.22	HG03582:3.39	1.62,0.84,1.66,1.68,0.83,0.87,0.82,0.82,1.71,0.79,0.83,3.43,0.82,0.84,0.84,0.87,0.82,0.78,1.71,3.39,1.69
ACAGGGTCCCCCAGCTCAG	1.75	HG03582:3.39	3.26,0.83,0.83,1.67,0.83,0.85,0.84,0.82,0.80,0.87,0.80,2.43,0.81,0.82,0.81,1.72,0.85,0.94,0.84,0.85,0.82,0.82,0.81,0.87,0.82,0.81,0.81,0.82,0.83,1.67,1.67,0.83,3.31,1.67,0.85,0.84,0.87,0.83,0.86,0.83,1.64,1.68,0.85,0.84,0.84,0.85,1.67,1.58,0.83,3.39,0.85
ACCTCCCTCTCC	1.73	HG03582:20.37	1.63,9.18,1.66,6.73,13.16,6.52,4.10,21.37,4.84,0.84,2.90,5.90,0.85,1.63,0.84,4.95,6.51,2.44,30.05,0.84,7.57,1.70,14.91,3.31,0.81,1.71,0.84,0.94,2.59,10.93,3.35,3.41,0.84,1.63,0.86,0.84,4.90,0.84,33.08,1.79,17.40,29.92,2.42,5.75,13.85,5.70,1.66,7.39,4.27,5.79,3.46,3.29,1.70,9.94,8.28,3.35,11.14,0.84,16.54,1.75,12.45,2.57,0.83,6.62,13.66,0.84,1.72,3.34,32.91,2.55,4.36,11.84,4.20,15.54,1.65,11.76,10.09,2.51,6.65,5.85,9.46,4.88,3.31,20.37,7.62
ACGCCTGCTCTCACTGG	1.61	HG03582:11.03	0.82,5.71,1.63,8.31,5.01,6.66,4.16,0.83,5.01,5.01,1.60,4.18,2.51,6.66,8.51,6.73,7.40,6.58,2.44,8.05,4.92,9.39,2.56,2.60,1.64,4.81,2.50,3.25,6.45,6.73,6.78,5.06,11.06,4.32,5.72,6.71,7.43,3.26,4.73,5.93,9.78,5.15,5.04,3.36,5.04,5.95,10.41,4.29,4.97,4.96,4.82,4.13,5.08,4.13,9.38,8.11,5.98,4.19,5.03,9.06,2.83,5.18,4.20,9.15,9.20,5.03,5.96,3.29,3.35,3.37,2.58,9.15,7.36,4.16,3.45,1.68,3.27,5.90,3.23,1.79,1.74,8.70,6.47,4.03,6.57,3.26,2.44,5.13,10.68,9.14,5.15,3.42,6.62,6.66,6.05,3.35,4.93,7.30,8.51,5.83,3.43,0.82,5.03,1.66,6.63,4.19,8.52,8.65,3.43,6.69,6.09,6.69,6.11,8.30,5.14,0.83,6.00,2.48,11.10,4.10,6.72,3.43,3.43,4.18,5.91,3.40,5.23,6.77,3.38,5.99,7.56,2.54,4.91,1.65,4.20,5.43,6.70,3.33,1.69,2.56,3.34,8.67,8.95,5.10,2.48,6.65,11.03,5.93
AATATATTCCACGTGTATC	1.58	HG03582:1.70	0.81,1.61,2.43,0.87,1.70
ACATCTATATATAGAT	1.56	HG03582:1.70	0.84,0.84,0.82,0.84,0.84,1.70
AGCGCGGGAGGCGCAGGC	1.35	HG03582:10.18	4.08,0.81,5.82,5.84,7.49,2.49,2.51,1.68,1.66,3.29,4.93,3.26,2.41,7.68,0.85,4.01,8.35,0.84,5.90,1.70,3.35,7.33,2.44,2.58,2.52,1.68,0.87,0.83,3.21,1.65,4.96,1.62,0.85,2.52,0.84,2.47,0.86,0.84,1.66,8.37,1.64,0.84,0.83,0.86,1.63,0.84,4.03,1.79,3.48,5.66,1.71,11.50,1.66,3.43,1.64,4.27,1.67,1.73,4.19,2.43,8.33,0.86,8.24,2.52,6.63,6.70,0.85,11.00,6.00,7.83,5.86,2.62,8.30,3.42,4.14,1.71,12.41,5.75,3.41,6.57,0.84,5.15,2.57,5.85,2.55,2.62,0.85,5.99,4.20,3.39,4.09,3.36,10.09,0.83,4.21,9.40,3.34,3.15,2.44,6.79,2.48,0.83,10.18,10.16
AAAAT	1.02	HG03582:44.13	119.14,47.22,24.11,21.70,1.66,4.16,21.71,56.83,29.78,2.52,14.81,8.22,10.59,25.76,7.39,0.85,6.83,6.06,20.55,21.63,22.54,8.12,0.81,32.80,0.97,5.06,0.82,18.45,4.13,22.80,12.70,0.81,36.06,14.28,0.84,22.70,6.94,3.43,27.30,2.41,28.79,9.92,21.10,1.62,5.98,17.62,9.89,3.78,0.84,28.28,14.48,6.70,1.68,1.72,21.63,0.82,0.86,14.70,8.43,3.23,2.61,16.53,4.85,0.81,2.46,1.63,17.91,17.94,2.46,7.47,7.72,5.98,1.65,4.16,0.84,45.99,12.97,5.83,9.43,4.12,4.97,5.80,12.56,20.46,13.36,33.42,3.34,33.95,4.36,0.83,5.99,3.31,3.43,4.14,8.21,7.55,2.57,11.99,43.88,5.94,35.77,3.38,8.46,4.28,2.52,5.08,35.16,6.60,3.36,45.80,9.21,4.16,26.49,30.09,28.38,0.81,8.49,14.13,44.13,44.88
