motif	top_case_zscore	high_case_counts	all_counts
ACCACCACCACTACT	17.00	HG03578:30.76	3.27,0.82,3.26,0.83,0.83,0.83,0.84,0.80,0.84,1.68,2.50,1.70,1.68,9.87,0.82,2.41,1.64,0.85,0.85,0.87,5.75,7.21,10.85,1.68,1.69,10.37,4.07,11.04,1.69,0.81,1.68,1.68,0.87,1.65,8.04,5.79,3.13,4.27,7.55,1.68,2.47,0.94,0.86,0.83,1.67,2.46,0.84,2.58,0.82,7.49,0.84,0.82,0.84,2.69,2.61,0.81,0.85,1.64,0.83,4.93,2.57,2.52,0.83,2.51,2.57,0.84,4.35,0.84,0.87,0.83,1.71,0.83,4.28,3.31,0.85,5.75,0.84,0.86,0.86,4.22,0.85,3.42,0.84,1.69,1.64,0.82,0.78,1.66,0.84,2.55,0.83,30.76,0.85
AATATATATACATGG	4.80	HG03578:4.99	0.85,0.79,2.57,0.83,0.85,4.99
AG	4.46	HG03578:123.88	56.33,50.59,41.52,60.70,30.05,66.56,55.69,32.48,71.81,65.19,64.61,56.79,37.69,44.93,62.96,37.03,50.17,50.14,40.75,41.05,83.72,52.90,52.11,53.64,61.65,60.89,34.22,70.61,46.74,37.85,37.76,37.95,72.30,50.11,56.38,49.48,40.43,52.93,45.75,32.18,44.82,66.11,60.48,45.40,47.92,43.37,67.64,36.00,69.59,47.97,38.57,37.98,105.01,48.76,68.77,55.13,50.40,46.98,33.51,42.03,24.54,40.59,44.56,39.92,51.88,21.81,55.36,30.39,62.81,26.11,29.26,51.58,64.57,42.47,40.54,31.93,40.83,32.86,66.97,61.83,48.66,31.33,70.35,45.91,39.41,37.49,51.29,62.38,82.97,29.07,65.21,51.70,26.48,24.82,40.80,59.65,64.48,32.85,73.78,61.26,37.49,23.14,49.45,36.08,36.44,59.64,30.14,41.77,58.94,38.57,27.59,53.97,34.30,96.90,56.44,31.67,56.27,81.38,48.81,32.89,63.16,56.64,57.08,133.79,29.99,76.00,46.41,33.96,68.05,98.98,30.44,59.90,49.58,47.46,64.60,63.49,31.92,64.43,51.91,50.74,42.14,124.75,50.98,57.55,73.22,33.12,29.78,123.88,59.41,56.73
AAATCACACCGCAGCCTCGG	3.31	HG03578:4.16	1.70,0.84,0.87,0.85,0.86,0.90,0.86,0.81,0.84,0.83,0.84,1.70,0.85,1.71,4.16
AGGGCCATGCATAT	2.65	HG03578:4.99	2.45,0.83,0.83,2.50,1.70,3.29,0.81,2.56,1.73,1.60,1.62,1.68,2.37,1.68,0.83,2.41,0.83,1.69,0.78,0.82,0.94,0.83,1.67,0.84,0.85,0.82,1.63,2.57,2.54,1.67,1.67,3.94,4.99
ACATAT	2.02	HG03578:3.33	1.65,10.11,0.82,0.86,7.26,1.61,0.85,0.84,1.66,2.56,0.84,2.52,1.68,0.84,3.33
AAATGCACAGGAAT	1.92	HG03578:2.49	0.81,1.67,0.86,1.65,3.43,1.70,1.69,2.49
AAGCCAGCCACTACACCAGT	1.70	HG03578:4.16	0.82,1.63,0.83,0.83,2.47,0.85,1.60,0.85,0.86,0.79,0.84,0.85,1.73,1.69,0.81,3.36,0.84,2.46,1.68,2.49,0.83,0.81,1.67,0.86,1.65,0.84,0.83,0.83,0.85,1.67,1.74,0.84,2.62,0.86,0.82,0.85,0.82,0.84,2.57,0.84,0.85,2.54,0.86,1.68,0.85,1.64,3.11,3.33,0.84,0.85,1.67,3.25,0.85,4.16
AAAGAAGG	1.66	HG03578:1.66	11.83,1.66
ACCACCACCACCACCATC	1.54	HG03578:3.33	0.82,0.82,0.81,1.67,2.49,1.67,2.51,0.80,2.56,0.81,0.85,1.68,0.81,0.86,0.84,0.84,0.85,1.73,0.86,0.80,0.85,0.82,0.94,0.86,1.68,0.84,0.84,0.82,1.67,0.82,0.84,0.84,0.81,0.82,0.83,1.72,0.82,0.85,0.83,0.84,0.83,0.83,0.85,1.67,0.86,1.71,0.85,0.86,0.86,1.69,1.70,1.69,8.25,1.68,0.78,0.84,0.83,0.81,3.33,0.85
AAGGAAGGAGAGAGGG	1.42	HG03578:3.33	0.81,0.84,0.83,0.85,5.86,1.65,2.52,3.36,3.88,1.66,8.54,3.15,0.85,3.33
AGCCC	1.15	HG03578:12.47	4.90,6.53,4.89,6.65,3.34,8.32,9.14,6.66,7.51,13.37,3.99,6.68,3.35,3.33,5.96,9.26,6.58,6.58,6.52,11.27,5.75,7.68,5.98,4.33,13.15,2.40,8.35,2.43,4.84,5.05,12.59,4.22,12.76,3.46,2.45,9.22,3.30,8.14,9.46,2.54,4.07,2.58,8.40,2.52,4.20,3.40,6.07,6.00,4.97,5.79,2.41,1.65,4.23,4.13,6.25,4.86,7.69,9.23,5.86,4.12,2.83,2.59,4.20,7.49,6.69,2.52,8.52,6.57,2.51,4.21,3.44,7.49,7.36,8.33,9.49,3.36,3.27,3.37,10.49,7.17,4.34,6.09,4.04,4.03,2.46,4.07,4.07,3.42,6.57,4.98,8.58,6.56,3.42,4.96,2.50,4.32,5.02,3.29,9.73,5.11,7.50,11.14,5.77,5.87,1.66,3.31,10.05,3.41,7.07,11.14,5.85,6.09,8.37,2.62,13.28,6.85,6.62,12.85,4.96,5.75,5.97,4.10,6.72,6.86,8.57,5.01,10.13,9.34,8.72,5.08,6.77,5.99,5.04,7.63,7.36,2.47,7.56,6.99,9.21,2.50,10.96,9.40,5.85,9.46,7.32,8.49,6.62,12.47,3.39,7.62
ACCCTCCATCCATCCCTC	1.01	HG03578:3.33	0.82,0.83,0.83,1.66,1.66,0.84,0.82,0.82,0.81,0.80,0.87,0.80,0.83,0.81,1.61,2.53,0.85,0.82,0.84,0.81,2.37,1.63,0.86,1.68,0.87,0.83,2.41,2.48,1.65,1.56,3.24,3.30,0.84,0.83,0.83,0.84,0.84,2.42,1.79,0.87,0.81,0.81,0.81,1.64,0.86,0.84,1.64,0.81,0.83,0.86,0.82,0.84,3.93,1.71,0.87,2.57,0.85,0.86,0.85,0.85,0.82,0.82,0.84,0.78,1.67,0.83,0.85,1.67,0.81,0.85,3.33,0.85
