motif	top_case_zscore	high_case_counts	all_counts
ACACAGTGCAGAGACAG	5.22	HG03247:20.17	8.98,4.90,1.63,7.48,5.01,4.16,9.14,4.16,5.01,1.67,1.60,4.18,5.03,2.50,4.25,4.21,0.82,0.82,4.07,0.80,3.28,4.27,2.56,1.73,3.29,0.80,5.01,0.81,2.42,4.21,1.94,5.90,2.55,2.59,3.27,0.84,4.07,2.37,2.44,6.01,2.52,0.84,0.84,1.70,5.20,3.31,2.48,3.21,4.95,11.01,0.83,2.34,3.24,2.56,1.68,2.51,1.65,1.73,2.52,4.16,0.84,10.06,0.85,4.93,2.51,3.37,5.16,4.99,4.90,4.16,2.59,1.68,2.45,2.53,1.61,2.69,1.74,1.74,2.43,4.93,2.44,1.63,2.56,0.82,5.81,2.57,4.10,5.12,3.31,4.16,0.86,2.51,1.64,0.81,1.70,10.83,6.00,8.24,0.84,4.97,8.28,5.02,2.56,8.65,0.86,6.69,7.83,7.53,8.73,4.98,11.98,2.48,6.85,2.48,8.22,0.85,9.03,17.63,17.15,8.57,4.18,8.44,16.13,6.98,7.61,9.30,9.41,20.17,8.47,0.82,12.37,11.76,10.87,9.21,17.47,3.37,10.25,10.03,7.88,2.44,5.79,6.65,5.94,5.93
AATCCCAATTGATGGAG	4.94	HG03247:16.81	0.82,2.44,4.99,1.66,3.34,5.03,3.40,13.15,4.33,4.01,2.42,0.97,3.37,1.70,2.59,7.35,10.06,7.43,3.94,1.63,1.72,2.52,2.55,0.86,3.31,12.70,4.96,1.56,3.42,0.84,2.47,1.64,6.66,1.63,0.83,1.73,3.36,3.27,1.69,1.61,2.61,0.87,1.61,1.63,2.44,14.79,0.83,2.56,3.35,4.11,2.43,2.57,4.20,0.83,4.19,0.85,5.02,3.31,2.57,6.62,1.64,10.91,2.57,7.64,1.74,3.38,16.81,1.69,0.82,3.30,0.84,0.84,2.53,1.67,0.81,2.54
AGCCAGGGCCC	2.51	HG03247:17.65	4.08,9.79,6.51,4.99,6.68,17.47,4.99,8.33,12.52,10.87,6.38,10.86,8.38,11.65,12.76,11.78,13.98,7.40,7.33,8.85,10.67,9.39,5.98,6.92,9.86,8.01,12.52,7.30,9.67,5.89,6.78,5.90,11.06,7.78,6.54,11.74,4.13,13.84,6.31,5.08,4.89,6.87,15.12,7.57,9.25,3.40,9.54,6.00,4.14,4.14,10.45,7.43,5.93,7.44,13.28,13.78,5.98,15.10,8.38,16.48,7.55,9.50,3.36,14.14,15.90,4.19,10.22,7.39,8.37,13.47,6.88,6.66,2.45,6.66,5.18,4.20,9.80,14.32,11.30,5.38,3.48,5.22,8.09,11.28,10.67,10.59,4.07,0.85,7.39,7.47,7.72,7.39,5.98,4.14,7.49,4.32,8.37,4.93,10.54,4.25,11.66,3.43,7.42,9.23,4.14,15.74,8.52,13.36,3.43,2.51,10.45,7.53,4.36,14.94,6.85,7.45,4.28,7.45,2.47,11.10,16.42,5.88,6.86,5.14,6.68,1.69,4.24,2.62,7.61,4.23,7.70,17.65,4.24,2.45,4.95,1.68,1.55,6.70,3.33,4.21,3.42,5.01,0.79,0.81,16.99,0.83,7.48,11.88,0.85
ACAGGCACAGTGCAGAG	1.92	HG03247:3.36	1.63,0.83,0.83,0.80,1.64,1.64,0.78,1.68,0.83,0.82,0.83,0.83,1.57,0.87,0.86,0.83,2.57,0.84,0.86,0.86,0.84,0.84,0.85,3.36,1.69,0.84,0.78,0.84,1.71,0.81,1.69
AACACCAGCGACATG	1.79	HG03247:6.72	3.27,0.82,0.83,2.50,0.83,0.83,0.83,2.51,0.80,0.84,0.84,1.65,0.82,1.63,0.80,1.64,1.71,1.60,2.50,1.62,1.68,0.84,1.70,1.68,3.30,3.26,2.37,1.69,3.26,0.86,0.84,2.52,3.36,1.70,2.60,0.83,0.83,0.80,1.65,0.85,0.78,1.71,1.68,42.85,1.89,0.86,0.84,0.83,1.67,0.84,1.64,0.84,29.47,0.86,0.86,0.84,1.63,2.42,1.79,0.87,1.62,0.81,0.81,0.85,1.64,3.43,2.46,1.71,0.83,0.86,0.84,1.64,0.86,0.84,2.48,1.66,0.84,0.85,1.57,0.84,2.61,4.18,2.49,1.71,1.71,5.79,4.93,3.28,1.68,3.43,4.28,1.67,4.22,0.85,4.23,4.23,4.28,6.72,0.85,0.82,5.77,4.66,1.66,0.84,0.85,6.69,0.79,3.25,0.85,0.83,5.09,2.54
ACCCCGCCTCCTCCATCCGC	1.68	HG03247:1.68	0.86,1.68
AACCCAACCCAGTACATCCC	1.61	HG03247:1.68	0.85,0.84,0.84,1.68,0.85
AACCCCCTGCGTGCCAGCGG	1.55	HG03247:1.68	0.81,0.83,0.84,1.68,0.79
AATTACCGCTCAGGCCG	1.43	HG03247:1.68	1.63,1.68,0.83,0.82,1.68,0.82,0.83
ACCCAGCCCCGAGCCCAGT	1.36	HG03247:5.04	0.82,1.66,0.83,0.83,1.67,2.50,1.65,3.22,4.03,0.97,1.68,2.44,1.72,0.84,3.36,3.47,0.86,0.83,0.83,0.78,0.81,0.84,1.65,0.83,3.35,0.84,1.66,0.83,0.84,2.53,0.81,2.69,0.87,0.87,0.81,0.81,1.63,1.63,1.71,1.64,0.83,3.43,0.85,0.83,2.50,0.86,0.84,2.55,2.50,1.71,2.47,0.84,2.48,0.84,0.85,3.14,0.86,0.84,1.74,0.83,4.96,0.86,3.31,0.82,0.85,1.68,0.86,0.86,5.01,0.84,0.85,0.86,5.04,1.69,3.27,1.65,1.68,0.78,2.51,4.16,0.84,4.27,0.79,0.81,5.10,0.83,0.83,1.70,0.85
AAAGCGGAGGAGGGAG	1.22	HG03247:2.52	0.82,0.81,0.80,0.82,0.80,0.85,0.83,2.43,1.94,0.84,1.73,0.82,0.84,0.86,1.73,0.84,0.83,1.70,0.86,0.81,4.14,0.84,0.81,1.70,0.86,2.52
ACATAT	1.16	HG03247:2.52	1.65,10.11,0.82,0.86,7.26,1.61,0.85,0.84,1.66,2.56,0.84,2.52,1.68,0.84,3.33
AAAGGAGAAGGAAGGG	1.08	HG03247:2.52	0.81,1.67,0.82,0.82,0.85,0.83,0.84,0.84,0.84,0.84,0.83,1.64,1.72,0.84,2.52,0.78,0.84,4.99,1.58,2.55,1.70,1.69
AAATTACACCGCAGCCACGG	1.02	HG03247:10.92	8.98,4.08,3.26,9.98,5.84,9.15,2.49,9.99,7.51,5.85,3.99,5.85,6.70,4.16,1.70,4.21,6.58,4.11,4.89,4.02,2.46,11.95,9.40,1.73,4.11,5.61,7.51,3.25,7.25,5.05,4.84,6.75,0.85,5.18,8.99,2.52,2.48,3.26,4.73,4.07,0.86,5.04,5.89,4.20,3.40,0.87,3.43,4.14,4.14,2.41,5.78,2.54,3.31,7.03,6.49,3.42,5.03,5.03,10.71,5.66,7.77,6.73,1.66,7.53,5.87,5.11,4.93,5.02,6.74,10.33,1.66,8.99,1.67,4.20,4.90,5.06,6.45,6.27,4.34,6.09,2.43,10.47,5.75,3.26,2.44,4.27,1.64,9.14,2.57,4.10,10.25,0.83,5.00,3.46,2.51,5.75,2.43,4.25,0.83,2.57,6.59,2.52,4.97,8.28,1.67,3.41,7.86,6.00,1.67,0.87,4.18,1.75,0.83,3.31,0.86,6.62,3.29,3.28,1.68,1.72,2.57,1.67,2.53,0.87,6.77,6.77,1.71,10.92,2.45,1.68,10.87,10.88,6.65,5.06,2.51,6.31,2.44,2.55,1.65,1.66,1.70,2.54
ACCCTCACCTCC	1.02	HG03247:6.72	4.08,7.34,4.89,4.99,0.83,0.83,0.83,0.83,3.34,1.67,0.80,5.01,4.19,4.99,4.25,2.52,2.47,4.11,2.44,5.63,4.27,2.56,0.87,1.64,1.60,2.50,1.62,2.42,3.36,2.90,3.37,5.10,0.86,2.45,3.35,2.48,4.89,5.52,3.39,3.26,4.29,2.52,4.20,5.88,0.85,2.60,3.43,1.66,1.65,3.21,0.83,1.69,4.96,3.13,4.05,0.85,3.36,5.86,4.94,5.66,2.59,3.36,4.99,3.35,3.35,4.26,3.29,0.84,0.83,4.09,2.50,0.86,2.52,0.82,4.21,4.03,2.69,4.34,2.61,1.62,2.42,0.82,1.63,4.07,1.71,4.11,3.32,0.86,2.46,1.71,5.79,4.16,4.32,3.35,0.82,4.25,1.67,1.71,3.30,3.36,2.48,1.66,1.67,2.56,4.72,1.67,6.09,4.18,0.87,1.66,2.57,2.48,3.43,1.65,3.29,2.56,5.75,3.36,1.72,0.86,0.84,3.38,5.09,2.62,7.61,1.71,6.72,2.54,0.82,0.82,1.68,2.33,3.35,2.50,0.84,2.56,1.67,3.15,3.25,2.55,6.65,2.55,4.23
AACCGCACTGCACCTGCCC	1.02	HG03247:1.68	0.83,0.85,0.86,0.85,0.85,0.86,1.68,0.78,0.84,1.58,0.83
ACCCTG	1.01	HG03247:14.28	2.45,9.79,3.26,5.82,3.34,4.99,2.50,2.50,4.18,1.67,3.35,5.82,4.25,3.37,0.82,6.52,14.49,2.46,5.12,2.56,1.73,4.81,4.17,2.43,13.70,0.84,6.78,1.69,0.85,6.91,0.82,4.07,9.46,2.54,4.89,1.72,4.20,0.87,2.49,0.83,0.85,2.48,0.81,4.27,0.84,6.70,2.47,1.89,1.73,3.36,3.33,3.35,1.68,0.85,5.02,0.84,1.73,3.36,5.72,8.43,27.43,13.03,5.66,0.81,3.42,9.04,4.98,2.46,3.42,1.65,2.50,3.35,2.46,0.81,9.43,4.12,1.66,7.45,2.56,2.57,1.74,1.67,8.30,2.57,4.14,7.45,7.68,0.82,19.31,1.71,1.67,6.75,7.64,4.36,4.23,14.28,1.69,1.65,2.52,17.08,5.02,4.16,2.56,3.34,39.42,4.25,4.24
