motif	top_case_zscore	high_case_counts	all_counts
AAGAGGGAGAAGGAG	24.87	HG03307:25.20	5.77,3.35,20.43,0.86,0.82,25.20
AAGAAGGGAG	5.01	HG03307:5.04	4.19,5.04,2.53
AGAGCGCTGAGGCGCCAGG	4.80	HG03307:6.72	0.82,1.67,0.84,0.84,0.80,3.28,0.97,0.82,1.58,0.81,3.43,1.68,2.52,0.83,1.71,41.28,0.83,0.82,0.85,0.84,1.70,0.84,0.82,0.84,3.30,6.72,1.58,0.83
ACCATCCTCAGCTCACCCC	2.10	HG03307:5.88	1.63,0.82,2.50,1.66,2.50,0.83,1.67,2.39,1.67,0.83,0.85,0.84,2.47,3.26,1.61,3.41,1.71,2.40,3.34,2.43,0.84,1.63,1.68,2.48,0.81,3.36,0.84,1.68,2.55,3.31,1.61,0.83,0.85,0.83,1.56,0.81,2.52,1.65,1.89,5.86,0.84,0.85,4.93,0.84,3.44,0.83,0.82,1.67,0.86,3.36,0.82,2.53,3.23,0.87,2.61,0.81,0.81,1.63,1.64,2.49,0.86,2.46,1.73,0.84,3.24,0.85,3.33,1.71,0.83,1.67,0.85,3.93,0.86,3.34,3.42,2.48,3.43,4.96,2.47,3.41,0.82,3.43,0.86,1.67,2.55,4.36,6.77,2.57,1.65,5.88,2.33,2.51,0.83,2.56,1.63,2.55,0.83,0.83,1.69
AAATGGTGAGGGGCACTGGG	1.92	HG03307:78.13	3.27,8.16,6.51,1.66,2.50,14.98,1.66,3.33,2.50,4.18,8.77,5.85,4.19,7.49,4.25,4.21,9.87,3.29,1.63,8.05,9.03,5.97,10.38,2.47,13.62,4.17,6.49,10.48,10.09,4.84,4.22,2.55,10.37,7.35,4.19,2.48,7.33,6.31,6.77,3.26,4.29,4.20,5.04,6.73,0.85,5.20,3.43,3.31,3.31,11.25,1.65,1.69,7.44,7.03,6.49,7.69,15.94,3.35,5.77,3.78,5.18,5.04,4.16,7.55,12.77,1.64,5.02,9.26,3.44,3.33,3.27,3.33,3.45,4.20,3.27,4.21,4.03,1.79,5.21,11.31,4.04,2.42,3.28,5.70,2.44,2.56,4.11,4.98,5.15,2.46,1.71,10.75,4.16,3.46,5.02,4.05,4.25,11.66,21.42,2.47,19.30,48.04,28.16,13.40,5.97,7.86,119.13,5.85,3.48,3.35,4.36,14.94,10.27,63.71,12.85,65.36,17.26,4.27,16.42,5.04,4.29,8.57,93.54,3.38,15.28,4.36,20.30,7.61,0.86,4.20,77.97,23.71,7.42,78.13,7.76,16.75,6.65,18.54,23.92,3.34,18.92,92.74,13.59,45.50,4.99,7.64,15.24
ACACTGCCC	1.91	HG03307:3.36	1.63,2.49,0.83,0.85,1.61,0.82,0.83,0.84,1.65,1.63,1.71,0.84,0.94,0.84,0.86,0.84,0.81,1.65,1.68,0.84,0.87,0.86,5.01,0.85,3.36,0.85,0.83
AACCCC	1.55	HG03307:2.52	1.66,0.84,0.81,0.80,0.81,0.84,0.84,0.86,0.82,0.85,0.84,0.87,0.80,0.83,0.82,0.94,0.83,1.68,0.86,1.62,0.81,0.83,0.82,0.85,0.83,0.86,0.82,0.83,0.83,0.85,0.84,0.83,0.86,0.82,2.52,0.84,1.66,0.85,0.85
AAGGAAGGAGAGAGGG	1.53	HG03307:3.36	0.81,0.84,0.83,0.85,5.86,1.65,2.52,3.36,3.88,1.66,8.54,3.15,0.85,3.33
ACATATATATGATAT	1.46	HG03307:1.68	0.87,2.62,1.69,2.54,1.68,0.84
AAATGGTGAAGGGCACTGGG	1.03	HG03307:33.60	8.98,17.47,12.82,18.53,10.93,24.91,6.71,11.74,15.33,13.47,13.05,13.33,13.71,27.33,18.42,0.85,61.71,10.88,4.98,30.62,17.13,40.54,6.58,0.86,28.27,76.00,25.31,17.83,2.54,15.22,33.05,33.60,5.90,0.85,51.25,3.40,11.58,19.12,14.39
