#contig	start	end	unit	top_case_zscore	high_case_counts	all_counts
4	99817021	99817653	AAAAT	14.55	HG03246:14.55	14.55,16.10
4	139672802	139673540	AAGCC	14.55	HG03246:14.55	14.55
11	104692106	104693171	AAAG	12.52	HG03246:13.69	0.85,0.83,0.83,0.85,3.34,0.85,13.69,7.56,3.35,0.83,3.33,8.49
X	2691016	2692317	AAGGAAGGAAGGAGGG	9.88	HG03246:17.11	5.71,1.63,0.81,3.33,0.83,4.99,0.83,3.33,7.51,0.84,7.18,5.85,5.03,1.66,3.40,2.52,1.65,2.47,0.81,2.41,4.92,1.71,3.42,8.65,5.75,4.01,2.50,1.62,4.84,3.36,4.84,4.22,2.55,5.18,3.27,3.35,4.13,1.63,3.15,5.08,2.44,1.72,4.20,3.36,4.20,4.25,0.87,2.57,8.28,4.96,1.61,5.93,5.79,0.78,2.43,0.85,5.03,3.35,3.30,6.61,1.73,0.83,2.51,1.68,4.26,0.82,4.19,0.86,4.16,4.09,6.66,3.45,1.68,1.63,2.53,3.23,3.58,6.08,3.48,10.51,4.03,3.28,4.89,4.89,7.69,0.82,4.15,4.29,3.28,2.56,6.62,4.16,1.73,5.02,1.64,4.86,7.66,1.67,3.43,5.87,1.66,3.31,3.35,5.11,6.29,4.29,7.52,0.84,0.87,3.32,2.57,1.65,0.86,4.14,4.93,5.12,0.82,0.84,1.72,3.43,3.34,1.69,1.70,4.36,3.38,3.38,17.11,6.72,5.08,0.82,6.60,2.52,7.76,2.51,3.33,4.21,2.56,3.34,2.37,2.55,3.31,0.83,1.70,3.39
13	37792307	37793012	AAAG	6.85	HG03246:6.85	0.84,6.85
3	54006897	54008001	ATCC	6.73	HG03246:15.40	3.27,1.63,1.66,0.83,3.33,1.66,1.67,1.67,6.69,1.60,5.01,0.84,1.66,4.25,5.89,2.47,4.11,1.63,1.61,4.10,5.12,4.27,2.60,0.82,3.20,9.18,3.25,4.84,3.36,1.94,1.70,1.73,4.09,5.03,1.65,2.44,0.79,5.08,3.26,5.15,2.52,4.20,2.52,5.95,4.34,3.43,2.48,1.61,5.78,2.54,1.56,0.81,1.71,5.87,3.35,0.82,1.89,9.50,4.20,1.66,2.51,5.03,3.41,2.46,5.05,4.30,9.15,1.63,5.83,1.73,3.36,3.27,5.06,1.61,2.69,2.61,3.48,1.62,7.25,2.46,2.44,2.44,5.98,0.82,3.32,4.29,3.28,6.83,1.65,1.67,2.51,5.75,4.86,0.85,8.33,4.28,4.94,8.39,1.66,3.31,2.51,0.85,3.93,2.57,13.38,4.35,6.69,2.62,4.98,4.28,2.48,2.57,1.65,4.11,6.83,4.93,8.39,3.43,3.43,2.51,3.38,3.40,0.87,5.08,12.69,15.40,2.52,6.78,0.82,1.65,4.20,1.55,5.02,1.66,0.84,2.56,3.34,3.94,2.44,0.83,6.65,3.39,4.23
4	125411414	125412633	AAG	6.38	HG03246:10.27	0.83,5.03,4.14,0.86,0.87,3.42,2.47,2.46,0.84,1.71,6.98,4.23,10.27,2.52,2.45,7.76,8.43,2.37,0.83,3.33,4.23
1	46004222	46005066	AAAAG	5.98	HG03246:5.99	1.69,1.67,5.99
20	32788271	32789151	AAAG	5.80	HG03246:9.41	11.66,0.83,11.58,10.15,9.41,0.85,0.83
X	1561635	1562666	ACACACGCCGCCATCGTGG	5.40	HG03246:5.99	1.68,1.57,0.87,3.35,1.65,3.43,0.83,5.99
2	239006649	239007678	ACATAGGACCGCCC	5.10	HG03246:10.27	0.82,1.67,0.80,1.63,0.85,0.80,1.62,1.68,5.10,0.86,0.82,0.81,1.72,1.71,0.83,0.94,1.73,0.84,0.81,0.90,1.61,2.44,1.64,1.72,0.82,2.48,4.19,0.81,4.25,3.33,1.71,0.82,5.03,1.67,0.85,3.14,0.86,1.67,0.87,0.87,5.81,0.86,6.62,1.64,0.84,4.29,0.84,0.84,16.98,4.23,1.69,10.27,0.84,2.45,1.68,3.88,1.69,0.85,2.51,8.67,8.95,4.14
13	74834235	74835122	AAAAT	4.80	HG03246:11.12	16.56,1.66,5.79,11.12,8.40,20.09
17	49586837	49588029	AAAG	4.50	HG03246:15.40	0.84,5.03,4.16,7.40,1.63,5.90,11.91,8.99,3.94,0.83,0.78,3.42,4.12,2.83,1.64,10.33,4.90,4.21,4.03,6.96,4.07,3.43,9.93,7.54,0.85,5.83,2.52,5.80,5.02,1.70,6.86,0.84,2.51,2.62,30.71,2.57,16.55,5.14,3.31,1.71,7.55,10.28,10.02,5.91,1.74,1.69,5.92,15.40,15.96,9.32,7.42,5.04,5.43,4.99,4.21,11.96,3.25,8.49,9.10,10.81,0.85,3.39
12	97767680	97769076	AAAG	4.50	HG03246:12.84	3.33,5.01,1.66,2.50,2.51,2.51,0.84,1.71,2.56,7.79,7.40,3.20,0.81,6.78,2.53,2.55,0.82,1.68,1.69,1.72,6.72,1.68,0.84,3.40,0.87,0.83,10.73,5.08,1.62,0.84,5.86,6.61,4.20,1.67,5.86,4.99,0.83,2.52,1.63,6.09,0.82,5.13,5.75,2.57,0.85,4.14,1.73,20.10,3.29,3.24,5.96,10.71,7.45,8.28,5.86,0.79,6.09,4.36,9.13,8.56,5.79,4.11,8.21,6.72,4.28,1.67,3.49,10.15,12.84,6.72,3.27,1.68,4.66,0.83,5.90,3.42,4.96,4.16,0.85,3.39
6	5000242	5001808	AAGACCAAGCATGCAG	4.45	HG03246:16.26	1.63,5.71,2.44,6.65,6.68,2.50,10.81,5.83,8.35,5.85,6.38,6.68,5.03,10.82,5.11,0.84,7.40,14.80,6.52,8.05,4.10,8.53,13.67,1.73,3.20,5.68,0.81,5.05,7.74,7.59,12.76,9.50,9.81,5.03,8.25,8.14,11.04,7.62,5.70,7.73,8.40,4.20,10.09,4.25,4.34,11.14,5.80,8.27,7.23,9.91,5.08,0.83,7.81,7.30,5.13,6.71,0.84,6.59,10.38,7.77,2.52,8.32,4.18,10.90,7.66,9.03,10.05,8.42,4.30,7.49,8.99,5.00,7.76,4.20,6.53,9.27,7.26,10.75,11.30,0.87,8.90,10.47,15.60,11.41,7.33,8.54,4.93,4.15,6.01,5.74,5.98,7.44,9.99,9.51,8.37,13.14,8.92,5.96,6.66,6.00,4.12,4.20,5.80,0.84,3.41,6.29,6.00,5.85,2.61,7.53,2.62,3.32,0.86,6.62,11.14,11.58,2.47,6.83,4.10,5.88,2.57,5.14,3.34,5.91,3.40,4.36,11.00,6.77,16.26,2.52,6.78,1.64,4.12,8.40,4.66,0.84,2.50,5.06,9.40,4.18,0.79,7.32,2.55,4.96,3.33,1.70,3.39
3	68168785	68169877	AAAG	4.30	HG03246:5.13	0.84,1.73,5.77,0.84,0.84,0.86,2.48,0.85,0.86,0.87,5.13,5.01
3	63749466	63750394	AAGGAGAGAGAGAGGGAGG	4.25	HG03246:5.13	0.83,0.84,0.87,0.84,0.84,0.86,0.85,0.83,0.82,1.67,3.48,0.86,0.84,0.87,0.85,5.13,0.83,0.84,2.54
19	8249585	8250460	AAGAG	4.24	HG03246:4.28	4.11,1.75,5.75,4.28
9	4734710	4735847	AAATATATATACATATAT	4.23	HG03246:14.55	4.08,4.07,1.66,10.02,2.49,3.34,0.84,7.49,5.75,7.33,4.27,0.83,7.74,6.54,7.10,8.96,2.58,9.08,0.85,4.96,4.05,4.19,3.35,2.52,5.96,0.82,6.74,5.66,0.82,6.56,8.54,4.17,0.86,0.83,10.03,1.75,2.49,10.28,4.96,6.83,0.86,26.72,20.25,0.85,1.74,14.55,11.02,17.99,9.07,9.32,5.13,4.73,1.66,6.77
20	4098747	4099590	AAGAAGAGG	3.75	HG03246:4.28	1.60,2.58,1.73,0.78,0.84,0.83,0.85,4.28,0.81
5	179363419	179364681	AAAACGAAATATCATC	3.70	HG03246:8.56	4.08,0.81,4.99,2.51,0.85,4.07,0.82,2.56,1.67,3.25,5.64,1.94,0.84,2.59,1.63,1.68,1.65,5.52,3.39,1.63,1.72,3.36,2.52,0.85,0.87,2.49,0.83,2.41,0.78,2.43,1.68,0.84,0.82,2.83,0.86,2.51,1.68,1.70,9.03,5.16,0.83,0.82,3.33,3.45,2.52,5.72,2.42,0.90,1.74,0.87,3.22,2.44,1.63,6.84,0.82,3.32,1.72,3.28,2.56,3.31,0.83,3.46,2.51,3.40,0.86,1.65,0.83,2.51,2.56,0.79,0.84,2.57,0.83,0.83,1.71,1.67,1.69,0.85,5.08,8.56,0.82,0.82,0.84,2.51,2.50,0.84,3.34,1.63,0.83
7	86838281	86839399	AG	3.62	HG03246:6.85	0.82,1.63,1.63,0.83,1.67,3.33,3.32,0.83,1.67,3.34,0.80,4.18,0.84,1.66,0.85,2.52,0.81,0.82,2.56,1.71,1.64,1.60,1.67,0.81,0.81,1.94,3.40,2.59,0.82,1.68,0.83,2.44,1.58,0.85,0.81,2.58,2.52,0.84,1.70,0.87,2.48,0.80,0.83,0.85,1.65,0.78,0.85,2.51,0.82,0.94,2.59,1.66,5.86,1.70,1.64,0.84,0.84,0.86,0.83,0.82,0.83,1.73,1.68,2.45,0.90,1.74,0.87,0.81,0.82,0.81,0.85,1.64,1.65,1.67,0.86,1.67,0.81,2.55,1.67,0.86,1.65,0.84,2.48,0.83,0.84,1.70,3.43,1.67,0.84,3.32,0.86,1.71,1.65,0.82,2.56,0.82,0.84,1.72,1.71,0.84,5.06,0.85,1.74,0.85,6.85,0.84,1.69,0.82,0.82,1.68,1.55,0.84,1.69,1.71,0.81,1.70,1.65,1.66,2.55
10	75069426	75069692	ACGGGAGAGGGAGAGGGAG	3.42	HG03246:3.42	3.42
3	63581109	63581189	AAAACTATATATATAT	3.42	HG03246:3.42	3.42
18	41278772	41279646	ACACATATATATAT	3.33	HG03246:4.28	0.83,0.86,0.83,0.84,5.11,3.34,1.71,1.65,0.82,2.52,0.86,4.28,0.85
10	38401009	38402289	AAGACC	3.29	HG03246:15.40	6.53,6.51,5.82,9.14,4.17,5.01,2.51,5.11,6.58,2.40,0.81,1.94,13.49,22.12,1.73,4.09,5.78,3.26,5.08,8.59,6.72,7.57,5.88,7.65,6.07,5.14,8.28,5.79,12.05,11.57,8.24,5.02,9.23,2.58,5.83,11.21,4.08,7.26,12.16,2.61,12.13,8.06,8.15,21.17,9.14,12.01,8.21,5.12,17.37,8.33,10.68,10.54,1.70,3.33,0.86,4.12,0.84,12.42,4.19,8.52,2.57,8.36,3.49,4.15,0.86,2.48,3.41,1.64,5.85,11.00,6.77,15.40,3.27,3.30,2.51,1.67,2.44,4.16,11.88,9.31
4	140235582	140236657	AACCT	3.25	HG03246:9.41	8.98,0.83,5.18,5.83,6.66,1.65,9.41,6.78
18	28136008	28137068	AAG	3.25	HG03246:6.85	5.82,1.61,2.55,1.65,0.81,0.84,1.65,0.84,0.83,1.63,0.82,0.83,14.91,9.20,5.14,5.75,6.85
20	23314235	23315164	AACTCAGAATGAACTCTCTG	3.18	HG03246:4.28	0.86,0.84,3.33,1.71,0.83,0.82,0.86,1.69,4.28,1.65,0.84,2.51,2.37,0.83,0.85
8	128419965	128420570	ATATATATATATATCC	3.11	HG03246:3.42	0.85,0.84,0.84,0.85,3.42,0.79,0.85
12	132953131	132954095	AG	3.01	HG03246:6.85	2.45,0.82,2.44,1.66,1.66,0.80,1.66,2.55,0.82,0.81,2.41,1.64,1.71,1.73,2.47,1.60,1.67,2.43,2.42,0.84,0.97,1.69,5.95,0.86,2.45,1.68,0.83,3.26,0.79,0.85,0.81,1.68,0.84,1.70,0.87,1.71,1.66,2.41,0.83,1.69,1.65,1.56,1.62,0.85,0.84,0.82,0.94,1.73,0.83,1.67,0.84,1.64,1.67,1.72,1.66,2.45,2.50,1.73,0.82,0.84,0.81,0.90,1.74,1.74,0.81,1.64,2.44,1.63,1.71,1.66,4.92,2.56,0.83,0.83,1.73,4.19,1.64,0.81,4.25,0.83,0.86,0.82,0.84,0.83,0.84,0.85,2.36,1.67,3.35,0.87,3.32,0.86,4.14,1.71,4.96,0.82,0.85,1.64,0.84,0.86,0.84,3.38,2.55,1.69,1.69,6.85,1.68,4.24,2.45,0.84,1.55,3.33,0.84,4.27,0.84,1.58,1.63,2.55,1.65,1.66,0.85,1.69
9	75102799	75103849	AGATATATATATATATG	2.94	HG03246:5.99	7.33,2.50,7.52,3.19,0.84,0.82,0.82,4.93,0.83,0.83,0.84,4.12,1.66,0.84,0.82,1.67,1.75,1.67,5.99,0.82,5.43,0.84,0.83,2.54
6	8253645	8254733	AATATATACATATAC	2.82	HG03246:6.85	1.66,0.83,1.67,5.01,0.83,1.70,0.84,0.82,2.56,0.82,1.69,1.70,0.84,0.84,1.70,0.83,4.13,1.69,1.65,0.78,0.85,2.53,2.50,0.81,0.87,0.81,0.85,0.82,0.83,1.67,0.82,2.43,2.55,3.33,0.86,2.47,1.66,3.93,0.86,1.67,4.15,1.71,2.47,4.10,2.52,0.84,0.85,0.87,6.85,9.24,0.84,5.02,10.96,5.98,0.81,2.49
X	1432647	1434205	AACCGCACTGCACCTGCCC	2.78	HG03246:10.27	8.16,0.82,1.66,1.67,0.83,2.50,0.84,0.84,1.68,0.83,2.55,0.84,0.82,0.81,1.61,0.82,0.85,0.85,4.11,1.67,0.81,2.42,0.84,0.84,0.85,0.86,1.63,1.63,0.79,0.81,0.84,0.85,1.73,0.83,1.65,0.83,0.78,1.62,0.85,1.68,5.03,3.30,0.94,0.86,3.36,0.83,0.84,0.84,0.82,4.19,1.68,0.86,0.82,1.67,2.59,0.84,0.82,5.06,2.42,0.87,0.87,0.81,1.66,0.86,0.83,1.67,0.86,0.82,0.86,0.82,3.36,0.83,1.66,4.19,4.26,10.28,2.51,6.11,0.83,0.83,4.96,0.82,1.71,0.82,2.52,0.86,0.84,0.84,6.79,3.49,2.54,1.69,10.27,15.96,0.85,1.64,0.78,1.67,0.83,1.69,5.13,3.94,4.88,1.70,10.81,4.24,1.69
X	197783	198066	AAGGGAGGCCGTGCAGGGGG	2.74	HG03246:3.42	0.85,0.83,0.82,0.82,0.86,0.85,0.84,0.83,3.42,0.82,0.78,0.83
7	2553783	2555047	ATCC	2.72	HG03246:17.11	4.08,0.82,12.21,14.14,1.66,1.66,11.66,0.83,6.69,9.57,10.02,6.70,0.83,9.36,7.57,6.52,0.80,6.57,15.36,11.96,1.73,1.64,0.80,1.62,0.84,3.87,1.69,16.16,10.62,1.68,0.81,7.10,3.39,1.63,9.44,3.36,3.36,4.20,2.55,1.73,0.86,11.60,9.10,0.80,7.43,16.09,1.65,5.47,11.35,0.85,0.84,4.19,14.01,3.78,2.59,9.25,8.32,16.74,1.68,4.26,13.96,9.47,14.14,8.17,0.83,4.31,17.64,7.35,0.84,7.17,7.83,1.61,5.75,0.85,0.83,6.01,0.85,0.83,10.82,1.73,2.43,0.85,1.71,12.36,4.20,4.97,2.48,2.51,0.85,11.79,7.71,0.84,2.61,2.51,0.87,1.66,3.42,7.45,11.99,5.75,2.56,1.64,12.59,8.35,3.38,2.55,9.60,2.54,6.77,17.11,1.69,0.82,0.84,3.88,8.37,1.66,5.90,1.71,0.84,0.79,0.81,7.45,3.33,0.85,3.39
16	10413804	10414221	AAATATATAT	2.70	HG03246:4.28	1.63,0.83,1.68,1.68,1.64,0.85,2.43,0.85,1.68,2.43,0.84,0.84,1.89,0.84,1.66,0.83,0.86,0.84,0.84,4.28,1.69,0.83,0.84,0.81
1	203530435	203531613	AAG	2.59	HG03246:9.41	0.81,0.81,3.43,1.68,7.45,7.54,6.29,7.71,3.32,1.65,5.14,2.57,0.84,5.23,9.41,4.12,1.66,10.25,7.52,4.14
5	113563740	113563741	ATC	2.57	HG03246:2.57	2.57
8	144580506	144580560	ACAGGGCGGGGCGGAGGGGC	2.56	HG03246:2.57	2.57,0.84,0.85
10	82292590	82292777	AGAGGAGGGAGAGGG	2.55	HG03246:2.57	1.70,0.87,2.57,0.84
10	116543655	116544566	AG	2.54	HG03246:2.57	1.74,2.57,0.85
3	141197168	141198230	AAGAAGAAGAGG	2.53	HG03246:4.28	2.49,0.85,1.68,0.81,0.84,0.82,1.73,0.84,20.71,0.84,1.66,3.31,4.28,2.54,2.52,2.44
X	4039131	4040375	AAAG	2.52	HG03246:5.13	1.63,0.81,0.83,0.83,0.83,1.67,0.80,0.84,1.68,2.44,1.61,0.85,1.73,0.82,1.60,2.43,0.97,3.35,0.81,0.86,0.84,0.84,0.85,4.34,0.86,0.83,0.83,1.69,1.65,1.56,0.84,0.94,0.84,0.84,1.67,1.68,0.86,2.50,0.86,0.84,1.61,0.87,1.72,0.85,4.93,0.85,3.43,0.85,2.61,1.67,0.87,0.83,0.86,2.57,0.85,0.86,0.84,5.13,0.84,3.33,3.42,0.83,1.66,0.85
16	28863110	28863451	AAATATATATAT	2.52	HG03246:2.57	0.83,0.84,2.57,0.78
10	80282156	80282966	AAAG	2.51	HG03246:2.57	0.83,1.66,2.57,2.54
2	240982285	240982763	AAGGGCCGTGGGTG	2.47	HG03246:3.42	0.85,0.85,0.83,0.83,0.83,0.81,1.67,1.67,1.66,1.67,0.85,3.42,1.64
11	133010147	133011066	AAG	2.42	HG03246:3.42	0.83,0.80,0.82,0.85,0.87,0.81,0.86,0.84,1.68,0.85,0.82,0.84,0.81,0.85,0.83,0.82,0.83,0.85,2.51,0.87,0.83,0.86,2.48,4.18,1.69,3.42,0.82,0.84,0.84,0.85
16	75559416	75560613	ACACTCACATGC	2.41	HG03246:20.54	5.01,1.68,0.83,1.60,0.81,2.37,2.52,3.40,0.86,0.83,0.85,0.81,2.52,3.33,1.67,1.68,1.63,0.86,2.44,0.86,2.56,0.83,4.05,3.33,4.20,11.60,5.86,0.79,2.57,2.51,0.83,2.47,17.24,15.11,20.37,0.87,20.54,34.45,1.64,14.02,1.68,0.84,0.84,1.58,1.63,0.85,9.10,1.66,16.09
12	44704981	44706001	ACACATATATACATATAT	2.40	HG03246:5.13	5.71,5.85,2.51,3.40,0.82,2.44,2.53,12.31,5.13,3.36,0.78,1.71
22	38099974	38100756	AACAG	2.39	HG03246:4.28	6.91,3.41,6.29,16.13,4.28,2.54
21	10084917	10087267	AATGG	2.36	HG03246:10.27	1.63,0.83,3.32,0.83,6.68,0.84,14.36,5.01,2.51,3.33,0.85,4.21,8.23,6.58,4.89,4.02,0.82,2.56,1.71,0.82,1.60,8.35,0.81,3.36,5.06,5.10,5.70,2.37,0.85,4.07,4.20,1.70,1.73,3.43,8.28,4.96,2.41,0.83,1.56,4.86,5.13,4.19,2.47,0.84,2.52,4.26,2.46,5.02,2.53,0.82,5.00,2.59,3.36,4.08,8.07,3.58,1.62,7.39,0.81,0.81,4.11,3.32,0.82,8.54,0.84,0.82,7.30,5.96,5.00,0.86,3.30,3.36,4.14,0.83,3.35,2.56,4.72,3.43,3.34,4.35,1.75,2.49,1.71,6.62,2.57,5.79,0.82,1.71,4.93,7.55,0.86,0.84,5.06,6.79,6.11,0.85,6.77,10.27,2.52,1.69,2.45,3.30,4.66,4.19,0.83,1.69,9.40,11.70,0.79,0.85,1.65,1.66,0.85,6.77
3	141196837	141198371	AAG	2.21	HG03246:8.56	0.81,2.50,0.83,3.32,0.83,3.34,7.52,0.80,1.68,1.66,1.70,2.52,0.82,5.75,2.44,0.80,0.82,3.42,5.19,1.64,3.20,0.81,2.42,6.73,1.69,1.70,1.73,1.63,2.52,0.83,1.63,0.85,5.70,2.58,0.84,0.84,2.55,0.87,0.86,2.49,1.65,5.63,2.48,0.85,1.56,1.71,2.51,0.82,0.86,1.68,1.66,2.51,1.70,2.46,8.37,6.74,1.72,4.16,2.45,1.73,1.63,1.69,0.81,1.79,3.48,1.74,3.23,1.61,4.11,2.44,0.81,3.42,0.82,2.49,1.72,0.82,0.85,0.83,1.67,3.46,3.29,0.81,0.83,0.86,3.30,0.84,0.83,1.67,1.70,0.79,1.71,4.18,1.74,1.67,2.62,2.49,3.42,4.96,5.14,0.83,5.75,1.64,2.52,1.72,3.43,5.85,7.59,5.94,4.23,8.56,1.68,8.47,0.82,1.65,1.68,2.33,3.35,3.37,3.42,2.51,1.58,2.44,0.85,4.16,9.34,2.54
2	230950584	230951512	AAAG	2.18	HG03246:3.42	0.82,1.63,0.83,0.84,0.82,0.83,0.97,0.84,0.83,2.47,2.51,1.68,0.82,2.62,0.86,1.67,3.42,1.67
X	70088266	70089702	AAAAT	2.13	HG03246:16.26	0.83,13.33,12.00,1.65,4.20,0.83,14.91,1.67,16.20,3.14,9.58,3.49,6.85,14.07,23.84,5.75,5.88,25.73,7.59,10.19,16.26,8.40,5.08,9.90,7.76,4.99,0.85,0.81,10.19,13.24,0.83,13.55
3	13490972	13492010	AAAGG	2.12	HG03246:17.11	15.51,31.60,10.02,20.55,18.46,10.95,17.11
18	45049277	45050456	AAAG	2.11	HG03246:7.70	10.00,21.42,1.67,22.70,0.82,12.69,7.70,2.47,0.83
19	56509552	56510386	ACACACATATATATATAT	2.11	HG03246:2.57	3.36,1.71,3.36,2.57,1.65,2.49
17	63071213	63072049	AAAAT	2.06	HG03246:2.57	15.71,4.96,4.28,2.57,8.95
4	158701278	158702531	AGAT	2.05	HG03246:6.85	0.82,3.26,0.83,0.83,0.83,3.34,5.01,0.84,0.84,1.65,2.47,0.81,2.41,1.64,0.85,0.87,1.64,1.67,0.81,1.68,1.94,5.90,0.85,1.73,1.63,3.35,1.65,1.63,3.15,4.23,0.81,1.72,3.36,0.84,5.04,0.85,4.34,1.71,0.83,2.48,1.65,2.54,3.31,0.78,0.81,5.98,0.84,4.32,4.20,4.99,4.18,0.85,1.67,1.68,2.58,4.16,0.83,0.86,0.84,4.21,4.03,1.79,0.87,1.62,1.64,3.26,3.26,0.85,2.46,3.32,8.58,0.82,1.71,1.65,0.83,5.19,2.51,2.43,4.25,2.56,0.87,1.67,8.56,0.83,1.64,0.86,0.84,1.70,3.38,0.85,6.85,2.45,0.82,0.84,0.78,0.84,1.71,3.15,3.40,0.83,2.49,0.85,1.69
16	55744674	55745659	AT	2.04	HG03246:3.42	0.82,1.58,1.71,1.61,1.56,0.83,0.82,0.86,1.67,0.84,0.87,0.86,0.83,2.47,0.82,0.86,2.57,3.42,0.85,2.45,0.84,0.84,0.79,0.85
3	194365614	194366707	AC	1.98	HG03246:10.27	0.81,0.83,0.84,0.80,1.68,0.85,0.82,1.64,1.64,0.83,0.81,0.86,0.82,2.58,7.57,0.86,2.49,1.65,0.85,0.84,1.65,0.84,0.86,0.83,0.86,0.84,0.81,0.87,1.74,4.93,1.63,0.83,1.67,9.16,1.65,0.84,0.83,2.56,25.94,12.19,0.87,8.57,1.71,3.28,0.84,7.59,2.55,2.54,10.27,2.54,5.77,6.74,1.71,1.70,4.14,1.66,2.55,9.31
19	1692081	1693278	AAAG	1.97	HG03246:18.83	7.74,17.16,11.55,13.74,13.45,11.25,6.61,7.26,8.07,19.33,12.21,18.05,18.32,7.54,21.38,18.83,15.67,11.11,0.84,7.32
9	14860348	14860865	ACATATATACGTATATAT	1.96	HG03246:2.57	0.84,1.71,0.85,0.85,2.57,1.68,0.85,4.25,1.66
4	10135482	10137209	AATCCCAATTGATGTAG	1.90	HG03246:52.20	41.13,39.15,86.53,35.14,27.06,40.67,27.39,47.17,41.37,82.21,54.18,50.94,48.94,37.21,52.20,31.07,37.93,1.68,0.79,32.27,46.33,39.91
8	143302665	143305123	ACTC	1.90	HG03246:11.12	9.80,2.45,5.70,7.48,4.17,4.99,7.48,4.16,8.35,8.36,4.79,10.02,4.19,4.16,7.66,1.68,4.11,4.11,5.70,4.83,3.28,4.27,5.98,0.87,4.93,7.21,5.01,4.87,5.64,5.05,2.90,5.06,9.36,6.05,10.62,5.87,1.65,7.33,3.15,4.23,2.44,9.44,3.36,6.73,3.36,5.95,5.20,5.14,2.49,3.31,2.41,4.23,2.48,6.25,4.05,2.56,6.71,6.70,2.47,7.55,5.18,7.57,7.49,6.69,2.52,7.66,4.93,5.02,4.21,4.30,12.48,7.36,3.33,4.31,5.04,3.27,1.69,0.81,7.17,6.95,4.35,4.04,2.42,6.57,5.70,3.26,4.27,0.82,6.64,3.43,8.21,3.42,9.10,4.16,6.05,8.37,4.93,7.30,5.96,4.17,3.43,8.24,5.87,7.45,9.94,2.51,5.97,5.50,3.43,3.34,7.83,6.69,1.75,6.64,2.57,3.31,4.28,4.96,3.29,5.97,4.10,4.20,4.29,5.14,4.18,9.28,3.40,3.49,6.77,7.61,11.12,2.52,3.39,4.91,4.95,0.78,5.86,5.82,3.37,7.69,4.18,7.10,4.07,3.40,5.79,7.48,4.24,2.54
12	23032091	23033280	AAATATAGAATATTCTATAG	1.90	HG03246:5.13	9.11,1.61,2.50,1.67,0.86,2.42,5.64,5.70,1.64,2.48,2.59,5.11,4.26,3.42,1.70,5.13,4.21,2.49
Y	13446129	13451670	AATGG	1.86	HG03246:35.94	16.33,17.14,20.35,20.79,10.85,15.81,15.79,15.82,31.73,21.73,23.13,16.70,16.75,27.46,8.51,23.56,27.14,24.66,18.74,18.51,20.52,23.89,34.17,14.71,15.62,17.63,20.03,24.35,19.34,20.19,18.39,23.61,11.06,12.96,11.44,11.74,12.38,14.66,19.72,13.55,19.56,22.32,16.80,18.50,17.65,17.01,26.02,15.43,20.71,18.20,16.88,14.03,16.09,18.18,19.54,15.40,15.38,16.78,20.11,18.13,15.10,12.95,26.06,13.31,11.71,9.23,12.77,20.53,15.91,13.47,18.93,28.28,17.98,23.31,22.43,10.92,15.51,15.17,24.21,18.82,18.25,9.57,16.98,19.33,20.53,17.93,19.54,8.54,29.57,17.44,14.59,19.69,25.62,13.23,12.49,12.97,17.59,15.60,25.13,22.97,28.32,13.71,27.20,15.10,26.50,15.74,21.77,11.08,22.01,25.71,34.28,27.85,19.24,20.95,30.71,22.25,28.96,37.69,25.65,23.84,36.70,32.01,31.90,14.58,13.71,20.88,20.25,31.41,35.77,9.31,20.30,35.94,19.33,15.25,32.71,20.61,19.32,21.74,24.28,14.97,11.80,29.05,24.24,19.71,14.64,18.68,36.40,19.95,11.88,22.86
4	173942401	173943671	AAAGAAGGAAGGAAGG	1.83	HG03246:3.42	1.66,0.83,2.50,0.80,0.82,0.82,2.50,0.86,0.83,0.78,0.84,0.82,0.94,0.86,0.83,1.68,0.85,0.82,1.68,0.83,2.52,0.83,1.57,0.87,0.86,0.85,0.86,0.87,3.42,0.84,0.82,1.68,1.69,3.39
3	155015087	155016522	AAAG	1.82	HG03246:11.98	6.65,10.87,4.79,2.46,0.87,5.68,7.57,9.28,5.87,7.54,3.78,8.32,3.37,6.00,13.19,4.20,2.36,10.04,9.96,2.57,5.79,10.67,5.88,11.98,5.04,11.54,7.49,5.13,5.52,4.07,12.74
6	24926833	24928018	ACC	1.81	HG03246:7.70	1.63,2.44,2.49,1.67,3.33,4.99,1.67,1.67,5.01,2.39,1.67,3.35,0.83,1.70,4.21,3.29,0.82,0.81,0.80,4.92,6.83,2.56,1.73,1.64,4.81,2.50,3.25,2.42,4.21,0.84,2.55,1.73,4.09,5.87,0.83,1.63,6.31,5.08,0.81,2.58,0.84,4.20,2.52,1.70,4.34,3.43,1.66,5.79,6.43,2.48,0.85,1.65,1.56,0.81,0.85,4.19,3.30,0.94,2.59,5.04,0.83,5.02,1.68,0.85,2.53,0.86,7.49,6.54,7.49,0.86,1.68,2.45,1.69,4.84,1.79,0.87,0.87,0.81,0.81,4.11,4.07,3.26,0.85,2.46,1.66,3.43,1.64,1.71,0.83,4.16,3.46,3.35,3.29,2.43,3.40,1.67,1.71,0.82,0.84,1.66,0.83,4.19,2.56,1.57,1.71,2.51,1.74,0.84,2.62,3.32,6.85,2.48,1.71,1.65,1.71,3.28,1.68,0.86,0.84,0.85,1.74,0.85,1.69,7.70,5.08,0.82,0.82,2.52,1.55,3.35,0.83,0.84,1.71,4.18,4.73,0.81,1.70,3.31,1.66,0.85
1	4355809	4356878	ATCC	1.75	HG03246:4.28	1.63,0.82,2.49,2.50,1.66,3.32,0.83,2.50,0.84,0.83,0.85,0.82,1.61,1.71,3.46,1.64,0.80,1.61,0.84,0.97,0.84,1.70,0.82,1.65,0.81,0.86,1.68,1.70,0.86,0.83,0.85,0.83,0.82,0.94,0.86,1.68,3.35,0.85,0.82,0.86,0.83,0.82,3.33,0.87,1.63,0.85,0.82,2.48,1.67,1.64,0.81,0.83,0.83,1.57,0.86,0.84,0.83,1.65,0.82,0.85,0.86,0.86,1.67,3.38,1.69,4.28,1.69,1.65,0.84,0.84,0.84,0.85,0.79
4	7725496	7726734	ACC	1.75	HG03246:3.42	0.82,0.82,1.66,0.83,0.83,0.84,0.83,0.82,0.82,0.82,0.80,0.81,0.81,0.84,0.83,1.58,0.86,0.84,1.68,1.65,0.80,1.65,0.85,0.83,1.56,0.84,0.94,0.84,0.84,1.70,0.83,1.73,1.68,0.81,1.64,0.81,0.86,0.82,1.65,1.66,0.86,0.84,0.87,1.67,1.71,0.83,0.82,0.82,0.85,3.42,0.85,0.82,1.65,0.78,0.85,0.84,0.81,1.70,1.70
10	66926069	66927400	AAAG	1.73	HG03246:3.42	0.82,1.67,1.70,1.63,0.85,0.85,0.83,0.84,0.85,0.86,0.84,0.83,0.83,0.84,1.73,1.68,0.84,0.84,0.82,1.69,0.87,2.43,1.63,0.86,2.46,0.83,0.84,0.82,0.81,1.70,0.86,1.65,0.83,0.85,0.86,1.71,0.82,1.71,0.84,0.87,3.42,0.84,0.83
2	240513632	240514448	ACACGGGGCCATGGATGAGC	1.73	HG03246:2.57	0.83,0.81,1.73,0.82,0.83,0.85,0.84,0.85,0.83,0.83,0.82,0.86,0.84,0.82,2.57,0.84,0.83,1.69,0.79
21	19689616	19690571	ATCCC	1.71	HG03246:2.57	2.45,0.84,0.87,0.80,0.81,1.70,0.82,0.83,1.69,0.84,0.81,0.85,0.83,0.86,0.84,0.85,0.85,2.57,0.84,0.78,0.84
11	83811269	83811606	AAAGAGATATATATATCT	1.71	HG03246:2.57	0.83,0.83,0.85,0.84,0.86,0.78,0.94,0.84,0.82,0.84,0.84,0.82,0.84,0.87,0.86,1.68,2.57,1.70,0.83
3	63581309	63581769	AAAAATATATATATAT	1.71	HG03246:1.71	1.71,0.84
1	189211108	189211109	AATGG	1.71	HG03246:1.71	1.71
12	68131558	68131559	AAT	1.71	HG03246:1.71	1.71
14	54810780	54810781	AC	1.71	HG03246:1.71	1.71
3	63581579	63581614	AAAATTATATATATAT	1.71	HG03246:1.71	1.71
3	64000031	64000032	AAACACATATATATGTTTCT	1.71	HG03246:1.71	1.71
X	85168337	85168338	AAAG	1.71	HG03246:1.71	1.71
2	220135230	220135350	ACGGAG	1.71	HG03246:1.71	1.68,1.71
8	12558445	12558801	AAAG	1.71	HG03246:1.71	0.83,1.71
8	108178161	108178721	AACTCCGCAGAAGGCCGCAG	1.71	HG03246:1.71	0.82,1.71,0.83
15	47306194	47306928	AT	1.69	HG03246:2.57	0.84,1.63,1.62,1.64,0.86,0.81,0.86,1.67,0.85,2.57,0.78,0.81,0.85
17	5786417	5786500	AAGGG	1.69	HG03246:1.71	1.71,1.71,0.84
9	117857420	117857638	AT	1.69	HG03246:1.71	0.84,1.71,0.85,0.84
9	22290054	22290585	AT	1.69	HG03246:1.71	0.83,1.71,0.84,0.83
11	16604881	16605352	AT	1.69	HG03246:1.71	0.82,1.60,1.71
4	19521091	19521366	ACAT	1.68	HG03246:2.57	0.81,0.87,0.81,0.84,0.84,1.69,0.84,0.84,0.86,0.81,0.90,1.64,0.82,0.81,1.67,0.82,0.87,2.57,0.85,0.85,0.85,0.83,0.85
12	127492706	127493339	AAAGGAAG	1.68	HG03246:1.71	0.84,0.84,1.71,0.85
4	49112671	49112770	AACGGAATGGAATGGAATGG	1.67	HG03246:1.71	1.68,0.97,0.84,1.71
1	49767763	49768055	AAAAT	1.67	HG03246:1.71	0.83,0.85,0.84,1.71
8	95180041	95180635	AT	1.66	HG03246:1.71	1.71,1.65,0.82,1.71
7	4925667	4925693	AT	1.66	HG03246:1.71	0.82,1.71,0.85,0.85
2	192901485	192902819	AAAG	1.63	HG03246:7.70	7.54,4.73,5.93,5.89,3.36,7.65,4.08,7.83,4.85,5.70,6.49,0.85,7.70
7	156922981	156924274	AG	1.63	HG03246:4.28	0.82,2.45,0.81,1.66,1.67,1.67,0.83,0.85,1.63,0.82,0.80,1.67,1.61,0.84,1.68,1.71,0.83,0.83,2.48,2.52,0.83,0.84,0.84,0.84,0.84,0.82,0.81,0.81,0.83,1.71,0.84,4.19,3.14,8.37,1.75,1.65,2.52,1.72,0.86,0.85,0.87,1.69,4.28,0.84,0.85,0.82,2.52,1.55,4.19,1.66,1.71,0.79,0.81,2.55,9.93
11	109372665	109373525	AATATATATATATGG	1.63	HG03246:3.42	0.94,3.30,0.84,4.36,3.43,6.79,0.85,3.42,2.52,1.71,1.63,0.83,1.69
3	97792770	97793038	AGATATATATATCATC	1.63	HG03246:1.71	0.83,4.93,1.71,0.84,1.63
2	220959077	220959237	AAAGGGAGGGAGGAAG	1.62	HG03246:1.71	0.87,0.85,1.71,0.85,0.85
1	34712649	34713613	AG	1.59	HG03246:3.42	2.50,3.34,0.84,0.84,0.83,0.85,0.81,0.80,0.82,0.83,0.84,1.70,0.84,0.79,0.81,0.86,0.84,0.84,0.87,0.78,1.68,0.82,1.73,3.35,0.84,0.86,0.84,0.90,0.87,0.82,0.81,1.64,0.83,0.81,0.83,0.86,1.66,0.83,0.85,0.79,0.86,1.67,0.87,1.65,2.57,0.82,0.85,1.72,2.57,3.42,0.84,1.69,0.82,0.82,0.78,0.85,1.66
1	169024194	169025072	AG	1.59	HG03246:2.57	1.71,0.84,1.63,1.64,0.84,1.72,0.82,0.81,0.82,1.64,0.86,0.86,2.57,0.81,0.85
4	16111899	16112470	AAGGAGGAAGGAGGGGG	1.58	HG03246:5.13	0.82,0.81,0.83,2.50,1.60,1.70,0.84,1.63,5.75,0.85,1.73,0.82,1.67,3.25,0.81,0.84,0.84,4.25,2.48,2.37,0.81,0.86,0.84,0.85,0.85,0.83,0.81,0.84,0.86,0.83,1.67,1.68,0.85,0.84,2.45,0.84,0.81,0.81,4.27,0.86,0.84,1.70,2.52,2.57,0.87,0.84,4.36,0.86,0.86,1.65,1.71,1.64,0.84,3.34,0.84,0.85,0.85,5.13,2.54,2.45,1.65,1.68,4.66,2.51,2.56,0.84,3.15,1.63,0.85,5.82,1.70,4.23
17	6366772	6367081	AAGGAGGGAGGGAGGGAGGG	1.58	HG03246:1.71	0.86,0.87,1.71,2.50,2.55
2	135516220	135517222	AAAG	1.55	HG03246:2.57	0.81,1.60,0.84,1.64,0.79,0.86,0.87,0.83,0.85,0.85,0.84,0.85,3.35,0.86,0.82,0.84,0.85,0.83,3.24,0.84,0.87,0.83,0.83,0.85,0.84,2.57,0.82,1.67,0.85,0.85
8	64004619	64004819	AAAGG	1.55	HG03246:1.71	0.79,3.35,0.86,5.04,1.71,0.84
4	3607804	3608644	AATGAGTGAGTGAGTG	1.52	HG03246:2.57	0.82,0.83,1.67,0.83,0.80,0.84,0.82,0.81,1.94,1.65,0.85,0.87,0.86,0.83,0.83,0.83,0.83,0.84,1.63,0.81,0.87,0.86,0.85,0.85,0.82,0.83,0.86,0.83,0.83,0.85,1.69,2.57,0.85,0.83
15	41323545	41324938	ACAGC	1.51	HG03246:17.11	9.80,15.50,9.77,9.98,10.85,5.82,8.31,10.83,12.52,11.70,11.97,6.68,10.05,4.99,17.02,6.73,7.40,12.33,21.19,8.85,8.21,11.09,6.83,9.52,10.69,14.42,8.35,17.86,14.51,14.30,7.74,7.59,15.31,15.55,6.54,9.22,9.90,13.03,9.46,10.16,17.93,8.59,8.40,9.25,10.93,15.31,12.14,9.43,10.77,8.27,8.84,8.26,6.77,12.40,6.25,8.11,9.40,13.42,10.89,5.77,12.27,10.36,9.25,9.15,7.53,6.71,5.11,13.14,8.37,10.11,18.93,7.49,12.26,13.32,6.04,8.40,11.43,10.95,9.68,8.07,12.16,11.31,6.47,14.50,8.21,9.78,7.33,3.42,7.39,6.64,15.44,8.21,5.98,8.27,9.99,12.10,6.70,9.03,14.59,5.96,5.00,5.14,5.77,9.23,4.14,9.94,7.54,10.23,0.79,5.14,0.84,7.83,2.51,6.11,11.62,8.56,5.79,10.28,1.65,7.40,6.83,4.93,8.39,9.43,5.14,5.01,1.69,10.19,6.77,10.99,17.11,5.04,10.17,1.64,10.72,7.56,13.20,5.02,8.32,3.37,5.98,6.69,4.73,8.95,5.94,13.24,10.81,10.18,6.77
22	22474647	22475596	AAATAATTATTT	1.51	HG03246:2.57	0.84,2.50,0.83,0.84,3.43,3.34,0.86,2.57,4.19,2.53,0.85
18	65588357	65589184	ACACATATATACATATAT	1.51	HG03246:1.71	0.86,2.54,1.71,0.84,3.11,0.83
8	9140410	9140675	AAGGG	1.51	HG03246:1.71	0.84,0.84,1.65,1.71,3.30,1.70
5	77725230	77726176	AAACAAATACAGTATTTAT	1.46	HG03246:3.42	0.84,1.67,1.64,0.81,3.35,2.57,0.83,2.48,0.86,1.67,0.85,3.42,5.08,1.64,4.66,4.25,1.65
4	49127789	49131215	AATGG	1.45	HG03246:5.99	0.82,1.63,2.49,2.50,2.49,0.83,0.83,4.18,0.80,0.84,4.16,0.84,5.75,0.81,0.80,0.82,2.60,1.67,2.52,1.70,0.82,2.52,4.13,2.44,0.79,3.39,0.86,3.36,1.68,1.68,2.55,0.87,5.14,4.14,2.48,0.80,0.83,0.85,1.65,0.78,2.52,1.68,1.65,1.89,1.66,1.68,0.85,3.29,2.50,1.63,4.16,0.86,1.63,1.69,0.81,1.74,1.62,4.11,0.81,0.81,0.85,0.82,0.83,1.72,1.64,0.85,0.83,3.33,5.19,2.46,2.43,0.83,0.86,2.47,2.52,0.83,0.83,0.84,2.56,3.93,2.57,2.61,1.75,0.83,4.28,5.79,5.14,1.64,0.85,3.28,3.36,2.57,0.84,5.06,0.85,0.87,1.69,5.99,1.68,1.69,0.82,0.82,1.68,3.11,3.35,0.83,4.21,2.56,1.67,1.58,2.44,0.83,0.83,0.85
5	145553698	145554459	ATATATATATATATCC	1.45	HG03246:1.71	1.64,0.85,1.71,0.78,0.84,0.84,1.66
17	5135071	5136121	AAACAGTGCAGTAT	1.44	HG03246:8.56	5.71,0.82,0.82,4.02,5.98,5.81,2.55,1.65,13.03,20.51,0.84,5.89,0.84,3.40,1.71,2.48,4.19,0.84,0.86,2.50,1.67,4.31,0.90,1.74,2.61,2.42,2.46,1.63,2.56,0.82,10.80,0.85,8.27,2.59,13.96,0.85,1.67,1.57,1.74,0.82,0.84,8.56,1.67,1.70,3.39
7	35613124	35613914	AAAG	1.44	HG03246:1.71	0.83,0.86,1.58,0.86,0.86,1.71,0.82
12	64342330	64343094	AAAATACATATATGG	1.43	HG03246:1.71	0.86,0.84,1.71,2.54,1.71,3.40
X	1642363	1644352	ATCC	1.42	HG03246:32.52	30.21,22.03,22.80,29.10,12.52,14.98,17.45,11.66,20.87,13.37,18.35,11.69,21.78,9.98,23.82,6.73,22.21,15.62,25.26,18.51,16.41,14.51,16.23,25.09,18.08,16.83,25.87,21.91,8.06,23.55,9.68,19.39,17.86,16.41,16.34,32.71,9.08,16.29,41.80,15.24,22.00,20.61,14.28,11.77,22.70,17.86,19.08,20.57,14.08,19.02,17.68,14.03,14.40,12.40,36.73,21.08,11.96,15.10,15.92,14.01,16.99,20.73,14.29,10.81,16.74,19.29,18.74,24.64,21.77,10.95,18.93,13.31,19.62,21.65,14.66,9.24,13.88,12.64,24.21,18.82,18.25,21.76,33.96,20.94,13.14,18.74,14.66,16.24,18.89,16.61,17.16,16.41,16.23,23.99,21.65,20.75,16.75,23.00,31.62,26.38,20.83,12.85,15.66,28.53,16.56,23.19,11.72,10.23,29.08,18.00,10.87,18.28,19.24,15.71,21.58,20.54,19.86,19.70,10.76,9.87,23.04,20.52,20.98,13.72,14.56,21.71,16.88,10.19,15.70,18.61,16.07,32.52,18.49,26.27,26.99,13.19,11.76,19.41,24.28,19.13,21.07,13.67,25.91,17.35,31.73,19.53,17.37,28.27,13.58,19.48
11	36075929	36076709	ATCC	1.42	HG03246:8.56	7.35,3.26,3.26,8.31,2.50,5.82,1.66,1.67,5.84,4.18,0.80,7.52,2.51,2.50,5.96,3.37,8.23,3.29,1.63,4.02,4.92,2.56,0.85,4.33,1.64,6.41,2.50,4.06,3.22,0.84,4.84,5.06,1.70,4.32,4.09,1.68,2.44,5.52,4.23,1.63,5.04,2.52,5.04,2.55,1.73,6.00,4.97,0.83,5.63,3.39,4.13,7.81,5.67,2.56,4.19,0.84,6.59,1.89,3.45,3.36,3.33,2.51,0.84,0.85,1.64,6.70,5.89,5.16,5.82,2.45,0.83,1.68,1.63,3.37,6.45,0.90,4.34,4.35,3.23,6.44,0.82,4.89,1.63,1.71,5.75,0.83,6.01,4.10,6.83,5.79,4.16,4.32,4.19,4.11,4.86,4.25,3.33,1.71,4.12,0.84,2.48,4.97,1.67,5.11,3.14,1.71,2.51,2.61,3.35,1.75,1.66,0.86,2.48,4.28,2.48,6.58,4.27,2.46,3.36,1.72,3.43,5.85,2.53,0.85,2.62,3.38,5.07,8.56,6.72,3.39,9.00,3.30,2.52,4.66,6.70,4.99,1.69,5.13,2.51,2.37,11.39,4.25,4.14,6.65,2.55,2.54
21	47234782	47234935	ACCACTCACCACTCACTC	1.42	HG03246:1.71	0.84,0.82,0.85,0.86,1.71,1.55,0.83
14	101151374	101151863	ACCGCAGCCCCCTCC	1.39	HG03246:3.42	0.83,0.83,0.83,2.50,0.80,0.85,0.81,0.82,0.85,0.81,1.68,0.84,0.81,0.84,0.84,0.83,0.83,2.52,0.82,0.84,0.86,1.66,1.66,1.57,0.84,4.35,1.64,0.82,0.84,1.72,0.86,1.67,0.85,3.42,2.52,0.82,0.84,0.84,2.50,7.58,2.56,1.66
10	27635914	27637603	AAAG	1.39	HG03246:2.57	1.63,0.83,0.85,1.68,1.68,0.80,0.83,0.82,0.83,0.81,0.84,0.79,0.83,1.64,0.85,0.86,0.85,2.57,3.39,1.68,0.84,1.70
17	6493629	6494564	AAGAAGAAGG	1.37	HG03246:1.71	0.81,2.57,1.75,1.71,1.71,2.45
11	117356514	117357472	AAAGTGGCGGATGTG	1.36	HG03246:2.57	0.81,0.83,0.84,7.40,0.82,0.84,0.85,0.83,0.82,0.86,0.82,0.81,0.86,0.86,2.54,2.57,1.69,1.65,0.84,3.35,3.94,0.83
13	114578559	114579860	ACACCCACACCCCAGCG	1.35	HG03246:4.28	0.82,0.82,0.81,0.83,0.83,0.83,0.83,0.84,0.84,5.03,0.83,0.82,0.82,0.81,4.02,1.71,1.73,0.83,0.81,1.61,0.97,0.84,2.55,0.86,0.81,2.58,2.52,0.84,0.86,1.66,1.65,1.65,0.85,0.83,1.68,0.82,1.73,2.52,0.84,0.84,0.85,0.82,2.53,0.86,0.82,1.67,2.59,0.84,1.63,0.81,2.69,2.61,3.48,0.81,1.61,0.82,0.81,2.44,2.56,0.83,0.86,1.64,0.85,0.83,1.73,1.64,1.62,1.70,0.83,0.86,2.47,1.68,1.66,0.84,1.70,2.51,1.66,4.28,1.65,4.28,0.82,2.56,0.82,0.84,0.86,0.86,1.67,0.85,4.28,0.84,0.85,2.45,0.82,3.35,0.83,0.84,0.85,2.51,1.63,0.85
18	6185342	6186440	AAAAT	1.33	HG03246:18.83	2.57,10.05,16.28,16.72,17.13,11.95,16.98,18.83,17.99,21.84,0.83,11.85
20	61888262	61889431	ACAGTGATGGAGAGCGGAGG	1.30	HG03246:2.57	0.82,0.83,1.66,0.83,0.80,0.83,0.85,0.84,0.82,0.85,0.85,0.87,1.94,0.85,1.68,0.81,1.68,1.70,0.83,0.83,2.52,0.84,0.82,0.84,0.84,0.90,0.87,0.81,0.82,0.83,0.83,0.86,0.83,0.82,0.85,2.57,0.84,0.85,0.82,3.35,0.84,0.84,0.79,0.81,0.83
21	31079206	31079504	AGGG	1.29	HG03246:1.71	0.82,0.83,0.87,0.86,0.82,0.85,1.71,0.84
4	165539782	165540724	AAATATATATATATTTCAC	1.28	HG03246:3.42	2.50,1.68,2.48,4.19,1.71,3.32,0.85,3.43,2.55,3.42,1.68,3.30,2.33,0.79,0.85
8	143644203	143645903	AAGCCCACGACACGCAGGAG	1.26	HG03246:5.13	2.45,0.82,4.07,1.67,3.33,0.83,1.67,0.83,3.34,0.84,0.83,0.84,1.64,0.80,4.92,0.85,1.71,0.87,2.47,0.80,3.34,1.62,2.42,1.68,0.97,1.69,1.70,2.59,1.63,1.68,0.83,1.63,0.79,0.85,0.81,1.72,0.84,1.68,1.70,0.87,0.86,0.83,2.48,0.80,0.83,2.34,1.62,1.68,1.68,1.65,1.73,2.52,1.66,0.84,0.85,2.46,2.51,0.86,1.66,3.27,2.50,1.73,1.61,0.90,1.74,1.74,1.62,0.81,0.81,1.64,1.66,0.83,2.50,0.86,0.84,3.29,1.62,0.85,2.50,4.28,0.82,1.68,0.84,0.85,4.72,0.86,1.74,1.67,1.75,0.83,5.14,2.57,0.82,3.41,1.64,0.84,1.71,3.34,1.69,1.70,0.87,4.23,5.13,0.84,1.69,4.09,3.30,1.68,1.55,1.67,3.42,2.51,2.37,3.25,0.85,4.14,1.66,3.39,1.69
9	127196522	127196823	AG	1.22	HG03246:1.71	2.52,1.70,0.87,1.65,1.68,1.71,0.84,0.83
X	89480922	89481476	ACATATATAT	1.16	HG03246:1.71	0.84,0.97,0.78,0.84,0.84,1.71,0.84,0.83,0.85
4	23200024	23201376	AAATATATAAATATATATAT	1.16	HG03246:1.71	0.82,0.84,2.48,1.69,1.71,0.82,1.67,1.63
15	100793717	100794272	AAGGTAGAGGGGGAGGGG	1.15	HG03246:5.13	1.66,0.83,0.84,2.50,1.70,4.11,2.47,2.44,0.80,0.82,2.56,0.85,1.73,4.11,3.20,4.17,1.62,0.81,2.52,0.84,0.85,0.86,2.52,1.65,1.63,0.79,3.39,6.52,3.36,0.84,1.68,3.40,2.57,0.83,1.65,0.85,1.65,1.68,0.94,0.86,0.83,0.84,2.46,1.67,0.86,0.82,2.50,0.86,3.36,0.84,1.61,1.79,1.74,0.87,0.81,0.81,3.28,1.63,2.56,3.29,0.83,0.86,3.31,3.46,2.51,1.64,1.62,2.55,1.67,3.43,3.30,0.84,2.48,1.66,0.79,0.86,2.51,0.87,0.83,1.65,3.43,0.82,1.64,5.88,0.86,3.43,0.84,0.85,0.85,5.13,2.52,1.69,0.82,2.47,2.52,3.88,4.19,1.66,3.37,1.71,3.34,3.15,1.63,5.79,1.66,4.24,0.85
15	75034970	75035451	AAAG	1.14	HG03246:2.57	0.82,0.81,0.83,2.51,0.80,0.82,0.81,1.61,1.69,0.85,4.07,0.84,0.86,0.83,0.84,1.67,0.82,0.82,0.90,0.87,1.64,2.56,0.85,0.84,0.86,0.87,0.86,0.86,1.72,2.57,1.69,0.79,0.85
9	138739792	138740119	AAGGGGAGGGGAGGGGGGGG	1.13	HG03246:2.57	0.81,0.83,0.84,0.82,1.61,0.82,1.71,1.73,0.81,0.84,0.82,0.79,0.85,0.84,0.84,1.66,0.81,0.85,0.84,0.83,1.63,0.84,1.62,0.81,0.81,2.46,0.83,0.83,1.73,1.67,0.82,0.85,0.84,0.83,0.82,0.84,0.84,0.87,2.57,0.82,0.78,0.83,0.84,0.79,0.85
X	578634	579667	AATGGATGAATGGATGGATG	1.12	HG03246:3.42	0.83,0.83,1.67,0.84,1.68,0.81,0.80,0.85,1.64,0.85,0.82,0.85,0.84,0.84,0.85,0.87,0.83,2.54,1.71,1.68,1.67,0.85,0.84,0.84,1.72,2.50,0.82,0.87,2.43,0.82,0.81,0.82,0.82,0.86,0.82,3.33,0.82,1.68,1.66,1.70,5.02,0.83,0.86,0.82,0.85,0.82,0.84,0.86,2.51,0.85,3.38,3.42,0.85,0.84,0.78,0.84,0.83,0.84,1.71,2.51,2.49
1	224125167	224125262	AATAGATATATATTATATAT	1.12	HG03246:1.71	0.84,0.84,0.85,0.82,0.83,0.85,0.85,1.71,0.85,0.83
4	13062896	13064143	ACACACCTGTGTATACAT	1.11	HG03246:2.57	0.83,0.80,0.83,2.47,1.61,0.80,0.83,0.86,0.84,0.85,0.83,0.83,0.85,0.83,2.34,5.13,1.68,0.86,2.53,0.81,0.81,0.84,0.83,0.85,0.85,2.57,0.85,0.82,0.84,2.55,1.70
17	78996043	78996378	ACCGGGGCGGGGGAGGGGCC	1.11	HG03246:1.71	0.83,0.84,1.58,1.61,0.84,0.85,0.84,1.71,0.85
10	45904678	45905349	AG	1.06	HG03246:1.71	0.83,0.97,0.81,0.83,0.81,0.82,0.85,0.86,1.71,0.83
20	56408158	56409521	AAGGGGCCCTCGCTGGGAG	1.04	HG03246:4.28	1.63,1.63,0.81,0.83,0.83,0.83,1.67,0.83,0.84,0.80,3.34,0.84,1.66,0.85,0.84,0.82,3.26,0.82,2.40,2.50,0.81,0.81,1.68,1.70,0.83,0.81,2.37,0.86,0.84,2.52,0.85,0.83,1.65,0.80,1.69,1.65,2.43,0.85,0.84,0.94,0.84,3.35,4.26,0.82,2.51,0.86,3.33,2.45,2.50,2.59,0.84,1.69,3.23,0.87,0.81,0.81,0.82,1.63,0.85,2.46,0.83,1.72,5.74,0.85,0.83,0.84,2.55,1.67,1.71,0.82,0.84,1.66,2.48,0.84,2.56,0.79,0.86,1.67,3.48,0.84,2.49,1.71,1.65,3.43,2.47,1.71,0.82,1.68,0.84,2.53,1.74,3.38,4.28,0.84,1.69,0.82,4.12,1.68,1.55,2.51,0.83,2.56,1.67,1.58,1.63,0.85,1.65,0.85
10	47082577	47083369	AAAG	1.03	HG03246:1.71	0.82,0.85,0.83,0.86,0.84,0.79,0.86,0.84,1.71,0.78,0.81,0.85
14	76765413	76766402	AAAG	1.02	HG03246:2.57	0.83,0.83,1.67,2.51,0.84,0.87,0.97,0.86,0.82,0.86,0.83,1.61,0.83,0.83,0.85,1.68,0.83,0.90,0.81,1.71,0.83,0.85,1.66,0.85,0.84,0.87,1.66,0.82,0.86,0.87,0.85,2.57,2.56,1.66
