motif	top_case_zscore	high_case_counts	all_counts
AAATGAAGGAAGGGAAGGG	5.60	HG03168:6.77	0.81,0.86,0.87,0.84,1.65,2.48,2.57,6.77,1.64,1.65,0.84,7.69,0.79,1.63
ACCACCACCACCATC	4.39	HG03168:11.84	3.27,1.63,4.07,0.83,9.15,4.99,3.33,1.67,1.67,0.84,1.68,0.83,1.70,2.52,6.58,3.29,5.70,4.02,0.82,0.85,2.56,2.60,2.47,3.20,6.68,2.43,8.06,0.97,2.53,4.25,6.05,5.72,2.52,2.48,4.89,1.58,0.85,1.63,3.43,5.04,4.20,1.68,0.85,4.34,2.57,1.66,0.83,2.41,0.83,0.85,7.44,5.47,1.62,6.83,1.68,3.35,3.30,2.83,1.73,0.84,0.83,0.84,2.52,1.70,2.46,0.84,1.68,5.16,1.66,0.82,1.67,0.86,2.52,3.27,1.79,3.48,4.35,9.70,8.06,1.64,3.26,1.63,4.11,0.83,4.10,1.71,1.65,6.66,1.73,1.67,3.29,4.86,3.40,4.17,1.71,5.77,2.52,8.28,4.14,1.67,3.41,5.50,1.71,1.67,1.74,0.84,3.49,2.49,4.28,4.14,2.57,0.83,4.11,2.56,5.75,3.36,0.86,2.57,1.67,5.06,6.79,4.36,11.84,6.77,2.57,0.84,1.69,3.30,3.36,1.55,6.70,5.82,1.69,3.42,1.67,7.88,1.63,7.64,2.48,1.66,2.55,5.08
ACCATCCTCAGCTCACCCC	3.03	HG03168:6.77	1.63,0.82,2.50,1.66,2.50,0.83,1.67,2.39,1.67,0.83,0.85,0.84,2.47,3.26,1.61,3.41,1.71,2.40,3.34,2.43,0.84,1.63,1.68,2.48,0.81,3.36,0.84,1.68,2.55,3.31,1.61,0.83,0.85,0.83,1.56,0.81,2.52,1.65,1.89,5.86,0.84,0.85,4.93,0.84,3.44,0.83,0.82,1.67,0.86,3.36,0.82,2.53,3.23,0.87,2.61,0.81,0.81,1.63,1.64,2.49,0.86,2.46,1.73,0.84,3.24,0.85,3.33,1.71,0.83,1.67,0.85,3.93,0.86,3.34,3.42,2.48,3.43,4.96,2.47,3.41,0.82,3.43,0.86,1.67,2.55,4.36,6.77,2.57,1.65,5.88,2.33,2.51,0.83,2.56,1.63,2.55,0.83,0.83,1.69
ACCACCTCCCTC	2.67	HG03168:95.59	4.90,100.99,1.67,25.07,55.96,32.45,25.25,55.11,9.04,2.44,31.19,5.97,35.47,22.19,9.61,18.53,66.44,29.04,27.83,15.31,13.82,8.17,33.54,16.50,25.24,35.49,24.45,135.65,26.88,41.20,16.16,19.08,41.42,54.65,16.09,11.57,72.15,12.81,7.55,5.86,32.09,30.23,15.97,0.83,15.06,26.40,22.74,0.83,62.11,11.21,5.88,43.28,36.23,39.54,4.48,57.43,8.09,54.77,37.77,96.98,52.92,1.64,28.24,24.62,26.48,45.49,9.16,6.05,15.91,37.78,76.58,5.00,3.31,4.97,11.72,4.29,28.42,12.19,6.11,31.54,41.37,9.10,1.64,64.86,51.72,44.49,18.87,12.53,55.69,10.19,4.36,95.59,7.61,7.56,0.85,7.36,4.95,13.44,161.47,22.61,21.63,19.22,16.56,7.32,44.16,48.81,0.83,9.34,11.01
AAATGGTGAGGAGCACTGGG	2.38	HG03168:2.54	2.39,2.54,0.78,0.83,0.85,0.84
AAAGGATGAGAG	2.04	HG03168:4.23	0.82,0.83,0.83,1.70,0.82,0.82,1.63,0.84,0.86,1.63,0.83,0.81,0.79,1.68,0.84,1.73,0.86,1.61,0.85,0.83,0.78,1.71,0.84,0.82,0.94,1.73,0.83,0.86,0.83,0.83,2.45,1.69,1.62,1.63,0.82,0.82,0.85,1.73,2.43,0.85,3.33,1.71,1.68,1.57,0.86,0.83,1.64,0.85,1.64,1.71,2.51,0.84,0.87,4.23,1.69,0.86,0.84,0.85,4.12,2.52,1.55,0.84,2.56,3.94,0.81,1.70,0.85
ACCCTCACCTCC	1.90	HG03168:7.61	4.08,7.34,4.89,4.99,0.83,0.83,0.83,0.83,3.34,1.67,0.80,5.01,4.19,4.99,4.25,2.52,2.47,4.11,2.44,5.63,4.27,2.56,0.87,1.64,1.60,2.50,1.62,2.42,3.36,2.90,3.37,5.10,0.86,2.45,3.35,2.48,4.89,5.52,3.39,3.26,4.29,2.52,4.20,5.88,0.85,2.60,3.43,1.66,1.65,3.21,0.83,1.69,4.96,3.13,4.05,0.85,3.36,5.86,4.94,5.66,2.59,3.36,4.99,3.35,3.35,4.26,3.29,0.84,0.83,4.09,2.50,0.86,2.52,0.82,4.21,4.03,2.69,4.34,2.61,1.62,2.42,0.82,1.63,4.07,1.71,4.11,3.32,0.86,2.46,1.71,5.79,4.16,4.32,3.35,0.82,4.25,1.67,1.71,3.30,3.36,2.48,1.66,1.67,2.56,4.72,1.67,6.09,4.18,0.87,1.66,2.57,2.48,3.43,1.65,3.29,2.56,5.75,3.36,1.72,0.86,0.84,3.38,5.09,2.62,7.61,1.71,6.72,2.54,0.82,0.82,1.68,2.33,3.35,2.50,0.84,2.56,1.67,3.15,3.25,2.55,6.65,2.55,4.23
AG	1.55	HG03168:98.98	56.33,50.59,41.52,60.70,30.05,66.56,55.69,32.48,71.81,65.19,64.61,56.79,37.69,44.93,62.96,37.03,50.17,50.14,40.75,41.05,83.72,52.90,52.11,53.64,61.65,60.89,34.22,70.61,46.74,37.85,37.76,37.95,72.30,50.11,56.38,49.48,40.43,52.93,45.75,32.18,44.82,66.11,60.48,45.40,47.92,43.37,67.64,36.00,69.59,47.97,38.57,37.98,105.01,48.76,68.77,55.13,50.40,46.98,33.51,42.03,24.54,40.59,44.56,39.92,51.88,21.81,55.36,30.39,62.81,26.11,29.26,51.58,64.57,42.47,40.54,31.93,40.83,32.86,66.97,61.83,48.66,31.33,70.35,45.91,39.41,37.49,51.29,62.38,82.97,29.07,65.21,51.70,26.48,24.82,40.80,59.65,64.48,32.85,73.78,61.26,37.49,23.14,49.45,36.08,36.44,59.64,30.14,41.77,58.94,38.57,27.59,53.97,34.30,96.90,56.44,31.67,56.27,81.38,48.81,32.89,63.16,56.64,57.08,133.79,29.99,76.00,46.41,33.96,68.05,98.98,30.44,59.90,49.58,47.46,64.60,63.49,31.92,64.43,51.91,50.74,42.14,124.75,50.98,57.55,73.22,33.12,29.78,123.88,59.41,56.73
AACCTCCAT	1.54	HG03168:1.69	0.82,0.83,1.69,0.78,0.84,1.66
AATGTCGGTCCTACGC	1.51	HG03168:8.46	1.63,1.63,1.66,5.01,0.83,4.16,2.50,1.67,4.79,1.67,0.83,1.70,4.21,2.47,2.47,1.63,7.39,0.85,0.87,1.64,0.80,2.43,3.22,5.81,3.37,9.50,1.63,4.19,0.83,3.26,5.08,2.44,1.72,5.04,5.04,2.52,2.55,0.87,2.49,4.96,5.63,0.78,2.56,3.30,1.89,2.59,2.52,0.84,4.26,1.64,8.37,1.68,3.44,4.99,3.27,4.20,4.08,1.69,4.84,2.69,2.61,0.87,4.04,4.83,2.46,2.44,1.63,1.71,3.29,0.83,0.86,4.10,3.42,1.67,2.59,2.51,8.21,4.86,3.40,5.00,2.57,3.30,0.84,4.14,3.31,0.84,0.85,2.36,5.02,2.61,5.86,2.62,0.83,4.28,4.14,4.28,0.83,7.40,1.71,4.93,0.84,2.57,3.43,1.67,1.69,1.70,5.23,8.46,5.92,2.57,5.04,3.39,6.54,4.12,3.36,6.21,6.70,0.83,3.42,4.18,5.52,2.44,11.04,1.65,2.49,5.09,6.77
ACATATATATGATAT	1.46	HG03168:1.69	0.87,2.62,1.69,2.54,1.68,0.84
AACAGCAGCACAGCC	1.30	HG03168:3.38	0.82,1.63,0.83,1.67,2.50,0.83,0.85,1.65,0.85,0.87,0.82,0.80,1.69,0.82,0.84,1.72,1.68,0.85,0.87,0.86,0.83,1.61,1.65,0.78,0.82,1.73,0.84,2.50,0.84,1.68,1.70,0.82,0.84,0.86,1.66,0.83,2.59,1.68,0.84,0.81,0.90,0.87,1.74,0.82,1.63,0.81,0.85,0.83,1.64,2.48,1.67,1.67,1.62,1.70,1.67,0.84,1.70,0.84,2.61,2.49,2.46,1.72,1.71,1.67,0.84,3.38,0.85,0.86,0.84,1.67,0.83,0.79,0.81,0.85
AAATGCACAGGAAT	1.09	HG03168:1.69	0.81,1.67,0.86,1.65,3.43,1.70,1.69,2.49
