motif	top_case_zscore	high_case_counts	all_counts
AATATATATGTGG	3.24	HG03583:3.39	1.67,1.65,0.85,0.82,0.84,3.39
ACCACCCAGCCTCC	1.89	HG03583:7.62	3.27,1.63,2.44,1.66,0.83,0.83,0.83,2.50,2.51,1.60,1.67,4.16,2.55,3.37,2.47,4.11,2.44,1.61,0.82,2.56,0.87,0.82,1.60,1.67,3.25,4.84,4.22,3.40,3.46,2.45,0.84,0.83,4.07,2.37,1.69,3.26,0.86,1.68,2.52,0.84,5.95,2.60,1.71,0.83,3.21,1.65,1.69,4.13,3.91,1.62,0.85,0.84,0.84,2.47,1.89,0.84,1.66,3.35,1.70,4.93,2.51,1.68,1.66,3.27,2.50,1.73,1.63,2.53,1.61,1.79,0.87,5.22,5.66,1.61,1.64,4.07,1.63,4.11,1.66,5.15,5.12,2.48,3.33,3.46,1.67,1.64,3.24,2.55,1.67,3.43,3.30,3.36,3.31,2.48,4.26,5.50,1.71,5.85,6.96,4.18,2.62,2.49,3.31,0.86,9.93,2.47,5.12,5.75,1.72,3.43,1.67,3.38,2.62,5.08,1.69,1.71,1.69,3.27,1.65,5.43,6.70,2.50,1.69,3.42,1.67,3.15,7.32,5.10,1.65,3.33,5.09,7.62
ACATATACTCTATCACT	1.56	HG03583:1.69	0.84,0.82,0.83,0.85,0.83,1.69
AAGGTATGACTGTGG	1.48	HG03583:2.54	0.81,0.81,1.65,1.74,0.86,2.48,0.82,3.34,1.70,0.82,0.84,0.79,8.95,0.85,0.83,2.54
AAAGAAAGAAGGAAGGAAGG	1.44	HG03583:1.69	0.83,0.84,0.84,0.83,1.64,1.69,1.69
AAATATATAATATAT	1.40	HG03583:1.69	0.82,0.82,0.81,0.82,0.84,0.86,0.84,1.69
AGCGCGGGAGGCGCAGGC	1.33	HG03583:10.16	4.08,0.81,5.82,5.84,7.49,2.49,2.51,1.68,1.66,3.29,4.93,3.26,2.41,7.68,0.85,4.01,8.35,0.84,5.90,1.70,3.35,7.33,2.44,2.58,2.52,1.68,0.87,0.83,3.21,1.65,4.96,1.62,0.85,2.52,0.84,2.47,0.86,0.84,1.66,8.37,1.64,0.84,0.83,0.86,1.63,0.84,4.03,1.79,3.48,5.66,1.71,11.50,1.66,3.43,1.64,4.27,1.67,1.73,4.19,2.43,8.33,0.86,8.24,2.52,6.63,6.70,0.85,11.00,6.00,7.83,5.86,2.62,8.30,3.42,4.14,1.71,12.41,5.75,3.41,6.57,0.84,5.15,2.57,5.85,2.55,2.62,0.85,5.99,4.20,3.39,4.09,3.36,10.09,0.83,4.21,9.40,3.34,3.15,2.44,6.79,2.48,0.83,10.18,10.16
AAAAT	1.17	HG03583:44.88	119.14,47.22,24.11,21.70,1.66,4.16,21.71,56.83,29.78,2.52,14.81,8.22,10.59,25.76,7.39,0.85,6.83,6.06,20.55,21.63,22.54,8.12,0.81,32.80,0.97,5.06,0.82,18.45,4.13,22.80,12.70,0.81,36.06,14.28,0.84,22.70,6.94,3.43,27.30,2.41,28.79,9.92,21.10,1.62,5.98,17.62,9.89,3.78,0.84,28.28,14.48,6.70,1.68,1.72,21.63,0.82,0.86,14.70,8.43,3.23,2.61,16.53,4.85,0.81,2.46,1.63,17.91,17.94,2.46,7.47,7.72,5.98,1.65,4.16,0.84,45.99,12.97,5.83,9.43,4.12,4.97,5.80,12.56,20.46,13.36,33.42,3.34,33.95,4.36,0.83,5.99,3.31,3.43,4.14,8.21,7.55,2.57,11.99,43.88,5.94,35.77,3.38,8.46,4.28,2.52,5.08,35.16,6.60,3.36,45.80,9.21,4.16,26.49,30.09,28.38,0.81,8.49,14.13,44.13,44.88
ACCCGCTCTATCCCAGC	1.08	HG03583:9.31	3.27,0.82,3.26,4.16,3.34,4.99,5.82,3.33,6.68,0.84,1.60,2.51,0.84,1.66,0.85,0.84,4.11,4.11,1.63,4.83,1.64,4.27,2.56,5.19,1.64,1.60,3.34,3.25,0.84,3.87,0.84,1.70,0.86,1.63,1.68,3.30,4.89,5.52,2.54,0.81,3.43,3.36,2.52,1.68,3.40,3.47,0.86,2.49,0.83,0.80,2.48,0.85,4.13,1.56,1.71,2.52,0.84,3.78,0.86,0.84,4.99,3.35,0.85,10.68,2.51,2.53,1.72,0.83,3.27,1.67,2.59,2.45,3.37,3.23,1.79,2.61,5.66,4.03,2.46,0.81,3.42,2.46,1.66,6.01,1.64,2.56,3.31,2.50,1.73,3.35,0.81,0.85,6.66,1.71,4.12,1.66,7.45,3.35,4.26,2.36,1.71,7.52,7.83,1.67,1.75,4.98,1.71,8.27,12.85,2.48,3.29,9.39,5.75,4.29,6.85,6.68,2.53,1.70,7.85,0.85,2.54,5.13,3.36,1.69,4.09,4.12,9.32,2.51,4.99,1.69,9.40,5.01,3.15,5.69,14.44,4.14,0.83,3.39,9.31
ACGCATCTCCTCACTCC	1.06	HG03583:5.93	1.63,0.82,0.83,0.83,1.67,2.50,5.11,4.11,1.63,1.61,1.64,2.60,1.60,0.97,0.84,0.85,1.63,1.58,0.81,2.52,0.83,4.95,0.83,2.34,0.84,3.30,0.86,2.51,0.84,1.70,2.51,0.83,0.86,0.84,1.63,1.61,0.90,2.44,0.81,2.49,0.86,1.64,1.65,0.83,0.82,3.24,4.17,2.57,4.12,0.83,1.70,5.50,0.84,1.74,0.84,1.75,1.71,0.86,1.65,2.47,5.12,0.84,0.86,1.71,0.84,2.55,3.49,5.08,3.38,1.71,0.84,0.82,3.30,0.84,4.66,3.42,1.67,9.46,8.14,3.40,2.48,7.64,5.93
AAATTTACATGTATAT	1.05	HG03583:2.54	3.34,0.84,0.84,0.83,0.84,0.82,0.80,0.82,0.81,2.41,0.82,0.85,0.82,0.84,1.74,0.83,1.68,1.67,1.57,0.86,0.86,0.83,0.86,2.48,0.84,0.86,0.78,0.84,1.66,2.53,0.84,0.81,0.85,2.54
