motif	top_case_zscore	high_case_counts	all_counts
AACTG	86.07	HG03121:86.07	86.07
ACCTCCCTCTCC	4.75	HG03121:32.91	1.63,9.18,1.66,6.73,13.16,6.52,4.10,21.37,4.84,0.84,2.90,5.90,0.85,1.63,0.84,4.95,6.51,2.44,30.05,0.84,7.57,1.70,14.91,3.31,0.81,1.71,0.84,0.94,2.59,10.93,3.35,3.41,0.84,1.63,0.86,0.84,4.90,0.84,33.08,1.79,17.40,29.92,2.42,5.75,13.85,5.70,1.66,7.39,4.27,5.79,3.46,3.29,1.70,9.94,8.28,3.35,11.14,0.84,16.54,1.75,12.45,2.57,0.83,6.62,13.66,0.84,1.72,3.34,32.91,2.55,4.36,11.84,4.20,15.54,1.65,11.76,10.09,2.51,6.65,5.85,9.46,4.88,3.31,20.37,7.62
ACC	4.37	HG03121:1231.14	997.60,1040.40,910.26,894.69,763.69,975.08,1013.19,841.08,996.96,1021.32,849.52,783.43,854.38,965.10,1123.97,937.51,973.03,841.68,858.13,972.38,798.58,849.00,688.60,731.02,767.77,877.33,1034.95,836.81,958.15,842.75,915.80,701.58,1054.75,885.50,835.08,847.82,831.67,891.61,1234.37,779.09,824.73,965.01,919.85,981.11,874.26,653.09,1011.12,681.52,724.04,687.36,900.04,612.58,813.82,913.21,985.38,752.33,809.77,771.83,849.49,1049.00,753.23,776.38,869.26,946.55,1210.83,660.87,810.76,987.15,749.48,666.13,765.85,812.75,867.97,696.10,720.23,750.31,903.12,784.38,997.30,708.85,709.89,650.93,852.31,907.01,807.96,969.83,871.19,654.53,969.39,905.21,832.27,935.45,668.71,804.02,854.31,594.73,845.00,654.57,839.96,878.98,743.91,829.51,815.05,815.65,814.15,1094.18,678.16,722.87,1040.57,692.49,762.42,1086.34,806.48,798.76,1234.97,769.46,796.85,1066.50,858.81,818.84,1109.53,1035.96,969.49,704.95,513.20,896.94,1231.14,779.28,613.32,881.50,767.88,768.42,942.77,722.07,1081.86,773.47,761.98,989.79,977.10,836.78,700.33,1098.79,810.72,968.96,1132.42,973.28,747.85,968.61,775.71,966.98
AACACCATGGACACACCTCC	4.03	HG03121:4.22	0.82,0.81,1.72,2.50,0.85,4.22
ACTCATATATAT	3.07	HG03121:7.59	0.82,1.63,0.81,0.84,0.82,0.81,0.82,1.60,0.97,0.84,1.68,1.68,0.80,1.65,0.84,2.51,0.82,0.83,0.84,0.84,0.83,0.82,0.81,0.85,0.85,0.83,1.67,0.84,0.82,7.67,2.36,0.86,0.84,2.51,0.83,3.29,0.85,6.57,3.43,2.57,0.84,7.59,4.24,0.85,0.84,0.82,1.65,3.36,2.33,2.50,6.84,0.84,4.73,8.49,0.83,0.83,1.70,0.85
ACACCCACACCGCAGCG	2.71	HG03121:4.22	0.83,0.83,1.67,0.83,0.84,0.82,0.82,0.85,0.84,0.84,0.81,0.84,0.84,0.85,0.83,0.81,1.68,2.47,0.83,0.84,2.69,1.74,0.81,1.73,0.82,0.86,1.66,0.79,0.82,0.82,4.22,2.54,1.55,0.84,0.84,0.79
AATGAGTGAGTGAGGAGAGG	2.01	HG03121:104.63	57.15,7.34,63.51,4.16,10.02,30.78,19.95,4.16,40.08,39.28,3.19,31.74,15.08,9.15,22.97,11.78,41.95,4.93,0.81,46.69,49.24,22.18,52.97,4.33,29.59,66.50,4.17,4.06,8.86,5.81,43.85,13.61,22.46,26.15,5.87,23.93,58.63,29.18,33.03,2.44,7.73,23.52,13.45,26.06,11.91,5.20,33.43,21.54,21.51,58.66,18.16,9.32,34.71,45.32,16.21,71.75,27.69,43.56,28.02,14.16,17.27,35.31,6.65,46.86,11.74,3.41,4.11,15.07,47.16,9.47,1.66,13.08,31.64,40.54,21.01,39.20,30.33,32.27,40.33,22.59,2.61,52.56,0.81,18.06,6.52,10.58,3.42,19.72,34.05,6.86,18.87,21.35,19.85,30.81,22.48,10.05,23.82,68.92,23.83,63.31,33.42,89.00,24.34,79.51,149.92,3.35,91.21,123.39,63.42,67.71,61.80,69.44,96.03,62.25,79.60,51.30,38.55,5.79,57.55,30.73,36.94,47.85,50.60,44.55,50.94,104.63,8.49,1.74,88.83,50.74,42.78,92.43,16.95,33.53,50.30,36.12,68.31,113.87,61.55,85.96,61.52,28.42,110.38,17.90,11.04,53.77,11.64,42.44,36.41
ACCTCCCTCCCC	1.97	HG03121:3.38	4.11,1.63,0.82,0.84,0.84,0.82,0.83,0.81,0.79,0.81,3.43,0.85,1.66,0.85,1.69,0.81,0.87,0.81,0.81,0.81,0.82,0.82,0.83,1.66,0.82,3.38,0.78,1.66,2.48,0.85,0.85
ACACACCTCCACACCCC	1.80	HG03121:3.38	0.84,0.82,0.84,0.84,0.85,0.81,0.85,0.84,0.82,1.72,1.64,1.63,0.82,0.85,1.73,0.83,0.82,0.83,0.84,1.57,2.57,0.84,0.83,1.71,1.64,1.72,3.38,0.85,0.84,1.67,0.85,1.70,0.85
AAAGAAGAAG	1.69	HG03121:1.69	1.66,1.69
AACACCAGGGACATG	1.67	HG03121:4.22	0.82,0.81,0.83,0.83,1.66,0.83,0.84,0.80,1.67,1.66,0.82,0.80,0.82,0.85,0.85,0.87,0.82,1.60,1.67,0.81,2.42,0.84,1.94,1.70,0.86,2.52,0.83,0.79,0.81,0.84,0.84,0.85,1.73,0.86,0.83,0.83,1.61,0.83,0.85,2.34,1.62,0.85,1.68,0.84,21.43,1.73,2.50,2.51,1.70,0.82,16.84,0.83,0.82,0.84,0.82,0.84,0.87,2.61,1.62,1.61,1.63,0.85,0.82,0.83,1.72,2.48,1.67,1.67,1.64,2.43,3.40,1.71,0.82,1.66,0.86,2.51,1.74,1.67,1.75,0.83,1.64,1.71,0.82,4.22,0.85,0.85,1.68,0.82,2.33,0.84,1.69,0.83,2.55,1.69
AAATAAGGAAGGAAGGAAGG	1.52	HG03121:1.69	0.80,0.82,1.63,1.69,0.85,0.82
AAAGAAAGAAGGAAGGAAGG	1.39	HG03121:1.69	0.83,0.84,0.84,0.83,1.64,1.69,1.69
AAAGAGGGAGAGAGAG	1.37	HG03121:3.38	2.44,1.60,0.83,1.70,0.82,0.81,1.64,3.41,0.85,0.81,0.86,0.83,0.82,0.84,0.85,1.70,2.52,3.31,0.85,3.32,0.83,0.82,3.38,0.86,0.85,1.64,1.58,3.25
ACATACATATGTATC	1.16	HG03121:1.69	0.82,5.50,0.83,0.85,0.86,2.57,1.69,2.45,0.85
AAAAT	1.02	HG03121:43.88	119.14,47.22,24.11,21.70,1.66,4.16,21.71,56.83,29.78,2.52,14.81,8.22,10.59,25.76,7.39,0.85,6.83,6.06,20.55,21.63,22.54,8.12,0.81,32.80,0.97,5.06,0.82,18.45,4.13,22.80,12.70,0.81,36.06,14.28,0.84,22.70,6.94,3.43,27.30,2.41,28.79,9.92,21.10,1.62,5.98,17.62,9.89,3.78,0.84,28.28,14.48,6.70,1.68,1.72,21.63,0.82,0.86,14.70,8.43,3.23,2.61,16.53,4.85,0.81,2.46,1.63,17.91,17.94,2.46,7.47,7.72,5.98,1.65,4.16,0.84,45.99,12.97,5.83,9.43,4.12,4.97,5.80,12.56,20.46,13.36,33.42,3.34,33.95,4.36,0.83,5.99,3.31,3.43,4.14,8.21,7.55,2.57,11.99,43.88,5.94,35.77,3.38,8.46,4.28,2.52,5.08,35.16,6.60,3.36,45.80,9.21,4.16,26.49,30.09,28.38,0.81,8.49,14.13,44.13,44.88
