motif	top_case_zscore	high_case_counts	all_counts
AAGGAGGAGGAG	17.06	HG03485:17.09	0.83,0.83,0.83,0.82,17.09
AAGGAAGGAGAGAGGG	6.65	HG03485:8.54	0.81,0.84,0.83,0.85,5.86,1.65,2.52,3.36,3.88,1.66,8.54,3.15,0.85,3.33
AAATGAAGGAAGGGAAGGG	6.50	HG03485:7.69	0.81,0.86,0.87,0.84,1.65,2.48,2.57,6.77,1.64,1.65,0.84,7.69,0.79,1.63
AG	4.30	HG03485:124.75	56.33,50.59,41.52,60.70,30.05,66.56,55.69,32.48,71.81,65.19,64.61,56.79,37.69,44.93,62.96,37.03,50.17,50.14,40.75,41.05,83.72,52.90,52.11,53.64,61.65,60.89,34.22,70.61,46.74,37.85,37.76,37.95,72.30,50.11,56.38,49.48,40.43,52.93,45.75,32.18,44.82,66.11,60.48,45.40,47.92,43.37,67.64,36.00,69.59,47.97,38.57,37.98,105.01,48.76,68.77,55.13,50.40,46.98,33.51,42.03,24.54,40.59,44.56,39.92,51.88,21.81,55.36,30.39,62.81,26.11,29.26,51.58,64.57,42.47,40.54,31.93,40.83,32.86,66.97,61.83,48.66,31.33,70.35,45.91,39.41,37.49,51.29,62.38,82.97,29.07,65.21,51.70,26.48,24.82,40.80,59.65,64.48,32.85,73.78,61.26,37.49,23.14,49.45,36.08,36.44,59.64,30.14,41.77,58.94,38.57,27.59,53.97,34.30,96.90,56.44,31.67,56.27,81.38,48.81,32.89,63.16,56.64,57.08,133.79,29.99,76.00,46.41,33.96,68.05,98.98,30.44,59.90,49.58,47.46,64.60,63.49,31.92,64.43,51.91,50.74,42.14,124.75,50.98,57.55,73.22,33.12,29.78,123.88,59.41,56.73
AATCCCTGC	3.65	HG03485:5.98	0.84,0.82,0.82,2.47,1.60,0.82,0.84,0.83,3.36,2.49,2.56,10.04,2.57,4.09,1.55,0.84,2.50,5.06,5.98,1.63,1.65,1.66
ACCAGCAGAGCCTC	2.64	HG03485:33.32	19.59,18.77,34.20,21.62,23.37,34.94,28.26,19.15,18.37,26.74,19.94,30.07,15.92,7.49,22.12,10.94,25.50,27.12,16.30,19.32,21.34,21.33,16.23,19.03,18.08,22.43,37.56,18.67,12.89,11.77,21.30,12.65,8.51,17.28,31.05,26.84,10.73,10.59,16.56,18.63,13.04,9.44,16.80,6.73,24.38,12.76,14.74,18.86,10.77,36.39,20.89,12.38,23.71,10.74,21.88,10.54,14.52,14.26,20.94,25.55,14.16,15.54,28.58,9.15,30.96,13.42,18.74,16.43,12.56,16.00,23.23,25.79,10.62,9.99,26.74,22.69,12.25,23.59,22.59,17.92,17.38,8.70,11.32,5.64,13.96,22.00,17.10,9.40,12.32,9.97,27.46,25.44,11.10,7.44,14.16,12.97,17.59,8.21,14.59,11.06,4.28,5.77,11.75,23.19,19.05,7.54,10.23,18.86,12.00,20.90,13.06,15.06,13.09,24.07,14.55,19.86,19.70,8.27,15.62,24.75,29.55,15.95,29.16,11.14,20.88,21.10,20.37,12.21,22.00,13.53,26.53,19.33,13.56,16.35,9.07,17.64,15.53,5.02,19.13,12.64,33.32,16.72,24.44,26.03,28.03,20.68,28.27,21.22,21.17
AACCCACAGCCACCAGAC	2.58	HG03485:4.27	1.63,0.83,1.67,0.84,0.84,0.84,1.66,0.84,0.82,0.80,0.82,1.68,0.84,0.81,0.87,0.83,0.80,0.85,0.84,0.84,0.84,0.82,0.84,1.73,1.68,0.84,0.81,1.63,0.85,0.82,1.64,1.70,0.86,1.68,0.84,0.85,3.30,4.19,4.27,1.58,0.83
ACACACGGGGAGAGAGAGAG	2.44	HG03485:2.56	2.47,2.52,4.66,2.56,1.70
AATTCCAGGACACCCACCCC	2.30	HG03485:3.42	0.83,0.83,0.84,0.80,0.82,0.79,0.86,2.52,0.83,0.80,0.81,0.94,0.83,1.72,0.83,0.82,1.74,0.85,0.83,0.84,0.81,1.70,0.83,0.82,0.83,0.83,1.74,0.83,0.85,0.82,1.69,0.78,3.42,0.79,0.81
ACTCATATATAT	2.25	HG03485:6.84	0.82,1.63,0.81,0.84,0.82,0.81,0.82,1.60,0.97,0.84,1.68,1.68,0.80,1.65,0.84,2.51,0.82,0.83,0.84,0.84,0.83,0.82,0.81,0.85,0.85,0.83,1.67,0.84,0.82,7.67,2.36,0.86,0.84,2.51,0.83,3.29,0.85,6.57,3.43,2.57,0.84,7.59,4.24,0.85,0.84,0.82,1.65,3.36,2.33,2.50,6.84,0.84,4.73,8.49,0.83,0.83,1.70,0.85
ACTC	1.62	HG03485:5.13	0.82,0.81,0.83,2.50,1.66,0.83,1.67,2.51,0.84,0.84,2.50,2.55,0.82,2.44,0.80,1.64,0.85,1.73,0.80,0.83,2.52,1.94,0.84,1.70,2.45,0.84,0.83,0.81,0.79,0.85,3.26,1.72,2.52,0.84,0.84,3.40,2.57,0.83,3.31,2.48,0.83,0.85,0.84,2.51,0.86,1.68,2.50,2.51,3.35,0.85,0.84,0.84,1.72,3.33,0.82,1.67,1.73,3.36,4.08,1.69,0.81,2.69,0.87,2.43,0.82,0.81,0.86,5.19,1.67,0.82,1.62,1.70,3.33,2.47,0.84,0.85,4.72,0.86,0.84,1.75,3.32,2.57,0.83,4.28,2.47,1.71,3.28,0.84,0.86,14.20,1.69,2.55,2.62,0.85,1.69,0.84,1.64,1.66,1.69,5.13,0.84,1.58,3.40,1.65,2.49,1.70,1.69
ACCCGCTCTATCCCAGC	1.28	HG03485:9.40	3.27,0.82,3.26,4.16,3.34,4.99,5.82,3.33,6.68,0.84,1.60,2.51,0.84,1.66,0.85,0.84,4.11,4.11,1.63,4.83,1.64,4.27,2.56,5.19,1.64,1.60,3.34,3.25,0.84,3.87,0.84,1.70,0.86,1.63,1.68,3.30,4.89,5.52,2.54,0.81,3.43,3.36,2.52,1.68,3.40,3.47,0.86,2.49,0.83,0.80,2.48,0.85,4.13,1.56,1.71,2.52,0.84,3.78,0.86,0.84,4.99,3.35,0.85,10.68,2.51,2.53,1.72,0.83,3.27,1.67,2.59,2.45,3.37,3.23,1.79,2.61,5.66,4.03,2.46,0.81,3.42,2.46,1.66,6.01,1.64,2.56,3.31,2.50,1.73,3.35,0.81,0.85,6.66,1.71,4.12,1.66,7.45,3.35,4.26,2.36,1.71,7.52,7.83,1.67,1.75,4.98,1.71,8.27,12.85,2.48,3.29,9.39,5.75,4.29,6.85,6.68,2.53,1.70,7.85,0.85,2.54,5.13,3.36,1.69,4.09,4.12,9.32,2.51,4.99,1.69,9.40,5.01,3.15,5.69,14.44,4.14,0.83,3.39,9.31
ACACAGTACAGAGACAG	1.18	HG03485:1.71	0.83,0.85,0.84,0.85,0.82,0.86,0.86,0.86,1.71
AACTCGGACACACCAC	1.11	HG03485:1.71	1.63,0.80,0.82,0.82,0.81,0.83,0.84,0.82,0.82,1.71
