motif	top_case_zscore	high_case_counts	all_counts
ACAGCGGG	19.46	HG03521:21.29	3.26,1.60,2.52,0.81,0.84,0.83,0.85,0.83,2.46,0.83,0.87,1.71,0.83,0.85,0.85,2.46,4.20,0.84,2.53,21.29,0.85,2.48
ACACACCTCACCCTCCT	17.46	HG03521:146.64	39.19,48.14,48.04,29.93,21.70,32.45,34.91,17.49,51.77,33.43,28.72,38.42,36.02,57.41,26.38,35.35,84.72,18.90,34.23,31.39,43.50,17.07,15.38,14.71,32.06,34.45,46.74,50.32,42.71,40.37,17.43,26.14,19.56,13.82,38.40,31.87,54.45,52.93,89.13,34.72,13.85,26.61,7.56,40.35,42.03,21.26,19.08,15.43,31.48,24.81,55.45,26.42,27.10,22.31,46.89,51.88,28.19,19.30,37.70,38.73,33.04,14.68,15.13,29.94,51.88,41.93,40.88,64.06,26.80,40.42,19.79,50.74,4.90,16.65,25.01,26.89,10.62,26.96,67.78,34.05,24.33,23.50,62.27,25.78,45.98,95.35,27.68,31.62,13.97,38.20,42.90,54.16,44.41,47.15,26.65,31.98,28.47,28.75,43.78,39.14,17.49,22.28,19.78,48.67,36.44,15.74,15.07,40.06,25.94,26.57,10.87,25.24,40.16,13.97,29.05,11.98,31.44,17.99,39.71,4.93,13.66,14.78,23.50,38.59,3.43,5.01,35.44,16.13,17.45,54.99,48.20,15.40,9.24,5.08,19.63,59.37,39.49,29.50,51.91,40.76,15.17,33.32,26.75,146.64,51.25,39.92,28.13,31.59,41.59,14.39
ACAGAGGGACAGCGGG	14.19	HG03521:17.35	3.26,3.26,0.83,0.84,2.39,0.84,0.85,1.65,1.64,0.81,0.82,0.80,1.68,0.97,1.70,0.84,0.83,5.70,1.69,1.68,2.52,1.73,1.66,0.83,0.83,0.85,0.84,0.82,0.94,2.50,0.84,0.85,1.64,0.84,3.33,0.84,0.87,0.81,1.61,4.07,0.82,0.83,0.82,1.71,4.16,0.84,3.24,2.48,0.84,0.83,3.28,1.70,1.69,0.84,0.85,0.82,3.36,2.33,0.84,0.84,0.85,17.35,0.83,0.83
AATACTCCTGGACCTGAGGG	11.43	HG03521:26.02	3.26,0.81,3.33,2.50,3.33,0.83,4.16,5.01,2.51,3.99,5.01,0.84,19.14,5.11,6.73,2.47,0.82,4.07,3.22,2.46,5.13,2.60,0.82,4.01,5.84,4.06,8.06,1.68,1.94,9.28,9.50,1.63,10.06,4.95,4.07,3.94,6.77,6.87,0.84,7.57,3.36,2.55,4.34,2.57,1.66,4.14,0.80,11.56,4.23,4.96,10.16,0.81,7.69,2.52,4.19,1.65,7.55,3.45,4.20,1.66,1.67,8.39,1.70,0.82,5.02,1.68,2.50,4.90,0.83,2.59,0.84,4.90,9.68,0.90,0.87,0.81,3.22,3.28,0.81,4.07,3.42,4.11,4.29,3.28,1.71,1.65,4.16,3.46,0.82,6.49,0.85,1.67,4.28,2.47,1.66,1.57,9.20,2.62,19.09,2.48,2.47,9.85,4.20,11.99,0.84,13.58,1.74,0.85,4.09,0.82,2.51,0.83,0.84,26.02,0.81,0.85
ACCCTG	10.39	HG03521:39.42	2.45,9.79,3.26,5.82,3.34,4.99,2.50,2.50,4.18,1.67,3.35,5.82,4.25,3.37,0.82,6.52,14.49,2.46,5.12,2.56,1.73,4.81,4.17,2.43,13.70,0.84,6.78,1.69,0.85,6.91,0.82,4.07,9.46,2.54,4.89,1.72,4.20,0.87,2.49,0.83,0.85,2.48,0.81,4.27,0.84,6.70,2.47,1.89,1.73,3.36,3.33,3.35,1.68,0.85,5.02,0.84,1.73,3.36,5.72,8.43,27.43,13.03,5.66,0.81,3.42,9.04,4.98,2.46,3.42,1.65,2.50,3.35,2.46,0.81,9.43,4.12,1.66,7.45,2.56,2.57,1.74,1.67,8.30,2.57,4.14,7.45,7.68,0.82,19.31,1.71,1.67,6.75,7.64,4.36,4.23,14.28,1.69,1.65,2.52,17.08,5.02,4.16,2.56,3.34,39.42,4.25,4.24
AAAGGTGTGTGTGGGTGG	8.41	HG03521:22.08	5.71,6.53,8.96,3.33,8.35,7.49,6.65,3.33,9.18,8.36,4.79,12.53,4.19,2.50,4.25,7.57,6.58,4.93,9.78,2.41,15.59,10.25,9.52,6.58,6.41,6.68,1.62,17.73,5.05,9.68,15.18,11.91,9.50,13.07,5.87,4.95,12.21,15.77,8.47,8.15,7.73,10.08,5.04,7.57,9.35,6.94,6.00,7.46,4.96,12.05,2.48,3.39,0.83,12.50,8.92,4.27,9.23,11.73,13.18,9.44,2.59,2.52,9.98,6.69,2.52,3.41,14.78,7.54,8.42,10.33,5.82,8.99,4.16,1.73,10.92,6.53,5.90,13.72,8.07,9.56,9.57,12.13,9.67,9.03,10.59,11.40,5.98,11.50,4.15,6.86,9.85,11.96,8.27,14.16,8.64,5.86,6.57,12.97,10.21,9.16,1.71,2.47,4.14,10.77,3.35,8.57,9.20,10.45,5.02,10.48,1.66,4.14,2.57,6.62,2.47,8.53,6.57,3.36,0.86,3.43,2.51,10.13,4.24,7.85,6.77,5.07,6.85,6.72,9.00,9.90,13.20,5.02,5.82,0.84,10.25,4.18,22.08,12.20,6.79,0.83,8.31,8.49,5.08
ACACAGGACAGGTGGGGG	7.63	HG03521:11.04	0.82,0.83,0.83,2.39,0.84,0.81,0.80,2.56,0.81,3.87,0.79,0.84,0.84,1.66,0.85,0.83,0.84,1.68,1.64,0.86,0.82,0.87,4.35,0.81,0.85,2.49,0.83,0.82,0.83,2.47,3.36,3.31,0.86,3.34,2.61,0.84,2.62,2.49,0.86,1.71,1.65,2.47,0.85,3.28,8.58,2.53,0.85,0.84,2.33,3.35,0.83,11.04,7.32,2.48,0.83,4.24,1.69
ACACCACAGCGACACCC	5.63	HG03521:17.35	8.16,8.16,7.33,0.83,15.79,9.99,0.83,0.84,0.84,2.50,0.85,2.47,0.81,8.05,9.03,3.41,1.71,11.25,4.11,6.41,6.68,4.06,0.84,4.84,5.95,6.05,0.83,4.73,8.96,1.72,0.84,7.57,1.68,2.60,5.14,0.83,3.31,4.02,0.83,2.54,11.57,25.79,7.69,1.68,8.24,10.38,4.32,11.77,0.83,13.39,3.35,0.85,9.03,5.89,11.19,9.98,3.27,4.16,0.86,0.82,2.42,0.90,0.87,0.81,9.03,4.89,0.85,10.68,0.83,0.86,0.82,1.71,2.50,1.73,0.84,1.64,0.83,7.42,3.36,6.63,14.91,1.67,3.41,3.34,5.02,0.87,5.14,5.14,2.47,1.71,9.85,12.59,2.57,4.28,0.84,11.81,8.46,6.77,5.99,5.93,10.63,1.65,6.72,9.21,8.32,5.98,17.35,0.81,5.79,5.94,5.08
ACCGGGGATGGACGGAGGG	4.84	HG03521:11.04	4.90,3.26,2.44,0.83,0.83,2.50,0.83,1.67,4.17,0.84,4.19,4.16,0.85,4.21,4.11,0.82,5.70,4.02,4.10,1.71,2.56,1.73,4.93,4.01,2.50,2.43,5.64,0.84,1.94,2.53,4.25,2.59,2.45,0.84,2.48,4.89,0.79,0.85,3.26,5.15,4.20,2.52,3.36,0.85,2.60,0.86,2.49,0.83,3.21,1.65,0.85,2.48,2.34,2.43,1.71,2.52,3.35,2.47,1.89,1.73,0.84,3.33,5.02,1.68,0.85,5.75,4.19,2.53,5.16,1.66,1.63,4.16,2.59,5.04,1.63,2.53,6.45,1.79,1.74,6.09,2.43,0.81,4.93,5.70,4.07,1.71,5.75,0.83,4.29,8.21,5.12,3.31,4.16,0.86,6.70,2.43,3.40,0.83,0.84,6.63,2.51,6.29,4.29,1.67,3.48,2.51,1.75,5.81,0.86,2.48,1.71,1.65,2.47,1.71,6.57,2.52,0.86,1.71,0.84,3.40,0.87,0.85,0.85,1.71,1.68,1.69,4.91,0.82,3.36,10.87,3.35,2.50,1.69,2.56,5.85,11.04,5.69,5.94,2.48,0.83,3.39,1.69
AATGTCCGTGGCTGCGGTGT	4.71	HG03521:25.23	2.45,13.87,13.03,2.49,5.01,2.50,4.99,2.50,5.84,3.34,10.37,7.52,2.51,16.64,3.40,4.21,3.29,3.29,7.33,6.44,9.85,3.41,5.13,2.60,3.29,2.40,4.17,17.04,19.34,2.52,4.84,3.37,5.10,2.59,2.45,2.52,0.83,8.96,13.41,5.93,1.63,12.02,5.04,6.73,0.84,5.95,1.71,3.31,3.31,1.61,4.13,5.93,2.48,4.69,6.49,2.56,3.36,4.19,3.30,1.89,1.73,2.52,4.16,18.41,4.19,5.11,4.93,15.07,2.53,3.44,4.99,3.27,2.50,5.18,5.88,4.08,5.90,4.84,2.69,6.08,6.09,2.43,2.42,2.46,7.33,3.26,4.27,5.75,4.15,3.43,10.67,4.27,5.79,4.16,5.86,6.57,1.62,9.36,8.33,3.43,9.07,1.68,4.97,26.51,4.19,9.38,9.43,6.86,0.84,3.48,4.18,0.87,4.15,0.86,9.10,12.41,8.22,0.85,7.39,10.91,2.57,2.57,15.87,7.59,7.61,6.77,10.27,5.04,2.54,7.36,17.32,5.88,27.17,15.91,7.49,5.90,1.71,0.84,25.23,21.15,15.29,5.79,3.33,3.39,16.09
ACGCATCTCCTCACTCC	4.64	HG03521:9.46	1.63,0.82,0.83,0.83,1.67,2.50,5.11,4.11,1.63,1.61,1.64,2.60,1.60,0.97,0.84,0.85,1.63,1.58,0.81,2.52,0.83,4.95,0.83,2.34,0.84,3.30,0.86,2.51,0.84,1.70,2.51,0.83,0.86,0.84,1.63,1.61,0.90,2.44,0.81,2.49,0.86,1.64,1.65,0.83,0.82,3.24,4.17,2.57,4.12,0.83,1.70,5.50,0.84,1.74,0.84,1.75,1.71,0.86,1.65,2.47,5.12,0.84,0.86,1.71,0.84,2.55,3.49,5.08,3.38,1.71,0.84,0.82,3.30,0.84,4.66,3.42,1.67,9.46,8.14,3.40,2.48,7.64,5.93
AGAGAGAGGAGAGGG	4.56	HG03521:7.10	0.82,0.83,1.66,0.83,1.60,2.50,0.84,0.82,1.64,0.81,0.80,3.25,1.94,1.63,1.69,4.29,0.87,2.57,1.66,0.83,0.81,1.71,0.84,1.65,0.86,1.66,2.55,0.82,3.35,1.68,0.83,0.82,0.83,0.86,1.68,0.84,0.90,0.87,1.62,0.82,0.81,3.29,0.82,0.83,0.82,0.83,1.65,0.83,0.85,0.84,0.83,0.86,0.82,0.84,2.53,0.85,2.62,2.45,0.78,0.84,0.85,7.10,1.63,0.83,2.55,0.85
AACCACCCTATCCACCCT	4.14	HG03521:5.52	0.84,0.82,0.80,1.71,1.94,0.79,0.82,1.73,0.85,6.62,0.86,0.83,1.67,1.71,0.83,0.85,10.47,0.85,0.82,0.82,0.78,1.67,5.52,0.85
AAGGAAGGAAGGAGAG	4.09	HG03521:15.77	1.63,0.83,1.67,5.01,1.60,1.67,1.66,12.76,0.84,1.65,0.82,1.61,0.82,0.85,1.71,2.60,2.47,0.81,3.22,1.94,3.46,5.72,2.52,4.13,2.44,3.94,0.85,5.15,0.84,4.20,1.73,2.49,0.83,1.65,1.66,1.67,1.66,1.63,4.08,0.90,0.87,0.87,16.17,3.22,2.44,1.71,2.46,2.49,0.86,2.46,2.56,0.83,0.83,0.86,4.19,1.64,0.81,11.06,0.83,0.82,7.45,0.83,0.84,0.85,10.28,4.18,0.87,4.15,3.31,0.83,0.82,0.84,3.43,6.00,8.72,1.69,3.38,0.86,8.40,6.54,1.65,10.87,3.33,0.84,1.71,3.34,15.77,1.63,0.85,0.83,0.85,5.08
AAGGAGGACCACCAGG	3.81	HG03521:4.73	0.83,0.82,0.84,0.84,0.85,0.82,0.86,0.82,0.84,1.74,0.82,1.66,0.83,3.33,2.59,0.83,0.87,0.84,0.83,0.84,4.73
AACCTGCGTGGACACAG	3.73	HG03521:6.31	0.82,0.82,0.83,0.83,1.66,1.66,0.83,1.67,3.34,0.80,0.84,2.50,0.84,0.82,0.81,2.41,0.85,0.87,1.60,0.83,1.62,2.53,0.85,2.59,1.68,0.79,0.85,0.84,0.85,1.73,1.65,0.80,2.54,0.83,1.56,0.81,1.65,0.94,1.68,0.83,0.82,0.84,0.83,1.63,0.84,0.82,1.69,0.87,0.81,0.81,0.82,2.44,2.44,1.71,0.83,1.72,1.64,3.42,1.65,0.83,1.67,0.82,0.81,0.85,0.83,0.86,1.57,0.86,0.87,1.67,0.83,1.71,0.82,1.71,4.10,0.84,0.84,1.74,1.69,1.69,0.82,2.33,0.84,4.16,0.84,0.85,2.51,6.31,1.63,0.83,0.83
ACCCACTCTATCCCAGC	3.52	HG03521:21.29	7.35,5.71,9.77,8.31,19.20,5.82,9.14,14.99,10.85,5.85,2.39,27.56,5.03,9.15,14.46,14.81,8.22,1.63,10.46,4.10,6.83,9.40,5.19,9.86,11.68,14.61,6.45,6.73,5.81,0.84,3.40,6.91,6.54,7.55,6.60,5.70,21.30,12.70,8.15,10.30,5.04,15.97,11.77,5.10,11.27,5.14,8.28,1.65,4.02,4.13,0.85,12.40,7.03,0.81,16.23,5.03,2.51,1.65,11.33,1.73,1.68,11.64,5.02,0.84,1.70,11.50,4.19,6.74,5.16,3.33,13.08,3.45,4.20,8.17,7.58,8.88,6.27,0.87,4.35,9.70,6.44,13.14,4.89,8.14,3.42,8.22,6.64,13.73,12.31,1.71,4.96,6.66,4.32,12.56,8.92,8.51,2.50,11.14,7.42,10.07,5.80,8.28,2.51,7.67,6.29,10.28,10.03,6.09,11.71,6.98,14.94,7.70,2.48,0.86,17.37,14.80,14.51,13.96,13.43,4.29,0.86,5.01,8.44,17.83,2.62,16.07,7.61,5.99,10.08,5.93,7.36,11.54,4.20,17.86,6.70,11.65,9.27,5.98,6.69,21.29,31.73,5.94,0.83,9.15,13.58,16.09
AACCACCCT	3.14	HG03521:3.15	0.85,0.85,3.15
ACATGCCACTCATGCCTC	3.06	HG03521:11.83	1.66,3.40,4.89,0.85,2.60,10.85,3.25,0.84,0.84,1.63,5.08,0.80,5.47,0.84,11.23,1.68,5.82,1.68,5.02,0.87,3.26,5.75,0.83,1.72,3.28,2.57,0.82,0.83,3.31,3.35,0.86,10.03,1.74,2.57,1.65,1.64,1.71,1.68,5.15,0.86,1.67,4.22,3.42,2.45,0.82,6.21,3.35,1.66,9.27,1.71,0.84,11.83,3.25,2.55,2.48,15.28,7.62
AAGGTATGGGTGTGG	2.85	HG03521:291.71	173.89,82.42,175.05,152.16,107.67,66.56,161.25,64.96,131.93,148.77,103.70,167.88,93.81,201.34,150.60,91.73,131.60,189.05,148.32,219.75,106.70,73.38,36.74,36.33,67.41,122.59,230.36,121.75,116.04,130.37,79.38,96.13,97.82,112.31,99.69,109.86,105.61,128.65,144.34,107.55,75.79,104.74,107.53,86.59,114.33,73.98,111.00,72.87,86.98,60.38,211.35,49.53,98.23,143.80,199.26,188.89,142.65,119.13,98.86,77.46,50.97,94.13,82.39,23.29,66.94,58.71,127.75,230.77,138.17,85.90,51.63,87.35,109.52,90.76,82.80,97.46,143.72,90.15,144.43,76.17,78.20,78.32,125.34,115.99,119.06,136.92,107.47,75.19,145.41,95.50,91.81,94.37,129.81,104.22,117.41,96.82,130.64,112.52,178.37,115.72,138.29,20.57,236.52,195.52,174.76,90.28,36.84,65.64,148.54,81.42,53.50,117.51,25.93,247.05,333.64,54.78,22.34,119.07,202.71,214.57,73.40,32.01,318.13,135.50,20.56,60.13,196.61,27.16,80.26,30.45,179.29,35.94,124.36,159.33,157.82,110.50,26.88,52.79,24.28,259.52,16.86,179.43,275.81,291.71,48.00,125.69,67.01,21.62,316.57,23.71
AATGAGTGAGTGAGGAGAGG	2.44	HG03521:110.38	57.15,7.34,63.51,4.16,10.02,30.78,19.95,4.16,40.08,39.28,3.19,31.74,15.08,9.15,22.97,11.78,41.95,4.93,0.81,46.69,49.24,22.18,52.97,4.33,29.59,66.50,4.17,4.06,8.86,5.81,43.85,13.61,22.46,26.15,5.87,23.93,58.63,29.18,33.03,2.44,7.73,23.52,13.45,26.06,11.91,5.20,33.43,21.54,21.51,58.66,18.16,9.32,34.71,45.32,16.21,71.75,27.69,43.56,28.02,14.16,17.27,35.31,6.65,46.86,11.74,3.41,4.11,15.07,47.16,9.47,1.66,13.08,31.64,40.54,21.01,39.20,30.33,32.27,40.33,22.59,2.61,52.56,0.81,18.06,6.52,10.58,3.42,19.72,34.05,6.86,18.87,21.35,19.85,30.81,22.48,10.05,23.82,68.92,23.83,63.31,33.42,89.00,24.34,79.51,149.92,3.35,91.21,123.39,63.42,67.71,61.80,69.44,96.03,62.25,79.60,51.30,38.55,5.79,57.55,30.73,36.94,47.85,50.60,44.55,50.94,104.63,8.49,1.74,88.83,50.74,42.78,92.43,16.95,33.53,50.30,36.12,68.31,113.87,61.55,85.96,61.52,28.42,110.38,17.90,11.04,53.77,11.64,42.44,36.41
AAGGAAGGAGGGAAGGAGGG	2.34	HG03521:5.52	1.63,1.63,1.63,3.33,0.83,4.16,2.50,1.67,3.19,0.84,2.50,1.70,1.65,4.02,3.28,0.87,0.82,1.67,2.43,0.84,2.44,0.79,1.68,0.87,0.83,2.48,0.83,0.78,1.62,1.68,1.68,2.47,0.94,0.86,1.68,2.50,0.85,0.84,1.68,0.83,0.84,0.81,0.81,0.83,0.86,0.83,0.84,2.56,3.14,4.29,3.35,2.48,0.83,1.71,1.64,1.72,0.87,1.68,0.85,2.45,3.11,2.56,0.84,5.52,3.25,2.49
ACACTGCCCGCCTCCCACAG	2.20	HG03521:4.73	3.43,2.47,1.74,0.83,1.65,5.14,5.97,0.82,0.86,2.54,0.86,2.52,0.85,5.77,1.68,9.21,1.71,0.84,4.73,1.66,1.70,0.85
ACCCAGCCCCCAGCCCAGT	2.08	HG03521:6.31	0.82,0.82,4.07,2.49,3.34,2.49,1.67,0.83,2.51,0.80,2.51,1.68,3.33,0.85,3.29,1.63,0.80,4.10,2.56,0.85,0.87,3.29,3.20,3.34,1.62,3.22,0.84,0.97,0.84,0.85,2.59,3.27,1.68,1.65,2.44,3.15,1.69,1.63,1.72,2.52,0.84,4.20,0.85,3.47,3.31,1.65,2.41,2.48,2.48,1.56,1.62,1.71,1.68,3.30,0.94,2.52,2.50,2.51,1.68,3.41,0.82,0.84,0.84,2.58,0.83,0.82,1.73,2.52,5.72,1.69,3.23,0.90,0.87,1.74,2.43,1.61,4.93,1.63,3.26,8.22,1.66,2.57,6.56,2.56,1.65,3.33,0.86,4.19,2.46,0.81,2.55,3.33,1.71,2.47,1.66,2.48,3.41,3.14,1.67,1.74,1.67,0.87,2.49,3.42,2.48,2.57,0.83,1.64,3.41,1.64,0.84,1.67,4.22,0.85,2.62,2.54,1.69,2.57,2.52,0.85,1.64,2.47,1.68,3.11,2.51,2.50,2.53,1.71,2.51,6.31,0.81,2.55,1.65,4.16,1.70,2.54
ACAGAGGG	1.87	HG03521:64.65	37.54,19.54,3.33,3.34,3.33,1.66,5.83,19.22,2.39,6.68,4.19,4.16,3.40,2.52,33.72,42.74,5.70,21.73,3.28,26.45,4.27,0.87,5.75,21.63,31.96,28.07,5.90,58.69,38.58,23.93,44.78,52.85,11.86,23.18,21.02,73.14,20.41,44.23,16.29,67.10,26.47,24.91,8.26,5.08,5.79,2.34,0.81,10.25,1.68,3.35,5.77,3.78,0.86,22.70,11.64,14.26,6.81,8.21,2.51,2.53,16.35,21.63,32.69,33.31,25.01,35.29,47.18,14.77,11.31,31.54,59.61,32.84,89.65,56.18,52.58,20.76,26.26,33.31,40.80,5.19,33.50,18.89,63.24,3.40,1.67,9.11,15.07,24.72,17.14,5.85,3.48,6.11,18.26,3.42,23.99,2.48,0.82,21.34,39.40,25.18,15.42,3.38,22.92,5.08,26.53,1.68,22.88,28.04,2.52,43.47,4.19,4.99,4.21,6.84,4.18,64.65,7.32,3.40,4.14,22.45,22.02
AGAGGG	1.87	HG03521:6.31	0.82,4.07,0.83,2.50,3.33,0.83,2.50,2.51,0.80,3.34,0.84,1.66,1.70,0.84,4.94,0.81,4.83,0.82,0.85,0.85,0.87,2.40,3.34,3.25,2.42,2.52,1.94,0.85,3.46,3.27,0.84,1.65,2.44,3.15,0.85,1.63,2.58,2.52,2.52,2.52,2.55,1.73,3.43,2.49,0.83,2.41,0.83,4.96,8.60,0.81,0.85,2.52,2.51,4.12,0.84,2.50,4.18,0.84,0.85,3.35,1.72,2.50,0.82,3.33,1.73,0.84,4.84,2.69,0.87,0.87,4.04,2.42,2.46,1.63,1.63,2.56,3.29,2.49,3.28,1.71,0.83,1.67,3.46,0.84,0.81,0.85,4.17,2.48,3.31,1.57,0.84,0.83,0.86,2.48,0.86,0.85,7.39,1.67,1.69,1.74,1.69,0.85,0.86,1.68,0.85,4.09,1.65,1.55,4.19,0.83,2.53,1.67,6.31,1.63,0.83,4.16,1.70
ACCTCCTCCCTGCCTGCTC	1.70	HG03521:2.37	0.81,0.85,0.86,3.41,0.82,0.83,0.86,0.84,0.83,1.65,2.37
AAAGGATGAGAG	1.69	HG03521:3.94	0.82,0.83,0.83,1.70,0.82,0.82,1.63,0.84,0.86,1.63,0.83,0.81,0.79,1.68,0.84,1.73,0.86,1.61,0.85,0.83,0.78,1.71,0.84,0.82,0.94,1.73,0.83,0.86,0.83,0.83,2.45,1.69,1.62,1.63,0.82,0.82,0.85,1.73,2.43,0.85,3.33,1.71,1.68,1.57,0.86,0.83,1.64,0.85,1.64,1.71,2.51,0.84,0.87,4.23,1.69,0.86,0.84,0.85,4.12,2.52,1.55,0.84,2.56,3.94,0.81,1.70,0.85
AAAGGAGGGAGGGAGGAAGT	1.63	HG03521:3.15	0.83,1.60,0.84,2.47,0.85,0.81,0.84,0.84,0.82,0.83,0.85,3.14,0.84,1.75,0.83,0.83,4.28,0.83,0.85,0.82,0.84,0.84,0.85,0.85,4.28,4.21,3.15,0.81
AGGGCCATGCATAT	1.60	HG03521:3.94	2.45,0.83,0.83,2.50,1.70,3.29,0.81,2.56,1.73,1.60,1.62,1.68,2.37,1.68,0.83,2.41,0.83,1.69,0.78,0.82,0.94,0.83,1.67,0.84,0.85,0.82,1.63,2.57,2.54,1.67,1.67,3.94,4.99
AACCGCCGCCGTGACCCT	1.58	HG03521:1.58	1.58
AACCCCTAGCCCTCGCCCT	1.58	HG03521:1.58	0.86,1.58
AAGGAGGACCACCAGC	1.56	HG03521:1.58	0.87,1.58
ACACAGCAGCGACACCC	1.55	HG03521:1.58	0.84,0.85,0.83,1.58
AAGGGACGGAGGGAGGGAGG	1.54	HG03521:2.37	0.82,0.80,0.84,0.86,0.82,0.85,0.82,0.83,0.85,0.79,0.84,0.86,2.48,0.86,0.84,0.84,2.37
AATGTGAGTGAGGGGGAGTG	1.54	HG03521:1.58	0.85,0.83,0.86,1.58
ACAGGAGGGGAGCGG	1.37	HG03521:11.04	4.90,2.45,5.70,3.34,4.99,6.65,2.50,1.67,2.39,0.84,1.68,2.55,1.68,4.11,0.82,4.07,2.41,0.82,1.71,0.87,0.82,1.67,1.62,2.42,0.84,1.69,0.85,3.46,2.45,2.52,0.83,1.63,8.68,2.54,0.81,1.72,3.36,0.84,4.20,3.47,0.86,0.83,2.41,1.69,0.83,5.47,6.49,1.71,0.84,1.68,1.65,0.86,2.52,3.33,3.35,5.11,1.64,4.19,0.86,1.66,3.27,1.67,5.18,0.84,4.90,2.53,2.42,0.87,0.87,5.66,0.81,3.28,6.52,2.44,2.56,4.93,1.66,1.72,1.64,5.98,3.31,1.67,4.19,7.30,1.70,2.50,3.43,1.68,4.14,7.45,3.35,0.85,10.22,13.71,10.03,6.09,9.20,1.75,8.30,1.71,3.31,4.28,10.76,4.11,0.85,4.93,6.72,2.57,7.71,1.67,5.06,5.09,6.98,3.38,1.69,5.99,7.56,16.95,43.34,4.95,6.72,10.09,2.51,7.49,5.90,5.98,0.84,11.04,11.39,2.55,2.48,3.33,4.24,1.69
ACCCGCACTGCCATCGCC	1.23	HG03521:3.94	1.63,0.82,0.83,0.83,0.84,0.80,1.68,0.83,0.85,4.11,2.47,1.63,0.82,0.85,1.62,1.94,1.70,0.86,2.45,0.84,0.83,1.58,0.81,0.86,0.84,1.68,1.73,1.61,1.65,3.39,6.49,0.85,0.82,2.83,5.82,2.52,0.82,2.50,0.84,1.61,1.74,0.87,0.81,0.81,0.81,0.82,0.83,1.72,0.85,0.83,2.51,1.64,0.84,1.70,1.57,0.84,1.67,0.87,0.86,0.83,1.71,1.64,0.84,0.86,0.84,0.86,4.91,0.84,0.78,2.51,0.85,3.94,0.83
AAATGGACTATAACCACGCC	1.22	HG03521:3.15	0.81,0.83,1.60,1.68,0.87,0.82,0.80,0.83,0.97,2.48,0.85,2.55,1.65,1.61,0.81,0.84,0.94,0.84,1.67,0.82,0.84,0.84,0.83,0.82,0.86,0.84,0.81,0.81,0.84,0.83,2.57,0.84,1.65,2.48,0.82,1.71,0.85,3.49,1.71,0.85,0.84,0.84,3.15,2.44,1.70,1.69
AAGGAAGGAGAGAGGG	1.15	HG03521:3.15	0.81,0.84,0.83,0.85,5.86,1.65,2.52,3.36,3.88,1.66,8.54,3.15,0.85,3.33
AAGGGATAGACAGGGG	1.11	HG03521:9.46	4.08,3.26,2.44,0.83,5.82,4.16,13.37,7.52,1.68,4.99,0.85,3.37,5.76,1.64,1.63,7.24,2.46,4.27,0.82,4.06,0.82,2.44,8.68,0.85,8.15,2.58,3.40,0.86,2.49,1.65,1.65,1.69,3.91,4.05,5.03,0.94,1.67,1.70,4.11,3.35,5.89,5.72,0.83,0.84,2.45,0.81,0.87,0.81,0.82,0.81,0.81,13.14,2.49,0.86,0.82,5.12,3.31,3.35,0.82,0.81,5.11,9.89,4.14,8.28,4.19,0.85,0.79,0.86,0.84,4.35,6.98,1.66,6.85,10.76,5.14,3.41,4.10,2.52,2.57,1.67,8.44,3.49,5.92,0.85,1.68,7.63,3.30,0.78,9.15,5.98,2.51,9.46,8.95,0.85,0.83,5.08
AACCACATCCACATCCAC	1.11	HG03521:5.52	0.82,0.82,0.81,5.84,0.83,0.83,0.84,4.19,1.70,1.68,0.82,3.29,1.63,0.85,2.47,1.60,3.34,0.81,0.81,0.84,0.97,8.43,3.40,4.32,1.63,0.84,0.83,2.44,0.79,3.39,1.63,5.15,3.36,7.57,0.84,0.85,5.20,3.31,1.65,1.61,0.78,2.43,1.68,0.84,0.82,1.89,0.84,0.83,2.51,1.68,1.70,0.82,1.67,2.50,3.45,1.63,1.61,0.87,1.74,0.81,2.44,0.85,2.49,2.57,0.82,1.71,3.31,2.50,0.86,3.35,1.64,1.62,5.11,4.14,1.57,0.86,0.84,0.87,4.18,0.87,3.32,0.86,0.83,0.82,0.85,1.64,2.52,2.57,1.71,0.84,1.70,0.85,0.85,2.45,2.52,0.84,0.83,5.52,2.44,2.55,0.83,0.83,2.54
ACACCGCGCCTGAGCCCGGG	1.10	HG03521:2.37	0.83,0.84,2.47,0.85,0.81,0.82,0.85,0.84,0.83,2.51,0.84,0.84,1.66,0.82,0.85,0.83,0.85,0.86,0.82,0.79,1.66,0.84,0.85,1.65,0.84,0.84,2.37,2.44,1.70,0.85
AGAGAGAGAGGGAGGC	1.05	HG03521:2.37	0.82,0.81,0.83,1.67,0.84,0.80,0.84,0.82,1.61,0.86,0.84,0.79,0.86,0.83,1.61,0.83,0.81,0.85,0.84,0.82,0.86,0.81,1.63,0.85,1.65,0.83,1.67,0.85,0.84,0.84,0.84,2.51,2.37,3.25,0.83,0.85
