motif	top_case_zscore	high_case_counts	all_counts
AAGGGAGAGAGGGAGGGAGG	2.90	HG03039:13.24	0.82,0.82,1.66,0.84,1.61,1.64,0.87,2.47,1.62,0.85,2.58,0.87,2.48,0.83,1.62,1.68,1.68,0.83,1.67,0.85,0.82,0.85,6.57,2.46,0.82,2.48,1.67,6.29,6.86,1.74,0.84,0.87,3.32,0.86,13.24,0.85,4.93,1.68,0.86,1.71,1.67,0.87,0.85,0.85,0.86,5.88,2.54,13.08,1.65,22.51,12.56,2.50,1.69,16.72,8.67,4.88,0.85,2.48,1.66
AAGGGATAGACAGGGG	2.31	HG03039:10.76	4.08,3.26,2.44,0.83,5.82,4.16,13.37,7.52,1.68,4.99,0.85,3.37,5.76,1.64,1.63,7.24,2.46,4.27,0.82,4.06,0.82,2.44,8.68,0.85,8.15,2.58,3.40,0.86,2.49,1.65,1.65,1.69,3.91,4.05,5.03,0.94,1.67,1.70,4.11,3.35,5.89,5.72,0.83,0.84,2.45,0.81,0.87,0.81,0.82,0.81,0.81,13.14,2.49,0.86,0.82,5.12,3.31,3.35,0.82,0.81,5.11,9.89,4.14,8.28,4.19,0.85,0.79,0.86,0.84,4.35,6.98,1.66,6.85,10.76,5.14,3.41,4.10,2.52,2.57,1.67,8.44,3.49,5.92,0.85,1.68,7.63,3.30,0.78,9.15,5.98,2.51,9.46,8.95,0.85,0.83,5.08
AAGGGCACTGGGGAATGGTG	2.31	HG03039:5.79	3.33,1.60,1.61,2.52,0.80,3.36,1.65,1.70,3.37,2.61,5.80,0.84,6.86,0.84,0.83,5.79,0.86,4.14,0.82,0.85,1.71,7.52,0.84,2.54,0.85,5.08,0.82,4.20,0.85,4.07,0.85,1.66
AAGGGACGGAGGGAGGGAGG	1.66	HG03039:2.48	0.82,0.80,0.84,0.86,0.82,0.85,0.82,0.83,0.85,0.79,0.84,0.86,2.48,0.86,0.84,0.84,2.37
AACCAGAGGAGGAGCCACAG	1.57	HG03039:3.31	1.63,0.83,1.66,0.83,0.84,0.84,0.83,0.82,0.82,0.85,0.87,1.64,0.80,1.67,0.81,0.81,1.68,1.69,1.63,0.84,0.85,0.86,0.84,0.84,2.49,0.83,1.65,0.81,1.65,0.83,0.85,1.68,1.66,1.63,0.83,0.84,1.63,0.90,0.87,0.81,0.85,0.86,0.85,0.83,0.83,1.73,0.81,1.70,1.65,0.84,0.83,0.84,0.85,1.71,0.84,1.75,1.66,1.71,3.31,0.86,2.56,0.84,1.72,0.87,2.54,0.85,0.84,0.84,0.81,0.83,1.66,1.69
AACAACAGCACAGCC	1.28	HG03039:2.48	0.83,0.80,0.85,0.82,0.97,0.86,0.79,2.52,1.70,0.85,0.84,0.86,0.84,0.85,0.87,0.87,0.82,0.81,0.85,0.83,0.82,0.86,0.86,0.84,0.85,0.79,0.84,0.87,0.87,2.48,0.82,1.71,0.82,2.52,0.86,0.84,1.74,1.71,0.84,0.84,0.83,0.84,0.79
AAGGTATGACTGTGG	1.27	HG03039:2.48	0.81,0.81,1.65,1.74,0.86,2.48,0.82,3.34,1.70,0.82,0.84,0.79,8.95,0.85,0.83,2.54
ACCCAGCCCCGAGCCCAGT	1.23	HG03039:4.96	0.82,1.66,0.83,0.83,1.67,2.50,1.65,3.22,4.03,0.97,1.68,2.44,1.72,0.84,3.36,3.47,0.86,0.83,0.83,0.78,0.81,0.84,1.65,0.83,3.35,0.84,1.66,0.83,0.84,2.53,0.81,2.69,0.87,0.87,0.81,0.81,1.63,1.63,1.71,1.64,0.83,3.43,0.85,0.83,2.50,0.86,0.84,2.55,2.50,1.71,2.47,0.84,2.48,0.84,0.85,3.14,0.86,0.84,1.74,0.83,4.96,0.86,3.31,0.82,0.85,1.68,0.86,0.86,5.01,0.84,0.85,0.86,5.04,1.69,3.27,1.65,1.68,0.78,2.51,4.16,0.84,4.27,0.79,0.81,5.10,0.83,0.83,1.70,0.85
AAATGGACTACAACCACGCC	1.17	HG03039:40.55	28.56,13.84,9.98,27.54,19.14,11.66,22.54,38.45,15.16,19.21,26.80,19.14,18.72,44.60,36.19,25.48,35.04,7.24,36.11,38.40,29.90,33.74,15.62,13.62,39.23,23.54,15.31,15.98,13.55,26.14,42.33,40.86,33.54,8.25,11.40,26.03,16.94,13.04,16.31,0.84,14.29,27.21,12.86,18.20,23.30,4.95,28.91,20.27,18.79,26.01,36.86,28.84,14.16,0.86,38.67,23.29,29.29,13.42,11.50,10.89,16.84,18.93,33.28,35.14,16.39,41.17,11.43,16.14,0.90,40.84,19.14,20.14,0.82,20.35,31.62,13.13,21.35,19.03,30.99,9.86,19.46,14.99,25.71,45.56,0.85,24.85,25.08,16.54,11.71,0.87,19.92,7.70,40.55,20.68,26.31,25.60,27.09,13.43,36.84,19.41,12.73,15.70,24.53,11.84,14.55,17.65,31.36,11.64,38.26,10.96,17.94,10.87,25.23,17.90,21.23,21.62,25.40
AATCCCAATTGATGTAG	1.13	HG03039:67.85	61.69,24.16,90.65,9.43,0.84,68.09,35.69,36.80,67.85,25.65,92.90,55.00,25.89,43.04,62.58,45.35,47.43,79.99,64.55,15.72,9.15
AAATGGTGAGGGGCACTGGG	1.00	HG03039:63.71	3.27,8.16,6.51,1.66,2.50,14.98,1.66,3.33,2.50,4.18,8.77,5.85,4.19,7.49,4.25,4.21,9.87,3.29,1.63,8.05,9.03,5.97,10.38,2.47,13.62,4.17,6.49,10.48,10.09,4.84,4.22,2.55,10.37,7.35,4.19,2.48,7.33,6.31,6.77,3.26,4.29,4.20,5.04,6.73,0.85,5.20,3.43,3.31,3.31,11.25,1.65,1.69,7.44,7.03,6.49,7.69,15.94,3.35,5.77,3.78,5.18,5.04,4.16,7.55,12.77,1.64,5.02,9.26,3.44,3.33,3.27,3.33,3.45,4.20,3.27,4.21,4.03,1.79,5.21,11.31,4.04,2.42,3.28,5.70,2.44,2.56,4.11,4.98,5.15,2.46,1.71,10.75,4.16,3.46,5.02,4.05,4.25,11.66,21.42,2.47,19.30,48.04,28.16,13.40,5.97,7.86,119.13,5.85,3.48,3.35,4.36,14.94,10.27,63.71,12.85,65.36,17.26,4.27,16.42,5.04,4.29,8.57,93.54,3.38,15.28,4.36,20.30,7.61,0.86,4.20,77.97,23.71,7.42,78.13,7.76,16.75,6.65,18.54,23.92,3.34,18.92,92.74,13.59,45.50,4.99,7.64,15.24
