#contig	start	end	unit	top_case_zscore	high_case_counts	all_counts
19	44783922	44784950	AAAAG	15.72	HG03039:15.72	0.83,15.72
8	36553039	36553785	AAAG	14.07	HG03039:14.07	1.63,14.07
X	46596987	46597880	AAAG	12.41	HG03039:12.41	11.75,12.41
6	118920865	118921862	AC	10.00	HG03039:11.58	1.67,0.80,4.99,4.02,0.82,1.62,2.51,0.82,1.63,4.92,1.65,11.58,1.63
12	7300271	7301155	AAAG	8.86	HG03039:17.38	9.94,17.38,12.21,10.15
12	65789993	65791116	AAAG	8.76	HG03039:19.86	5.99,19.86,11.81,3.40,7.61,3.35,12.82
11	44544461	44545529	AAG	8.41	HG03039:19.03	1.66,0.84,1.61,1.61,20.43,0.83,0.83,0.87,0.86,1.66,2.56,0.87,0.83,19.03,12.85,14.58,5.85,0.85,2.33,0.84,1.66
17	78716936	78719278	ACAGCCCTGGCTACTAGC	7.29	HG03039:24.00	7.35,1.63,5.70,4.16,11.68,7.49,3.32,12.49,6.68,10.87,4.79,1.67,14.24,7.49,12.76,1.68,9.87,3.29,2.44,3.22,15.59,3.41,1.71,6.06,10.69,2.40,4.17,12.99,1.61,1.68,2.90,5.90,1.70,6.05,5.72,4.19,6.60,6.51,7.10,5.93,7.33,10.30,7.56,5.89,8.41,5.10,14.74,7.72,11.60,5.79,1.61,8.26,11.01,5.79,12.50,3.24,1.71,9.23,3.35,5.77,8.50,8.64,5.04,5.82,8.37,10.06,0.82,1.67,10.11,17.21,10.81,7.36,5.00,10.35,13.44,5.72,9.27,18.56,5.38,10.43,13.05,7.28,7.25,7.39,15.48,13.03,2.56,11.50,8.30,7.72,14.77,15.37,3.31,5.83,6.05,8.37,3.29,9.73,5.11,15.83,12.85,4.94,3.36,8.28,6.63,14.23,4.26,11.79,4.29,2.51,0.87,9.20,13.97,9.96,9.41,24.00,13.71,10.76,5.75,13.66,15.60,0.84,13.72,0.86,11.69,5.91,10.19,8.72,14.38,10.99,4.28,16.81,15.25,12.27,23.09,0.84,6.99,0.84,6.65,9.27,10.25,5.01,14.98,7.32,4.25,33.09,16.63,18.67,13.55
17	72478234	72478951	AAAGAGAG	6.85	HG03039:9.10	2.48,4.18,9.10,3.11,8.43,4.18
17	12925404	12925656	AG	6.62	HG03039:6.62	6.62,4.12,1.65
19	6865200	6865876	AAAG	6.49	HG03039:7.45	1.68,5.80,3.41,3.42,7.45,2.54
20	32788271	32789151	AAAG	6.34	HG03039:11.58	11.66,0.83,11.58,10.15,9.41,0.85,0.83
17	72478130	72479388	AAAG	5.89	HG03039:45.51	4.20,21.08,6.91,0.81,5.83,10.71,1.68,11.60,23.19,5.86,31.44,30.00,5.85,10.45,18.41,16.59,12.84,45.51,17.99,21.51,7.40,16.22,41.04,5.88,6.85,9.28,16.13,13.09,20.30,8.56,11.76,13.56,9.24,7.76,20.09,10.81,7.58,3.42,40.12,14.19,22.78,20.68,16.63,11.88,7.62
17	49586837	49588029	AAAG	5.88	HG03039:16.55	0.84,5.03,4.16,7.40,1.63,5.90,11.91,8.99,3.94,0.83,0.78,3.42,4.12,2.83,1.64,10.33,4.90,4.21,4.03,6.96,4.07,3.43,9.93,7.54,0.85,5.83,2.52,5.80,5.02,1.70,6.86,0.84,2.51,2.62,30.71,2.57,16.55,5.14,3.31,1.71,7.55,10.28,10.02,5.91,1.74,1.69,5.92,15.40,15.96,9.32,7.42,5.04,5.43,4.99,4.21,11.96,3.25,8.49,9.10,10.81,0.85,3.39
21	24014408	24015316	AATATACATTCTATACATAG	5.79	HG03039:5.79	6.66,0.86,5.79,0.85
16	2844646	2845473	ACATATATAT	5.79	HG03039:5.79	5.79,3.39
19	56360746	56363675	AATGTCCGAGGCTGCGGTGT	5.71	HG03039:32.27	18.78,22.85,19.54,21.62,15.02,22.46,19.95,19.15,22.54,11.70,17.55,15.87,20.10,11.65,12.76,11.78,19.74,14.80,15.48,14.49,10.67,14.51,12.82,16.44,13.15,12.02,14.19,12.17,11.28,17.66,15.49,15.18,9.36,19.01,12.26,15.09,18.98,14.66,24.45,10.16,14.67,18.03,12.60,21.86,20.18,18.71,22.55,10.29,26.51,15.72,12.05,9.08,11.86,10.74,21.10,19.46,17.94,17.62,16.76,14.83,9.44,13.82,12.61,19.13,16.74,14.26,10.22,18.07,19.26,14.32,18.93,18.30,15.53,11.66,18.98,16.80,17.96,13.48,17.75,12.55,16.51,18.27,14.56,19.33,10.67,17.11,19.54,23.93,14.79,9.14,18.88,16.41,18.79,17.37,17.49,20.75,21.77,12.32,11.35,13.61,17.49,17.14,23.08,18.46,21.53,20.71,15.07,25.57,15.72,12.86,9.20,20.89,10.04,12.22,24.90,17.97,32.27,13.71,9.93,20.55,21.34,27.09,15.95,16.29,6.85,17.54,29.53,18.68,26.17,11.00,14.38,25.67,13.44,21.19,26.99,18.97,26.04,27.95,27.63,8.32,30.34,21.36,27.58,18.92,16.27,11.04,8.27,24.94,22.91,16.09
6	56124916	56125718	AAG	5.70	HG03039:6.62	0.86,4.15,6.62,2.54,5.88,6.69,2.55
8	90278292	90278961	AAAAG	5.63	HG03039:5.79	1.60,1.66,4.15,5.79,2.53
12	85161720	85162112	ACGGGAGAGGGAGAGGGAG	5.59	HG03039:6.62	3.14,5.02,6.62,1.69,4.12,1.71
6	112353886	112355311	AAGGGATAGACAGGGG	5.57	HG03039:17.38	6.53,6.53,8.14,3.33,3.34,7.49,5.82,0.83,3.34,8.36,3.19,4.18,10.89,9.15,1.70,7.57,9.87,2.47,2.44,13.68,4.10,2.56,6.83,3.46,2.47,4.01,2.50,9.74,1.61,1.68,4.84,4.22,1.70,1.73,4.09,1.68,4.07,15.77,4.23,0.81,6.01,4.20,0.84,2.52,2.55,3.47,0.86,2.49,1.65,3.21,5.78,1.69,14.07,6.49,4.27,8.39,1.68,1.65,5.66,1.73,2.52,2.50,9.20,5.03,4.26,8.21,5.86,2.53,4.30,3.33,2.45,2.50,3.45,1.68,2.45,3.37,5.65,5.38,4.34,2.61,8.90,2.42,0.82,6.52,4.89,1.71,9.04,5.81,1.72,4.92,2.56,0.83,3.33,2.59,1.67,2.46,4.05,10.21,0.83,9.89,3.36,8.28,4.14,6.70,4.26,5.50,4.29,3.34,0.87,7.53,4.36,4.15,1.71,17.38,3.43,1.65,2.47,4.27,4.93,6.72,6.00,0.86,5.85,16.03,1.70,6.11,6.77,0.85,4.28,3.36,5.08,5.72,4.12,3.88,5.86,4.16,2.53,3.42,2.51,10.25,11.39,4.25,1.65,4.16,6.79,4.23
10	134161	135448	AAGGTGGACAGGCTCTCTAG	4.67	HG03039:10.76	0.82,8.14,0.83,1.66,0.83,2.50,5.58,2.51,0.83,1.70,5.05,4.11,0.81,4.02,1.71,7.69,1.73,7.40,2.52,0.84,0.84,1.65,2.54,4.29,0.85,2.57,4.96,1.56,4.05,3.42,5.03,0.84,2.47,4.72,2.59,2.52,0.83,4.18,1.68,0.85,3.35,6.74,2.50,2.59,2.45,1.74,0.81,2.42,1.63,1.63,2.56,3.32,0.86,1.64,0.83,5.83,5.02,2.55,2.50,5.77,2.52,0.83,0.84,1.57,3.34,1.74,6.69,6.11,2.49,10.76,0.83,2.47,3.41,0.82,4.20,1.72,4.28,3.40,0.85,5.07,3.42,5.08,0.82,0.82,0.78,1.67,4.21,3.42,5.85,3.15,6.79,0.83,1.66,2.55,4.23
17	63071213	63072049	AAAAT	4.58	HG03039:4.96	15.71,4.96,4.28,2.57,8.95
3	71484858	71485662	AAGGGACGGAGGGAGGGAGG	4.55	HG03039:13.24	4.08,1.63,8.14,6.65,5.01,4.16,3.32,5.00,4.17,3.34,2.39,1.67,2.51,4.99,7.66,1.68,9.05,3.29,3.26,4.02,1.64,5.12,5.13,5.19,5.75,4.81,5.84,1.62,5.64,0.84,3.87,4.22,5.95,4.09,0.84,1.65,3.26,5.52,1.69,5.70,3.43,4.20,5.04,3.36,7.65,2.60,5.14,4.14,1.65,6.43,2.48,2.54,0.83,8.60,4.86,2.56,0.84,4.19,3.30,0.94,0.86,3.36,1.66,1.67,5.03,4.26,5.75,5.02,0.84,4.30,7.49,1.63,5.00,4.31,4.20,1.63,1.69,7.26,6.27,3.48,3.48,2.43,3.22,4.93,6.52,8.14,2.56,8.22,5.81,1.72,4.92,3.42,2.48,4.16,3.46,4.19,1.64,8.92,3.40,5.83,0.86,2.47,6.71,9.11,2.48,6.70,4.26,5.50,6.00,4.18,6.09,2.51,6.98,2.49,3.42,13.24,4.28,2.48,7.40,1.71,8.21,2.52,4.29,4.28,2.51,5.06,0.85,4.36,4.23,4.23,6.85,5.04,4.24,3.27,4.95,5.04,10.09,13.40,8.32,7.58,3.42,4.18,8.67,12.20,3.40,4.96,7.48,7.64,0.85
X	130269751	130270132	AATATATATGTGG	4.42	HG03039:4.96	0.94,0.85,0.85,0.84,4.96,4.93,0.87,0.85,1.69
3	17104049	17104686	AGGG	4.36	HG03039:16.55	4.08,2.45,7.33,9.98,4.17,3.33,1.66,1.67,5.84,2.51,2.39,4.18,3.35,4.99,5.11,2.52,9.05,2.47,11.41,7.24,4.10,1.71,1.71,2.60,4.11,1.60,2.50,8.12,5.64,3.36,3.87,7.59,3.40,6.91,13.07,3.35,6.60,4.89,11.83,5.08,5.70,6.01,4.20,8.41,3.36,8.50,6.07,4.29,14.08,2.48,9.64,0.83,2.54,4.13,13.28,4.86,1.71,3.36,9.22,2.47,3.78,4.32,5.04,6.65,6.69,5.03,7.66,5.75,1.67,2.53,1.72,10.81,0.82,0.83,10.35,6.72,4.08,7.58,14.52,2.69,3.48,5.22,12.94,5.64,7.39,13.04,8.14,5.98,7.39,3.32,1.72,9.85,6.83,4.14,6.66,6.92,5.02,3.29,4.86,8.51,3.33,1.71,10.71,3.36,7.45,6.63,8.37,2.56,11.79,9.43,3.34,4.35,6.69,3.49,6.64,6.85,16.55,6.85,6.62,5.75,5.97,5.75,8.39,2.57,5.14,6.68,10.13,2.55,4.36,2.54,3.38,5.13,1.68,3.39,13.08,8.25,3.36,8.54,9.21,7.49,7.58,3.42,1.67,8.67,10.58,7.64,4.96,11.64,9.34,7.62
10	100891231	100892462	AAAG	4.27	HG03039:5.79	0.82,0.85,1.66,14.34,0.82,0.84,17.14,1.71,5.79,0.85,4.10,2.55,0.85,3.27,0.84,0.78,1.70,0.83
3	111498331	111499811	AAG	4.24	HG03039:53.79	25.31,4.08,18.73,6.65,1.67,15.81,6.65,24.15,7.51,2.51,8.77,5.01,1.68,5.82,35.74,20.20,9.05,29.59,4.89,3.22,4.10,2.56,9.40,28.55,22.19,5.61,22.54,20.29,8.06,20.19,7.74,3.37,0.85,6.05,4.09,6.71,0.83,31.76,3.94,24.56,1.63,8.59,11.76,1.68,10.09,3.40,1.73,9.94,7.44,0.80,3.30,1.69,3.31,6.25,4.86,10.25,3.36,3.35,3.30,17.93,4.32,6.73,2.50,4.18,0.84,5.96,4.93,4.19,1.72,2.50,3.27,6.66,19.84,3.36,7.35,5.90,7.26,7.17,1.74,5.22,5.66,1.61,0.82,3.26,5.70,19.65,4.11,1.66,6.86,3.28,1.71,7.44,3.33,4.32,7.54,2.46,3.24,4.25,1.67,16.28,2.47,30.21,24.85,5.86,6.82,39.30,4.18,28.73,15.90,19.21,4.15,42.80,53.79,45.40,9.93,3.29,46.94,29.55,19.31,6.00,12.85,11.69,5.91,13.58,6.98,5.92,23.96,26.05,51.70,7.36,4.95,23.52,7.76,34.33,20.79,32.87,10.25,35.10,5.52,19.52,20.38,4.14,7.48,42.44,17.78
1	78352857	78354140	AAG	4.19	HG03039:30.62	5.10,7.55,28.39,12.00,20.53,21.51,2.51,23.50,5.80,5.86,1.71,10.03,4.15,30.62,15.72,9.43,16.10,18.48,12.56,8.54,7.64
5	77725230	77726528	AAATAAATACAGTATTTAT	4.17	HG03039:15.72	3.32,7.51,3.19,5.03,5.05,9.87,2.47,3.22,3.20,1.67,1.61,2.90,7.66,2.59,0.82,2.52,2.48,14.99,3.39,4.89,6.01,1.68,2.55,1.73,2.57,4.14,3.31,12.38,10.94,3.24,2.56,9.23,5.75,8.37,3.37,6.54,2.50,3.45,0.84,1.69,4.84,9.86,5.21,3.23,4.03,4.07,10.58,1.71,13.97,7.72,8.21,1.71,4.16,4.32,5.02,6.49,5.96,2.57,7.45,10.05,2.57,5.02,2.62,2.49,7.70,15.72,1.71,6.62,8.22,0.82,11.75,4.29,3.34,4.22,0.85,12.69,2.54,11.98,8.40,2.54,2.45,2.47,0.84,9.32,0.84,5.01,0.79,2.44,13.59,4.96,3.33,9.34,2.54
1	167708082	167708622	AT	4.14	HG03039:4.14	4.14,0.85,0.83
8	40920236	40921157	AAAG	4.13	HG03039:4.14	0.78,6.63,4.14
7	80492699	80493508	ACATATATATGTATC	4.10	HG03039:9.93	5.99,9.93,1.71,3.31,4.93,5.06,4.91,5.06
7	117413215	117414121	AC	4.08	HG03039:4.96	2.47,4.14,0.83,3.34,4.96,0.86,0.84,0.84,3.15,0.85
2	241561999	241563560	AAACAGGTCGTGAGGGCGC	4.04	HG03039:26.48	6.53,4.08,14.97,5.84,4.99,7.48,5.83,5.84,5.85,0.80,0.84,16.75,1.66,5.96,3.37,15.63,4.11,10.59,0.80,7.68,3.42,2.60,1.64,0.80,4.06,5.64,21.03,7.74,6.75,2.55,2.59,2.45,3.35,4.13,4.07,4.73,11.01,10.59,3.43,9.24,6.07,3.43,5.80,2.48,16.07,13.21,0.85,13.22,3.91,4.05,3.42,5.03,5.86,2.47,3.78,2.59,5.04,1.67,9.23,9.37,3.29,5.02,0.84,0.86,3.33,4.09,7.49,4.31,4.90,3.23,0.90,4.34,5.22,16.98,1.61,1.64,15.48,2.44,1.71,4.93,2.49,5.15,0.82,2.56,6.62,4.16,7.78,11.72,0.85,21.66,11.14,14.83,10.07,17.39,29.82,10.88,1.70,2.36,6.86,15.05,19.15,12.55,7.86,14.94,26.48,24.84,7.45,13.15,5.97,18.88,5.04,5.15,34.27,5.01,10.13,6.79,13.09,14.38,0.85,0.86,9.24,13.56,3.27,5.77,9.24,17.86,5.02,3.33,4.21,5.98,14.21,8.67,9.76,5.94,9.10,9.98,11.88,20.32
16	89020027	89023086	AAGGCTCCTGACCCCACCC	4.01	HG03039:36.41	8.98,10.61,21.17,14.14,11.68,14.98,17.45,14.16,15.03,14.21,16.75,22.55,14.24,19.97,11.91,15.99,17.27,11.51,22.00,14.49,10.67,12.80,21.36,14.71,13.97,18.43,25.87,19.48,16.12,19.34,21.30,18.55,16.16,12.96,17.98,11.74,22.28,8.96,36.28,9.32,9.78,18.89,18.48,12.61,13.45,16.16,19.94,8.57,17.40,12.41,12.86,13.21,7.62,16.53,25.79,21.89,23.92,20.97,21.78,14.83,13.21,7.77,15.13,20.79,20.08,21.81,13.63,14.78,16.75,6.74,20.65,7.49,19.62,9.99,14.66,19.32,20.41,21.91,28.24,12.55,21.72,10.44,18.60,19.33,18.06,30.15,14.66,16.24,31.22,15.78,18.02,17.23,15.37,14.06,12.49,19.88,20.10,15.60,10.54,21.27,13.33,19.71,17.31,21.82,18.22,26.51,13.40,15.34,23.58,18.00,16.72,14.80,20.08,31.43,19.09,11.98,36.41,16.28,11.58,20.55,29.87,18.88,15.11,24.87,14.56,22.55,27.85,17.83,31.41,20.30,13.53,15.40,31.09,16.95,42.52,14.84,22.68,28.72,24.28,15.80,16.01,19.65,28.42,22.08,21.15,35.67,8.27,24.94,18.67,12.70
15	41323400	41324330	AGGG	4.01	HG03039:9.93	2.45,1.63,2.44,3.34,2.50,3.32,1.67,3.34,1.67,1.60,2.51,0.84,1.66,0.85,0.84,5.76,4.11,4.89,2.41,1.64,1.71,1.71,3.34,1.62,4.84,0.84,3.87,1.69,0.85,1.73,1.63,2.52,1.65,0.81,4.73,2.54,1.63,3.43,1.68,2.52,0.84,3.40,1.73,2.57,7.46,0.83,3.21,1.65,1.69,0.83,5.47,4.86,0.85,5.87,3.35,4.94,1.89,0.86,2.52,8.32,0.84,2.52,2.55,3.29,2.51,0.84,3.44,4.99,4.90,1.67,2.59,5.88,1.63,1.69,0.81,0.90,0.87,1.74,2.43,3.22,4.11,4.07,2.44,5.13,3.29,2.57,3.28,0.85,0.83,3.33,1.73,0.84,2.46,2.43,1.70,4.17,1.71,1.65,0.84,0.83,3.31,1.67,3.93,2.57,1.67,2.61,3.35,1.75,4.98,1.71,9.93,6.00,4.14,0.82,0.85,7.39,2.52,3.43,0.86,3.34,4.22,0.85,0.87,1.69,2.54,4.28,4.20,5.93,5.72,3.30,4.20,6.99,1.67,3.33,2.53,4.27,2.51,0.79,4.07,0.85,1.65,0.83,3.39,2.54
2	427471	428217	ACGCAGGGGGCTCCGCTGGC	3.92	HG03039:10.76	0.82,1.63,3.26,4.16,0.83,3.33,0.83,2.51,0.84,4.19,1.66,0.85,0.84,1.65,0.82,0.81,0.80,0.82,5.97,2.47,2.40,7.51,4.03,3.36,0.97,1.69,2.55,1.63,0.84,1.65,0.81,14.20,0.85,1.63,0.86,2.52,1.68,3.36,4.25,3.47,2.57,4.14,3.31,0.80,0.83,2.54,0.83,0.81,2.56,1.68,3.35,1.65,0.84,3.35,1.64,0.84,0.86,1.66,0.82,1.67,2.59,1.68,1.63,0.84,3.23,0.87,0.87,2.43,0.81,2.44,1.63,2.56,2.46,0.83,4.10,1.71,3.31,1.67,2.51,4.11,1.62,3.40,1.67,0.82,7.55,7.45,5.02,4.26,6.29,6.86,3.48,1.67,5.24,4.15,2.57,10.76,2.57,3.31,3.29,2.56,1.64,5.88,2.57,2.57,7.52,4.22,3.40,2.62,5.99,3.36,6.78,1.64,1.65,5.04,3.11,1.67,2.50,0.84,0.85,5.01,8.67,0.81,4.25,2.48,4.99,1.70,5.93
20	1169945	1171209	AAG	3.91	HG03039:4.96	0.82,0.83,1.67,0.84,0.84,0.82,1.69,0.85,1.68,0.94,0.83,1.69,0.87,0.81,0.81,0.82,0.85,0.82,0.83,0.83,4.96,0.84,0.86,1.71
9	137868336	137869711	ACACATATATATAT	3.79	HG03039:11.58	0.82,9.77,4.16,0.83,4.16,0.83,1.67,5.58,1.67,1.68,1.70,2.52,3.29,8.22,8.05,2.46,1.71,5.19,6.58,7.21,8.93,1.61,2.52,1.94,0.84,5.10,1.73,7.55,0.83,0.79,5.08,10.59,4.29,3.36,1.68,3.36,0.87,4.29,1.66,2.48,4.23,0.83,3.91,2.43,2.56,4.19,8.24,3.78,1.73,0.84,2.50,1.70,4.11,5.02,0.86,3.33,4.90,1.67,1.73,5.04,2.45,2.53,1.61,2.69,0.87,4.35,4.04,2.42,3.28,4.89,5.70,1.71,0.82,5.81,1.72,1.64,1.71,2.48,2.50,3.46,3.35,6.57,8.11,5.96,0.83,0.86,10.07,0.83,1.66,2.51,6.29,5.85,3.48,0.84,2.57,11.58,6.00,1.64,0.85,0.84,4.29,3.43,5.01,2.55,0.87,4.23,5.07,0.86,7.54,0.84,0.85,2.51
5	98323924	98324347	AGAGAGGG	3.65	HG03039:4.96	2.50,0.86,1.68,1.66,0.85,0.84,4.96,2.57,4.10,1.71,1.70,0.85,0.82,0.85,1.65,0.85
5	1816086	1817581	AAGGCGAGAGGG	3.63	HG03039:14.89	8.16,9.79,2.44,3.33,2.50,3.33,4.16,6.66,2.50,5.01,1.60,0.84,1.68,8.32,5.96,4.21,1.65,4.11,1.63,4.83,2.46,5.12,5.98,7.79,4.11,3.20,4.17,6.49,0.81,7.57,4.84,5.06,11.06,0.86,3.27,8.39,8.25,6.51,7.10,8.47,8.15,3.43,1.68,5.89,0.84,2.55,6.94,3.43,6.63,5.79,2.41,7.43,5.08,7.44,7.81,2.43,5.13,4.19,4.19,5.77,2.83,6.05,5.88,3.33,11.71,5.03,4.26,5.75,2.51,4.21,6.88,4.16,3.27,7.49,7.76,2.52,6.53,4.21,8.07,4.48,11.30,5.22,6.47,11.28,2.46,3.26,3.26,0.85,4.93,4.15,2.57,3.28,5.12,5.79,4.16,12.97,8.37,4.11,5.68,0.85,11.66,10.28,9.07,10.91,3.31,5.80,10.88,2.56,3.93,8.57,5.85,8.70,5.86,5.24,7.47,4.28,14.89,4.28,7.45,8.22,7.68,4.10,4.20,9.43,8.57,2.51,10.13,7.64,1.74,11.84,9.30,5.99,12.60,6.78,8.18,9.90,10.08,9.32,1.67,8.32,11.80,11.11,8.36,10.25,8.95,11.04,2.48,4.99,9.34,4.23
10	8167332	8168482	AAAG	3.61	HG03039:4.96	0.81,1.63,1.61,0.85,0.86,0.83,0.82,0.84,0.82,0.84,0.85,1.67,4.96,2.56,0.86,1.71,2.54,2.51,0.85,1.65,0.83
5	77755984	77757046	AAAG	3.52	HG03039:11.58	0.82,0.83,0.80,1.68,2.40,0.81,2.55,0.83,0.79,0.85,1.63,0.83,8.60,1.68,1.64,7.69,3.33,5.14,0.84,14.55,11.58,2.57,1.67,8.44,2.54,2.52,0.85,2.45,0.78,9.46,5.94
8	988862	991012	ACACCGAGCCGACCACGC	3.50	HG03039:9.93	4.08,4.08,4.07,3.33,1.67,0.83,4.16,1.67,3.34,1.67,2.39,1.67,5.03,1.66,1.70,4.21,2.47,2.47,4.07,4.02,3.41,1.73,0.82,4.01,1.67,5.68,1.61,5.05,3.87,2.53,5.10,2.59,3.27,2.52,2.48,3.26,7.89,3.39,4.07,0.86,2.52,1.68,1.68,4.25,6.07,3.43,1.66,1.65,4.02,2.48,2.54,8.26,4.69,1.62,2.56,4.19,2.51,5.66,5.18,3.36,2.50,3.35,0.84,1.70,5.75,5.02,1.68,2.58,2.50,6.54,3.33,4.31,2.52,6.53,2.53,4.03,3.58,2.61,2.43,1.61,2.46,4.89,1.63,0.85,4.11,1.66,3.43,7.39,5.98,3.31,8.33,0.86,3.35,2.46,4.86,1.70,2.50,0.86,4.94,3.36,0.83,2.48,1.67,3.41,2.36,6.00,3.48,2.62,2.49,5.14,9.93,3.43,4.14,3.29,3.41,1.64,4.20,5.15,1.67,5.91,0.85,2.62,0.85,1.69,2.57,4.20,5.08,5.72,1.65,2.52,3.11,3.35,3.33,4.21,3.42,4.18,3.15,7.32,3.40,4.14,1.66,1.70,5.08
11	82003882	82005008	AAAG	3.49	HG03039:5.79	0.82,0.81,0.83,3.32,2.50,1.68,1.70,3.29,0.81,1.64,0.85,0.87,2.47,0.80,0.83,0.85,0.86,0.82,0.84,1.63,0.86,0.84,1.68,2.55,1.73,1.69,2.48,1.71,0.86,1.68,0.83,0.84,0.82,1.67,0.86,0.83,0.82,1.69,1.61,0.82,0.86,0.82,0.83,1.66,2.48,0.84,1.57,0.87,0.86,5.79,0.82,1.68,0.86,1.67,0.84,2.54,0.78,0.83,1.63,2.55,0.85
13	90370448	90371605	AAAAT	3.41	HG03039:19.03	5.83,11.54,24.28,12.57,11.62,19.03,12.41,7.39,9.19,23.56,13.69,10.08,14.02,3.33,7.88,16.14,14.89,7.64
13	49033542	49034399	AAAAG	3.26	HG03039:3.31	3.31,14.51,1.64,26.23
2	426118	426497	ACGCAGGGGGCTCCGCAGGC	3.22	HG03039:4.14	0.80,0.84,0.83,0.82,0.81,0.82,0.80,0.81,0.86,0.87,0.78,1.68,0.82,0.87,0.81,0.85,0.86,1.66,2.48,0.84,4.14,0.86,0.82,1.69,0.82,0.84,0.85,0.83
14	62221547	62222713	ACGTGAGGCATGAGTGGC	3.21	HG03039:11.58	14.08,17.14,11.58,7.45,5.97,9.31,7.63
22	38506055	38506571	AGAGAGAGAGAGAGAGGG	3.15	HG03039:4.14	0.83,0.80,0.82,0.82,0.84,0.86,0.85,0.84,0.81,0.87,0.81,0.83,2.57,0.84,4.14,1.65,0.82,0.85,0.87,0.82,3.88,0.84,0.79,0.81,2.55
16	33954320	33954333	AAAGG	3.15	HG03039:3.31	1.67,0.87,3.31,0.86,0.84,1.69
20	30165301	30166220	AC	3.09	HG03039:3.31	3.34,3.31,7.71,3.38,5.72
10	132769118	132770423	AAGG	2.95	HG03039:24.82	8.16,17.14,4.99,4.16,4.16,2.51,2.51,9.21,29.78,3.28,4.27,0.85,5.75,0.84,3.46,3.27,4.19,1.69,6.72,19.34,0.84,1.73,2.57,3.31,4.96,4.02,0.83,21.17,3.31,10.16,7.69,25.13,3.78,1.68,1.70,0.82,1.66,4.16,2.45,1.69,3.58,2.61,3.23,2.42,1.64,1.63,19.10,8.21,0.83,4.05,8.51,12.50,0.84,5.80,16.57,7.67,11.00,0.84,6.69,11.98,24.82,9.10,17.07,3.36,3.43,6.85,13.36,4.24,2.52,27.12,3.27,1.68,1.55,9.21,7.49,9.27,19.22,7.32
17	34422338	34423519	AAAG	2.94	HG03039:7.45	4.90,0.82,1.63,1.66,0.83,0.83,1.67,0.84,2.44,0.82,7.30,2.53,3.40,0.82,3.30,2.44,3.94,1.72,0.84,6.07,2.57,0.83,1.61,2.48,1.89,3.36,0.84,0.84,1.72,1.73,4.03,1.74,0.87,5.13,1.64,4.10,5.83,0.81,3.43,1.68,1.67,6.09,1.67,0.83,7.45,1.71,4.11,3.41,0.86,1.71,0.84,9.34,1.74,1.69,3.36,1.67,3.37,0.85
1	17517682	17518971	AAG	2.93	HG03039:8.27	4.08,2.45,2.44,0.83,8.35,3.33,3.34,4.18,3.19,3.34,3.35,1.66,0.84,0.82,1.61,0.82,1.71,4.33,0.82,3.20,0.83,4.03,0.97,2.53,0.85,0.84,0.81,0.79,0.81,1.72,0.84,0.84,0.87,2.57,2.49,1.65,1.61,4.95,1.56,4.05,0.85,2.52,6.70,5.66,2.59,4.99,2.51,4.19,0.85,0.82,1.67,1.68,0.83,0.82,0.82,2.42,0.90,0.87,0.82,0.82,1.64,1.71,0.83,1.67,0.82,2.43,1.70,2.50,7.42,1.68,1.66,0.83,3.35,1.57,2.57,2.61,2.62,8.27,2.48,2.47,5.12,5.75,4.20,1.72,1.71,5.23,7.61,0.85,2.57,4.91,4.12,0.78,3.35,0.83,1.71,1.67,1.58,3.25,1.65,0.85
19	56360616	56362105	AAATTACACCGCAGCCACGG	2.81	HG03039:15.72	4.08,6.53,12.21,5.82,10.02,9.15,8.31,12.49,8.35,10.87,10.37,8.35,9.21,6.66,10.21,4.21,9.87,0.82,8.15,8.85,4.10,8.53,3.42,8.65,6.58,8.81,8.35,9.74,6.45,14.30,9.68,6.75,4.25,6.91,6.54,11.74,5.78,8.14,7.10,3.39,4.89,6.87,10.92,13.45,8.41,7.65,5.20,6.86,2.49,5.79,7.23,6.60,0.85,11.57,8.60,10.54,9.40,9.23,5.86,7.42,4.72,14.68,7.57,4.99,9.20,10.06,9.37,6.57,11.72,7.58,6.88,7.49,8.17,8.33,4.31,6.72,8.17,10.95,14.52,2.69,7.82,9.57,9.70,14.50,8.21,3.26,13.03,4.27,6.57,9.14,5.15,6.56,6.83,5.79,10.82,2.59,2.51,9.03,4.05,5.11,1.67,9.43,7.42,5.03,7.45,11.60,5.86,5.97,9.43,8.57,2.51,4.18,1.75,4.15,15.72,6.62,5.75,9.85,6.00,3.43,0.84,6.75,0.85,4.36,7.61,8.46,7.70,5.04,1.69,6.54,0.82,7.56,9.32,10.05,9.98,4.21,0.85,3.34,14.98,8.14,5.94,11.58,4.16,7.64,11.01
18	77530375	77531970	ACGCCGTCCTCCCCTCC	2.77	HG03039:10.76	5.71,1.63,1.63,3.34,1.66,1.67,3.34,4.18,0.80,8.35,3.35,1.66,2.55,0.84,7.40,0.82,3.26,4.02,2.46,0.85,1.71,5.19,4.93,4.81,1.67,3.25,4.03,1.68,5.81,5.90,0.85,3.46,3.27,5.03,2.48,2.44,2.37,2.54,4.07,4.29,1.68,4.20,5.04,6.80,0.87,0.86,6.63,1.65,2.41,1.65,4.23,5.79,3.91,4.86,1.71,4.19,4.19,4.12,4.72,1.73,3.36,4.99,3.35,4.19,1.70,3.29,1.67,7.58,2.58,4.16,4.90,5.83,5.18,1.68,4.90,3.37,3.23,6.27,2.61,0.87,6.47,0.81,1.64,8.96,4.89,3.42,4.93,1.66,3.43,5.74,0.85,0.83,3.46,0.84,2.46,3.24,5.11,4.17,3.43,3.30,5.87,3.31,5.80,3.41,2.36,7.71,4.18,3.48,2.51,0.87,4.15,2.57,10.76,1.71,4.14,6.58,5.12,9.03,8.39,5.15,3.43,8.35,3.38,3.40,6.11,4.23,5.92,5.13,7.56,5.08,4.91,4.95,5.88,2.33,14.23,7.49,3.37,3.42,1.67,5.52,13.83,4.96,7.48,4.24,2.54
2	231494043	231495262	ACACATATACACATATAT	2.75	HG03039:4.96	2.47,3.33,1.66,4.97,2.51,0.86,2.51,0.87,1.71,4.96,2.46,1.68,0.84,3.35,2.51,0.81,1.70,1.65,1.66,1.70,1.69
2	3272370	3273583	ACTCAGTCATCGC	2.72	HG03039:7.45	4.17,5.86,0.82,4.87,7.89,5.95,0.83,6.83,3.31,0.83,7.45,0.82,3.38,3.35,2.37
15	101307448	101308776	AAAACCACCACCCTGGGACC	2.66	HG03039:6.62	2.45,3.26,1.63,0.83,3.34,1.66,2.49,1.67,0.83,1.60,2.51,1.68,1.66,1.70,2.52,0.82,3.26,4.02,1.64,4.27,0.87,1.64,0.80,2.50,0.81,1.61,1.94,0.84,2.55,2.59,0.82,0.84,1.65,3.26,1.58,0.85,3.26,1.68,2.52,0.84,0.85,0.87,1.71,0.83,5.79,4.13,4.23,1.65,0.78,2.43,1.71,2.52,3.35,0.82,0.94,0.86,3.36,1.66,1.67,2.52,1.70,1.64,1.67,1.72,2.50,3.27,1.67,1.73,0.84,2.45,1.69,3.23,2.69,4.34,3.48,1.62,2.42,4.07,1.63,3.32,2.46,1.71,1.65,1.67,1.73,1.67,1.64,2.43,1.70,1.67,1.71,1.65,1.68,4.14,3.31,1.67,0.85,2.36,0.86,2.51,3.48,0.84,0.87,0.83,2.57,6.62,2.57,0.82,2.56,1.64,0.86,1.71,0.84,1.69,2.55,0.87,0.86,2.52,0.85,0.82,0.82,3.11,3.35,1.69,0.85,1.67,3.15,0.81,0.85,4.14,0.83,0.85
X	109932521	109933691	AGATATATAGATATATAT	2.61	HG03039:4.96	1.60,1.66,0.81,0.85,1.73,1.64,3.34,0.84,4.25,4.90,1.58,1.69,0.81,1.68,0.84,0.85,1.73,1.66,1.65,0.83,0.83,0.85,0.83,0.82,0.83,1.68,1.61,0.90,1.74,4.04,0.81,0.85,0.82,2.49,0.86,0.82,0.83,2.59,0.84,0.81,1.70,1.67,1.65,3.36,0.86,4.96,1.71,0.85,0.85,1.66,0.85
7	154931364	154933220	AGCATCCCTGAGCCCC	2.58	HG03039:28.13	7.35,11.42,21.98,19.96,12.52,7.49,7.48,9.16,6.68,10.03,14.36,20.05,15.08,9.98,5.11,13.47,14.81,13.85,16.90,22.98,18.77,17.09,6.92,18.91,24.84,21.70,14.61,21.76,10.09,17.43,16.02,22.97,16.41,17.98,4.19,19.80,28.50,26.03,14.40,18.74,21.46,24.36,18.50,26.06,9.35,13.01,18.86,19.88,21.51,4.02,14.03,11.01,19.83,21.88,14.59,6.83,0.84,5.86,4.94,18.88,10.36,9.15,17.57,6.71,0.85,26.28,14.24,4.30,16.64,17.16,5.83,2.59,15.96,19.60,15.17,24.21,9.86,5.21,16.53,18.60,16.11,14.78,32.60,8.96,11.11,40.25,18.27,21.45,9.85,18.79,24.82,17.49,7.78,17.59,10.68,25.94,23.83,9.16,7.71,19.78,17.62,4.97,2.48,9.21,17.05,11.79,6.86,1.67,15.67,17.57,14.84,19.09,16.26,28.13,24.84,11.58,20.55,23.04,14.78,0.84,9.43,11.14,23.38,9.28,8.49,6.98,12.69,0.85,3.42,18.49,5.93,18.81,26.39,5.88,21.74,15.07,11.65,14.33,1.71,20.89,11.83,13.02,20.38,15.72,13.30,19.52,8.47
11	110800987	110802158	ATCGC	2.57	HG03039:9.10	1.66,0.81,9.16,13.28,0.86,9.10,4.93,3.34,0.84,12.37,18.30
18	22518587	22520146	AAATTTATATACATAT	2.49	HG03039:19.03	8.98,8.16,8.14,12.47,10.02,11.64,5.83,12.52,22.57,7.18,13.36,11.73,9.15,3.40,4.21,17.27,3.29,2.44,6.44,13.95,12.80,12.82,7.79,10.69,1.60,0.83,9.74,2.42,5.89,5.81,3.37,6.80,2.52,4.95,4.89,13.41,1.69,12.22,10.30,1.68,5.89,11.91,3.47,14.08,5.79,10.73,5.93,9.09,10.16,4.05,13.67,8.39,9.22,14.83,10.38,5.18,6.73,16.64,13.39,9.23,6.81,8.21,18.42,7.58,7.74,4.99,6.54,6.66,8.63,3.36,19.60,5.06,7.26,5.38,3.48,2.61,3.23,3.22,11.50,4.07,4.07,2.56,14.79,9.14,7.72,8.21,5.12,6.62,8.33,5.19,3.35,5.75,0.81,5.11,7.50,16.28,0.82,5.87,10.77,10.77,11.72,4.26,19.65,3.43,8.36,8.70,6.69,4.98,9.41,19.03,11.58,4.11,0.85,12.59,0.86,1.71,11.69,12.66,5.94,1.74,5.08,10.99,5.99,6.72,16.10,16.35,5.77,0.84,11.64,13.40,4.99,8.43,6.84,16.72,8.67,8.95,6.79,4.96,4.99,8.47
1	35668144	35668797	ACATATATATATATATAT	2.48	HG03039:2.48	2.48
X	67881399	67881475	AAAG	2.48	HG03039:2.48	2.48
1	84357810	84358413	AACATATATACG	2.48	HG03039:2.48	1.67,2.48,1.69
6	115632086	115633138	AAAG	2.47	HG03039:3.31	1.60,0.84,0.84,3.31,1.64,1.71,2.51,0.85,0.85,2.54
1	116623599	116624078	AAAG	2.46	HG03039:3.31	0.83,0.83,0.84,1.67,1.69,0.85,0.84,0.80,0.85,0.83,0.78,0.84,1.68,0.82,0.81,0.81,0.83,0.83,0.84,3.31,0.84,0.86,0.84
12	121428124	121428758	AAAGATAGGAAAGGGAGG	2.46	HG03039:2.48	1.73,2.48,1.68
2	211923339	211924022	AT	2.45	HG03039:2.48	0.87,0.84,2.48,0.84
12	64156670	64157950	AAAG	2.42	HG03039:3.31	0.81,0.84,0.85,0.85,2.40,0.83,1.63,0.83,0.81,0.85,0.86,0.85,0.84,0.86,0.86,0.90,0.81,0.81,0.85,0.86,3.31,0.85,0.86,1.71,0.79,0.85
17	3887721	3889166	AGCGCATGGGAGGGATG	2.41	HG03039:14.07	5.71,9.79,9.77,5.82,11.68,7.49,6.65,7.49,7.51,10.03,3.19,6.68,7.54,3.33,10.21,8.42,9.05,9.86,8.96,4.83,4.92,7.68,5.98,6.92,9.86,7.21,6.68,3.25,6.45,11.77,6.78,3.37,8.51,3.46,11.44,6.71,5.78,8.96,11.83,4.23,7.33,8.59,10.08,2.52,7.57,8.50,10.41,4.29,7.46,6.62,10.45,7.43,1.69,5.79,13.28,5.67,2.56,4.19,6.70,5.77,5.66,3.45,5.88,7.49,9.20,5.03,8.52,4.93,5.86,9.26,7.74,6.66,10.62,6.66,5.18,9.24,4.90,4.21,7.26,4.48,6.08,8.70,4.04,7.25,9.03,11.41,5.70,2.56,5.75,8.30,3.43,10.67,5.12,8.27,5.00,3.46,1.67,11.50,4.05,5.11,6.66,6.00,8.24,7.55,5.80,11.60,5.02,6.82,14.93,7.71,10.87,4.35,2.51,6.98,9.96,10.27,14.07,8.57,4.96,6.58,10.24,8.21,9.23,4.29,6.85,7.52,10.97,2.55,5.23,6.77,11.84,7.70,5.88,5.08,13.90,11.54,7.56,9.32,9.21,8.32,9.27,9.40,7.52,8.67,12.20,9.34,7.45,5.82,8.49,10.16
19	57648533	57650034	AAAGAAGGAAGGAAGGAAGG	2.41	HG03039:6.62	1.63,1.63,1.66,2.50,3.33,1.67,4.18,1.68,2.55,2.47,1.64,1.63,1.61,4.10,1.71,0.82,0.84,0.97,2.53,1.68,0.83,0.81,2.54,0.81,0.84,0.84,3.40,3.43,3.31,0.83,2.41,4.23,0.83,1.56,0.81,3.42,1.68,1.65,0.86,0.84,1.66,0.84,1.67,3.37,2.50,4.09,0.86,0.82,0.84,0.81,3.48,2.44,0.85,4.11,3.32,0.86,0.82,0.85,0.83,1.67,1.73,3.35,1.64,1.62,3.33,2.57,0.82,1.68,2.48,1.67,0.85,9.43,1.71,0.87,0.87,0.83,6.62,2.57,7.45,0.85,5.15,1.67,6.75,1.70,1.74,0.85,2.54,2.47,2.33,1.67,0.83,4.21,0.85,1.67,3.15,4.07,0.85,0.83,3.39
17	8649612	8649882	AAGGG	2.41	HG03039:2.48	0.81,0.83,0.83,0.83,2.48
1	228653624	228654532	AAG	2.39	HG03039:2.48	0.84,0.85,2.48,1.69,1.58
21	47784427	47785969	AACCCCACGGCAGTGAATAG	2.36	HG03039:6.62	0.82,0.82,0.81,1.66,0.83,0.83,1.67,4.18,4.79,2.51,1.68,0.83,1.70,1.68,1.65,0.82,1.63,0.82,0.85,3.42,1.73,0.82,3.20,0.83,1.62,2.90,1.70,0.86,2.45,3.35,2.48,1.63,3.15,1.69,2.44,1.72,2.52,2.52,0.84,1.70,1.71,2.49,0.83,3.39,1.65,1.56,3.24,2.56,0.84,4.94,1.73,0.84,1.66,1.67,0.84,2.55,2.46,1.68,2.58,0.83,0.82,4.90,0.81,3.58,3.48,0.87,4.04,3.22,3.28,3.26,0.81,3.42,3.29,0.83,1.64,2.56,3.33,0.86,1.67,0.82,2.43,0.85,2.50,3.43,4.94,3.36,4.14,2.48,0.84,1.70,4.72,1.71,1.67,0.84,2.62,0.83,1.71,6.62,0.86,2.48,0.82,0.85,0.82,3.36,1.72,1.67,2.53,2.55,1.74,2.54,1.71,2.52,1.69,5.77,1.68,2.51,0.83,3.37,2.56,4.18,1.58,3.25,1.70,3.31,1.66,0.85
8	143063245	143066702	ACACTGACCATCCATAGTCC	2.32	HG03039:13.24	5.71,6.53,8.96,4.99,4.17,3.33,3.32,4.16,1.67,5.85,4.79,7.52,5.03,1.66,4.25,2.52,4.94,3.29,1.63,8.05,9.03,5.97,11.11,6.06,4.11,1.60,12.52,8.12,2.42,5.05,5.81,8.43,12.76,9.50,10.62,8.39,3.30,3.26,1.58,7.62,6.52,6.01,8.40,10.93,10.09,7.65,8.67,7.72,8.28,9.10,8.04,5.78,7.62,5.79,7.81,5.67,2.56,8.39,6.70,5.77,2.83,6.05,5.04,4.16,8.37,3.35,5.11,1.64,6.70,7.58,3.44,5.82,2.45,8.33,6.04,8.40,3.27,6.74,5.65,3.58,4.34,4.35,9.70,5.64,6.57,2.44,8.96,8.54,0.82,4.98,11.15,7.39,2.56,2.48,4.16,7.78,5.02,6.57,11.35,8.51,7.50,7.71,8.24,7.55,6.63,5.80,3.35,4.26,11.00,6.86,4.18,6.96,9.20,8.73,4.15,8.56,13.24,4.28,7.45,4.11,11.95,7.39,10.07,7.72,2.57,2.51,16.03,6.79,2.62,4.23,5.92,3.42,7.56,7.63,3.27,4.95,4.20,4.66,5.86,5.82,5.06,9.40,4.18,5.52,8.14,5.10,5.79,7.48,6.79,7.62
7	100335780	100336382	AGAGGG	2.30	HG03039:3.31	0.82,0.84,0.83,0.87,0.82,0.83,2.37,0.84,0.85,0.83,0.85,0.83,0.78,0.81,0.84,0.84,0.86,0.87,0.82,1.63,0.82,0.82,0.83,0.86,0.87,0.86,3.31,0.84,0.82,1.55,0.84,2.51
5	32855501	32856423	AACATATAATATATTATAT	2.29	HG03039:3.31	1.71,2.59,1.68,2.46,0.82,0.84,0.87,3.31,0.86,0.86,0.85,1.55,0.85
4	191042957	191044209	AACCCT	2.27	HG03039:7.45	2.45,0.82,1.63,1.67,4.16,0.83,0.83,0.80,4.18,1.68,1.66,0.84,2.47,1.64,3.26,0.80,0.85,0.85,1.73,3.29,2.40,1.67,2.43,1.68,0.97,0.84,0.83,1.63,4.73,1.69,5.70,0.84,1.68,5.04,4.34,2.49,3.31,1.61,2.48,5.08,4.96,0.78,3.24,0.85,0.84,1.65,1.89,0.86,1.68,3.35,0.85,0.82,5.02,0.84,2.58,3.27,1.67,0.84,1.63,3.37,4.03,2.69,0.87,1.74,8.09,2.42,4.11,4.89,3.26,0.85,9.86,1.72,0.82,3.42,3.31,1.67,3.46,2.51,0.82,0.85,0.83,0.86,7.42,3.36,0.83,4.14,2.51,1.70,1.57,0.86,1.67,2.61,0.84,1.75,0.83,4.28,7.45,0.86,4.93,3.41,0.82,1.68,0.86,4.18,0.85,2.62,5.07,2.57,3.36,2.54,12.27,1.65,3.36,3.88,1.67,3.33,1.69,1.71,2.51,2.37,2.44,1.70,1.66,4.24,5.08
6	152692282	152693592	AAAGG	2.22	HG03039:8.27	3.27,0.82,3.33,0.83,2.50,1.66,1.67,2.50,0.84,4.79,0.84,2.51,3.40,1.68,0.82,1.64,1.63,3.22,4.27,3.46,3.29,2.40,2.50,1.62,2.42,0.84,4.84,3.37,1.70,0.86,2.45,3.35,0.83,0.81,3.15,0.85,2.44,4.29,4.20,0.84,3.36,1.70,1.71,3.31,1.65,2.41,4.13,5.93,5.47,1.62,1.68,0.84,3.30,0.94,1.73,4.20,0.83,0.84,0.84,3.41,3.29,1.67,3.37,3.44,4.99,4.16,1.73,3.36,3.27,2.53,4.84,2.69,1.74,0.81,0.81,1.64,5.70,1.63,4.27,1.64,4.15,1.72,3.28,3.42,1.67,3.35,2.46,5.68,0.85,12.50,2.57,3.30,0.84,4.14,2.48,8.37,3.41,5.50,2.57,0.84,0.87,1.67,3.49,1.66,3.42,8.27,4.28,1.65,3.29,1.71,4.93,5.04,7.72,10.28,0.84,1.69,2.55,5.23,1.69,1.71,5.88,3.39,3.27,3.30,5.88,5.43,3.35,5.82,1.69,3.42,3.34,3.94,2.44,3.40,6.62,4.16,2.55,2.54
8	99104137	99104532	AAAG	2.22	HG03039:2.48	1.67,0.83,2.48,0.82,0.86,0.85,0.82
17	64793816	64796352	ACC	2.21	HG03039:61.23	35.10,33.46,40.71,51.55,32.55,37.44,21.61,33.31,31.73,43.46,29.51,39.26,46.07,35.78,42.54,34.50,37.84,31.23,36.67,41.86,31.19,24.74,54.68,37.20,30.41,42.46,50.08,40.58,32.23,37.85,34.85,30.36,43.38,37.15,27.78,36.90,37.13,38.27,50.48,41.49,44.82,35.20,36.96,32.79,36.99,40.82,36.42,30.00,59.65,41.36,32.95,32.20,21.17,42.15,56.26,44.59,46.13,29.36,24.30,38.73,33.04,33.68,47.92,40.76,53.55,48.64,33.21,40.24,38.52,27.79,27.54,36.60,35.14,34.97,31.05,42.01,42.46,28.65,53.25,40.33,40.84,39.16,54.18,34.64,28.74,40.75,48.04,39.31,49.29,30.73,50.62,43.49,25.62,41.36,35.80,31.98,56.11,43.53,38.92,59.56,34.15,29.99,38.73,36.08,34.79,55.50,23.44,35.80,48.73,38.57,16.72,36.56,63.58,23.57,34.86,33.38,61.23,56.54,29.79,25.49,45.23,41.04,52.04,31.73,32.56,40.09,31.22,29.71,30.54,43.99,37.21,35.94,33.61,42.37,44.16,63.49,42.85,36.49,61.96,29.94,46.35,48.70,18.39,55.19,63.45,32.27,49.64,50.72,38.19,26.25
16	3898785	3899830	AC	2.21	HG03039:4.14	0.87,1.69,0.81,2.44,3.36,2.48,1.70,1.67,4.14,0.83,1.64,5.06,2.55,0.87,2.54,0.86,1.64,0.78,1.67,0.83,0.84,0.83
3	181535288	181536542	AAG	2.18	HG03039:6.62	0.83,2.50,0.84,0.80,2.51,0.82,0.82,2.90,1.73,0.82,1.68,0.86,0.85,0.87,1.65,1.56,1.71,0.84,0.94,0.84,1.68,1.70,0.86,0.82,1.73,1.69,3.48,0.87,0.81,0.81,1.64,0.82,0.83,0.83,6.92,0.84,0.81,0.82,0.84,0.85,0.84,0.83,6.62,1.65,4.27,4.10,0.84,0.85,0.85,5.92,11.45,0.78,8.36,5.94,0.83,0.85
14	93612317	93613580	AAAG	2.17	HG03039:20.69	6.86,0.83,0.86,1.61,0.85,19.02,14.78,15.83,25.32,20.69,26.56,3.31,9.39,6.57,9.23,16.29,15.03,8.44,23.69,12.69,13.44,5.98
1	31248354	31249854	AAAGG	2.16	HG03039:16.55	5.71,17.91,0.83,12.48,1.66,0.83,0.83,19.22,4.18,2.50,20.42,4.93,0.81,0.80,0.82,5.12,1.71,6.92,0.82,0.83,3.25,2.42,6.78,4.22,8.51,4.90,1.68,4.13,8.14,7.89,3.39,4.89,8.40,5.04,8.41,1.70,3.47,4.29,7.46,1.65,11.25,0.83,4.86,3.42,4.19,5.66,0.84,2.51,1.68,0.85,2.46,0.84,3.44,11.65,9.81,9.99,15.53,0.84,12.25,3.37,9.68,4.48,2.61,4.35,8.90,7.25,4.11,2.44,14.66,5.13,4.93,2.49,10.30,6.56,5.12,4.96,12.49,6.92,9.21,1.64,6.49,5.11,0.83,4.94,0.84,4.97,3.35,15.34,7.07,1.67,9.60,6.64,12.84,16.55,2.48,12.01,3.43,5.01,8.44,11.88,10.47,10.99,12.84,0.85,9.00,0.82,10.08,6.99,3.35,4.16,3.37,14.53,6.69,2.37,1.65,2.49,4.24
21	30203221	30204468	AAAGAAGG	2.16	HG03039:6.62	3.27,0.81,0.83,4.16,2.49,1.67,0.84,2.51,0.84,2.52,1.64,2.41,0.82,1.71,1.71,0.81,1.70,3.26,3.94,0.85,0.86,9.24,0.84,0.85,2.60,1.66,1.56,1.68,1.65,1.73,5.03,1.67,2.53,1.66,0.82,3.45,1.68,1.61,3.48,1.71,1.64,1.72,0.82,0.85,0.83,0.83,0.86,0.85,2.57,6.59,0.83,0.84,7.07,1.71,0.84,0.87,0.83,5.14,6.62,4.28,0.83,12.33,0.82,0.86,0.85,0.87,0.86,0.85,2.52,3.42,0.84,2.44,0.85,1.65,2.49,4.24,0.85
18	3832562	3832895	AAGG	2.14	HG03039:2.48	0.85,1.64,0.84,1.66,2.48,2.47,0.78
7	158199140	158200914	ACCCAGG	2.12	HG03039:25.65	13.06,15.50,15.47,12.47,4.17,9.15,7.48,9.99,11.69,12.54,8.77,16.70,9.21,4.99,8.51,8.42,4.94,13.15,7.33,11.27,16.41,15.36,12.82,10.38,3.29,9.61,24.20,19.48,16.92,15.98,14.52,17.71,11.91,5.18,4.90,5.03,14.03,12.21,21.30,11.01,2.44,7.73,10.08,10.09,7.57,2.55,14.74,7.72,14.91,3.31,15.27,17.34,11.86,12.40,18.75,14.59,11.96,17.62,5.86,23.90,11.33,12.95,6.73,16.64,13.39,5.87,7.66,13.96,6.70,10.95,10.33,14.14,12.26,10.82,7.76,14.28,7.35,21.06,8.07,14.34,8.69,8.70,17.79,6.44,13.14,30.97,14.66,15.38,15.61,8.30,3.43,9.03,4.27,9.10,9.16,7.78,5.02,9.86,6.49,11.91,15.83,19.71,18.13,20.98,19.88,25.68,7.54,14.49,23.58,13.71,15.05,9.58,15.90,13.97,9.13,17.97,25.65,21.42,4.96,20.55,20.48,18.06,5.04,16.29,18.85,13.36,12.66,6.79,15.70,9.31,18.61,12.84,10.92,11.86,17.17,24.74,19.32,27.95,15.91,20.79,15.17,10.25,17.55,22.08,13.83,14.44,14.89,12.47,22.91,17.78
10	115745774	115746216	AAGG	2.12	HG03039:3.31	1.63,0.83,0.84,1.61,0.80,0.97,1.69,0.86,0.84,0.87,0.83,1.65,0.84,0.86,1.66,1.63,0.82,0.81,0.83,0.86,0.84,0.86,3.31,0.85,1.71,0.85
3	36369898	36370953	AAGG	2.11	HG03039:5.79	1.63,0.83,2.51,0.84,0.85,0.85,0.83,1.69,5.72,1.68,3.30,4.07,0.85,0.81,0.84,0.85,2.57,2.48,0.80,3.30,1.69,0.83,1.68,2.55,1.67,1.68,1.63,2.42,0.90,2.61,1.61,1.63,0.81,0.86,0.82,0.83,0.83,0.86,5.75,3.24,0.85,1.67,3.30,0.83,0.85,4.72,3.43,0.87,0.84,0.87,1.66,0.86,5.79,2.57,4.11,3.41,1.64,1.68,0.86,1.67,0.87,0.85,2.57,4.24,1.65,0.84,0.78,0.83,1.69,3.42,1.58,0.83,1.70,3.39
10	120007887	120008316	AG	2.10	HG03039:2.48	0.87,2.48,3.34,0.85,0.85,0.86,0.84,0.85
10	69819028	69820204	AATATATAATATTAT	2.09	HG03039:4.14	0.81,1.66,2.50,0.84,0.84,0.87,2.47,0.80,0.84,0.97,0.83,2.44,0.85,0.86,0.85,0.78,0.85,2.52,0.84,1.70,1.68,1.72,0.82,0.82,0.81,2.57,0.84,0.83,2.51,0.79,1.71,1.74,0.84,0.87,0.83,4.14,1.69,0.87,0.85,1.55,0.79,3.40
14	34366707	34368000	AGAGGGAGGAGGAGG	2.02	HG03039:6.62	1.63,3.26,1.63,2.49,1.67,1.66,3.33,5.84,2.51,3.19,1.68,4.25,0.84,2.47,3.29,1.63,5.63,2.46,0.85,1.71,2.60,0.80,2.50,0.81,3.22,0.84,3.87,1.69,1.70,0.86,1.63,3.35,4.13,3.26,2.37,0.85,2.44,1.72,4.20,0.84,4.20,0.87,2.49,0.83,3.21,3.30,2.48,2.34,0.81,1.68,2.47,0.94,1.73,1.68,1.66,0.84,3.35,3.41,4.11,6.70,5.05,0.86,0.82,2.50,0.86,0.84,2.45,8.88,0.90,2.61,2.61,4.04,2.42,2.46,1.63,2.44,2.56,2.46,1.72,1.64,2.56,4.14,2.50,2.59,2.51,0.82,0.81,2.55,2.57,3.30,1.66,4.97,0.84,3.93,2.57,1.67,0.87,1.67,0.87,2.57,6.62,3.31,2.52,0.86,3.43,2.51,2.55,3.38,1.71,1.68,3.39,4.09,1.68,3.11,2.51,0.83,3.37,4.18,2.37,2.44,0.85,2.48,1.70,0.85
20	61887957	61889559	ACAGCGGAGGACAGTGATGG	2.00	HG03039:20.69	13.06,15.50,20.35,17.46,15.86,19.14,17.45,8.33,15.86,15.88,10.37,13.36,15.08,10.82,13.61,12.62,10.69,11.51,10.59,14.49,13.13,15.36,9.40,7.79,15.62,18.43,20.87,11.36,23.37,15.14,10.65,13.49,15.31,14.69,17.16,10.90,12.38,12.21,14.20,11.01,15.48,10.30,11.76,15.13,13.45,17.01,14.74,9.43,8.28,14.89,9.64,3.30,17.78,14.05,16.41,12.16,10.25,11.75,13.40,8.24,12.27,10.36,15.97,7.49,15.06,7.55,15.33,15.60,12.56,15.16,17.21,16.64,8.99,14.99,9.49,11.76,9.80,7.58,14.52,14.34,10.43,8.70,9.70,14.50,9.85,10.59,13.03,13.67,15.61,12.46,13.73,16.41,22.21,9.10,14.16,10.37,11.72,9.86,15.40,11.06,17.49,14.57,17.31,14.27,17.39,13.25,10.05,15.34,10.22,12.00,15.05,13.06,13.39,17.46,12.45,15.41,20.69,16.28,6.62,16.44,9.39,14.78,14.27,8.58,14.56,17.54,10.97,16.13,7.85,15.23,16.07,11.12,7.56,16.95,17.17,11.54,10.92,17.86,10.88,12.48,17.70,18.80,5.85,20.50,9.76,11.04,10.75,11.64,8.49,16.09
1	1136680	1137091	ACCCGGCCCCGAGCCCAGT	2.00	HG03039:4.14	3.14,4.14,8.39,4.91,4.99,10.58,1.66
1	142535434	142541069	AATGG	1.99	HG03039:49.65	28.57,17.95,22.80,14.97,20.87,14.14,29.09,32.48,36.74,32.60,23.93,17.54,41.04,54.08,21.27,32.82,29.61,30.41,25.26,31.39,22.98,24.74,28.19,24.22,11.51,23.24,45.91,34.09,15.31,33.64,9.68,20.24,22.97,11.23,18.79,23.48,9.90,26.06,17.35,9.32,24.45,12.02,10.08,10.93,27.74,34.87,36.42,21.43,31.48,16.54,31.34,20.64,19.48,14.88,33.60,29.19,21.35,20.13,27.65,21.43,12.27,5.18,25.22,15.80,14.23,26.84,40.03,20.53,30.98,31.16,10.33,29.95,20.43,37.47,21.56,27.73,32.66,15.17,45.99,42.12,17.38,20.02,19.41,12.08,27.10,14.67,21.98,16.24,16.43,26.57,20.59,17.23,31.60,20.68,21.65,9.51,15.07,19.71,30.00,48.50,28.32,19.71,25.55,39.44,18.22,24.85,29.30,18.75,40.08,30.85,15.88,36.56,15.06,28.81,26.56,21.40,49.65,39.40,38.06,15.62,29.87,36.94,30.22,34.30,17.14,26.72,20.25,27.16,53.22,17.77,32.14,37.65,21.01,22.88,23.71,17.32,13.44,27.95,30.98,21.63,14.33,34.18,50.15,15.77,14.64,19.53,23.16,34.92,21.22,22.02
21	46972984	46973479	ACGCCCCCTCCCAGTCCCCC	1.93	HG03039:4.14	0.83,1.66,1.67,0.84,1.65,4.07,0.82,3.25,0.82,1.66,3.21,1.65,2.48,3.13,1.62,2.52,0.82,0.94,0.86,1.70,0.90,0.87,0.81,3.22,1.71,0.86,1.73,1.67,0.82,0.86,4.14,1.71,0.82,0.81,1.70
10	101115752	101116440	AAAG	1.92	HG03039:2.48	0.90,0.81,0.83,2.48,0.83,1.69,1.74,0.82,0.78,0.84
5	99928900	99930180	AGATATATAGATATATAT	1.91	HG03039:4.14	0.83,0.84,5.14,0.84,4.19,4.14,3.43,1.71,0.84,6.11,1.66,1.69,3.34,4.25,0.83,2.49
13	113311328	113312430	AAGGAGGTCCCACCAGG	1.91	HG03039:3.31	0.84,0.81,1.61,0.85,0.82,1.70,0.82,0.83,0.79,1.63,0.83,0.81,0.84,0.84,4.18,0.86,0.82,0.87,0.81,0.86,0.84,0.81,0.84,0.85,0.86,1.67,1.74,0.86,3.31,0.82,0.84,0.87,1.69,0.84,0.84,0.84,0.85,3.25,0.85
15	65007709	65008396	ACACACGTATATATAT	1.84	HG03039:2.48	1.63,0.84,5.75,5.01,4.03,1.68,2.48
2	98663609	98665115	AAAGG	1.83	HG03039:6.62	2.45,0.83,1.67,0.83,2.49,1.67,1.67,0.80,0.84,0.84,1.68,0.81,0.82,0.85,0.87,1.64,0.83,0.81,0.81,1.94,1.70,0.86,0.82,3.35,3.30,3.26,3.15,2.44,2.58,0.84,0.84,0.87,4.29,1.66,0.83,5.08,3.31,1.56,2.52,1.65,1.89,2.59,1.68,0.83,0.84,0.84,0.85,2.51,3.37,0.86,2.50,1.63,1.67,1.73,2.53,3.58,4.34,3.48,4.04,1.64,4.07,4.89,7.69,1.66,6.01,0.82,4.14,0.83,1.67,1.64,3.24,2.55,4.28,0.84,0.83,1.70,4.72,2.57,0.84,0.87,0.84,5.99,6.62,6.85,0.82,0.85,2.46,2.52,2.57,0.84,0.84,2.55,0.87,1.69,0.85,3.42,1.68,1.69,1.68,0.84,1.66,0.84,5.13,3.40,4.14,1.69
13	114078550	114079300	AATGGATGAATGGGTGGGTG	1.83	HG03039:4.14	0.82,0.81,3.33,2.51,0.80,0.85,2.48,0.83,0.78,0.85,5.77,0.83,0.82,0.86,0.82,1.74,0.83,0.83,1.62,1.67,0.86,3.36,0.83,1.66,0.84,1.71,4.14,0.86,0.82,1.71,1.69,0.85,0.84,3.27,0.84,6.21,1.71,1.65
8	132565645	132566744	ACATATATATATAT	1.82	HG03039:2.48	0.80,0.81,0.82,0.86,0.79,0.83,2.48,1.71,0.85,0.82,0.81
7	157336038	157337178	ACCTCTCTCCGTCTCTCTCC	1.77	HG03039:3.31	0.84,0.84,1.70,0.85,1.70,2.57,3.31,0.84,0.87,1.63,0.83,0.86,0.82,0.85,1.68,3.35,1.70,0.83,3.31,2.56,0.86,0.79,0.83
6	1541862	1542903	AGGG	1.74	HG03039:5.79	1.63,2.49,0.83,0.83,0.83,0.83,2.50,0.84,0.84,4.19,0.83,1.70,0.82,0.80,2.46,0.85,1.73,2.47,0.80,0.83,2.43,3.22,0.84,1.69,0.85,2.59,1.68,4.13,1.63,1.58,1.69,0.86,1.68,0.84,1.68,0.85,1.73,0.86,2.49,2.48,0.80,2.48,3.31,5.47,3.24,1.71,3.36,0.82,1.73,0.84,0.83,1.68,0.82,0.84,0.84,0.86,1.66,2.45,1.67,4.08,3.37,1.61,1.79,0.87,1.74,4.85,0.81,1.64,0.81,1.63,0.85,3.29,1.64,0.85,2.50,1.73,3.35,2.43,1.70,2.50,2.47,0.84,1.66,1.66,0.84,3.41,2.36,0.87,1.67,1.75,3.32,2.57,5.79,3.31,2.47,0.82,1.72,3.43,0.84,0.84,0.85,3.49,1.69,3.38,4.28,1.68,4.24,2.45,0.82,0.84,1.55,1.67,0.83,2.53,2.56,2.51,4.73,7.32,1.70,1.65,1.66,0.85
14	84863876	84865234	AG	1.68	HG03039:9.93	2.45,0.82,2.44,2.49,3.34,4.99,9.14,1.67,7.51,1.67,5.58,6.68,3.35,6.66,11.06,6.73,4.11,1.64,4.07,4.83,2.46,1.71,3.42,9.52,4.11,3.20,9.18,2.43,3.22,3.36,5.81,7.59,3.40,1.73,6.54,1.68,0.83,5.70,2.37,2.54,3.26,1.72,3.36,0.84,1.68,4.25,4.34,3.43,1.66,4.96,4.02,4.13,0.85,3.31,3.91,4.86,2.56,3.36,0.84,3.30,6.61,3.45,1.68,4.16,10.04,3.35,3.41,3.29,1.67,2.53,4.30,3.33,7.36,1.67,1.68,3.27,0.84,4.84,7.17,0.87,5.22,0.81,4.03,1.64,1.63,2.44,4.27,2.46,8.30,4.29,3.28,2.56,3.31,3.33,3.46,3.35,2.46,5.68,5.11,3.33,2.57,4.12,3.36,3.31,1.66,7.54,1.70,0.79,4.29,2.51,3.35,0.87,3.32,4.28,9.93,5.14,3.31,3.29,6.83,0.82,4.20,5.15,6.00,2.51,4.22,8.49,3.49,9.31,4.23,2.57,3.36,4.24,4.91,1.65,1.68,2.33,1.67,0.84,6.84,3.34,2.37,2.44,5.10,4.16,4.24,1.69
10	105668608	105669715	ACATATATACATATATAT	1.68	HG03039:5.79	4.08,5.84,3.33,4.99,5.00,0.80,0.84,0.84,1.68,2.41,0.85,3.42,0.87,1.62,3.36,5.18,0.82,1.63,1.72,2.41,2.48,1.69,5.98,1.68,3.35,1.68,3.35,6.71,4.26,1.64,2.51,1.68,3.36,1.63,0.81,0.85,0.82,1.71,0.83,0.86,3.29,5.79,2.52,2.57,0.84,0.84,1.58,2.55,3.31,2.54
9	99190833	99191637	ACATATAT	1.67	HG03039:2.48	0.84,0.85,0.83,0.83,0.86,0.83,0.79,2.48,0.86,0.84,0.85,0.78,2.37,0.83
1	4362598	4363459	AACGG	1.65	HG03039:1.65	6.96,1.65,0.85
4	42556922	42557016	AGAT	1.65	HG03039:1.65	1.94,1.65
5	35750643	35751460	ACGTATATATAT	1.65	HG03039:1.65	1.66,1.65,0.86
10	3513104	3513348	AGAGGG	1.65	HG03039:1.65	1.65,1.58
1	2055692	2055880	AACTACCGCCGTGACCCT	1.65	HG03039:1.65	1.65,0.86,0.81
1	35667990	35668302	AT	1.65	HG03039:1.65	1.65,0.85
2	141118919	141119299	AT	1.65	HG03039:1.65	1.65,0.85
3	189029805	189030051	AAAGAAAGAAAGAAGG	1.65	HG03039:1.65	1.65,0.84
10	99930103	99930419	ACGGGAGAGGGAGAGGGAG	1.65	HG03039:1.65	1.65
11	46175175	46175176	AC	1.65	HG03039:1.65	1.65
11	69687438	69687449	AACCCATCACACCCACCTG	1.65	HG03039:1.65	1.65
1	172280122	172280123	AC	1.65	HG03039:1.65	1.65
12	112862780	112862781	AC	1.65	HG03039:1.65	1.65
1	213299226	213299227	AATGG	1.65	HG03039:1.65	1.65
13	56281550	56281551	AAAT	1.65	HG03039:1.65	1.65
15	36911582	36911583	AGAT	1.65	HG03039:1.65	1.65
15	87578121	87578147	ACACACATGCAT	1.65	HG03039:1.65	1.65
2	143891629	143891630	AGAT	1.65	HG03039:1.65	1.65
2	183658615	183658616	AC	1.65	HG03039:1.65	1.65
2	28249302	28249338	AAATATATATTTATATAT	1.65	HG03039:1.65	1.65
2	86789401	86789402	AACCCT	1.65	HG03039:1.65	1.65
3	107850989	107850990	AC	1.65	HG03039:1.65	1.65
3	11142395	11142396	AAAG	1.65	HG03039:1.65	1.65
3	128441687	128441688	AC	1.65	HG03039:1.65	1.65
3	197789240	197789259	ACGGGAGAGGGAGAGGGAG	1.65	HG03039:1.65	1.65
4	181656802	181656803	AGAT	1.65	HG03039:1.65	1.65
7	92626869	92626870	AAGG	1.65	HG03039:1.65	1.65
8	12764672	12764673	AAAT	1.65	HG03039:1.65	1.65
8	30319303	30319304	ACACCCGCCCC	1.65	HG03039:1.65	1.65
9	31741794	31741795	AATGG	1.65	HG03039:1.65	1.65
13	26039652	26040162	AAAG	1.65	HG03039:1.65	1.61,1.65,0.85
11	65013662	65013970	AT	1.65	HG03039:1.65	0.87,1.57,1.65
11	11267855	11268759	ACACAGAGAGAGAGAGAGAG	1.65	HG03039:1.65	0.86,0.82,1.65
X	2132341	2132543	AAGGAAGGAAGGGAGG	1.65	HG03039:1.65	0.85,1.65
21	46972943	46973441	ACGCCCCATCCCAGTCCCCC	1.65	HG03039:1.65	0.84,1.65,0.86
1	175386450	175386493	AAAG	1.65	HG03039:1.65	0.84,1.65
11	68032163	68032362	ACCCCCCCCCCCCCCCCCCC	1.65	HG03039:1.65	0.83,1.65
2	207490469	207490477	AAAT	1.65	HG03039:1.65	0.83,1.65
17	11481524	11481768	AATATATATATATG	1.65	HG03039:1.65	0.82,1.65
15	26275444	26275695	AAAG	1.65	HG03039:1.65	0.79,1.65,0.79
3	68168785	68169877	AAAG	1.64	HG03039:2.48	0.84,1.73,5.77,0.84,0.84,0.86,2.48,0.85,0.86,0.87,5.13,5.01
10	70878731	70878884	AT	1.64	HG03039:1.65	0.86,0.83,1.65
11	37212274	37212441	AG	1.63	HG03039:1.65	2.57,0.83,1.71,1.65
11	62880234	62880861	AT	1.63	HG03039:1.65	0.82,0.82,1.65,0.85
22	46961841	46964307	AACCCACTCCCATGATAACT	1.62	HG03039:15.72	12.25,6.53,7.33,5.82,10.02,6.66,9.97,4.16,6.68,10.03,11.17,2.51,1.68,9.15,7.66,5.05,14.81,9.04,12.22,7.24,12.31,5.12,6.83,6.92,3.29,7.21,6.68,8.12,14.51,9.25,4.84,4.22,12.76,13.82,7.35,12.58,6.60,8.96,11.04,2.54,7.33,12.88,6.72,7.57,7.57,9.35,7.80,7.72,9.94,6.62,7.23,8.26,5.93,10.74,7.03,6.49,7.69,7.55,2.51,9.89,6.61,12.09,13.45,6.65,7.53,8.39,4.26,4.93,7.54,14.32,6.02,9.15,7.36,9.16,7.76,7.56,4.90,4.21,12.10,11.65,13.90,6.09,11.32,12.89,11.50,10.59,8.96,4.27,13.97,11.63,5.15,9.85,9.39,4.14,8.33,8.64,9.21,8.21,12.16,16.17,5.83,7.71,8.24,6.71,4.14,5.80,5.02,8.52,14.15,6.86,7.52,10.45,8.37,13.97,6.64,6.85,15.72,17.13,4.96,5.75,7.68,12.31,10.91,8.58,7.71,8.35,5.06,5.94,4.36,13.54,3.38,5.99,4.20,10.17,10.63,15.67,7.56,10.87,5.86,9.15,5.90,11.96,5.01,13.40,8.14,3.40,11.58,9.98,12.73,8.47
19	3333069	3333180	AAGGAAGGAGGGAGGG	1.62	HG03039:1.65	1.65,0.83,0.94,1.65
11	375131	375990	AAGGGAGGGAGGAGG	1.60	HG03039:14.07	1.63,6.53,5.70,9.98,0.83,1.66,5.82,6.66,3.34,5.85,0.80,5.85,1.68,4.16,0.85,5.05,5.76,1.63,0.80,4.92,5.12,0.85,2.60,5.75,2.40,4.17,1.62,4.03,4.21,3.87,7.59,5.95,3.46,4.09,4.19,3.30,0.81,3.94,1.69,0.81,6.01,5.04,7.57,16.81,2.55,1.73,2.57,8.28,13.66,9.08,1.69,7.81,8.92,7.69,4.19,16.76,5.77,2.83,3.45,6.73,8.32,3.35,5.87,3.41,4.11,5.02,4.21,10.33,5.82,3.27,5.00,4.31,3.36,4.08,3.23,3.58,0.87,11.32,2.42,9.03,10.59,2.44,5.98,9.04,0.82,5.12,0.83,9.16,1.73,0.84,1.64,3.24,5.11,0.83,1.71,7.42,7.55,4.14,15.74,0.84,4.26,13.36,1.71,7.52,1.74,1.67,8.30,6.85,14.07,2.57,3.31,2.47,4.27,2.46,5.04,2.57,3.34,5.94,5.23,0.85,9.24,3.39,2.45,12.37,4.66,15.07,2.50,2.53,0.85,1.67,11.04,8.14,3.40,5.79,2.49,11.88,1.69
10	25529646	25530728	AAGAG	1.60	HG03039:2.48	0.84,2.57,0.87,1.66,2.48,0.86,0.87,0.86,0.85,1.64,3.33,0.79,0.85
5	166622617	166623973	ACACACATATATATAT	1.59	HG03039:4.14	0.84,2.36,5.22,1.75,2.57,4.14,3.36,1.72,1.67,2.55,2.54,1.69,2.45,1.68,3.11,2.50,0.84,0.79,5.69,0.85,2.48
15	20861663	20862411	AT	1.59	HG03039:2.48	0.83,1.66,0.87,2.48,0.82,0.87,0.85,1.71,1.68,3.30,3.33
16	25035357	25035415	AT	1.59	HG03039:1.65	0.85,0.82,0.84,0.83,1.65
7	20750929	20752132	AAAG	1.58	HG03039:3.31	0.82,0.82,0.81,0.85,0.82,0.83,1.72,1.68,1.68,1.66,1.65,0.80,0.81,1.68,0.84,1.69,1.74,0.81,4.93,2.46,0.86,0.82,0.83,0.81,0.83,1.57,0.86,0.84,2.62,1.66,3.31,0.82,0.85,0.83,0.85,2.51,0.81,0.83
4	25452871	25453482	AGGG	1.58	HG03039:2.48	1.68,0.84,0.90,1.68,2.48,0.84,0.85,1.64,3.33,2.53
6	154133148	154133846	ACATATATACATATATAT	1.58	HG03039:1.65	0.86,1.65,0.86,0.85,1.70
14	106153583	106154221	AC	1.58	HG03039:1.65	0.81,0.86,0.85,0.82,1.65
6	116279082	116280446	AAAG	1.57	HG03039:9.10	4.90,4.99,4.16,6.68,2.51,5.11,8.15,0.83,0.81,6.77,0.84,6.49,0.84,3.33,10.04,8.21,12.56,5.05,4.30,9.07,5.87,4.72,4.18,2.61,9.10,4.93,2.55,0.85,2.52,0.82,9.27,5.10,2.49
12	126011057	126012424	AAGGGTGGATGGGTGGATGG	1.57	HG03039:3.31	0.82,0.83,0.83,0.83,0.80,0.83,0.85,2.41,0.87,1.64,0.80,0.83,3.25,0.84,1.69,0.86,0.84,0.84,0.85,0.87,1.65,0.83,1.62,0.85,0.84,0.84,0.86,0.83,0.84,0.85,1.64,0.84,0.82,0.83,1.68,1.69,1.61,0.90,2.61,0.81,1.64,0.81,0.81,0.82,1.66,0.86,0.82,0.85,0.84,0.81,0.85,0.86,1.68,0.83,0.79,0.86,0.87,2.51,3.31,1.71,0.82,0.86,0.85,0.84,0.82,1.65,0.78,0.84,0.85,0.84,0.79,0.85
3	141197168	141198230	AAGAAGAAGAGG	1.56	HG03039:3.31	2.49,0.85,1.68,0.81,0.84,0.82,1.73,0.84,20.71,0.84,1.66,3.31,4.28,2.54,2.52,2.44
1	2052835	2053340	AACTACCACCGTGACCCT	1.55	HG03039:1.65	0.81,0.84,1.65,0.82,0.85
19	15784071	15785761	AATGAGTGAGTGAGGAGAGG	1.54	HG03039:12.41	8.16,1.63,1.63,9.15,6.68,4.16,9.14,1.67,0.83,4.18,11.17,9.19,0.84,3.33,3.40,5.89,1.65,3.29,10.59,8.05,0.82,5.97,3.42,5.19,4.93,0.80,5.84,4.87,4.84,1.68,6.78,7.59,5.95,2.59,1.63,2.52,3.30,2.44,0.79,1.69,10.59,1.72,1.68,4.20,9.54,4.29,9.11,4.96,6.43,9.91,5.93,2.48,6.25,11.35,9.40,4.19,3.30,5.66,5.18,3.36,2.50,5.86,4.19,9.37,7.39,1.67,1.68,12.05,16.64,1.63,1.67,1.73,4.20,3.27,11.80,2.42,3.58,2.61,3.48,4.04,3.22,7.39,7.33,6.51,5.98,13.14,4.15,5.15,6.56,8.54,4.14,3.33,3.46,1.67,1.64,11.35,3.40,0.83,1.71,4.20,4.14,2.48,3.35,6.82,1.57,2.51,3.35,2.62,6.64,3.42,12.41,0.86,3.31,5.75,3.41,6.57,0.84,4.29,2.57,0.84,4.22,3.40,1.74,3.38,1.69,2.57,0.85,1.64,14.84,9.24,1.55,5.02,4.16,0.84,3.42,0.84,1.58,1.63,5.10,4.14,4.99,0.85,2.54
X	85847870	85848247	AAAAT	1.54	HG03039:1.65	0.86,1.65,1.69,2.51,0.85
X	96216847	96217727	ACATATATATAT	1.53	HG03039:1.65	1.65,1.64,2.52,3.40,0.85
8	132565501	132566638	ACACATATATATAT	1.51	HG03039:2.48	2.50,0.83,1.57,5.02,0.83,2.48,3.40,0.85,0.84,0.83,5.01
17	79910319	79910855	AGAGGAGGAGGGGAGGG	1.51	HG03039:2.48	0.83,0.85,0.80,0.82,0.85,1.73,3.20,0.81,0.81,0.83,1.56,0.84,1.67,0.81,1.68,0.83,0.84,0.79,2.48,0.84,0.78
4	169217894	169218969	AAAG	1.49	HG03039:10.76	0.85,0.84,6.71,7.45,4.97,10.48,9.96,10.76,15.11,13.53,1.67,16.27
8	9140410	9140675	AAGGG	1.46	HG03039:1.65	0.84,0.84,1.65,1.71,3.30,1.70
11	133010147	133011066	AAG	1.45	HG03039:2.48	0.83,0.80,0.82,0.85,0.87,0.81,0.86,0.84,1.68,0.85,0.82,0.84,0.81,0.85,0.83,0.82,0.83,0.85,2.51,0.87,0.83,0.86,2.48,4.18,1.69,3.42,0.82,0.84,0.84,0.85
9	107803586	107803842	AT	1.44	HG03039:1.65	0.82,0.82,0.82,1.65,1.71,0.85
15	79350875	79352339	AAGGATAGGGAAGGGAAGGG	1.41	HG03039:4.96	0.82,0.83,0.84,1.67,0.84,0.83,5.96,0.82,0.82,0.85,0.85,1.68,5.90,3.40,0.86,1.65,3.15,2.54,2.44,1.68,2.52,1.68,0.87,0.86,0.83,1.61,2.48,0.85,0.83,0.85,0.83,0.84,5.75,1.67,3.27,3.33,1.73,0.84,2.45,3.37,2.42,2.69,0.81,0.81,0.81,1.63,0.85,0.82,0.86,1.71,1.65,0.83,3.29,0.85,3.30,2.52,4.14,1.67,0.85,5.50,0.86,1.75,2.57,4.96,3.29,0.85,1.72,0.86,0.84,1.69,1.70,1.69,2.52,0.82,1.65,0.84,1.55,1.67,0.83,0.84,0.85,0.84,2.37,2.44,0.83,2.49,0.85
8	68071582	68072624	AAAAG	1.41	HG03039:3.31	0.83,0.84,0.81,0.97,1.68,2.54,1.63,0.86,1.70,2.49,0.83,0.85,0.86,0.86,0.82,4.03,0.90,1.74,2.56,1.71,9.51,0.83,1.67,0.86,3.31,1.65,0.85,4.24,0.82,1.55,0.84,0.84,0.79
2	142909693	142911021	AAAAG	1.40	HG03039:4.14	1.67,0.83,2.47,0.82,1.71,3.29,0.81,0.97,1.73,8.96,0.85,3.31,3.36,0.86,0.84,5.16,1.66,1.61,3.58,1.62,0.81,4.14,2.50,0.83,1.67,1.74,0.84,1.66,4.14,1.71,1.71,0.86,1.68,0.83,0.81,1.70,0.83
6	34666881	34667389	ACGGGAGAGGGAGAGGGAG	1.40	HG03039:3.31	0.84,0.85,2.44,0.83,0.85,0.84,1.65,2.52,0.84,4.90,3.48,0.81,0.82,0.82,0.82,1.67,1.70,0.83,0.86,1.65,0.84,0.79,0.86,1.71,3.31,0.86,2.47,0.84,0.85,1.69,1.71,0.78,0.84,0.79,2.49
7	158440874	158441096	AAATGGACTACAACCACGAC	1.40	HG03039:1.65	0.83,0.84,0.78,0.82,0.84,1.65,0.85
3	122870100	122871455	AAGGAAGGCAGGCAGG	1.39	HG03039:14.89	0.82,0.83,0.83,0.83,0.84,1.68,0.85,0.80,0.85,0.82,0.83,0.85,0.82,1.68,2.48,0.86,0.83,0.83,0.83,0.78,0.81,0.83,1.70,3.29,0.86,0.82,1.79,0.83,0.83,0.81,18.00,2.47,9.94,9.94,0.84,11.08,11.00,1.71,11.70,15.67,5.24,10.79,14.89,7.71,7.45,8.22,0.85,13.13,9.43,0.86,15.87,10.19,12.21,0.85,9.30,2.57,10.17,3.27,13.19,15.96,11.72,12.48,13.48,11.11,27.58,0.79,6.79,12.41,12.47,6.79,6.77
5	115493304	115494549	ACGGAGAGAGAGGAG	1.39	HG03039:6.62	0.82,3.26,3.33,0.83,2.50,3.32,2.50,0.83,5.85,0.84,2.50,0.85,2.52,2.47,0.82,1.63,1.61,1.64,1.71,1.71,0.82,1.60,2.50,2.43,1.61,2.90,0.84,7.78,4.09,0.81,2.37,2.54,0.86,1.68,2.60,0.86,1.66,0.83,1.65,6.25,1.62,2.52,0.82,1.89,2.59,2.52,2.51,0.84,1.70,4.93,2.51,1.68,1.66,2.45,2.50,1.73,3.36,1.63,2.53,0.87,0.81,0.81,1.64,0.85,4.11,1.66,0.86,2.46,4.27,1.65,2.50,3.46,0.82,2.43,0.85,5.83,0.86,2.47,2.52,4.14,7.45,4.19,0.85,8.65,0.86,2.51,1.74,3.35,2.62,2.49,4.28,6.62,0.86,4.96,4.11,4.93,1.68,2.57,0.84,2.53,2.55,0.87,1.69,5.07,3.42,1.68,1.69,3.27,2.47,2.52,0.78,4.19,1.66,0.84,4.73,4.88,2.55,4.14,4.16,0.85,2.54
11	14181475	14181818	AAATATATATATAT	1.39	HG03039:1.65	0.83,0.84,0.86,1.67,1.65,0.86,3.37
7	89674524	89675138	AT	1.38	HG03039:2.48	0.84,0.82,1.63,0.83,3.35,0.79,2.57,0.84,2.48,0.82,0.85,1.71,0.84,0.85,0.85,0.86,1.69,1.55
1	1540554	1542141	ACACCTGACCAGCCCAGCCC	1.37	HG03039:3.31	0.83,0.83,0.84,1.68,0.81,1.61,1.64,0.85,0.83,0.84,0.97,0.84,0.82,0.84,2.48,0.81,0.79,0.84,1.68,0.84,0.85,0.87,0.86,2.41,0.83,0.85,0.83,0.81,0.84,2.52,0.84,0.84,0.83,0.84,1.63,1.69,1.61,2.43,1.61,0.82,0.85,0.83,0.86,0.85,0.83,1.67,0.86,0.82,0.86,1.66,0.84,1.70,0.79,1.67,0.87,0.84,1.66,0.86,3.31,0.85,0.82,0.84,1.72,0.86,0.84,1.69,0.85,0.87,0.84,2.54,0.82,3.88,0.84,1.66,1.67,0.79,0.81,1.70,1.65,1.66,0.85,0.85
12	95757060	95757488	AT	1.37	HG03039:1.65	0.81,1.62,0.84,0.87,0.84,1.65,1.65
1	9999	10438	AACCCT	1.31	HG03039:2.48	0.84,3.29,0.82,0.81,0.80,0.81,0.81,1.58,0.84,0.83,0.83,0.85,0.94,0.83,0.85,0.82,0.86,1.63,0.83,0.81,0.84,0.81,0.86,1.68,0.84,0.83,0.86,2.48,1.71,0.83,0.84,0.84,0.85,0.85,0.85,0.82,1.68,0.84,0.83,1.58,0.81,0.85
5	179540658	179541083	ACGGAGGGAGCGGGGATGG	1.30	HG03039:2.48	0.82,1.63,0.83,0.83,0.83,0.83,0.80,0.85,0.85,0.81,0.84,0.83,0.84,1.67,0.84,0.86,0.83,0.82,0.83,0.87,0.81,0.85,0.82,1.62,1.71,1.68,0.84,0.84,1.75,2.48,0.82,0.85,0.85,0.85,0.82,0.84,1.71
13	93883150	93883924	AT	1.30	HG03039:1.65	0.83,1.68,0.82,0.86,1.65,1.68,0.78,0.85
2	102923779	102924237	AAAG	1.28	HG03039:1.65	0.79,0.87,0.83,0.81,0.85,1.65,0.85,0.85
17	80807225	80808832	AACAACAGCACAGCC	1.27	HG03039:6.62	1.63,1.63,1.63,0.83,2.49,2.50,1.67,0.84,0.80,2.51,0.84,4.99,2.55,0.84,1.65,2.47,2.44,1.61,3.41,0.85,0.87,1.64,0.80,1.67,6.49,0.84,0.97,2.53,3.40,7.78,1.63,3.35,1.65,0.81,2.37,2.54,0.81,0.86,2.52,2.52,2.52,0.85,0.87,2.57,4.14,3.21,3.30,2.54,2.48,2.34,3.24,3.42,0.84,2.51,4.12,1.89,0.86,0.84,3.33,3.35,0.84,1.70,0.84,0.84,0.86,6.66,1.63,0.83,0.86,0.84,1.63,2.53,0.81,1.79,1.74,4.35,1.62,1.61,4.11,0.81,2.44,4.27,4.11,1.66,0.86,0.82,1.71,1.65,2.50,1.67,3.29,0.81,1.70,1.67,0.86,2.47,6.71,2.48,2.48,3.35,0.85,3.14,2.57,1.67,0.87,0.84,1.75,1.66,1.71,6.62,2.57,3.29,2.56,2.46,1.68,0.86,0.86,2.51,1.69,0.85,7.85,0.85,0.86,2.52,5.08,0.82,4.12,5.04,2.33,1.67,3.33,3.37,1.71,3.34,3.15,0.81,5.94,3.31,4.16,0.85,4.23
11	132884626	132885775	AAGG	1.27	HG03039:6.62	0.82,1.63,3.33,0.83,1.66,0.83,2.50,2.50,1.67,7.18,0.84,3.35,0.84,4.11,2.47,1.61,3.28,2.56,1.71,0.87,0.82,0.80,5.01,4.06,1.61,2.52,1.94,1.69,1.70,3.27,0.84,2.48,3.26,0.79,1.69,1.72,0.84,1.68,1.73,1.71,0.83,0.83,0.80,4.13,2.54,0.83,0.81,2.56,1.68,0.84,3.30,0.94,2.59,5.04,0.83,1.67,1.68,0.85,1.64,1.67,3.37,3.44,0.83,0.82,2.50,1.73,1.68,0.81,3.48,5.22,2.43,1.61,3.28,2.44,3.26,0.85,2.49,0.82,1.71,3.31,2.50,0.86,0.84,3.29,2.43,2.55,2.50,3.43,2.47,5.87,0.83,2.48,5.02,4.26,3.14,6.86,4.18,0.84,3.49,0.83,1.71,6.62,1.71,2.48,6.58,8.53,4.10,5.88,1.72,0.86,1.67,5.09,4.36,4.23,2.57,0.84,0.82,1.65,4.66,0.84,3.33,1.69,2.56,4.18,4.07,1.70,4.96,4.16,2.55
4	49127789	49131215	AATGG	1.27	HG03039:5.79	0.82,1.63,2.49,2.50,2.49,0.83,0.83,4.18,0.80,0.84,4.16,0.84,5.75,0.81,0.80,0.82,2.60,1.67,2.52,1.70,0.82,2.52,4.13,2.44,0.79,3.39,0.86,3.36,1.68,1.68,2.55,0.87,5.14,4.14,2.48,0.80,0.83,0.85,1.65,0.78,2.52,1.68,1.65,1.89,1.66,1.68,0.85,3.29,2.50,1.63,4.16,0.86,1.63,1.69,0.81,1.74,1.62,4.11,0.81,0.81,0.85,0.82,0.83,1.72,1.64,0.85,0.83,3.33,5.19,2.46,2.43,0.83,0.86,2.47,2.52,0.83,0.83,0.84,2.56,3.93,2.57,2.61,1.75,0.83,4.28,5.79,5.14,1.64,0.85,3.28,3.36,2.57,0.84,5.06,0.85,0.87,1.69,5.99,1.68,1.69,0.82,0.82,1.68,3.11,3.35,0.83,4.21,2.56,1.67,1.58,2.44,0.83,0.83,0.85
17	41394242	41394953	AGG	1.27	HG03039:3.31	0.82,0.80,1.70,0.81,2.41,0.82,1.71,0.85,0.81,1.72,1.68,0.85,0.87,2.48,0.80,0.83,1.71,0.84,0.84,0.82,0.85,2.46,2.51,0.83,1.73,1.68,0.84,0.81,3.26,0.86,0.86,2.51,0.87,4.15,0.86,3.31
6	134553167	134554044	AAAG	1.26	HG03039:4.96	0.81,6.86,4.96,4.93,8.49,21.19,17.55,5.79
15	39087521	39087909	AAAG	1.23	HG03039:1.65	0.83,0.79,1.65,0.82,1.71,0.85,0.84,0.85
11	26895283	26896170	AAAG	1.22	HG03039:1.65	0.83,4.28,0.84,2.57,1.65,2.57,4.07
9	140275844	140277091	ACCTCCTCCCCGCGCCCTC	1.21	HG03039:3.31	0.81,0.85,2.50,0.84,0.97,1.61,0.84,0.85,0.82,0.86,0.82,1.66,0.83,0.79,2.57,0.84,2.49,2.57,3.31,1.71,1.64,0.86,0.84,0.87,0.85,1.71,2.50,2.49,4.24
6	29968305	29969137	AAGG	1.21	HG03039:1.65	0.80,0.86,1.71,1.75,0.86,1.65,1.68,0.84
14	65363434	65364070	ACGGGAGAGGGAGAGGGAG	1.20	HG03039:6.62	1.61,2.46,3.20,2.53,2.55,2.59,0.82,6.60,6.51,1.69,0.81,0.86,4.20,0.85,3.31,0.83,0.80,0.85,0.84,0.82,2.50,4.31,0.84,4.08,0.81,0.90,6.08,6.09,0.81,2.46,0.81,0.81,2.56,0.83,0.86,1.64,0.83,4.19,2.43,1.70,1.65,0.84,1.66,1.66,1.67,2.56,4.72,0.86,3.34,1.74,0.87,0.83,4.28,6.62,3.43,1.65,1.71,6.57,0.84,5.01,1.74,0.85,1.69,0.86,0.84,5.72,3.30,0.78,0.84,0.83,5.90,5.98,1.67,3.94,4.88,4.25,1.65,0.83,2.55,1.69
7	6461149	6461620	AGCGCGGGCGGCGCAGGC	1.18	HG03039:4.14	0.82,1.67,0.83,0.83,3.34,2.39,1.67,0.84,4.25,0.82,0.82,2.56,2.60,0.82,0.80,0.84,0.84,0.85,2.52,1.72,0.84,1.70,0.86,0.80,0.83,0.85,0.83,0.78,0.85,0.84,0.94,0.83,9.20,1.70,0.84,0.83,0.82,1.67,2.42,6.27,3.48,1.74,0.81,0.82,0.83,0.86,0.82,0.83,2.59,0.84,0.82,1.62,0.85,1.71,1.68,0.83,2.51,0.85,1.57,0.86,0.87,0.84,0.87,0.83,1.71,4.14,1.71,0.83,0.82,0.82,1.72,2.57,0.84,1.70,1.74,0.85,2.57,0.84,4.24,1.65,0.84,0.78,0.85,0.84,0.81,1.65,0.83,0.85,2.54
4	114814660	114815618	ACATATATATAT	1.18	HG03039:1.65	2.47,0.84,2.51,1.71,1.65,1.68,0.87,0.85
17	43294437	43294712	AAGG	1.18	HG03039:1.65	1.57,1.67,1.65,0.86,0.84,2.54,0.84,2.48
4	138816009	138817479	AAAGGAAGGGAAGGGAAGGG	1.17	HG03039:13.24	4.90,0.82,6.51,9.98,4.17,4.99,2.49,14.99,5.84,10.03,14.36,15.03,8.38,6.66,5.11,0.84,4.94,9.04,11.41,5.63,6.57,5.98,0.87,9.04,8.81,2.50,4.06,12.89,0.84,3.37,1.73,4.13,4.89,0.79,2.54,7.57,2.49,0.83,11.01,13.22,10.94,6.49,1.71,5.03,10.05,4.94,2.83,12.61,10.81,5.02,5.87,10.22,0.82,13.40,7.74,0.83,0.84,6.96,0.81,0.81,6.62,6.05,11.50,10.00,2.47,5.03,7.45,0.83,0.85,6.86,2.51,3.48,9.20,3.49,2.49,3.42,13.24,5.75,5.04,6.85,4.18,3.38,4.24,8.46,1.69,5.13,3.27,2.47,0.84,1.69,3.42,5.01,4.73,1.65,1.70,5.08
2	235297029	235298633	AAAACCTAGGCTAGAAG	1.16	HG03039:43.03	34.29,23.66,26.87,19.96,41.73,28.29,37.40,20.82,25.05,22.57,42.28,30.90,35.18,35.78,28.93,28.61,41.13,31.23,26.89,27.37,27.91,29.86,36.74,27.68,34.52,24.84,44.24,31.65,28.20,36.17,29.04,29.51,31.47,25.05,34.32,34.38,23.10,53.74,35.49,25.41,34.23,33.48,32.76,24.38,32.78,33.16,31.22,33.43,25.68,28.95,20.89,19.81,27.95,23.14,22.66,17.84,27.33,24.33,30.16,24.72,26.43,31.95,20.18,29.94,39.33,30.19,25.55,27.10,35.17,25.26,36.14,26.62,30.24,36.64,34.50,26.89,30.21,32.02,30.66,45.70,24.33,27.85,32.35,41.89,25.45,35.04,31.75,24.78,30.40,28.24,49.76,29.54,28.18,32.26,39.14,38.90,41.04,23.82,26.76,28.08,40.82,41.13,28.84,31.89,25.67,32.30,35.16,28.13,26.72,27.43,24.24,30.47,28.44,27.93,26.56,22.25,43.03,33.41,38.89,23.02,30.73,31.19,37.77,26.59,25.70,36.75,32.91,27.16,38.39,17.77,26.22,30.81,27.73,27.97,28.62,32.98,33.60,20.96,32.65,29.11,37.08,22.22,25.91,29.17,43.93,40.77,25.65,21.62,23.76,24.56
20	49282188	49283239	AAAGG	1.16	HG03039:14.89	17.63,14.21,14.89,16.28,4.96,11.49,7.52,16.13,16.35,14.02
9	127196522	127196823	AG	1.16	HG03039:1.65	2.52,1.70,0.87,1.65,1.68,1.71,0.84,0.83
2	57947105	57947499	AAAG	1.16	HG03039:1.65	1.67,0.85,0.84,0.80,0.86,1.69,0.86,0.84,1.65
19	6994909	6995907	ACC	1.15	HG03039:10.76	8.16,4.08,3.26,5.82,5.84,4.99,5.82,3.33,3.34,9.19,3.19,3.34,7.54,2.50,6.81,5.89,2.47,4.11,6.52,4.02,5.75,3.41,5.13,0.87,1.64,8.01,12.52,7.30,8.06,7.57,2.90,5.06,9.36,6.91,4.09,1.68,0.83,3.26,6.31,5.93,1.63,2.58,3.36,4.20,1.68,5.95,3.47,8.57,3.31,0.83,5.63,0.83,5.93,8.26,10.94,0.81,4.27,5.87,7.54,2.47,4.72,0.86,5.88,4.16,5.02,0.84,0.85,5.75,2.51,4.21,2.58,4.16,8.17,10.82,8.63,6.72,8.17,4.21,4.03,8.07,6.08,3.48,7.28,4.03,4.11,9.78,4.89,5.13,2.46,4.15,2.57,9.85,6.83,5.79,5.00,4.32,3.35,2.46,4.05,8.51,1.67,5.14,1.65,1.68,6.63,4.14,7.54,2.56,4.72,6.86,1.67,8.70,5.02,6.11,5.81,8.56,10.76,6.00,2.48,1.64,8.53,9.03,5.88,6.00,6.00,3.34,6.75,5.09,4.36,8.46,3.38,2.57,3.36,6.78,5.72,6.60,4.20,2.33,6.70,10.81,6.74,3.42,10.87,9.46,8.14,0.85,5.79,4.16,3.39,4.23
19	23943966	23944930	AAGG	1.15	HG03039:5.79	1.63,0.81,0.86,1.68,0.85,0.80,0.84,5.16,5.82,0.83,1.61,0.85,3.43,3.30,2.48,3.49,5.79,2.47,1.68,0.84,4.36,5.92,3.36,6.54,4.66,1.71,12.54,5.69,14.13,2.54
17	5226410	5227601	AATATATATATATATCTAGG	1.15	HG03039:5.79	0.82,1.63,4.99,1.67,3.33,5.85,0.80,4.18,4.25,6.73,1.61,2.56,1.64,4.01,7.30,1.61,3.36,3.37,0.86,5.72,2.52,1.65,2.37,4.23,2.58,2.52,2.60,3.43,3.39,0.78,0.84,2.83,0.86,2.51,2.53,2.58,2.45,0.83,0.86,1.63,1.69,1.61,3.58,2.61,3.23,1.63,2.56,3.33,4.32,3.24,2.48,4.19,0.87,0.87,5.79,0.85,10.02,0.85,1.69,1.68,0.78,4.25,0.83,0.85,4.23
7	35083371	35086361	AATGGTGAGGGGCACTGGGG	1.11	HG03039:19.03	10.61,8.16,8.96,13.30,7.51,2.50,12.47,2.50,7.51,5.85,4.79,5.01,18.43,8.32,14.46,6.73,6.58,7.40,5.70,5.63,5.75,10.24,11.11,11.25,9.04,5.61,12.52,14.61,4.84,7.57,6.78,6.80,2.59,5.72,5.03,7.43,4.89,11.04,5.93,2.44,7.73,10.08,4.20,0.84,5.10,6.07,14.57,11.60,5.79,11.25,4.13,6.77,9.09,12.50,5.67,1.71,5.03,9.22,12.36,5.66,1.73,9.25,17.47,17.57,2.52,5.11,13.14,10.05,6.74,11.19,9.98,6.54,5.83,9.49,5.88,8.17,6.74,10.49,11.65,11.30,2.61,12.94,11.28,8.21,14.67,13.84,6.84,9.04,7.47,11.15,8.21,5.12,7.44,3.33,6.05,9.21,4.93,9.73,4.25,7.50,5.14,9.07,15.10,8.28,19.88,8.37,7.67,9.43,4.29,0.84,7.83,8.37,5.24,8.30,8.56,19.03,6.85,9.10,10.69,6.83,13.13,16.79,11.15,11.99,7.52,5.06,11.88,5.23,11.00,10.99,10.27,9.24,11.86,20.44,10.72,10.08,12.42,20.09,13.31,3.37,14.53,17.55,7.10,21.97,9.34,10.75,19.12,9.34,7.62
19	16041273	16042393	AATGAGTGAGCGGGGAGAGG	1.10	HG03039:11.58	7.34,8.31,0.80,8.32,4.11,1.63,1.64,0.85,1.73,0.82,1.67,2.42,3.36,4.84,10.21,1.73,0.83,12.21,1.58,0.81,1.68,2.52,5.10,1.73,1.65,1.69,1.65,3.13,2.52,4.12,1.89,3.45,4.16,0.84,11.07,0.82,0.84,0.86,4.16,6.66,3.23,4.34,0.87,1.62,4.03,1.64,9.78,1.63,1.71,5.75,1.66,7.72,4.92,2.56,1.65,5.86,4.86,10.00,10.91,5.80,8.37,0.79,5.14,1.67,12.84,11.58,2.57,6.83,7.39,9.23,2.51,11.04,10.47,10.15,3.38,0.85,14.28,7.76,11.72,4.21,3.42,8.36,5.69,5.10,0.85
GL000220.1	144057	145133	AATAC	1.09	HG03039:3.31	1.66,0.80,0.82,0.82,0.84,0.84,0.83,0.79,0.84,0.85,0.87,0.86,0.83,0.80,1.65,1.69,2.34,0.84,0.82,0.84,1.67,0.82,0.83,0.82,2.42,0.90,2.61,0.81,0.81,0.82,1.63,0.82,1.71,4.32,0.85,2.52,0.84,3.93,6.00,0.84,3.31,0.82,1.71,0.84,2.57,0.84,1.64,0.82,0.78,0.83,0.85,0.81,1.70,1.65,0.85
4	1650310	1651079	AAGGGG	1.09	HG03039:1.65	0.83,0.85,0.85,0.82,0.86,1.65,0.85,0.84,1.71,1.63
10	524306	524783	AGAGGGGCGGGGCGG	1.08	HG03039:4.96	1.63,1.68,2.50,1.64,1.67,1.65,2.48,1.71,1.67,3.48,3.32,4.96,3.43,5.75,8.39,1.67,0.84,3.40,3.49,2.54,3.38,0.86,1.68,4.09,4.95,0.84,0.78,3.37,1.71,8.36,7.88,0.81,2.55,0.83,0.83,1.70,1.69
4	18838288	18839354	AAG	1.08	HG03039:4.14	0.83,0.83,1.67,1.67,2.51,0.83,0.85,0.84,2.47,0.82,0.81,0.80,0.82,3.46,0.82,0.80,1.94,0.84,0.86,0.84,0.79,0.85,0.86,0.84,2.52,2.55,7.80,1.65,6.60,0.78,1.68,1.65,0.86,0.84,0.84,0.84,0.84,2.58,1.63,2.59,0.82,0.81,1.79,0.87,0.81,1.64,4.93,1.72,0.86,0.82,1.67,1.71,9.94,0.83,0.84,2.51,2.62,4.14,0.86,0.85,2.46,0.84,0.86,2.51,4.36,1.69,0.85,0.82,0.78,1.66,1.71,0.84,0.85
22	47776301	47777741	ACCTCTCCCCGGCTCCCC	1.08	HG03039:2.48	1.63,1.63,1.68,0.85,0.82,0.80,1.73,3.34,0.84,1.94,0.84,0.84,0.80,0.85,0.78,1.62,0.86,0.84,0.84,0.83,0.81,0.83,0.86,0.84,2.48,0.86,1.71,0.87,1.67,0.84,0.85
9	74342683	74343614	AT	1.08	HG03039:2.48	0.84,2.55,0.81,0.85,0.81,0.84,0.85,0.83,0.78,0.84,0.82,1.66,0.81,2.44,0.82,2.48,1.70,0.83,2.36,0.86,2.48,0.85,2.51,0.84,0.84,0.79
2	106451341	106451937	AT	1.07	HG03039:2.48	0.83,0.84,0.82,0.82,0.82,0.82,1.61,0.84,0.85,0.81,0.80,0.85,1.65,0.85,1.68,0.94,0.82,0.86,0.87,0.81,0.82,1.66,0.79,0.87,2.48,0.85,0.86,1.68,1.68,1.67,0.79,1.70
X	1561635	1562666	ACACACGCCGCCATCGTGG	1.06	HG03039:1.65	1.68,1.57,0.87,3.35,1.65,3.43,0.83,5.99
13	113760991	113761465	ACACCCACACTCCCGGG	1.05	HG03039:2.48	0.83,0.83,1.67,2.39,0.84,0.87,2.40,3.26,0.79,0.81,0.86,1.68,1.61,0.85,0.78,1.71,0.84,0.85,0.86,1.63,0.86,0.84,0.82,1.69,0.81,0.85,0.82,0.83,0.81,0.85,0.82,0.83,0.84,0.87,2.48,0.84,0.86,0.84,0.83,0.85
8	74913764	74914085	AAGG	1.02	HG03039:1.65	0.83,0.87,0.84,2.52,0.87,0.82,0.85,0.79,1.65,1.71
2	4307285	4307863	AAAATATACATATAT	1.00	HG03039:1.65	0.84,0.85,0.80,0.81,1.56,0.81,0.85,1.65,1.69,0.78,0.84
