motif	top_case_zscore	high_case_counts	all_counts
AACTGGGGCCTAGAGTGAGG	5.13	HG03040:47.97	5.71,25.30,3.26,6.65,3.34,5.82,19.95,12.49,0.83,23.40,26.32,14.20,5.03,0.83,11.91,3.37,4.11,14.80,17.11,4.02,1.64,6.83,2.56,17.30,7.40,20.83,42.57,36.52,31.43,20.19,2.90,2.53,21.27,3.46,15.52,10.90,3.30,4.89,3.94,18.63,5.70,1.72,19.32,24.38,5.04,18.71,2.60,14.57,1.66,1.65,5.63,14.03,4.23,16.53,2.34,2.43,23.92,6.71,8.38,20.60,2.83,1.73,7.57,9.98,20.92,16.77,13.63,18.89,12.56,16.84,16.35,3.33,13.08,2.50,13.80,16.80,4.90,4.21,22.59,24.20,13.90,3.48,25.88,22.55,24.63,5.70,8.96,17.94,4.11,38.20,17.16,2.46,8.54,8.27,6.66,4.32,2.51,4.11,6.49,25.53,17.49,5.14,12.36,6.71,2.48,4.14,16.74,19.61,25.94,13.71,11.70,3.48,0.84,40.16,38.18,15.41,7.45,47.97,22.34,7.40,10.24,22.16,27.70,18.01,17.14,7.52,10.13,14.43,30.54,11.00,20.30,7.70,5.04,0.85,8.18,32.98,12.60,32.60,27.63,5.82,25.28,35.03,4.18,27.59,6.51,57.75,35.57,31.59,32.25,15.24
ACCCGCTCTATCCCAGC	4.77	HG03040:12.85	3.27,0.82,3.26,4.16,3.34,4.99,5.82,3.33,6.68,0.84,1.60,2.51,0.84,1.66,0.85,0.84,4.11,4.11,1.63,4.83,1.64,4.27,2.56,5.19,1.64,1.60,3.34,3.25,0.84,3.87,0.84,1.70,0.86,1.63,1.68,3.30,4.89,5.52,2.54,0.81,3.43,3.36,2.52,1.68,3.40,3.47,0.86,2.49,0.83,0.80,2.48,0.85,4.13,1.56,1.71,2.52,0.84,3.78,0.86,0.84,4.99,3.35,0.85,10.68,2.51,2.53,1.72,0.83,3.27,1.67,2.59,2.45,3.37,3.23,1.79,2.61,5.66,4.03,2.46,0.81,3.42,2.46,1.66,6.01,1.64,2.56,3.31,2.50,1.73,3.35,0.81,0.85,6.66,1.71,4.12,1.66,7.45,3.35,4.26,2.36,1.71,7.52,7.83,1.67,1.75,4.98,1.71,8.27,12.85,2.48,3.29,9.39,5.75,4.29,6.85,6.68,2.53,1.70,7.85,0.85,2.54,5.13,3.36,1.69,4.09,4.12,9.32,2.51,4.99,1.69,9.40,5.01,3.15,5.69,14.44,4.14,0.83,3.39,9.31
AATGG	4.61	HG03040:1614.74	769.01,598.95,792.20,998.63,635.16,1164.78,728.93,922.69,977.75,1595.50,652.49,736.66,836.79,913.52,1053.35,588.26,715.58,797.29,722.04,705.14,656.59,802.07,1100.39,1603.92,930.53,920.60,1007.41,909.04,564.09,1199.36,815.12,887.10,1460.49,406.04,552.36,691.00,643.55,589.52,562.37,640.21,682.93,1008.79,903.88,710.40,561.55,1040.86,1136.00,848.68,515.28,899.11,535.20,929.61,886.65,896.68,512.62,499.39,472.37,1099.02,1120.09,529.86,666.40,1166.72,1070.19,712.83,1246.81,821.90,870.38,541.21,628.06,655.18,1214.17,1300.23,755.18,1015.84,859.96,777.20,799.42,433.89,795.58,1130.03,1387.63,717.93,549.88,496.20,682.34,565.60,845.13,997.17,465.80,619.53,583.45,894.43,411.65,877.64,477.12,744.27,1105.44,696.46,746.72,693.48,926.35,963.19,868.62,1069.92,834.85,884.62,874.91,527.66,582.38,881.04,575.16,961.87,852.49,1108.66,1220.03,901.27,694.24,1614.74,450.92,713.61,974.68,788.05,1155.84,957.94,674.27,731.58,886.02,849.74,1422.94,635.32,1188.19,813.77,728.50,1015.30,520.90,423.02,704.85,583.00,574.37,814.32,764.38,1156.89,703.74,482.51,566.21,376.23,967.91,1186.44,661.14,622.36
AAAGGAGGGAGGGAGGAAGT	2.83	HG03040:4.28	0.83,1.60,0.84,2.47,0.85,0.81,0.84,0.84,0.82,0.83,0.85,3.14,0.84,1.75,0.83,0.83,4.28,0.83,0.85,0.82,0.84,0.84,0.85,0.85,4.28,4.21,3.15,0.81
ACACTGCCCGCCTCCCACAG	2.66	HG03040:5.14	3.43,2.47,1.74,0.83,1.65,5.14,5.97,0.82,0.86,2.54,0.86,2.52,0.85,5.77,1.68,9.21,1.71,0.84,4.73,1.66,1.70,0.85
ACGGCCCAGCGCCTCCCC	2.19	HG03040:3.43	1.62,0.84,1.66,1.68,0.83,0.87,0.82,0.82,1.71,0.79,0.83,3.43,0.82,0.84,0.84,0.87,0.82,0.78,1.71,3.39,1.69
AACCACCACCGTGACCCT	1.89	HG03040:2.57	0.83,0.86,0.84,3.49,2.57,2.47,0.84,0.86,0.82,0.79
AAGGCTCCTGACCCCACCC	1.81	HG03040:26.56	16.33,12.24,11.40,14.97,2.50,15.81,14.96,9.99,11.69,13.37,8.77,18.37,15.92,16.64,8.51,14.31,14.81,8.22,11.41,12.07,13.95,10.24,8.54,17.30,6.58,23.24,15.02,25.16,12.89,1.68,11.62,14.34,16.16,18.14,13.07,16.77,15.68,21.17,18.14,16.09,12.22,12.02,15.96,16.81,19.33,9.35,18.21,7.72,6.63,6.62,21.70,9.91,9.32,16.53,20.32,20.27,12.81,7.55,12.57,14.01,7.55,10.36,9.25,20.79,18.41,6.71,15.33,5.75,11.72,13.47,11.19,14.97,10.62,14.16,14.66,8.40,17.96,21.06,17.75,17.03,16.51,13.92,16.17,24.97,7.39,22.82,18.73,9.40,27.93,12.46,16.30,22.16,29.04,9.10,18.32,8.64,20.10,14.78,17.03,15.32,7.50,5.14,9.07,14.27,14.08,16.57,9.21,11.08,18.86,9.43,10.03,8.70,6.69,5.24,17.43,9.41,5.79,26.56,22.34,13.15,6.83,11.49,17.63,6.00,6.85,20.04,6.75,10.19,6.98,16.92,3.38,11.12,7.56,7.63,20.44,21.44,15.12,19.41,45.21,12.48,11.80,17.09,13.37,24.44,46.37,16.99,7.45,10.81,22.07,10.16
AAAGAAGGGAGGGAGGAAGT	1.71	HG03040:3.43	0.81,0.83,0.83,0.80,2.51,0.85,0.84,0.80,0.85,1.62,0.84,0.84,1.70,0.82,2.52,0.81,0.79,0.85,0.87,0.80,1.65,0.81,1.71,0.84,1.65,1.68,0.82,0.84,0.83,0.81,0.85,0.82,0.83,0.83,0.83,0.86,1.62,1.70,0.83,1.65,1.66,1.57,0.86,0.84,0.87,0.83,3.43,0.84,0.84,1.71,1.68,0.82,0.84,0.85,1.63,2.55,1.65,1.66,0.85,1.69
ACACATGCGCCCTCGC	1.71	HG03040:1.71	1.71
ACGGGAGAGATCACT	1.71	HG03040:1.71	0.84,1.71
AATATATATATG	1.70	HG03040:5.14	1.63,0.82,3.33,2.50,1.67,3.33,0.84,1.65,2.47,2.44,2.46,3.46,2.47,2.40,0.81,0.84,0.84,0.86,0.84,1.68,3.31,4.02,0.85,1.65,1.68,2.51,0.84,1.68,2.53,3.33,0.82,0.86,0.84,1.62,0.81,0.85,1.66,3.42,3.31,1.67,3.46,0.82,1.68,3.14,3.43,2.51,0.84,4.98,2.48,5.14,1.71,0.84,0.85,1.69,0.84,4.91,0.82,1.68,0.78,0.84,3.42,1.67,1.58,0.83,1.69
AAGGAGCCCTCGCTGGGAG	1.59	HG03040:1.71	0.80,0.81,0.87,1.71,0.84
AAG	1.45	HG03040:155.05	73.47,42.43,115.61,6.65,59.26,92.35,111.38,48.30,154.47,67.70,89.34,35.08,103.03,90.69,238.24,5.05,7.40,116.72,14.67,67.62,68.12,97.27,66.64,118.52,51.79,99.35,114.35,80.35,50.77,128.68,112.30,22.77,77.41,4.32,50.66,59.54,70.96,102.60,47.32,110.94,3.26,65.25,52.08,82.39,184.10,120.75,9.54,2.57,51.36,73.62,45.81,71.83,108.40,90.91,89.08,101.34,0.85,38.59,124.83,85.70,113.27,45.77,61.37,122.27,162.34,78.84,81.76,81.30,24.28,113.69,59.37,74.87,53.12,144.05,4.31,117.63,73.49,48.02,82.30,111.12,7.82,0.87,145.56,49.94,61.58,55.42,87.12,64.94,42.72,4.98,85.80,120.62,85.40,116.63,58.29,107.19,173.29,128.91,79.13,54.98,91.69,120.32,93.15,94.42,73.72,92.10,69.05,48.73,119.13,5.02,55.71,106.25,125.71,63.08,68.47,66.20,155.05,93.49,13.15,104.98,6.57,47.85,77.18,77.11,49.27,65.82,96.77,116.91,76.98,61.74,38.51,127.72,119.50,60.51,65.97,87.37,74.53,56.10,103.97,41.29,69.21,86.92,67.01,24.41,39.92,51.29,111.41,100.15,105.00
AGCCC	1.38	HG03040:12.85	4.90,6.53,4.89,6.65,3.34,8.32,9.14,6.66,7.51,13.37,3.99,6.68,3.35,3.33,5.96,9.26,6.58,6.58,6.52,11.27,5.75,7.68,5.98,4.33,13.15,2.40,8.35,2.43,4.84,5.05,12.59,4.22,12.76,3.46,2.45,9.22,3.30,8.14,9.46,2.54,4.07,2.58,8.40,2.52,4.20,3.40,6.07,6.00,4.97,5.79,2.41,1.65,4.23,4.13,6.25,4.86,7.69,9.23,5.86,4.12,2.83,2.59,4.20,7.49,6.69,2.52,8.52,6.57,2.51,4.21,3.44,7.49,7.36,8.33,9.49,3.36,3.27,3.37,10.49,7.17,4.34,6.09,4.04,4.03,2.46,4.07,4.07,3.42,6.57,4.98,8.58,6.56,3.42,4.96,2.50,4.32,5.02,3.29,9.73,5.11,7.50,11.14,5.77,5.87,1.66,3.31,10.05,3.41,7.07,11.14,5.85,6.09,8.37,2.62,13.28,6.85,6.62,12.85,4.96,5.75,5.97,4.10,6.72,6.86,8.57,5.01,10.13,9.34,8.72,5.08,6.77,5.99,5.04,7.63,7.36,2.47,7.56,6.99,9.21,2.50,10.96,9.40,5.85,9.46,7.32,8.49,6.62,12.47,3.39,7.62
AACAACCCCGAACAGAGAGG	1.31	HG03040:6.85	2.45,3.26,1.66,3.34,1.66,0.83,5.01,2.39,2.51,1.68,2.50,1.70,1.68,3.29,0.81,3.22,0.82,1.71,4.27,6.06,0.82,1.60,3.25,2.42,8.41,0.97,1.69,2.55,2.45,2.52,1.65,2.44,3.15,0.85,1.63,0.86,2.52,1.68,1.68,2.60,0.86,2.49,1.65,0.80,7.62,5.79,4.86,5.13,5.03,2.51,1.65,0.94,4.32,0.83,9.20,2.55,1.64,1.67,1.68,0.86,2.50,3.27,3.33,3.27,2.53,2.42,4.48,1.74,1.62,2.42,0.82,1.63,2.56,4.11,0.83,0.86,3.28,0.85,1.65,2.50,1.64,0.81,4.25,6.66,2.57,3.30,1.68,4.14,2.48,1.67,5.11,3.14,3.43,2.51,5.22,0.87,2.49,0.86,4.14,6.85,0.83,1.64,3.41,0.82,5.04,2.57,1.71,5.01,1.70,3.49,0.85,0.86,2.52,4.09,0.82,0.84,0.78,1.66,3.37,0.85,3.25,1.70,3.31,0.83,2.54
ACACGGGACT	1.13	HG03040:5.14	1.63,0.81,2.49,0.84,0.83,6.58,6.58,2.44,1.61,0.85,1.73,4.93,1.67,0.81,0.81,3.36,0.97,3.27,0.84,0.84,1.70,0.83,0.83,1.65,0.83,4.69,1.62,0.84,0.84,1.65,1.89,0.86,2.50,3.35,0.84,1.70,0.82,1.68,0.83,0.84,1.61,0.90,1.74,1.74,0.81,0.82,1.63,2.56,4.11,1.72,1.64,0.83,2.47,0.84,2.56,0.79,0.84,0.84,0.87,1.71,0.83,5.14,3.31,4.93,2.46,0.86,1.69,1.70,0.87,2.54,1.68,2.33,0.84,2.53,12.20,2.48,1.70,0.85
ACAGGCACAGTGCAGAG	1.13	HG03040:2.57	1.63,0.83,0.83,0.80,1.64,1.64,0.78,1.68,0.83,0.82,0.83,0.83,1.57,0.87,0.86,0.83,2.57,0.84,0.86,0.86,0.84,0.84,0.85,3.36,1.69,0.84,0.78,0.84,1.71,0.81,1.69
ACAGGTCTCCTGGGTGGC	1.12	HG03040:1.71	0.85,0.84,0.84,0.90,0.84,1.70,0.86,1.71,0.82,0.85
AAGG	1.02	HG03040:71.96	39.19,17.95,52.11,59.87,55.09,69.05,30.75,27.48,41.75,43.46,51.85,21.72,21.78,46.59,40.84,25.25,23.03,19.73,15.48,20.12,54.99,24.74,17.94,51.04,46.86,25.64,5.01,38.96,27.40,25.23,49.37,36.26,69.75,36.28,58.01,53.67,36.30,57.81,60.73,51.66,37.49,42.93,32.76,43.72,37.83,56.12,42.49,37.72,70.42,17.37,78.75,43.76,37.26,24.79,70.33,34.05,46.13,11.75,18.43,42.03,45.31,36.27,58.85,12.48,56.06,17.61,58.76,53.38,62.81,23.58,33.56,56.57,27.79,43.30,25.01,35.29,52.26,43.81,47.61,52.87,30.41,47.86,45.28,30.61,55.01,42.38,60.25,39.31,47.65,33.22,36.89,73.85,56.37,43.84,39.14,54.46,27.64,23.82,74.59,47.65,37.49,29.99,45.33,47.83,45.55,58.81,52.75,42.62,56.59,56.56,28.42,40.91,36.81,47.14,63.08,41.94,48.82,71.96,33.09,24.66,29.87,55.82,33.58,38.59,33.41,37.58,38.82,30.56,41.00,45.68,38.06,35.94,39.49,33.90,46.61,27.21,23.52,69.87,47.72,28.28,37.08,49.56,52.66,61.50,73.22,43.31,46.33,45.73,32.25,33.87
