motif	top_case_zscore	high_case_counts	all_counts
ACCGCGTCCTCATCAGC	10.50	HG03097:23.50	4.08,2.45,5.70,2.49,5.84,4.16,7.48,2.50,4.18,1.60,5.01,2.51,4.16,2.55,6.58,0.81,0.80,0.82,0.85,0.85,2.60,2.47,2.40,4.17,4.87,3.22,1.68,0.97,12.65,5.10,6.05,4.90,0.84,1.65,4.73,0.85,0.81,4.29,9.24,4.20,6.73,2.55,5.20,1.71,3.31,4.14,7.23,4.13,3.39,4.96,7.81,2.43,4.27,0.84,0.82,1.89,1.73,4.20,8.32,3.35,0.84,3.41,4.93,1.67,2.53,0.86,10.81,5.72,2.50,7.76,1.68,4.08,3.37,3.23,0.90,1.74,5.22,8.09,5.64,9.85,5.70,4.89,3.42,4.93,3.32,8.58,5.74,5.12,3.31,3.33,1.73,3.35,3.29,7.30,2.55,14.16,320.58,1.66,4.14,3.35,3.41,1.57,3.43,3.34,2.61,0.84,2.62,5.81,5.99,10.76,1.71,4.96,9.39,23.50,0.86,0.86,1.69,2.55,5.08,6.77,4.28,11.45,1.65,13.40,4.99,5.06,3.42,0.84,0.79,5.69,4.25,9.93,0.83,2.55
AAACCTCGCATCCTATCT	5.23	HG03097:13.43	10.61,6.53,6.51,2.49,5.84,6.66,6.65,3.33,1.67,4.18,3.99,5.01,0.84,2.50,5.96,5.05,6.58,3.29,4.07,3.22,4.92,4.27,8.54,5.19,3.29,3.20,5.84,1.62,3.22,4.21,3.87,5.90,8.51,5.18,2.45,5.87,6.60,0.81,3.15,5.93,4.89,8.59,2.52,2.52,3.36,7.65,11.27,1.71,3.31,4.96,2.41,0.83,1.69,2.48,2.34,1.62,4.27,2.52,5.86,6.59,3.78,7.77,6.73,2.50,5.86,6.71,3.41,4.11,3.35,4.21,2.58,3.33,5.72,1.67,2.59,3.36,0.82,2.53,4.03,4.34,6.96,4.85,2.42,4.11,4.07,6.51,3.42,4.98,6.01,4.10,2.56,6.62,5.83,3.46,6.70,5.75,8.92,7.66,8.33,6.00,4.94,5.03,1.66,2.48,2.51,2.56,0.79,4.29,2.51,3.48,5.86,4.36,9.96,2.57,8.27,4.28,3.31,3.29,5.97,4.10,13.43,0.86,1.71,4.18,4.22,3.40,4.36,5.92,3.38,4.28,1.68,5.08,3.27,4.12,5.04,2.33,5.86,2.50,5.06,4.27,5.01,0.79,5.69,2.55,2.48,6.65,5.09,6.77
AAGGTATGGGTGTGG	4.08	HG03097:318.13	173.89,82.42,175.05,152.16,107.67,66.56,161.25,64.96,131.93,148.77,103.70,167.88,93.81,201.34,150.60,91.73,131.60,189.05,148.32,219.75,106.70,73.38,36.74,36.33,67.41,122.59,230.36,121.75,116.04,130.37,79.38,96.13,97.82,112.31,99.69,109.86,105.61,128.65,144.34,107.55,75.79,104.74,107.53,86.59,114.33,73.98,111.00,72.87,86.98,60.38,211.35,49.53,98.23,143.80,199.26,188.89,142.65,119.13,98.86,77.46,50.97,94.13,82.39,23.29,66.94,58.71,127.75,230.77,138.17,85.90,51.63,87.35,109.52,90.76,82.80,97.46,143.72,90.15,144.43,76.17,78.20,78.32,125.34,115.99,119.06,136.92,107.47,75.19,145.41,95.50,91.81,94.37,129.81,104.22,117.41,96.82,130.64,112.52,178.37,115.72,138.29,20.57,236.52,195.52,174.76,90.28,36.84,65.64,148.54,81.42,53.50,117.51,25.93,247.05,333.64,54.78,22.34,119.07,202.71,214.57,73.40,32.01,318.13,135.50,20.56,60.13,196.61,27.16,80.26,30.45,179.29,35.94,124.36,159.33,157.82,110.50,26.88,52.79,24.28,259.52,16.86,179.43,275.81,291.71,48.00,125.69,67.01,21.62,316.57,23.71
AAAGGGAGGAGAGAGAGAG	4.08	HG03097:5.04	0.82,0.84,0.84,0.82,0.83,2.43,0.81,0.83,0.85,1.66,0.84,1.64,0.79,0.83,0.86,5.04,3.11
ACACAGTGCAGAGACAG	3.90	HG03097:17.63	8.98,4.90,1.63,7.48,5.01,4.16,9.14,4.16,5.01,1.67,1.60,4.18,5.03,2.50,4.25,4.21,0.82,0.82,4.07,0.80,3.28,4.27,2.56,1.73,3.29,0.80,5.01,0.81,2.42,4.21,1.94,5.90,2.55,2.59,3.27,0.84,4.07,2.37,2.44,6.01,2.52,0.84,0.84,1.70,5.20,3.31,2.48,3.21,4.95,11.01,0.83,2.34,3.24,2.56,1.68,2.51,1.65,1.73,2.52,4.16,0.84,10.06,0.85,4.93,2.51,3.37,5.16,4.99,4.90,4.16,2.59,1.68,2.45,2.53,1.61,2.69,1.74,1.74,2.43,4.93,2.44,1.63,2.56,0.82,5.81,2.57,4.10,5.12,3.31,4.16,0.86,2.51,1.64,0.81,1.70,10.83,6.00,8.24,0.84,4.97,8.28,5.02,2.56,8.65,0.86,6.69,7.83,7.53,8.73,4.98,11.98,2.48,6.85,2.48,8.22,0.85,9.03,17.63,17.15,8.57,4.18,8.44,16.13,6.98,7.61,9.30,9.41,20.17,8.47,0.82,12.37,11.76,10.87,9.21,17.47,3.37,10.25,10.03,7.88,2.44,5.79,6.65,5.94,5.93
ACCCGGCCCCGAGCCCAGT	3.36	HG03097:3.36	3.36,0.81
AACCACGGAGAGCACGCT	2.91	HG03097:9.23	2.45,5.70,0.83,3.34,4.99,1.66,1.67,4.17,1.67,3.19,0.84,0.83,1.70,4.21,2.47,3.29,2.44,3.22,2.46,0.85,1.71,1.73,1.64,1.60,1.67,1.62,1.61,1.68,0.97,2.55,1.73,0.82,0.84,1.65,3.26,1.58,1.63,1.72,4.20,3.36,1.68,1.73,1.71,1.66,1.65,1.61,0.83,1.69,2.48,3.13,0.81,0.85,3.36,5.03,1.65,2.83,1.73,1.68,0.83,1.67,0.84,3.29,1.68,3.44,4.16,2.45,0.83,5.18,2.52,3.27,1.69,5.65,1.79,4.34,1.74,2.43,2.42,1.64,2.44,1.63,1.64,6.64,4.29,0.82,0.85,0.83,4.16,1.73,1.67,1.64,0.81,1.70,0.83,2.57,5.77,1.68,4.14,9.11,1.67,4.26,8.65,4.29,1.67,2.61,2.51,1.75,6.64,0.86,2.48,4.28,4.96,4.11,0.85,4.93,9.23,1.72,0.86,6.68,3.38,2.55,2.62,2.54,4.23,0.86,6.78,0.82,6.60,0.84,3.11,10.05,3.33,5.13,1.67,3.15,3.25,1.70,2.49,4.24,1.69
ACCCTG	2.90	HG03097:19.31	2.45,9.79,3.26,5.82,3.34,4.99,2.50,2.50,4.18,1.67,3.35,5.82,4.25,3.37,0.82,6.52,14.49,2.46,5.12,2.56,1.73,4.81,4.17,2.43,13.70,0.84,6.78,1.69,0.85,6.91,0.82,4.07,9.46,2.54,4.89,1.72,4.20,0.87,2.49,0.83,0.85,2.48,0.81,4.27,0.84,6.70,2.47,1.89,1.73,3.36,3.33,3.35,1.68,0.85,5.02,0.84,1.73,3.36,5.72,8.43,27.43,13.03,5.66,0.81,3.42,9.04,4.98,2.46,3.42,1.65,2.50,3.35,2.46,0.81,9.43,4.12,1.66,7.45,2.56,2.57,1.74,1.67,8.30,2.57,4.14,7.45,7.68,0.82,19.31,1.71,1.67,6.75,7.64,4.36,4.23,14.28,1.69,1.65,2.52,17.08,5.02,4.16,2.56,3.34,39.42,4.25,4.24
AATAGATCTATTCAG	2.59	HG03097:4.20	0.81,0.83,1.65,0.86,1.74,0.82,0.85,4.14,0.83,0.84,0.79,1.71,2.61,4.20,0.86,6.79,0.78,3.37,2.48
ACGAGGGAGGCGAGGAGC	2.52	HG03097:4.20	2.50,1.63,0.85,0.83,0.84,0.84,2.43,1.68,2.47,0.83,0.82,1.69,0.83,0.85,0.84,0.85,0.82,1.71,0.83,0.83,1.71,1.71,4.20,0.85,0.87,0.82,2.51,0.83
ACAGCGGG	2.36	HG03097:4.20	3.26,1.60,2.52,0.81,0.84,0.83,0.85,0.83,2.46,0.83,0.87,1.71,0.83,0.85,0.85,2.46,4.20,0.84,2.53,21.29,0.85,2.48
ACACACGGGGAGAGAGAGAG	2.33	HG03097:2.52	2.47,2.52,4.66,2.56,1.70
AAGGTGGGAGGCTGGGGTAG	2.03	HG03097:2.52	0.83,0.81,0.82,0.85,0.84,0.86,0.84,0.83,2.52
AACCCCGGCCTCCCT	1.68	HG03097:1.68	0.84,1.68
AATCCCAATTGATGGAG	1.67	HG03097:10.91	0.82,2.44,4.99,1.66,3.34,5.03,3.40,13.15,4.33,4.01,2.42,0.97,3.37,1.70,2.59,7.35,10.06,7.43,3.94,1.63,1.72,2.52,2.55,0.86,3.31,12.70,4.96,1.56,3.42,0.84,2.47,1.64,6.66,1.63,0.83,1.73,3.36,3.27,1.69,1.61,2.61,0.87,1.61,1.63,2.44,14.79,0.83,2.56,3.35,4.11,2.43,2.57,4.20,0.83,4.19,0.85,5.02,3.31,2.57,6.62,1.64,10.91,2.57,7.64,1.74,3.38,16.81,1.69,0.82,3.30,0.84,0.84,2.53,1.67,0.81,2.54
AACCAGGGCTGTGCTAGT	1.34	HG03097:14.27	2.45,0.82,1.63,2.50,1.67,0.80,0.84,2.50,2.47,0.82,0.82,3.46,5.68,2.90,8.43,0.86,1.63,0.83,4.89,8.47,2.44,15.45,9.24,4.20,0.85,0.87,7.72,0.83,0.83,3.39,1.65,0.78,0.84,4.12,1.73,1.68,0.84,3.29,0.86,4.99,4.09,2.50,0.86,1.68,0.82,0.84,8.69,4.35,2.42,3.28,8.96,11.50,2.49,2.57,6.56,1.71,2.50,3.46,0.84,1.64,4.86,0.85,15.83,0.82,5.02,19.24,2.62,0.83,0.86,2.57,13.13,14.27,0.86,1.67,3.49,2.54,32.14,1.71,7.36,1.65,1.68,9.98,4.21,14.44,0.83,2.49,0.85,4.23
AACAACAGCACAGCC	1.32	HG03097:2.52	0.83,0.80,0.85,0.82,0.97,0.86,0.79,2.52,1.70,0.85,0.84,0.86,0.84,0.85,0.87,0.87,0.82,0.81,0.85,0.83,0.82,0.86,0.86,0.84,0.85,0.79,0.84,0.87,0.87,2.48,0.82,1.71,0.82,2.52,0.86,0.84,1.74,1.71,0.84,0.84,0.83,0.84,0.79
ACCGCGTCCGCATCAGC	1.10	HG03097:1.68	0.83,0.85,0.87,2.53,0.90,0.81,0.82,0.83,0.86,1.68
