motif	top_case_zscore	high_case_counts	all_counts
ACCACCACCACCACCATC	6.44	HG03306:8.25	0.82,0.82,0.81,1.67,2.49,1.67,2.51,0.80,2.56,0.81,0.85,1.68,0.81,0.86,0.84,0.84,0.85,1.73,0.86,0.80,0.85,0.82,0.94,0.86,1.68,0.84,0.84,0.82,1.67,0.82,0.84,0.84,0.81,0.82,0.83,1.72,0.82,0.85,0.83,0.84,0.83,0.83,0.85,1.67,0.86,1.71,0.85,0.86,0.86,1.69,1.70,1.69,8.25,1.68,0.78,0.84,0.83,0.81,3.33,0.85
AAGGTAGTCAATAGAGG	6.32	HG03306:20.61	8.16,8.16,9.77,14.14,2.50,7.49,3.32,5.83,7.52,7.98,5.01,7.54,2.50,3.40,3.37,8.23,4.93,4.83,0.82,23.04,0.85,6.92,13.15,0.80,5.01,8.12,14.51,3.36,0.84,3.40,13.82,4.09,5.03,9.08,5.70,3.94,7.33,4.29,8.40,4.20,7.57,2.55,11.27,8.57,8.28,8.27,5.63,4.13,3.39,3.31,8.60,14.59,12.58,1.68,5.77,15.10,5.18,1.68,13.31,8.37,3.35,3.41,15.60,1.67,0.84,0.83,4.09,1.67,2.59,3.36,1.63,1.69,11.30,4.48,1.74,7.83,5.66,7.25,8.21,0.81,13.84,5.98,4.93,4.98,16.30,0.82,1.71,14.06,0.83,6.92,7.54,9.03,8.11,3.40,1.67,5.77,4.14,8.28,3.35,2.56,2.36,3.43,2.51,12.19,2.51,7.86,1.71,2.48,4.28,1.65,4.11,6.83,2.46,8.39,0.86,1.67,0.84,2.55,6.98,8.46,0.85,2.57,3.36,1.69,2.45,20.61,15.12,3.11,2.51,5.82,5.13,1.67,3.15,4.07,9.34,2.48,0.83,1.70,5.08
ACTCCCACTGCCTCCCT	5.98	HG03306:8.25	1.63,0.82,0.83,1.67,1.67,4.18,0.80,0.87,2.50,2.53,0.78,6.49,0.84,2.47,0.94,0.83,0.84,2.53,0.90,0.83,0.86,2.48,1.70,0.79,2.61,0.83,1.71,1.67,0.85,8.25,0.83,1.67,0.79,0.85
ACACTACCC	4.56	HG03306:65.14	31.84,33.46,49.67,22.45,24.20,29.12,40.73,19.99,26.72,49.31,30.31,12.53,32.67,29.95,51.05,28.61,23.03,25.48,19.56,62.79,24.62,34.98,17.09,60.56,25.48,24.04,53.42,21.10,56.41,21.03,23.23,43.85,46.78,49.24,43.31,51.99,42.90,36.64,46.54,27.10,23.63,33.48,27.72,22.70,29.42,27.21,41.62,25.72,40.59,15.72,44.20,58.62,22.86,4.13,17.97,57.56,32.46,1.68,40.21,41.20,38.70,9.50,15.13,29.11,2.51,36.06,35.77,35.31,28.47,28.63,23.23,31.61,54.76,26.65,24.15,23.53,26.95,44.65,54.87,17.92,30.41,26.98,34.77,63.64,36.13,15.48,54.55,23.07,29.57,19.93,31.75,50.88,52.95,25.64,24.15,15.56,58.62,30.39,12.97,28.08,8.33,7.71,46.15,17.62,33.96,64.61,45.21,29.84,51.87,36.00,22.57,51.36,15.06,6.98,6.64,16.26,0.83,7.71,14.07,18.09,29.02,32.84,41.13,40.31,5.14,55.12,25.31,22.92,9.60,38.07,14.38,15.40,7.56,28.81,31.89,65.14,50.41,21.74,28.47,24.95,2.53,16.23,20.06,8.67,56.95,3.40,32.26,39.91,36.49,11.85
AAACAGGTCGTGAGGGCGC	4.00	HG03306:4.95	2.51,0.82,0.85,1.65,2.50,0.83,2.48,6.09,1.71,4.95,0.85
ACACTGCCCGCCTCCCACAG	3.17	HG03306:5.77	3.43,2.47,1.74,0.83,1.65,5.14,5.97,0.82,0.86,2.54,0.86,2.52,0.85,5.77,1.68,9.21,1.71,0.84,4.73,1.66,1.70,0.85
ACACAGGGCCACACAGGGTC	2.33	HG03306:5.77	0.82,0.81,0.83,3.34,0.83,1.66,0.83,1.67,1.60,3.35,0.83,3.29,3.29,2.46,1.71,0.82,0.80,0.83,1.61,0.84,0.84,3.46,2.45,2.48,1.63,3.15,3.39,0.84,1.68,0.85,3.47,3.43,0.83,0.83,2.41,2.48,2.54,0.83,1.71,0.84,1.68,0.82,0.94,0.86,2.52,1.66,1.67,0.84,2.55,1.67,0.84,4.30,0.82,0.83,0.84,1.61,1.79,0.87,1.74,0.81,1.61,4.11,0.81,2.44,2.46,2.57,1.65,2.50,0.86,4.19,1.64,1.62,0.85,0.86,1.65,1.68,3.31,1.70,1.57,0.84,2.49,0.86,0.84,0.86,0.86,1.67,0.87,1.69,1.71,1.68,5.77,0.78,1.66,0.84,2.56,2.51,3.94,1.63,1.69
AATCCCAATTGATGTAG	2.23	HG03306:79.99	61.69,24.16,90.65,9.43,0.84,68.09,35.69,36.80,67.85,25.65,92.90,55.00,25.89,43.04,62.58,45.35,47.43,79.99,64.55,15.72,9.15
AAAGGAG	2.10	HG03306:3.30	1.63,0.83,0.83,1.70,0.84,0.85,0.83,0.87,0.84,0.84,0.85,0.82,0.85,0.83,9.43,0.83,0.86,0.83,0.84,0.84,0.85,0.85,0.85,3.30,0.78,4.16,0.85,1.58,1.63
AAAGGATGAGAG	1.90	HG03306:4.12	0.82,0.83,0.83,1.70,0.82,0.82,1.63,0.84,0.86,1.63,0.83,0.81,0.79,1.68,0.84,1.73,0.86,1.61,0.85,0.83,0.78,1.71,0.84,0.82,0.94,1.73,0.83,0.86,0.83,0.83,2.45,1.69,1.62,1.63,0.82,0.82,0.85,1.73,2.43,0.85,3.33,1.71,1.68,1.57,0.86,0.83,1.64,0.85,1.64,1.71,2.51,0.84,0.87,4.23,1.69,0.86,0.84,0.85,4.12,2.52,1.55,0.84,2.56,3.94,0.81,1.70,0.85
AACCCACAGCCACCAGAC	1.68	HG03306:3.30	1.63,0.83,1.67,0.84,0.84,0.84,1.66,0.84,0.82,0.80,0.82,1.68,0.84,0.81,0.87,0.83,0.80,0.85,0.84,0.84,0.84,0.82,0.84,1.73,1.68,0.84,0.81,1.63,0.85,0.82,1.64,1.70,0.86,1.68,0.84,0.85,3.30,4.19,4.27,1.58,0.83
AGAGCGCTGAGGCGCCAGG	1.38	HG03306:3.30	0.82,1.67,0.84,0.84,0.80,3.28,0.97,0.82,1.58,0.81,3.43,1.68,2.52,0.83,1.71,41.28,0.83,0.82,0.85,0.84,1.70,0.84,0.82,0.84,3.30,6.72,1.58,0.83
AACTACCACCGTGACCCT	1.27	HG03306:1.65	0.85,0.83,0.83,3.29,1.65,0.84,1.63,2.55
AAGCCAGCCGCTACACCAGT	1.18	HG03306:3.30	1.67,0.83,0.84,0.83,0.82,1.71,0.80,0.85,0.84,0.86,1.73,1.65,1.68,1.68,0.83,0.82,0.84,2.53,0.90,0.85,3.32,0.83,1.71,0.84,0.83,0.83,0.85,1.67,1.74,3.49,2.57,0.84,1.72,1.69,1.69,1.71,0.84,0.85,1.64,3.30,0.84,2.33,3.33,0.85,3.34,0.81,0.85,0.83,0.83,1.70
AATGAGTGAGCGGGGAGAGG	1.13	HG03306:75.04	9.80,43.25,8.14,17.46,25.87,7.49,55.69,9.16,10.02,31.76,20.74,6.68,19.27,24.96,12.76,21.04,63.33,27.12,19.56,10.46,1.64,46.08,8.54,19.90,25.48,16.83,24.20,18.67,33.04,30.28,13.55,4.22,40.83,18.14,13.07,19.29,18.15,21.17,35.49,2.54,42.38,12.02,44.52,15.97,9.25,19.56,19.94,3.43,19.88,18.20,4.02,4.95,38.11,27.27,6.25,47.02,0.85,79.70,4.19,18.95,88.73,8.64,27.74,66.54,18.41,25.16,6.81,23.82,3.35,24.42,55.93,43.26,14.71,14.99,1.73,10.92,5.72,7.58,19.36,8.96,13.90,26.11,5.66,31.42,9.85,29.34,22.80,42.72,87.90,36.54,36.89,27.90,29.04,31.43,1.67,0.86,71.18,21.35,46.21,28.93,19.99,46.27,3.30,3.36,1.66,1.66,38.51,4.72,0.86,4.18,3.48,10.04,1.75,2.57,2.48,58.74,15.62,17.07,22.16,1.68,4.29,0.86,1.67,3.38,83.19,85.50,3.38,32.14,1.71,0.84,38.98,42.52,75.04,7.56,38.82,30.14,4.16,0.84,12.82,15.04,38.63,21.97,22.08,13.24,28.27,6.79,22.02
