motif	top_case_zscore	high_case_counts	all_counts
ACAGGAGGGGAGCGG	29.84	HG03301:43.34	4.90,2.45,5.70,3.34,4.99,6.65,2.50,1.67,2.39,0.84,1.68,2.55,1.68,4.11,0.82,4.07,2.41,0.82,1.71,0.87,0.82,1.67,1.62,2.42,0.84,1.69,0.85,3.46,2.45,2.52,0.83,1.63,8.68,2.54,0.81,1.72,3.36,0.84,4.20,3.47,0.86,0.83,2.41,1.69,0.83,5.47,6.49,1.71,0.84,1.68,1.65,0.86,2.52,3.33,3.35,5.11,1.64,4.19,0.86,1.66,3.27,1.67,5.18,0.84,4.90,2.53,2.42,0.87,0.87,5.66,0.81,3.28,6.52,2.44,2.56,4.93,1.66,1.72,1.64,5.98,3.31,1.67,4.19,7.30,1.70,2.50,3.43,1.68,4.14,7.45,3.35,0.85,10.22,13.71,10.03,6.09,9.20,1.75,8.30,1.71,3.31,4.28,10.76,4.11,0.85,4.93,6.72,2.57,7.71,1.67,5.06,5.09,6.98,3.38,1.69,5.99,7.56,16.95,43.34,4.95,6.72,10.09,2.51,7.49,5.90,5.98,0.84,11.04,11.39,2.55,2.48,3.33,4.24,1.69
ACAGAGGAGAGGGAGAG	9.44	HG03301:21.26	8.16,12.21,7.48,2.50,1.66,11.64,2.50,2.51,5.58,4.18,4.19,10.82,11.91,4.21,4.11,10.59,6.44,7.39,5.12,3.42,5.19,3.29,4.01,11.68,4.03,5.89,6.78,4.22,1.70,13.82,5.72,18.14,5.15,4.20,0.84,3.36,3.40,5.78,12.70,8.60,6.49,11.10,3.36,5.77,4.72,9.50,4.20,4.16,1.68,4.93,8.37,3.44,12.48,4.90,1.67,4.08,5.90,5.65,0.90,5.21,3.48,0.82,4.98,6.56,11.10,4.14,2.59,5.02,4.93,6.49,4.17,6.00,3.36,9.94,1.66,4.19,2.56,6.29,3.43,5.85,6.96,4.36,1.66,5.14,7.45,1.71,9.10,4.11,7.68,4.93,2.52,2.57,10.86,7.59,7.64,4.36,4.23,5.07,3.42,4.20,4.24,21.26,4.95,0.84,6.99,2.53,13.02,5.10,0.83,1.66,4.24,8.47
ACAGAGGAGAGGCAGAG	8.37	HG03301:31.07	17.14,25.24,12.47,12.52,4.99,14.13,11.66,5.01,17.55,9.19,6.70,10.82,19.57,5.05,7.40,17.93,16.90,9.85,9.39,8.54,10.38,15.62,6.41,18.36,5.64,10.93,9.68,5.06,10.21,19.87,8.17,7.55,24.45,6.01,3.36,5.04,5.88,5.10,4.95,17.78,14.85,17.84,21.35,9.23,1.65,9.44,19.86,7.57,8.32,3.35,7.39,13.40,9.47,21.63,9.81,7.49,13.88,7.58,14.52,14.34,2.61,6.09,9.03,2.56,4.98,15.59,12.81,15.72,4.32,7.54,6.57,9.73,7.50,10.28,2.47,6.71,15.74,2.48,14.23,8.52,17.29,2.57,5.85,12.19,7.86,8.30,9.41,12.41,2.57,9.93,8.22,6.83,5.75,9.23,1.72,3.43,8.35,16.03,12.73,5.23,11.00,11.84,11.98,14.28,9.32,31.07,13.19,5.04,16.30,2.50,0.84,21.15,7.64,4.16,9.34,13.55
AACATATATATATGG	5.56	HG03301:6.54	4.03,0.86,0.82,0.81,0.81,0.81,1.71,7.67,0.86,0.86,3.34,6.54,1.69
ACAGGAGGAGCCCCTATCCC	4.32	HG03301:16.35	8.98,6.53,9.77,6.65,9.18,7.49,3.32,2.50,5.84,1.67,1.60,2.51,7.54,2.55,7.57,10.69,5.75,2.44,6.44,1.64,8.53,2.56,3.46,8.22,4.81,5.01,5.68,5.64,3.36,1.94,4.22,6.80,6.91,4.09,6.71,4.13,4.89,14.99,6.77,4.07,7.73,8.40,7.57,10.09,10.20,3.47,6.86,3.31,5.79,10.45,5.78,5.93,3.31,12.50,7.30,3.42,7.55,4.19,4.12,7.55,1.73,3.36,13.31,4.18,4.19,3.41,6.57,10.05,5.89,8.61,4.99,2.45,5.83,7.76,8.40,6.53,6.74,14.52,2.69,6.95,1.74,9.70,8.86,4.11,13.85,8.96,6.84,9.86,1.66,5.15,11.49,6.83,5.79,5.00,4.32,5.86,5.75,10.54,6.81,3.33,3.43,3.30,3.36,4.14,8.28,9.21,3.41,7.07,4.29,3.34,4.35,2.51,3.49,4.98,3.42,10.76,0.86,0.83,7.40,4.27,4.10,5.88,12.01,10.28,2.51,12.66,0.85,4.36,10.15,3.38,1.71,3.36,2.54,16.35,8.25,6.72,8.54,10.88,5.82,7.58,5.13,5.85,10.25,13.02,6.79,5.79,4.16,5.09,5.08
ACAGACGCTGCCCACCTCCC	4.25	HG03301:9.00	1.67,3.35,1.68,0.81,1.64,4.27,2.60,0.83,0.84,0.97,4.32,1.65,1.69,1.68,2.52,1.70,2.60,2.48,0.78,0.81,4.72,4.16,1.67,0.86,5.72,0.86,0.84,4.08,1.69,3.48,1.62,1.61,1.64,0.81,1.63,2.56,0.82,2.57,2.46,3.33,1.67,1.64,1.70,5.14,1.65,1.70,0.79,5.85,0.84,3.32,0.83,2.57,6.58,3.41,1.64,1.72,3.38,2.54,4.28,0.85,9.00,0.82,6.99,4.19,3.33,0.85,2.51,3.15,4.99,4.24,1.69
AACCCT	4.12	HG03301:28199.63	3338.11,7050.25,9477.11,5402.23,6401.65,8230.81,7297.65,3942.27,7493.05,7450.10,4765.27,2565.78,4631.27,4610.02,4292.51,5077.19,12558.06,5608.99,12266.48,9463.82,4848.11,3331.16,6149.54,7390.66,3646.48,5157.45,9401.40,7747.15,12801.71,4796.59,8546.22,9195.63,5624.21,13667.84,18879.94,6934.35,8984.17,13124.99,31816.73,4578.83,10745.15,12073.76,7308.36,10561.06,16416.01,4179.58,11167.46,8995.15,17444.05,2631.99,12221.32,4155.16,6157.45,13313.06,6758.59,10760.38,7385.31,6002.67,4040.54,6428.33,20208.97,2972.51,4592.64,6706.56,6993.83,5642.58,10232.50,5988.62,3670.36,9712.30,5508.93,7118.43,7638.44,8018.50,6059.42,5661.37,10866.06,13937.68,17772.21,9009.81,7651.50,12404.15,15687.69,10720.57,12181.05,24401.38,12348.87,5050.81,7957.22,8885.97,7603.70,5178.64,6991.18,12190.17,10933.72,6200.54,9742.15,7526.36,11376.79,14515.53,6130.40,10805.92,11341.45,14459.41,8409.80,15838.66,4397.16,17739.24,20300.61,7206.88,2538.89,9742.26,7692.47,6852.75,14544.12,8850.06,9454.63,12914.50,8214.15,7566.85,8213.91,22140.18,4238.06,9640.32,4698.44,15410.02,8962.29,8491.45,5010.37,6247.49,5453.83,7338.46,13880.16,8919.89,28199.63,13494.53,8529.66,29862.88,14938.63,15418.05,3494.89,10734.17,23526.80,20323.62,13080.63,17403.51,2576.12,7072.07,15695.89,8785.00
AAAGGATGAGGG	3.74	HG03301:125.11	75.92,70.18,88.75,60.70,67.61,79.87,59.84,54.96,101.87,90.26,78.97,111.08,73.71,59.90,108.06,70.69,99.52,76.44,74.97,78.89,61.56,69.11,63.22,70.07,66.58,80.12,86.80,71.42,97.51,74.01,76.48,73.36,75.70,89.85,90.70,69.60,67.66,102.60,119.89,90.61,73.35,74.69,46.20,77.35,100.88,82.49,77.18,53.15,102.72,69.48,98.84,41.28,93.15,84.30,131.28,95.66,91.40,46.14,77.91,64.28,57.58,43.18,66.41,85.67,71.96,56.19,47.69,67.34,54.43,46.32,65.40,71.54,85.00,70.78,70.73,73.94,66.96,76.67,121.03,69.00,71.25,76.58,115.64,78.13,93.61,110.84,78.98,64.94,105.15,75.57,64.35,97.65,92.24,64.52,75.77,64.83,71.18,64.88,89.19,68.07,68.31,82.27,28.02,43.64,62.95,114.30,46.05,22.16,115.53,61.71,47.65,49.62,67.76,55.00,79.68,76.18,76.13,82.24,49.64,69.88,91.32,64.85,95.69,41.16,53.12,54.28,52.32,70.46,62.82,43.99,43.98,101.83,73.94,82.21,125.11,42.88,42.01,88.50,113.03,29.94,73.32,96.55,84.42,83.57,112.27,93.42,29.78,35.75,61.11,84.67
AATATATATATATGATGG	3.20	HG03301:6.54	0.84,0.80,1.68,0.80,0.82,1.64,2.51,1.89,0.84,0.84,3.43,0.81,0.86,0.82,1.66,0.79,3.32,4.28,4.93,3.36,5.14,0.84,0.85,3.36,6.54,2.52,3.88,2.51,1.66,1.67,1.70,5.94,0.85
ACCCTC	3.11	HG03301:16.35	1.63,4.90,2.44,6.65,2.50,3.33,6.66,1.67,7.52,5.58,7.52,2.51,1.66,4.25,1.68,7.40,3.29,7.33,3.22,0.82,0.85,6.83,1.73,3.29,3.20,6.68,2.43,12.09,2.52,2.90,2.53,9.36,7.78,1.63,14.26,3.30,8.14,14.20,3.39,1.63,12.02,0.84,8.41,6.73,7.65,6.94,8.57,4.14,8.27,9.64,3.30,7.62,3.31,3.91,2.43,4.27,1.68,5.77,4.72,1.73,2.52,4.99,6.69,0.84,5.11,2.46,5.02,3.37,1.72,3.33,6.54,4.16,2.59,5.04,6.53,1.69,15.33,8.07,7.82,12.18,16.17,4.83,9.03,12.22,4.07,1.71,25.47,4.98,10.30,5.74,5.98,6.62,8.33,3.46,6.70,8.21,1.62,3.40,2.50,1.71,3.30,1.68,7.45,2.51,3.41,12.57,2.57,2.51,2.61,0.87,4.98,3.42,3.31,4.28,4.14,0.82,5.97,9.03,5.15,6.85,7.52,5.91,4.24,4.36,5.08,6.77,12.84,1.68,5.08,16.35,0.82,10.08,12.42,6.70,14.14,2.53,3.42,4.18,1.58,13.83,7.64,4.14,4.16,2.55,2.54
AATGTCCGAGGCTGCGGTGT	2.72	HG03301:31.07	16.33,20.40,18.73,12.47,7.51,20.80,14.96,8.33,11.69,16.72,15.95,13.36,10.89,30.78,9.36,16.83,14.81,18.08,18.74,9.66,25.44,21.33,5.98,13.84,5.75,20.03,21.70,25.97,8.86,18.50,9.68,10.96,9.36,17.28,10.62,16.77,5.78,18.73,11.83,6.77,16.30,16.31,9.24,21.02,9.25,8.50,12.14,9.43,22.37,9.93,12.05,4.13,12.70,12.40,14.07,19.46,12.81,10.91,18.43,31.31,11.33,12.09,12.61,23.29,14.23,11.74,9.37,9.86,12.56,10.11,12.91,13.31,14.71,9.16,2.59,10.92,17.96,16.01,14.52,8.96,6.95,14.79,8.90,16.92,12.32,9.78,16.28,13.67,27.93,12.46,6.86,8.21,9.39,17.37,14.99,20.75,34.34,11.50,15.40,18.72,9.16,12.85,12.36,18.46,25.67,35.62,10.05,8.52,7.07,7.71,17.56,12.19,4.18,10.48,11.62,25.68,7.45,12.85,12.41,18.91,10.24,13.13,10.07,10.29,9.42,11.69,20.25,10.19,17.45,13.54,13.53,18.83,10.08,22.88,31.07,9.07,18.48,6.99,5.02,6.65,12.64,15.38,16.72,25.23,15.46,11.89,15.72,14.13,7.64,8.47
AAAGAAGGAAGGAAGGAAGG	2.52	HG03301:9.81	2.45,1.66,2.50,2.50,4.16,2.50,1.67,1.60,1.68,0.83,1.70,0.84,0.82,0.80,4.92,1.71,0.80,2.42,2.52,1.94,2.53,2.55,0.86,0.82,5.87,3.30,8.96,2.37,0.85,3.26,1.72,0.84,7.57,4.20,3.40,2.60,2.57,1.66,0.83,4.02,1.65,2.54,0.83,12.50,0.81,3.42,2.51,1.65,2.83,5.18,1.68,0.83,1.67,1.68,0.85,0.82,1.68,1.66,3.33,1.68,3.27,1.69,3.23,2.61,5.22,2.43,2.42,4.11,6.52,8.14,0.85,8.22,1.66,1.72,8.21,3.42,4.14,2.50,5.19,2.51,5.75,4.05,1.70,3.33,1.71,0.84,2.48,2.48,0.84,4.26,4.72,1.71,1.67,0.87,4.15,3.42,1.65,2.57,1.65,0.82,0.85,5.75,2.52,2.57,3.34,1.69,0.85,1.74,0.85,0.85,1.71,2.52,9.81,3.30,0.84,3.11,1.67,3.33,1.69,3.42,2.51,7.10,14.64,1.65,6.79,2.54
AAGGGAGAGAGGGAGGGAGG	2.51	HG03301:13.08	0.82,0.82,1.66,0.84,1.61,1.64,0.87,2.47,1.62,0.85,2.58,0.87,2.48,0.83,1.62,1.68,1.68,0.83,1.67,0.85,0.82,0.85,6.57,2.46,0.82,2.48,1.67,6.29,6.86,1.74,0.84,0.87,3.32,0.86,13.24,0.85,4.93,1.68,0.86,1.71,1.67,0.87,0.85,0.85,0.86,5.88,2.54,13.08,1.65,22.51,12.56,2.50,1.69,16.72,8.67,4.88,0.85,2.48,1.66
ACACACGGAGAGAGAGAGAG	2.29	HG03301:3.27	1.61,0.85,0.94,0.84,0.82,0.86,1.66,1.69,3.27,0.78,2.51,1.66,0.85
AACCCTCGCCACTCC	2.23	HG03301:4.09	0.80,1.68,4.20,0.82,0.84,1.63,1.72,0.82,1.68,0.83,0.86,1.66,1.71,0.83,0.85,2.52,2.57,1.70,4.09,3.88,0.84,4.07,1.66,0.85
ACCCGCACTGCCATCGCC	2.22	HG03301:4.91	1.63,0.82,0.83,0.83,0.84,0.80,1.68,0.83,0.85,4.11,2.47,1.63,0.82,0.85,1.62,1.94,1.70,0.86,2.45,0.84,0.83,1.58,0.81,0.86,0.84,1.68,1.73,1.61,1.65,3.39,6.49,0.85,0.82,2.83,5.82,2.52,0.82,2.50,0.84,1.61,1.74,0.87,0.81,0.81,0.81,0.82,0.83,1.72,0.85,0.83,2.51,1.64,0.84,1.70,1.57,0.84,1.67,0.87,0.86,0.83,1.71,1.64,0.84,0.86,0.84,0.86,4.91,0.84,0.78,2.51,0.85,3.94,0.83
AGG	1.99	HG03301:101.40	52.25,37.54,62.69,56.54,34.22,41.60,40.73,29.98,48.43,57.67,40.68,50.11,39.37,42.43,47.65,55.54,64.98,46.85,32.60,41.05,64.02,40.96,47.84,38.93,29.59,44.87,43.40,65.74,48.35,38.69,37.76,32.89,43.38,52.70,55.56,46.12,47.85,61.88,114.37,42.34,39.93,48.08,45.36,38.67,68.93,41.67,60.70,44.58,63.79,38.88,97.24,23.12,38.96,52.89,101.59,37.29,35.02,48.66,44.40,53.56,44.36,37.13,42.87,63.21,43.51,31.87,34.92,43.53,47.73,48.00,31.84,51.58,58.85,38.30,32.78,37.81,62.06,41.28,75.04,34.95,43.44,47.86,59.84,62.83,45.98,67.64,61.88,43.58,101.87,55.64,54.91,62.36,52.10,35.57,54.12,29.39,40.20,35.32,60.81,33.19,43.32,34.28,39.56,49.51,46.38,72.89,34.33,29.84,75.45,48.85,32.60,53.97,34.30,48.89,50.63,40.23,54.61,55.68,47.99,41.11,52.06,63.21,52.88,27.44,28.27,59.30,35.44,40.75,46.24,37.22,46.51,36.79,47.89,50.00,101.40,46.18,36.12,76.85,94.61,37.43,42.14,59.81,68.54,77.26,99.25,45.01,28.95,74.00,37.34,40.64
ACCCCGCGCACCCCGCTC	1.96	HG03301:6.54	0.82,4.08,2.44,0.83,0.83,0.83,0.83,0.84,1.60,1.67,0.84,1.66,0.85,3.29,2.47,0.81,1.64,1.71,1.71,1.64,0.80,0.83,1.62,0.97,2.53,2.55,2.59,2.45,2.48,2.44,5.52,0.81,0.86,0.84,3.36,3.40,2.60,1.66,3.21,1.65,4.69,1.62,3.42,0.84,1.68,1.65,0.86,0.84,3.33,1.70,1.64,2.51,2.58,0.83,1.63,0.83,0.86,4.20,1.69,4.03,0.90,3.23,0.81,1.64,4.89,0.81,0.85,2.46,0.86,1.64,0.85,2.48,4.16,2.59,1.64,4.86,0.85,0.83,0.86,3.31,0.84,1.70,1.57,1.71,0.84,1.74,1.67,1.66,1.65,2.57,1.65,0.82,0.85,3.28,1.68,0.85,1.69,0.85,0.86,0.84,0.85,6.54,0.82,6.99,8.37,1.66,1.69,0.85,1.67,5.52,4.88,2.55,1.70,0.85
ACATACATATGTATC	1.90	HG03301:2.45	0.82,5.50,0.83,0.85,0.86,2.57,1.69,2.45,0.85
ACACGCGCACAGGCCCGC	1.89	HG03301:3.27	0.82,1.63,0.83,0.83,0.83,0.84,0.84,0.82,0.81,0.85,0.81,0.84,0.83,0.86,0.87,2.48,0.85,0.78,0.81,0.84,1.65,0.86,0.84,0.83,1.70,1.67,0.84,1.66,0.82,0.87,0.87,0.84,1.71,0.85,0.84,0.84,0.86,1.65,0.86,0.82,0.84,0.86,0.86,0.85,3.27,0.84,0.83,0.79,0.85
ACCCCGCGC	1.72	HG03301:5.72	1.63,0.82,2.44,1.66,1.67,4.16,0.83,0.83,0.80,5.85,2.51,0.83,1.70,0.82,4.93,0.80,0.82,0.85,0.82,2.40,0.83,2.43,0.81,0.97,0.84,2.55,0.86,1.63,3.35,0.81,5.52,1.69,1.63,1.72,5.04,0.84,0.84,2.55,2.60,2.49,0.80,2.48,1.56,3.24,4.27,2.51,3.30,0.94,1.73,1.68,0.83,3.35,1.70,2.46,1.67,2.53,5.16,3.33,0.82,1.67,0.86,1.68,0.82,2.53,2.42,0.90,2.61,4.04,0.81,0.81,2.46,0.83,3.43,0.82,1.65,0.86,1.67,1.64,2.43,0.85,0.86,2.48,0.84,0.84,1.75,2.49,0.86,0.83,2.57,0.83,0.85,3.28,0.86,1.71,0.84,0.85,0.87,0.85,0.85,0.86,1.68,5.72,1.65,0.84,2.33,3.35,2.50,0.85,0.84,3.15,2.44,1.70,2.48,0.83,2.55
AATCCCTGC	1.72	HG03301:4.09	0.84,0.82,0.82,2.47,1.60,0.82,0.84,0.83,3.36,2.49,2.56,10.04,2.57,4.09,1.55,0.84,2.50,5.06,5.98,1.63,1.65,1.66
ACGCAGGGGGCTCCGCAGGC	1.58	HG03301:2.45	0.86,0.84,1.58,0.85,0.86,0.85,0.81,0.87,0.82,0.81,1.65,0.82,0.85,2.45,0.78,0.85,0.81,1.65
ACAGCGCCTCCCCACTGC	1.57	HG03301:1.64	0.81,0.82,0.81,1.64,0.78
AATATATATATG	1.52	HG03301:4.91	1.63,0.82,3.33,2.50,1.67,3.33,0.84,1.65,2.47,2.44,2.46,3.46,2.47,2.40,0.81,0.84,0.84,0.86,0.84,1.68,3.31,4.02,0.85,1.65,1.68,2.51,0.84,1.68,2.53,3.33,0.82,0.86,0.84,1.62,0.81,0.85,1.66,3.42,3.31,1.67,3.46,0.82,1.68,3.14,3.43,2.51,0.84,4.98,2.48,5.14,1.71,0.84,0.85,1.69,0.84,4.91,0.82,1.68,0.78,0.84,3.42,1.67,1.58,0.83,1.69
AGGG	1.41	HG03301:3.27	0.81,0.83,0.83,1.67,0.84,0.85,0.82,0.81,0.85,0.84,0.85,0.86,0.84,0.85,1.56,0.84,0.84,0.84,1.72,1.68,0.81,0.90,1.74,2.43,0.81,0.82,2.59,0.81,0.86,0.83,2.36,0.86,0.84,1.74,1.65,0.84,0.86,1.69,3.27,0.82,0.78,1.67,1.67,2.37,4.07,0.85,1.65,1.66
