motif	top_case_zscore	high_case_counts	all_counts
ACAGGGTGGATAGGGTGG	15.80	HG03451:17.58	1.63,0.83,0.84,1.60,0.83,3.29,0.80,0.85,0.82,0.83,0.81,0.97,0.82,0.81,0.85,1.66,0.83,0.83,0.81,3.30,1.73,1.70,0.84,0.86,0.83,0.86,4.03,0.81,0.85,2.56,0.82,0.85,1.71,0.83,0.87,17.58,1.67,1.63,1.66
AAGGCTCCTGACCCCACCC	13.98	HG03451:45.21	16.33,12.24,11.40,14.97,2.50,15.81,14.96,9.99,11.69,13.37,8.77,18.37,15.92,16.64,8.51,14.31,14.81,8.22,11.41,12.07,13.95,10.24,8.54,17.30,6.58,23.24,15.02,25.16,12.89,1.68,11.62,14.34,16.16,18.14,13.07,16.77,15.68,21.17,18.14,16.09,12.22,12.02,15.96,16.81,19.33,9.35,18.21,7.72,6.63,6.62,21.70,9.91,9.32,16.53,20.32,20.27,12.81,7.55,12.57,14.01,7.55,10.36,9.25,20.79,18.41,6.71,15.33,5.75,11.72,13.47,11.19,14.97,10.62,14.16,14.66,8.40,17.96,21.06,17.75,17.03,16.51,13.92,16.17,24.97,7.39,22.82,18.73,9.40,27.93,12.46,16.30,22.16,29.04,9.10,18.32,8.64,20.10,14.78,17.03,15.32,7.50,5.14,9.07,14.27,14.08,16.57,9.21,11.08,18.86,9.43,10.03,8.70,6.69,5.24,17.43,9.41,5.79,26.56,22.34,13.15,6.83,11.49,17.63,6.00,6.85,20.04,6.75,10.19,6.98,16.92,3.38,11.12,7.56,7.63,20.44,21.44,15.12,19.41,45.21,12.48,11.80,17.09,13.37,24.44,46.37,16.99,7.45,10.81,22.07,10.16
ACCCTATCC	10.03	HG03451:519.95	57.15,41.62,105.03,66.52,50.91,73.21,26.60,78.28,33.40,47.64,58.23,63.48,36.02,79.04,19.57,69.85,60.87,34.52,13.85,53.93,45.96,60.58,52.11,24.22,98.64,48.87,70.94,95.77,33.85,52.15,50.34,32.04,27.22,63.07,58.83,43.61,39.60,29.31,173.52,119.40,60.31,30.91,24.36,8.41,61.37,20.41,11.27,27.43,13.25,77.75,126.17,20.64,12.70,57.85,82.83,230.24,81.15,25.17,9.22,182.94,60.41,12.09,36.99,58.22,14.23,3.35,5.96,44.35,16.75,39.58,39.58,26.62,28.61,14.16,102.64,51.25,11.43,86.78,20.17,50.18,49.53,86.15,97.04,31.42,81.29,62.75,47.22,66.65,80.51,16.61,57.49,21.33,94.80,112.50,17.49,45.81,202.66,110.88,30.00,33.19,5.83,89.12,28.02,135.94,79.51,241.86,31.81,45.18,61.30,12.86,95.30,24.37,154.77,15.71,193.38,42.80,143.15,11.14,86.87,40.28,132.29,160.89,85.62,86.62,12.85,151.16,56.54,103.56,326.29,49.91,66.81,65.03,4.20,99.16,181.54,154.20,68.05,357.10,519.95,21.63,49.72,55.54,54.33,50.46,410.02,33.97,43.85,81.48,111.18,70.28
AATGCGGGGAGGACGAGG	9.16	HG03451:13.40	0.82,0.81,1.66,2.50,5.82,1.67,0.83,0.80,0.84,1.68,0.83,1.70,1.68,2.47,0.82,2.44,0.82,0.85,1.67,4.06,3.22,1.68,2.90,2.55,0.86,2.45,1.68,1.65,0.81,0.79,1.69,4.07,0.86,2.52,1.68,3.36,0.85,0.87,0.86,1.66,1.65,3.21,2.54,2.48,2.43,2.56,1.68,0.84,2.47,0.94,5.82,1.67,1.68,1.70,0.84,0.86,0.83,0.82,2.52,3.27,0.84,4.03,1.79,0.87,0.87,1.62,0.81,1.64,1.63,3.26,1.71,0.82,0.83,0.82,0.83,3.33,1.73,0.84,0.82,2.43,3.40,0.83,0.86,0.82,0.83,0.83,1.67,1.70,7.07,1.71,0.84,1.74,2.51,4.36,1.66,1.71,1.65,0.83,0.82,0.85,3.28,0.86,0.86,5.01,2.53,0.85,0.85,3.36,0.82,2.52,1.55,13.40,2.50,0.84,0.85,2.51,2.44,5.94,4.14,1.66,0.85
ACACTGCCCGCCTCCCACAG	6.64	HG03451:9.21	3.43,2.47,1.74,0.83,1.65,5.14,5.97,0.82,0.86,2.54,0.86,2.52,0.85,5.77,1.68,9.21,1.71,0.84,4.73,1.66,1.70,0.85
ACCCCGCGCACCCCGCTC	3.81	HG03451:8.37	0.82,4.08,2.44,0.83,0.83,0.83,0.83,0.84,1.60,1.67,0.84,1.66,0.85,3.29,2.47,0.81,1.64,1.71,1.71,1.64,0.80,0.83,1.62,0.97,2.53,2.55,2.59,2.45,2.48,2.44,5.52,0.81,0.86,0.84,3.36,3.40,2.60,1.66,3.21,1.65,4.69,1.62,3.42,0.84,1.68,1.65,0.86,0.84,3.33,1.70,1.64,2.51,2.58,0.83,1.63,0.83,0.86,4.20,1.69,4.03,0.90,3.23,0.81,1.64,4.89,0.81,0.85,2.46,0.86,1.64,0.85,2.48,4.16,2.59,1.64,4.86,0.85,0.83,0.86,3.31,0.84,1.70,1.57,1.71,0.84,1.74,1.67,1.66,1.65,2.57,1.65,0.82,0.85,3.28,1.68,0.85,1.69,0.85,0.86,0.84,0.85,6.54,0.82,6.99,8.37,1.66,1.69,0.85,1.67,5.52,4.88,2.55,1.70,0.85
AACCACGGAGAGCACGCT	3.67	HG03451:10.05	2.45,5.70,0.83,3.34,4.99,1.66,1.67,4.17,1.67,3.19,0.84,0.83,1.70,4.21,2.47,3.29,2.44,3.22,2.46,0.85,1.71,1.73,1.64,1.60,1.67,1.62,1.61,1.68,0.97,2.55,1.73,0.82,0.84,1.65,3.26,1.58,1.63,1.72,4.20,3.36,1.68,1.73,1.71,1.66,1.65,1.61,0.83,1.69,2.48,3.13,0.81,0.85,3.36,5.03,1.65,2.83,1.73,1.68,0.83,1.67,0.84,3.29,1.68,3.44,4.16,2.45,0.83,5.18,2.52,3.27,1.69,5.65,1.79,4.34,1.74,2.43,2.42,1.64,2.44,1.63,1.64,6.64,4.29,0.82,0.85,0.83,4.16,1.73,1.67,1.64,0.81,1.70,0.83,2.57,5.77,1.68,4.14,9.11,1.67,4.26,8.65,4.29,1.67,2.61,2.51,1.75,6.64,0.86,2.48,4.28,4.96,4.11,0.85,4.93,9.23,1.72,0.86,6.68,3.38,2.55,2.62,2.54,4.23,0.86,6.78,0.82,6.60,0.84,3.11,10.05,3.33,5.13,1.67,3.15,3.25,1.70,2.49,4.24,1.69
AATGAGTGAGTGAGGAGAGG	2.98	HG03451:113.87	57.15,7.34,63.51,4.16,10.02,30.78,19.95,4.16,40.08,39.28,3.19,31.74,15.08,9.15,22.97,11.78,41.95,4.93,0.81,46.69,49.24,22.18,52.97,4.33,29.59,66.50,4.17,4.06,8.86,5.81,43.85,13.61,22.46,26.15,5.87,23.93,58.63,29.18,33.03,2.44,7.73,23.52,13.45,26.06,11.91,5.20,33.43,21.54,21.51,58.66,18.16,9.32,34.71,45.32,16.21,71.75,27.69,43.56,28.02,14.16,17.27,35.31,6.65,46.86,11.74,3.41,4.11,15.07,47.16,9.47,1.66,13.08,31.64,40.54,21.01,39.20,30.33,32.27,40.33,22.59,2.61,52.56,0.81,18.06,6.52,10.58,3.42,19.72,34.05,6.86,18.87,21.35,19.85,30.81,22.48,10.05,23.82,68.92,23.83,63.31,33.42,89.00,24.34,79.51,149.92,3.35,91.21,123.39,63.42,67.71,61.80,69.44,96.03,62.25,79.60,51.30,38.55,5.79,57.55,30.73,36.94,47.85,50.60,44.55,50.94,104.63,8.49,1.74,88.83,50.74,42.78,92.43,16.95,33.53,50.30,36.12,68.31,113.87,61.55,85.96,61.52,28.42,110.38,17.90,11.04,53.77,11.64,42.44,36.41
AACCCACAGCCACCAGAC	2.53	HG03451:4.19	1.63,0.83,1.67,0.84,0.84,0.84,1.66,0.84,0.82,0.80,0.82,1.68,0.84,0.81,0.87,0.83,0.80,0.85,0.84,0.84,0.84,0.82,0.84,1.73,1.68,0.84,0.81,1.63,0.85,0.82,1.64,1.70,0.86,1.68,0.84,0.85,3.30,4.19,4.27,1.58,0.83
ACCGCGTCCTCATCAGC	2.48	HG03451:13.40	4.08,2.45,5.70,2.49,5.84,4.16,7.48,2.50,4.18,1.60,5.01,2.51,4.16,2.55,6.58,0.81,0.80,0.82,0.85,0.85,2.60,2.47,2.40,4.17,4.87,3.22,1.68,0.97,12.65,5.10,6.05,4.90,0.84,1.65,4.73,0.85,0.81,4.29,9.24,4.20,6.73,2.55,5.20,1.71,3.31,4.14,7.23,4.13,3.39,4.96,7.81,2.43,4.27,0.84,0.82,1.89,1.73,4.20,8.32,3.35,0.84,3.41,4.93,1.67,2.53,0.86,10.81,5.72,2.50,7.76,1.68,4.08,3.37,3.23,0.90,1.74,5.22,8.09,5.64,9.85,5.70,4.89,3.42,4.93,3.32,8.58,5.74,5.12,3.31,3.33,1.73,3.35,3.29,7.30,2.55,14.16,320.58,1.66,4.14,3.35,3.41,1.57,3.43,3.34,2.61,0.84,2.62,5.81,5.99,10.76,1.71,4.96,9.39,23.50,0.86,0.86,1.69,2.55,5.08,6.77,4.28,11.45,1.65,13.40,4.99,5.06,3.42,0.84,0.79,5.69,4.25,9.93,0.83,2.55
AAGGGAGAGAGGGAGGGAGG	2.31	HG03451:12.56	0.82,0.82,1.66,0.84,1.61,1.64,0.87,2.47,1.62,0.85,2.58,0.87,2.48,0.83,1.62,1.68,1.68,0.83,1.67,0.85,0.82,0.85,6.57,2.46,0.82,2.48,1.67,6.29,6.86,1.74,0.84,0.87,3.32,0.86,13.24,0.85,4.93,1.68,0.86,1.71,1.67,0.87,0.85,0.85,0.86,5.88,2.54,13.08,1.65,22.51,12.56,2.50,1.69,16.72,8.67,4.88,0.85,2.48,1.66
ACGCCAGTCTCTGCCCC	2.30	HG03451:14.23	4.90,7.34,13.84,9.15,4.17,1.66,11.64,0.83,5.84,6.69,13.56,4.18,2.51,2.50,11.78,9.05,7.40,4.89,4.02,4.92,2.56,7.69,7.79,8.81,2.50,4.87,6.45,5.05,7.74,4.22,9.36,5.18,4.90,8.39,7.43,7.33,7.10,5.08,1.63,4.29,5.04,3.36,4.20,4.25,6.07,2.57,4.14,5.79,4.02,1.65,7.62,5.79,12.50,17.02,5.98,4.19,9.22,9.06,6.61,5.18,0.84,12.48,6.69,5.87,8.52,9.03,10.89,6.74,4.30,5.82,4.09,2.50,6.04,4.20,11.43,1.69,5.65,4.48,0.87,5.22,8.09,5.64,5.75,4.07,4.89,6.84,4.11,9.97,7.72,4.92,9.39,4.14,6.66,5.19,8.37,2.46,4.05,3.40,5.00,5.14,3.30,8.39,7.45,9.11,0.84,9.38,3.93,6.00,1.67,6.09,5.02,1.75,3.32,4.28,4.14,10.28,14.89,4.11,5.12,9.85,6.72,5.15,4.28,1.67,9.28,5.94,3.49,2.54,5.07,5.99,5.88,1.69,4.09,9.90,5.04,9.32,14.23,6.65,1.69,7.69,5.85,7.88,12.20,5.10,8.27,6.65,6.79,5.93
ACTGCCCAGCGCCTCCCC	1.95	HG03451:3.35	1.63,0.83,0.83,0.84,0.80,0.82,0.81,0.81,0.83,0.81,0.81,0.84,1.68,0.83,0.78,0.84,2.47,0.83,0.82,0.84,0.81,0.87,0.84,0.82,0.81,1.66,0.85,0.86,0.83,1.71,0.85,0.86,1.74,0.82,3.11,3.35,2.55
AATGGTGAGGGGCACTGGGG	1.86	HG03451:95.45	23.67,10.61,11.40,7.48,22.54,20.80,31.58,5.84,8.36,20.74,18.37,2.51,17.47,17.02,11.78,45.24,20.55,20.37,18.51,12.31,22.18,7.69,7.79,6.58,15.22,10.02,18.67,24.18,10.93,68.73,5.06,21.27,9.50,37.59,27.67,18.15,5.70,41.01,34.72,11.41,32.62,20.16,9.25,26.90,43.37,22.55,6.86,112.67,15.72,50.63,2.48,19.48,5.79,2.34,7.30,12.58,5.86,50.27,2.83,0.84,16.64,41.00,8.39,7.66,21.35,1.67,12.63,31.84,29.12,41.68,33.31,19.84,5.04,66.14,40.44,114.58,33.16,63.43,42.64,71.97,34.64,5.75,61.12,6.51,23.07,57.51,55.64,62.63,47.59,90.53,32.26,5.83,102.87,78.72,10.68,51.08,48.50,39.15,13.71,8.24,15.94,7.45,43.90,10.88,9.38,7.07,17.14,16.54,10.88,12.22,19.92,0.86,52.96,9.42,6.62,14.80,32.43,9.03,33.58,15.44,12.85,5.01,7.59,12.73,27.05,42.30,7.61,16.26,12.60,22.88,49.88,18.97,14.28,95.49,95.45,39.09,8.43,52.97,52.66,63.07,86.23,28.88,31.44,14.97,13.58,27.94
ACAGGGTGG	1.79	HG03451:23.44	4.90,6.53,15.47,19.96,9.18,19.14,7.48,4.16,4.17,10.87,26.32,11.69,5.03,23.30,12.76,15.63,3.29,2.41,1.64,5.12,13.84,13.97,3.20,2.43,10.48,0.84,0.97,0.84,0.85,13.82,0.84,7.43,4.89,3.15,8.47,0.81,1.68,5.04,6.73,0.86,13.25,3.31,16.94,2.48,0.81,1.68,4.19,27.19,11.33,10.36,5.04,4.16,36.06,7.66,8.21,2.51,20.21,10.33,9.15,7.36,14.99,3.45,1.68,15.51,27.43,3.58,6.08,1.74,5.64,13.14,6.51,1.71,10.68,7.47,3.43,5.74,4.27,5.83,0.86,0.84,4.11,2.43,1.70,0.83,5.14,0.83,1.66,12.56,2.56,3.14,5.14,4.18,0.87,4.98,0.86,9.93,3.43,0.83,8.22,1.71,2.46,1.68,4.28,0.84,2.53,3.40,4.36,7.61,0.85,0.86,1.69,0.82,1.68,1.55,23.44,1.66,1.69,2.56,8.36,0.79,1.63,0.85,0.83,4.99,0.85,3.39
AAGGAGAGGGAGGGAGG	1.53	HG03451:5.02	0.84,0.83,2.47,2.53,4.25,0.84,2.48,0.81,0.84,2.52,4.34,3.31,0.83,0.78,0.81,2.47,5.04,3.27,0.84,5.65,0.90,5.66,1.64,3.31,0.86,0.82,3.33,0.82,2.52,0.83,1.66,0.87,0.84,1.66,3.31,2.57,0.82,0.84,0.85,1.74,3.38,0.86,2.45,1.65,1.55,5.02,0.83,0.79,2.44,0.83,0.85,1.69
ACACACGGAGAGAGAGAGAG	1.51	HG03451:2.51	1.61,0.85,0.94,0.84,0.82,0.86,1.66,1.69,3.27,0.78,2.51,1.66,0.85
ACCTCCTCCCTGCCTGCCC	1.51	HG03451:2.51	0.83,1.66,0.84,2.47,0.80,1.62,1.68,0.85,0.79,0.86,0.83,0.84,0.85,0.83,1.61,0.82,0.82,0.85,0.87,0.86,0.86,0.83,0.86,0.84,0.85,0.84,0.82,0.84,2.51,0.83
AGG	1.34	HG03451:94.61	52.25,37.54,62.69,56.54,34.22,41.60,40.73,29.98,48.43,57.67,40.68,50.11,39.37,42.43,47.65,55.54,64.98,46.85,32.60,41.05,64.02,40.96,47.84,38.93,29.59,44.87,43.40,65.74,48.35,38.69,37.76,32.89,43.38,52.70,55.56,46.12,47.85,61.88,114.37,42.34,39.93,48.08,45.36,38.67,68.93,41.67,60.70,44.58,63.79,38.88,97.24,23.12,38.96,52.89,101.59,37.29,35.02,48.66,44.40,53.56,44.36,37.13,42.87,63.21,43.51,31.87,34.92,43.53,47.73,48.00,31.84,51.58,58.85,38.30,32.78,37.81,62.06,41.28,75.04,34.95,43.44,47.86,59.84,62.83,45.98,67.64,61.88,43.58,101.87,55.64,54.91,62.36,52.10,35.57,54.12,29.39,40.20,35.32,60.81,33.19,43.32,34.28,39.56,49.51,46.38,72.89,34.33,29.84,75.45,48.85,32.60,53.97,34.30,48.89,50.63,40.23,54.61,55.68,47.99,41.11,52.06,63.21,52.88,27.44,28.27,59.30,35.44,40.75,46.24,37.22,46.51,36.79,47.89,50.00,101.40,46.18,36.12,76.85,94.61,37.43,42.14,59.81,68.54,77.26,99.25,45.01,28.95,74.00,37.34,40.64
ACACACACATACACGCC	1.20	HG03451:1.67	0.82,0.81,0.82,0.81,1.70,0.87,0.83,0.86,1.67
ACACCCCACACTCCC	1.05	HG03451:1.67	0.83,0.84,0.79,0.82,0.87,0.86,0.87,0.78,1.67,1.70
ACCACCCAGCCTCC	1.04	HG03451:6.70	3.27,1.63,2.44,1.66,0.83,0.83,0.83,2.50,2.51,1.60,1.67,4.16,2.55,3.37,2.47,4.11,2.44,1.61,0.82,2.56,0.87,0.82,1.60,1.67,3.25,4.84,4.22,3.40,3.46,2.45,0.84,0.83,4.07,2.37,1.69,3.26,0.86,1.68,2.52,0.84,5.95,2.60,1.71,0.83,3.21,1.65,1.69,4.13,3.91,1.62,0.85,0.84,0.84,2.47,1.89,0.84,1.66,3.35,1.70,4.93,2.51,1.68,1.66,3.27,2.50,1.73,1.63,2.53,1.61,1.79,0.87,5.22,5.66,1.61,1.64,4.07,1.63,4.11,1.66,5.15,5.12,2.48,3.33,3.46,1.67,1.64,3.24,2.55,1.67,3.43,3.30,3.36,3.31,2.48,4.26,5.50,1.71,5.85,6.96,4.18,2.62,2.49,3.31,0.86,9.93,2.47,5.12,5.75,1.72,3.43,1.67,3.38,2.62,5.08,1.69,1.71,1.69,3.27,1.65,5.43,6.70,2.50,1.69,3.42,1.67,3.15,7.32,5.10,1.65,3.33,5.09,7.62
