motif	top_case_zscore	high_case_counts	all_counts
AAGAC	9.17	HG03096:24.63	43.25,13.24,24.63,23.59
AACAT	4.45	HG03096:4.93	2.47,3.31,12.36,10.08,1.57,4.93
ACCACCCCTGGCTCC	3.39	HG03096:16.42	5.71,3.26,2.44,6.65,2.50,2.50,12.47,4.16,2.50,4.18,2.39,6.68,5.86,4.99,4.25,5.89,5.76,6.58,7.33,4.02,5.75,0.85,9.40,1.73,4.11,2.40,2.50,7.30,4.03,5.05,6.78,13.49,6.80,11.23,9.81,3.35,7.43,4.07,18.93,5.08,7.33,4.29,3.36,3.36,12.61,4.25,9.54,2.57,3.31,0.83,10.45,1.65,5.93,6.61,3.91,9.73,6.83,3.36,6.70,13.18,6.61,2.59,3.36,5.82,10.04,1.70,9.03,5.86,7.58,5.16,3.33,7.36,4.16,6.04,5.88,7.35,2.53,8.88,3.58,3.48,7.83,4.04,3.22,4.11,13.04,4.89,4.27,11.50,0.83,9.44,13.13,10.25,12.41,9.99,8.64,10.89,7.39,7.30,7.66,5.83,6.00,4.94,5.03,7.45,8.28,5.86,4.26,12.57,11.14,4.18,4.35,6.69,4.36,8.30,8.56,7.45,3.43,7.45,4.93,8.53,16.42,8.39,6.00,4.28,4.18,9.28,2.55,2.62,9.31,1.69,5.99,10.92,5.93,13.90,8.25,4.20,17.08,11.72,11.65,5.06,7.69,5.01,13.40,9.76,14.44,2.48,9.15,11.03,8.47
AATGGTGAGGGACACTGGGG	3.31	HG03096:4.10	2.52,0.85,0.80,0.82,0.84,0.90,0.82,0.82,0.85,0.81,2.50,4.10,3.49
AGAGGG	3.00	HG03096:7.39	0.82,4.07,0.83,2.50,3.33,0.83,2.50,2.51,0.80,3.34,0.84,1.66,1.70,0.84,4.94,0.81,4.83,0.82,0.85,0.85,0.87,2.40,3.34,3.25,2.42,2.52,1.94,0.85,3.46,3.27,0.84,1.65,2.44,3.15,0.85,1.63,2.58,2.52,2.52,2.52,2.55,1.73,3.43,2.49,0.83,2.41,0.83,4.96,8.60,0.81,0.85,2.52,2.51,4.12,0.84,2.50,4.18,0.84,0.85,3.35,1.72,2.50,0.82,3.33,1.73,0.84,4.84,2.69,0.87,0.87,4.04,2.42,2.46,1.63,1.63,2.56,3.29,2.49,3.28,1.71,0.83,1.67,3.46,0.84,0.81,0.85,4.17,2.48,3.31,1.57,0.84,0.83,0.86,2.48,0.86,0.85,7.39,1.67,1.69,1.74,1.69,0.85,0.86,1.68,0.85,4.09,1.65,1.55,4.19,0.83,2.53,1.67,6.31,1.63,0.83,4.16,1.70
ACTCATATATAT	2.45	HG03096:6.57	0.82,1.63,0.81,0.84,0.82,0.81,0.82,1.60,0.97,0.84,1.68,1.68,0.80,1.65,0.84,2.51,0.82,0.83,0.84,0.84,0.83,0.82,0.81,0.85,0.85,0.83,1.67,0.84,0.82,7.67,2.36,0.86,0.84,2.51,0.83,3.29,0.85,6.57,3.43,2.57,0.84,7.59,4.24,0.85,0.84,0.82,1.65,3.36,2.33,2.50,6.84,0.84,4.73,8.49,0.83,0.83,1.70,0.85
AATGTCGGTCCTACCC	1.67	HG03096:3.28	0.83,0.83,0.84,0.80,0.82,0.87,2.40,0.81,0.81,1.94,2.59,0.82,0.84,0.83,0.84,0.85,0.86,0.82,1.64,0.82,0.81,0.90,0.81,0.81,0.82,0.81,0.81,0.82,0.83,0.82,1.62,0.84,2.48,0.84,0.85,1.66,0.86,0.83,0.86,0.83,1.64,3.28,1.67,0.85,0.87,0.84,0.82,0.82,0.84,0.84,0.85,1.58,0.83
AATATATATATATGATGG	1.62	HG03096:4.93	0.84,0.80,1.68,0.80,0.82,1.64,2.51,1.89,0.84,0.84,3.43,0.81,0.86,0.82,1.66,0.79,3.32,4.28,4.93,3.36,5.14,0.84,0.85,3.36,6.54,2.52,3.88,2.51,1.66,1.67,1.70,5.94,0.85
AACCTGCGTGGACACAG	1.57	HG03096:4.10	0.82,0.82,0.83,0.83,1.66,1.66,0.83,1.67,3.34,0.80,0.84,2.50,0.84,0.82,0.81,2.41,0.85,0.87,1.60,0.83,1.62,2.53,0.85,2.59,1.68,0.79,0.85,0.84,0.85,1.73,1.65,0.80,2.54,0.83,1.56,0.81,1.65,0.94,1.68,0.83,0.82,0.84,0.83,1.63,0.84,0.82,1.69,0.87,0.81,0.81,0.82,2.44,2.44,1.71,0.83,1.72,1.64,3.42,1.65,0.83,1.67,0.82,0.81,0.85,0.83,0.86,1.57,0.86,0.87,1.67,0.83,1.71,0.82,1.71,4.10,0.84,0.84,1.74,1.69,1.69,0.82,2.33,0.84,4.16,0.84,0.85,2.51,6.31,1.63,0.83,0.83
ACACGGGACTACACGGGGCT	1.30	HG03096:4.10	1.63,2.45,0.81,1.66,1.66,0.83,0.83,0.80,4.11,4.07,1.61,0.82,0.87,0.80,2.43,0.81,0.84,1.69,0.84,2.37,0.86,0.83,1.65,0.78,3.24,0.85,0.84,0.84,1.65,4.16,0.84,0.84,0.85,1.64,0.86,0.84,0.81,0.90,0.81,0.82,1.63,0.85,2.46,3.40,3.33,0.82,0.83,0.84,1.57,0.83,0.86,0.83,1.65,4.10,1.69,1.70,0.87,0.85,0.85,1.64,0.84,5.69,0.83,0.85,0.85
AGCCAGGGCCC	1.29	HG03096:16.42	4.08,9.79,6.51,4.99,6.68,17.47,4.99,8.33,12.52,10.87,6.38,10.86,8.38,11.65,12.76,11.78,13.98,7.40,7.33,8.85,10.67,9.39,5.98,6.92,9.86,8.01,12.52,7.30,9.67,5.89,6.78,5.90,11.06,7.78,6.54,11.74,4.13,13.84,6.31,5.08,4.89,6.87,15.12,7.57,9.25,3.40,9.54,6.00,4.14,4.14,10.45,7.43,5.93,7.44,13.28,13.78,5.98,15.10,8.38,16.48,7.55,9.50,3.36,14.14,15.90,4.19,10.22,7.39,8.37,13.47,6.88,6.66,2.45,6.66,5.18,4.20,9.80,14.32,11.30,5.38,3.48,5.22,8.09,11.28,10.67,10.59,4.07,0.85,7.39,7.47,7.72,7.39,5.98,4.14,7.49,4.32,8.37,4.93,10.54,4.25,11.66,3.43,7.42,9.23,4.14,15.74,8.52,13.36,3.43,2.51,10.45,7.53,4.36,14.94,6.85,7.45,4.28,7.45,2.47,11.10,16.42,5.88,6.86,5.14,6.68,1.69,4.24,2.62,7.61,4.23,7.70,17.65,4.24,2.45,4.95,1.68,1.55,6.70,3.33,4.21,3.42,5.01,0.79,0.81,16.99,0.83,7.48,11.88,0.85
