motif	top_case_zscore	high_case_counts	all_counts
AACTGGGGCCTAGAGTGAGG	9.22	HG03575:57.75	5.71,25.30,3.26,6.65,3.34,5.82,19.95,12.49,0.83,23.40,26.32,14.20,5.03,0.83,11.91,3.37,4.11,14.80,17.11,4.02,1.64,6.83,2.56,17.30,7.40,20.83,42.57,36.52,31.43,20.19,2.90,2.53,21.27,3.46,15.52,10.90,3.30,4.89,3.94,18.63,5.70,1.72,19.32,24.38,5.04,18.71,2.60,14.57,1.66,1.65,5.63,14.03,4.23,16.53,2.34,2.43,23.92,6.71,8.38,20.60,2.83,1.73,7.57,9.98,20.92,16.77,13.63,18.89,12.56,16.84,16.35,3.33,13.08,2.50,13.80,16.80,4.90,4.21,22.59,24.20,13.90,3.48,25.88,22.55,24.63,5.70,8.96,17.94,4.11,38.20,17.16,2.46,8.54,8.27,6.66,4.32,2.51,4.11,6.49,25.53,17.49,5.14,12.36,6.71,2.48,4.14,16.74,19.61,25.94,13.71,11.70,3.48,0.84,40.16,38.18,15.41,7.45,47.97,22.34,7.40,10.24,22.16,27.70,18.01,17.14,7.52,10.13,14.43,30.54,11.00,20.30,7.70,5.04,0.85,8.18,32.98,12.60,32.60,27.63,5.82,25.28,35.03,4.18,27.59,6.51,57.75,35.57,31.59,32.25,15.24
ACCCGCTCTATCCCAGC	6.34	HG03575:14.44	3.27,0.82,3.26,4.16,3.34,4.99,5.82,3.33,6.68,0.84,1.60,2.51,0.84,1.66,0.85,0.84,4.11,4.11,1.63,4.83,1.64,4.27,2.56,5.19,1.64,1.60,3.34,3.25,0.84,3.87,0.84,1.70,0.86,1.63,1.68,3.30,4.89,5.52,2.54,0.81,3.43,3.36,2.52,1.68,3.40,3.47,0.86,2.49,0.83,0.80,2.48,0.85,4.13,1.56,1.71,2.52,0.84,3.78,0.86,0.84,4.99,3.35,0.85,10.68,2.51,2.53,1.72,0.83,3.27,1.67,2.59,2.45,3.37,3.23,1.79,2.61,5.66,4.03,2.46,0.81,3.42,2.46,1.66,6.01,1.64,2.56,3.31,2.50,1.73,3.35,0.81,0.85,6.66,1.71,4.12,1.66,7.45,3.35,4.26,2.36,1.71,7.52,7.83,1.67,1.75,4.98,1.71,8.27,12.85,2.48,3.29,9.39,5.75,4.29,6.85,6.68,2.53,1.70,7.85,0.85,2.54,5.13,3.36,1.69,4.09,4.12,9.32,2.51,4.99,1.69,9.40,5.01,3.15,5.69,14.44,4.14,0.83,3.39,9.31
AATGTCGGTCCTACGC	4.18	HG03575:11.04	1.63,1.63,1.66,5.01,0.83,4.16,2.50,1.67,4.79,1.67,0.83,1.70,4.21,2.47,2.47,1.63,7.39,0.85,0.87,1.64,0.80,2.43,3.22,5.81,3.37,9.50,1.63,4.19,0.83,3.26,5.08,2.44,1.72,5.04,5.04,2.52,2.55,0.87,2.49,4.96,5.63,0.78,2.56,3.30,1.89,2.59,2.52,0.84,4.26,1.64,8.37,1.68,3.44,4.99,3.27,4.20,4.08,1.69,4.84,2.69,2.61,0.87,4.04,4.83,2.46,2.44,1.63,1.71,3.29,0.83,0.86,4.10,3.42,1.67,2.59,2.51,8.21,4.86,3.40,5.00,2.57,3.30,0.84,4.14,3.31,0.84,0.85,2.36,5.02,2.61,5.86,2.62,0.83,4.28,4.14,4.28,0.83,7.40,1.71,4.93,0.84,2.57,3.43,1.67,1.69,1.70,5.23,8.46,5.92,2.57,5.04,3.39,6.54,4.12,3.36,6.21,6.70,0.83,3.42,4.18,5.52,2.44,11.04,1.65,2.49,5.09,6.77
ACTCATATATAT	3.75	HG03575:8.49	0.82,1.63,0.81,0.84,0.82,0.81,0.82,1.60,0.97,0.84,1.68,1.68,0.80,1.65,0.84,2.51,0.82,0.83,0.84,0.84,0.83,0.82,0.81,0.85,0.85,0.83,1.67,0.84,0.82,7.67,2.36,0.86,0.84,2.51,0.83,3.29,0.85,6.57,3.43,2.57,0.84,7.59,4.24,0.85,0.84,0.82,1.65,3.36,2.33,2.50,6.84,0.84,4.73,8.49,0.83,0.83,1.70,0.85
AAATTACACCGCAGCCTCGG	3.62	HG03575:6.79	0.82,0.83,0.83,0.83,1.60,0.84,0.84,0.85,2.52,1.65,0.81,0.85,0.82,0.80,1.67,1.94,0.84,3.27,1.58,0.85,1.63,2.58,3.36,1.68,4.25,0.83,0.80,1.65,0.78,0.84,4.19,1.89,1.73,0.84,1.64,0.86,0.83,0.81,0.90,0.87,0.82,1.63,0.85,0.82,0.83,0.86,0.85,0.83,0.83,0.84,1.64,2.43,4.17,1.66,1.67,1.74,1.75,0.83,1.71,1.64,0.82,2.52,0.86,0.86,5.01,2.53,0.87,0.85,3.36,0.82,3.30,0.84,1.66,0.84,2.44,6.79,0.83
AACTACCACCGTGACCCT	2.21	HG03575:2.55	0.85,0.83,0.83,3.29,1.65,0.84,1.63,2.55
AGCCAGGGCCC	1.85	HG03575:16.99	4.08,9.79,6.51,4.99,6.68,17.47,4.99,8.33,12.52,10.87,6.38,10.86,8.38,11.65,12.76,11.78,13.98,7.40,7.33,8.85,10.67,9.39,5.98,6.92,9.86,8.01,12.52,7.30,9.67,5.89,6.78,5.90,11.06,7.78,6.54,11.74,4.13,13.84,6.31,5.08,4.89,6.87,15.12,7.57,9.25,3.40,9.54,6.00,4.14,4.14,10.45,7.43,5.93,7.44,13.28,13.78,5.98,15.10,8.38,16.48,7.55,9.50,3.36,14.14,15.90,4.19,10.22,7.39,8.37,13.47,6.88,6.66,2.45,6.66,5.18,4.20,9.80,14.32,11.30,5.38,3.48,5.22,8.09,11.28,10.67,10.59,4.07,0.85,7.39,7.47,7.72,7.39,5.98,4.14,7.49,4.32,8.37,4.93,10.54,4.25,11.66,3.43,7.42,9.23,4.14,15.74,8.52,13.36,3.43,2.51,10.45,7.53,4.36,14.94,6.85,7.45,4.28,7.45,2.47,11.10,16.42,5.88,6.86,5.14,6.68,1.69,4.24,2.62,7.61,4.23,7.70,17.65,4.24,2.45,4.95,1.68,1.55,6.70,3.33,4.21,3.42,5.01,0.79,0.81,16.99,0.83,7.48,11.88,0.85
AATGCGGGGAGGACGAGG	1.70	HG03575:5.94	0.82,0.81,1.66,2.50,5.82,1.67,0.83,0.80,0.84,1.68,0.83,1.70,1.68,2.47,0.82,2.44,0.82,0.85,1.67,4.06,3.22,1.68,2.90,2.55,0.86,2.45,1.68,1.65,0.81,0.79,1.69,4.07,0.86,2.52,1.68,3.36,0.85,0.87,0.86,1.66,1.65,3.21,2.54,2.48,2.43,2.56,1.68,0.84,2.47,0.94,5.82,1.67,1.68,1.70,0.84,0.86,0.83,0.82,2.52,3.27,0.84,4.03,1.79,0.87,0.87,1.62,0.81,1.64,1.63,3.26,1.71,0.82,0.83,0.82,0.83,3.33,1.73,0.84,0.82,2.43,3.40,0.83,0.86,0.82,0.83,0.83,1.67,1.70,7.07,1.71,0.84,1.74,2.51,4.36,1.66,1.71,1.65,0.83,0.82,0.85,3.28,0.86,0.86,5.01,2.53,0.85,0.85,3.36,0.82,2.52,1.55,13.40,2.50,0.84,0.85,2.51,2.44,5.94,4.14,1.66,0.85
ACCCGCTCCATCCCAGC	1.70	HG03575:1.70	0.86,0.84,1.70
ACAGTGGGTGCTGGGAT	1.63	HG03575:1.70	0.84,0.81,0.86,0.85,1.70
ACACACGGGGAGAGAGAGAG	1.60	HG03575:1.70	2.47,2.52,4.66,2.56,1.70
ACCCAGCCCCGAGCCCAGT	1.50	HG03575:5.10	0.82,1.66,0.83,0.83,1.67,2.50,1.65,3.22,4.03,0.97,1.68,2.44,1.72,0.84,3.36,3.47,0.86,0.83,0.83,0.78,0.81,0.84,1.65,0.83,3.35,0.84,1.66,0.83,0.84,2.53,0.81,2.69,0.87,0.87,0.81,0.81,1.63,1.63,1.71,1.64,0.83,3.43,0.85,0.83,2.50,0.86,0.84,2.55,2.50,1.71,2.47,0.84,2.48,0.84,0.85,3.14,0.86,0.84,1.74,0.83,4.96,0.86,3.31,0.82,0.85,1.68,0.86,0.86,5.01,0.84,0.85,0.86,5.04,1.69,3.27,1.65,1.68,0.78,2.51,4.16,0.84,4.27,0.79,0.81,5.10,0.83,0.83,1.70,0.85
AACCAGGGCTGTGCTAGT	1.44	HG03575:14.44	2.45,0.82,1.63,2.50,1.67,0.80,0.84,2.50,2.47,0.82,0.82,3.46,5.68,2.90,8.43,0.86,1.63,0.83,4.89,8.47,2.44,15.45,9.24,4.20,0.85,0.87,7.72,0.83,0.83,3.39,1.65,0.78,0.84,4.12,1.73,1.68,0.84,3.29,0.86,4.99,4.09,2.50,0.86,1.68,0.82,0.84,8.69,4.35,2.42,3.28,8.96,11.50,2.49,2.57,6.56,1.71,2.50,3.46,0.84,1.64,4.86,0.85,15.83,0.82,5.02,19.24,2.62,0.83,0.86,2.57,13.13,14.27,0.86,1.67,3.49,2.54,32.14,1.71,7.36,1.65,1.68,9.98,4.21,14.44,0.83,2.49,0.85,4.23
AAGATATATATAT	1.42	HG03575:1.70	0.82,0.82,0.85,0.82,0.84,1.66,1.70
ACCACCCCTGGCTCC	1.40	HG03575:14.44	5.71,3.26,2.44,6.65,2.50,2.50,12.47,4.16,2.50,4.18,2.39,6.68,5.86,4.99,4.25,5.89,5.76,6.58,7.33,4.02,5.75,0.85,9.40,1.73,4.11,2.40,2.50,7.30,4.03,5.05,6.78,13.49,6.80,11.23,9.81,3.35,7.43,4.07,18.93,5.08,7.33,4.29,3.36,3.36,12.61,4.25,9.54,2.57,3.31,0.83,10.45,1.65,5.93,6.61,3.91,9.73,6.83,3.36,6.70,13.18,6.61,2.59,3.36,5.82,10.04,1.70,9.03,5.86,7.58,5.16,3.33,7.36,4.16,6.04,5.88,7.35,2.53,8.88,3.58,3.48,7.83,4.04,3.22,4.11,13.04,4.89,4.27,11.50,0.83,9.44,13.13,10.25,12.41,9.99,8.64,10.89,7.39,7.30,7.66,5.83,6.00,4.94,5.03,7.45,8.28,5.86,4.26,12.57,11.14,4.18,4.35,6.69,4.36,8.30,8.56,7.45,3.43,7.45,4.93,8.53,16.42,8.39,6.00,4.28,4.18,9.28,2.55,2.62,9.31,1.69,5.99,10.92,5.93,13.90,8.25,4.20,17.08,11.72,11.65,5.06,7.69,5.01,13.40,9.76,14.44,2.48,9.15,11.03,8.47
AAGGGAG	1.19	HG03575:5.10	4.08,5.71,1.66,5.82,0.84,0.80,1.70,0.84,0.83,2.42,3.36,0.86,0.81,0.86,1.68,0.85,1.73,1.61,0.85,3.13,0.81,0.84,1.68,2.47,0.94,0.84,0.84,1.70,0.82,0.84,1.68,4.99,0.81,1.64,0.81,0.82,2.43,1.66,0.83,1.67,0.79,5.24,0.83,2.48,1.71,2.48,0.82,0.86,1.67,0.87,3.38,0.84,2.54,4.91,1.65,3.11,1.67,1.66,1.71,1.67,0.79,5.69,5.10,0.83,1.70
AAAGGAGAAGGAAGGG	1.15	HG03575:2.55	0.81,1.67,0.82,0.82,0.85,0.83,0.84,0.84,0.84,0.84,0.83,1.64,1.72,0.84,2.52,0.78,0.84,4.99,1.58,2.55,1.70,1.69
ACTGCCCAGCGCCTCCCC	1.12	HG03575:2.55	1.63,0.83,0.83,0.84,0.80,0.82,0.81,0.81,0.83,0.81,0.81,0.84,1.68,0.83,0.78,0.84,2.47,0.83,0.82,0.84,0.81,0.87,0.84,0.82,0.81,1.66,0.85,0.86,0.83,1.71,0.85,0.86,1.74,0.82,3.11,3.35,2.55
ACACCCCACACTCCC	1.12	HG03575:1.70	0.83,0.84,0.79,0.82,0.87,0.86,0.87,0.78,1.67,1.70
AACCCCACTGCACCTGCCC	1.07	HG03575:3.40	1.63,0.81,1.67,1.67,1.67,3.19,0.85,2.41,0.81,1.94,0.84,0.84,3.94,0.86,0.83,0.85,0.78,1.62,0.85,2.59,0.84,0.82,0.84,0.86,0.84,0.81,0.81,2.44,1.64,0.83,0.86,0.86,3.30,0.84,1.66,1.67,3.32,0.86,0.86,1.65,0.84,0.87,2.54,1.69,0.82,1.65,0.84,1.55,1.67,0.83,0.85,0.84,1.63,3.40,2.55,0.85
ACAGTGAGGACCATGGGG	1.07	HG03575:1.70	0.83,0.82,0.86,0.84,0.83,0.82,0.79,0.84,1.63,1.70
