motif	top_case_zscore	high_case_counts	all_counts
AAAGGTGTGTGCGGGTGG	4.49	HG03069:8.53	0.82,0.82,1.63,1.66,0.83,0.83,0.83,1.67,3.34,1.66,0.85,6.58,0.80,1.64,0.87,0.82,1.60,1.67,0.81,2.42,1.94,3.37,2.59,3.27,5.87,1.65,1.63,0.79,0.85,0.81,3.43,1.68,0.84,3.36,0.85,0.86,1.66,1.65,1.61,2.48,0.85,0.83,3.91,5.98,1.68,2.47,1.89,1.68,2.50,1.68,2.55,4.93,0.84,0.83,0.86,0.84,0.84,1.61,1.74,0.87,1.61,1.63,0.81,0.83,4.14,1.67,1.64,1.62,0.85,1.67,0.86,2.47,0.84,2.48,0.79,1.71,0.83,0.86,3.31,8.53,4.10,0.84,1.72,2.51,0.87,3.36,1.69,1.65,0.78,0.84,0.84,2.56,3.34,2.37,5.69,0.85,0.83,0.83,0.85,0.85
AATGAGGACTGAGGGC	4.09	HG03069:16.22	6.53,6.53,4.89,7.48,7.51,8.32,4.99,5.00,14.19,4.18,4.79,4.18,5.86,8.32,7.66,7.57,13.98,2.47,3.26,13.68,6.57,3.41,8.54,5.19,5.75,9.61,6.68,3.25,8.06,10.09,6.78,8.43,6.80,7.78,8.99,5.87,4.13,8.96,9.46,1.69,8.15,3.43,7.56,3.36,6.73,2.55,4.34,6.86,7.46,9.10,3.21,0.83,6.77,6.61,7.03,4.86,4.27,5.87,5.03,5.77,6.61,6.05,5.88,11.64,14.23,1.68,5.96,8.21,9.21,2.53,2.58,6.66,4.09,5.00,5.18,4.20,5.72,5.90,5.65,6.27,6.08,6.96,2.43,5.64,5.75,9.78,4.07,9.40,2.46,4.15,8.58,7.39,2.56,6.62,5.83,1.73,5.86,7.39,2.43,5.96,5.00,8.57,4.12,9.23,8.28,8.28,2.51,6.82,6.29,6.00,5.85,6.09,10.04,4.36,7.47,5.14,3.31,11.14,5.79,4.93,16.22,8.21,5.88,7.72,3.43,7.52,5.91,4.24,4.36,5.08,5.92,3.42,6.72,6.78,2.45,5.77,9.24,6.99,5.86,5.82,1.69,8.54,2.51,3.94,5.69,7.64,2.48,9.98,2.55,1.69
ACCGCGTCCTCATCGGC	3.85	HG03069:5.97	0.83,0.83,2.52,1.63,0.81,3.37,1.68,0.83,2.46,0.86,0.84,2.46,0.85,0.84,1.67,1.66,2.61,3.32,0.83,0.83,5.97,0.84,1.71,6.68,1.70,1.69
ACACTGCCCGCCTCCCACAG	3.41	HG03069:5.97	3.43,2.47,1.74,0.83,1.65,5.14,5.97,0.82,0.86,2.54,0.86,2.52,0.85,5.77,1.68,9.21,1.71,0.84,4.73,1.66,1.70,0.85
ACGTGAGGCATGAGTGGC	3.37	HG03069:3.41	3.31,0.86,3.41,0.85
ACCTGCCGCTGG	1.72	HG03069:2.56	0.83,0.84,0.85,0.84,1.70,0.82,0.85,0.83,0.86,0.83,0.83,0.85,0.84,2.56,0.86,0.84,0.82,0.82,0.83
AATGGGACGAGGTGGGC	1.71	HG03069:1.71	1.71
ACGCCTGCTCTCACTGG	1.70	HG03069:11.10	0.82,5.71,1.63,8.31,5.01,6.66,4.16,0.83,5.01,5.01,1.60,4.18,2.51,6.66,8.51,6.73,7.40,6.58,2.44,8.05,4.92,9.39,2.56,2.60,1.64,4.81,2.50,3.25,6.45,6.73,6.78,5.06,11.06,4.32,5.72,6.71,7.43,3.26,4.73,5.93,9.78,5.15,5.04,3.36,5.04,5.95,10.41,4.29,4.97,4.96,4.82,4.13,5.08,4.13,9.38,8.11,5.98,4.19,5.03,9.06,2.83,5.18,4.20,9.15,9.20,5.03,5.96,3.29,3.35,3.37,2.58,9.15,7.36,4.16,3.45,1.68,3.27,5.90,3.23,1.79,1.74,8.70,6.47,4.03,6.57,3.26,2.44,5.13,10.68,9.14,5.15,3.42,6.62,6.66,6.05,3.35,4.93,7.30,8.51,5.83,3.43,0.82,5.03,1.66,6.63,4.19,8.52,8.65,3.43,6.69,6.09,6.69,6.11,8.30,5.14,0.83,6.00,2.48,11.10,4.10,6.72,3.43,3.43,4.18,5.91,3.40,5.23,6.77,3.38,5.99,7.56,2.54,4.91,1.65,4.20,5.43,6.70,3.33,1.69,2.56,3.34,8.67,8.95,5.10,2.48,6.65,11.03,5.93
ACACAGAGCCTGCGTGG	1.55	HG03069:2.56	0.82,0.83,0.84,0.85,0.84,1.63,0.84,0.83,0.81,0.79,0.84,0.83,0.86,1.68,1.67,0.84,0.83,0.84,0.81,0.82,1.64,0.85,0.84,0.83,0.85,0.79,0.86,2.56,0.82,0.84,0.85,0.85,0.85,1.64,0.85
ACCACCCCTGACTCC	1.55	HG03069:2.56	0.82,0.83,0.83,0.83,0.84,0.84,1.68,0.80,0.85,0.81,0.81,0.83,0.78,0.81,0.94,0.86,1.68,0.84,0.85,0.86,0.82,0.83,0.84,0.87,0.87,1.64,0.83,1.67,0.81,0.82,0.86,0.83,2.56,0.82,0.86,0.87,0.82,0.83,1.63,0.85
AGATATAGATATAGATATAT	1.50	HG03069:1.71	1.60,1.70,0.83,1.71,0.82,3.25
ACCCAGGAGATGCAGAGAGC	1.36	HG03069:2.56	0.82,0.82,0.81,0.83,0.84,0.84,0.85,0.81,0.81,1.94,0.84,0.85,0.82,0.84,0.83,1.63,0.79,0.81,0.86,0.83,0.81,0.84,0.82,0.94,0.84,0.84,0.86,2.45,0.82,1.63,0.85,0.82,0.83,0.82,0.83,0.86,0.84,0.87,0.87,0.83,1.71,2.56,0.82,1.72,1.69,0.86,0.84,0.84,0.85,0.85
ACCCGCTCTATCCCAGC	1.26	HG03069:9.39	3.27,0.82,3.26,4.16,3.34,4.99,5.82,3.33,6.68,0.84,1.60,2.51,0.84,1.66,0.85,0.84,4.11,4.11,1.63,4.83,1.64,4.27,2.56,5.19,1.64,1.60,3.34,3.25,0.84,3.87,0.84,1.70,0.86,1.63,1.68,3.30,4.89,5.52,2.54,0.81,3.43,3.36,2.52,1.68,3.40,3.47,0.86,2.49,0.83,0.80,2.48,0.85,4.13,1.56,1.71,2.52,0.84,3.78,0.86,0.84,4.99,3.35,0.85,10.68,2.51,2.53,1.72,0.83,3.27,1.67,2.59,2.45,3.37,3.23,1.79,2.61,5.66,4.03,2.46,0.81,3.42,2.46,1.66,6.01,1.64,2.56,3.31,2.50,1.73,3.35,0.81,0.85,6.66,1.71,4.12,1.66,7.45,3.35,4.26,2.36,1.71,7.52,7.83,1.67,1.75,4.98,1.71,8.27,12.85,2.48,3.29,9.39,5.75,4.29,6.85,6.68,2.53,1.70,7.85,0.85,2.54,5.13,3.36,1.69,4.09,4.12,9.32,2.51,4.99,1.69,9.40,5.01,3.15,5.69,14.44,4.14,0.83,3.39,9.31
ACCCAGCCAGG	1.19	HG03069:3.41	0.82,0.81,2.49,2.50,1.67,1.67,0.84,0.83,0.85,0.84,0.82,1.64,2.46,0.85,0.82,0.97,0.82,0.81,0.79,0.86,0.84,0.84,0.84,0.87,0.83,0.80,2.34,1.62,0.85,1.68,1.68,0.94,0.86,0.84,0.82,2.45,1.61,0.81,2.46,0.81,0.86,0.84,2.43,0.83,0.79,0.86,0.87,0.86,3.41,0.82,0.84,0.85,0.86,0.85,0.82,0.82,2.51,3.33,0.85,0.84,1.58,0.81,0.85,0.85,0.85
AGATATATATATGG	1.07	HG03069:3.41	2.47,0.84,4.23,0.81,0.86,9.24,3.31,1.66,0.84,2.43,3.28,1.71,1.73,0.82,3.24,0.85,0.84,0.87,3.41,1.68,2.51,0.85,1.65,0.78,1.71,1.70,0.85
ACCCATCACGCCCACCTGG	1.02	HG03069:2.56	1.63,0.83,1.70,0.82,0.80,0.87,0.80,2.43,0.81,0.86,2.45,0.84,0.81,0.84,0.80,1.65,0.84,0.84,0.84,0.84,0.82,1.63,0.82,0.81,0.85,0.82,1.66,0.85,1.67,0.82,0.83,2.56,1.72,0.84,0.84,0.87,0.85,1.69,0.84,0.79,0.81,0.85
