#contig	start	end	unit	top_case_zscore	high_case_counts	all_counts
15	78923841	78924929	AAAG	17.13	HG03100:17.14	0.83,17.14,17.99
2	173102020	173103142	AAG	12.87	HG03100:19.71	0.83,0.83,0.83,0.82,0.94,0.86,1.68,0.84,1.71,2.56,19.31,19.71,14.20,0.85,25.38,0.86
4	160376064	160376746	AAAAT	11.99	HG03100:11.99	11.99,8.44
20	56386618	56387237	AAAAT	11.99	HG03100:11.99	11.99
7	97768776	97769831	AAAG	9.92	HG03100:10.28	2.56,0.83,10.28,1.69,25.47,20.16,4.14
8	82600411	82601350	AAAG	8.24	HG03100:12.85	10.03,20.95,12.85,14.20
2	241561999	241563560	AAACAGGTCGTGAGGGCGC	7.84	HG03100:34.27	6.53,4.08,14.97,5.84,4.99,7.48,5.83,5.84,5.85,0.80,0.84,16.75,1.66,5.96,3.37,15.63,4.11,10.59,0.80,7.68,3.42,2.60,1.64,0.80,4.06,5.64,21.03,7.74,6.75,2.55,2.59,2.45,3.35,4.13,4.07,4.73,11.01,10.59,3.43,9.24,6.07,3.43,5.80,2.48,16.07,13.21,0.85,13.22,3.91,4.05,3.42,5.03,5.86,2.47,3.78,2.59,5.04,1.67,9.23,9.37,3.29,5.02,0.84,0.86,3.33,4.09,7.49,4.31,4.90,3.23,0.90,4.34,5.22,16.98,1.61,1.64,15.48,2.44,1.71,4.93,2.49,5.15,0.82,2.56,6.62,4.16,7.78,11.72,0.85,21.66,11.14,14.83,10.07,17.39,29.82,10.88,1.70,2.36,6.86,15.05,19.15,12.55,7.86,14.94,26.48,24.84,7.45,13.15,5.97,18.88,5.04,5.15,34.27,5.01,10.13,6.79,13.09,14.38,0.85,0.86,9.24,13.56,3.27,5.77,9.24,17.86,5.02,3.33,4.21,5.98,14.21,8.67,9.76,5.94,9.10,9.98,11.88,20.32
20	30165301	30166220	AC	7.45	HG03100:7.71	3.34,3.31,7.71,3.38,5.72
12	68670509	68671583	AAAG	7.22	HG03100:8.57	0.83,0.90,7.67,7.53,0.87,0.83,1.65,8.57,0.86,2.33,8.67,2.54
6	158911946	158912381	AAGG	6.85	HG03100:6.85	6.85,6.84
10	34374848	34375900	AAAG	5.48	HG03100:6.00	0.82,0.85,0.82,0.82,0.87,0.87,0.85,6.00,1.65
13	106296587	106297755	AAGG	5.05	HG03100:14.56	0.82,7.34,1.63,4.99,0.83,0.83,5.84,0.84,2.51,1.66,3.40,0.84,0.82,0.81,1.71,0.87,3.20,0.83,1.62,3.22,2.52,5.06,2.55,1.73,1.68,1.65,1.63,2.37,0.85,1.63,0.86,0.84,0.84,2.55,1.73,1.66,2.48,3.21,2.48,4.23,1.56,1.62,0.85,0.84,3.45,1.68,2.50,0.84,0.84,2.55,2.46,0.84,0.84,2.50,5.83,0.86,0.84,0.81,0.87,2.43,1.61,4.93,0.81,1.63,2.56,0.82,2.57,0.82,0.85,1.67,1.73,3.35,0.82,3.24,2.50,0.86,4.12,3.36,0.83,2.48,5.02,0.79,4.29,4.18,2.61,9.20,2.62,8.30,2.57,2.48,1.71,0.83,3.41,2.46,10.91,0.86,14.56,2.51,2.53,0.85,2.62,2.54,1.69,0.86,0.85,9.81,0.82,0.78,9.21,9.98,6.74,1.71,2.37,1.70,5.82,2.55,0.85
7	141612991	141613954	AAAAT	5.02	HG03100:17.14	17.31,12.79,0.82,17.14,0.82,10.25,12.20
8	140125600	140126798	AAGACGACTCCACCCCACAG	5.01	HG03100:12.85	4.90,0.81,0.83,0.83,2.51,4.93,6.68,4.06,3.87,4.09,2.48,0.86,0.83,7.30,0.94,3.36,3.58,1.74,0.81,1.61,2.44,0.85,2.48,3.35,1.62,0.85,2.50,3.43,14.01,10.91,6.63,1.70,9.43,0.84,4.35,8.37,7.47,4.28,4.14,2.57,6.62,2.47,11.10,0.84,0.86,12.85,8.35,0.84,2.62,5.92,2.54,1.68,3.39,0.82,4.20,5.02,5.82,8.43,5.13,5.85,3.25,0.85,3.33,4.23
18	55398837	55399880	ACACATATATACATATAT	4.92	HG03100:6.00	0.83,0.82,1.69,0.84,0.84,0.94,0.85,0.84,0.83,0.83,0.85,5.22,0.83,5.15,6.00,0.87,5.08,0.84,0.83
14	91671520	91672599	AAG	4.80	HG03100:19.71	14.80,10.29,19.71,6.11,14.72,11.72,6.84
6	167161562	167162007	AGATGGGGGCCCGAGG	4.75	HG03100:6.00	0.81,0.83,0.83,0.80,1.65,0.81,0.85,0.84,0.84,0.86,0.84,0.80,0.83,1.89,0.84,0.82,0.84,0.82,0.90,0.82,0.81,1.72,0.86,0.84,0.79,4.18,0.86,0.85,6.00,0.84,0.84,1.69,1.67,0.84,0.85,4.14
4	139672897	139673794	AAACC	4.75	HG03100:5.14	1.70,1.75,4.29,5.14,2.62,2.47
11	129545082	129546385	AAAG	4.58	HG03100:14.56	1.63,2.50,0.83,1.67,5.01,2.51,5.85,1.63,7.68,5.75,5.84,2.90,6.75,4.09,5.03,4.89,5.08,6.52,0.86,6.72,7.65,1.71,1.66,9.10,10.45,7.62,9.92,7.30,5.13,5.03,7.54,3.30,4.32,3.33,5.86,2.52,5.11,4.93,5.86,4.30,10.81,13.89,0.86,5.04,3.27,0.81,0.90,6.95,8.70,11.28,9.03,7.33,2.44,9.14,7.72,6.56,3.31,5.83,5.19,4.25,5.00,3.30,8.28,0.83,10.88,4.26,3.14,5.14,3.34,2.51,2.57,9.10,9.42,9.10,4.93,18.78,2.46,0.84,0.86,14.56,5.01,9.34,4.23,1.64,2.47,6.72,3.11,4.18,8.95,4.25,4.96,0.83,3.39
4	30717995	30718874	AGC	4.28	HG03100:4.28	4.28,6.79
6	120781220	120781933	AAAAT	4.28	HG03100:4.28	0.82,4.28,4.99
6	152692282	152693592	AAAGG	4.20	HG03100:10.28	3.27,0.82,3.33,0.83,2.50,1.66,1.67,2.50,0.84,4.79,0.84,2.51,3.40,1.68,0.82,1.64,1.63,3.22,4.27,3.46,3.29,2.40,2.50,1.62,2.42,0.84,4.84,3.37,1.70,0.86,2.45,3.35,0.83,0.81,3.15,0.85,2.44,4.29,4.20,0.84,3.36,1.70,1.71,3.31,1.65,2.41,4.13,5.93,5.47,1.62,1.68,0.84,3.30,0.94,1.73,4.20,0.83,0.84,0.84,3.41,3.29,1.67,3.37,3.44,4.99,4.16,1.73,3.36,3.27,2.53,4.84,2.69,1.74,0.81,0.81,1.64,5.70,1.63,4.27,1.64,4.15,1.72,3.28,3.42,1.67,3.35,2.46,5.68,0.85,12.50,2.57,3.30,0.84,4.14,2.48,8.37,3.41,5.50,2.57,0.84,0.87,1.67,3.49,1.66,3.42,8.27,4.28,1.65,3.29,1.71,4.93,5.04,7.72,10.28,0.84,1.69,2.55,5.23,1.69,1.71,5.88,3.39,3.27,3.30,5.88,5.43,3.35,5.82,1.69,3.42,3.34,3.94,2.44,3.40,6.62,4.16,2.55,2.54
12	104298526	104299748	AGGG	4.11	HG03100:6.00	0.82,0.83,0.83,0.83,0.83,0.84,0.80,0.82,0.87,0.82,1.70,1.63,0.86,1.68,2.55,3.47,0.83,0.85,0.83,0.84,0.84,0.84,0.84,0.86,0.83,0.82,1.67,0.86,0.82,3.23,1.74,0.81,2.56,0.82,0.83,1.73,0.81,1.70,0.86,0.84,0.83,2.36,0.86,0.84,1.66,0.83,0.86,1.65,0.85,0.84,0.86,6.00,0.84,0.85,0.87,0.86,0.85,0.84,0.83
4	159026734	159027373	AATAGATATATATCTATGG	4.10	HG03100:5.14	0.82,0.81,0.83,3.34,0.82,1.71,2.52,0.84,1.66,1.66,0.83,0.86,0.82,0.84,0.81,0.81,0.85,0.86,0.86,0.87,0.87,0.83,5.14,0.85,0.85,0.82,0.85
8	146300693	146301310	AACCCT	3.68	HG03100:13.71	3.26,0.83,2.50,9.98,1.65,0.82,0.81,0.80,0.82,0.83,0.81,0.85,1.63,6.80,0.83,1.65,13.78,6.81,4.21,0.87,1.62,9.85,15.48,4.11,0.82,11.58,0.83,3.35,2.48,5.97,1.67,6.62,0.85,0.86,13.71,3.38,5.93,1.65,3.33,0.84,0.83,6.79
3	134116925	134118410	AAAG	3.68	HG03100:10.28	2.45,0.81,1.66,0.83,6.65,2.50,5.01,2.51,0.80,2.51,3.40,1.68,0.80,0.85,0.85,2.60,3.20,0.83,5.64,0.97,7.59,0.85,5.72,3.35,0.79,5.93,9.78,1.72,0.84,3.36,4.20,5.10,4.34,0.86,5.80,2.48,5.63,0.85,4.13,1.62,2.56,10.07,0.84,4.94,6.61,0.86,0.84,0.83,3.35,2.55,0.84,3.27,3.33,2.59,5.88,2.53,2.42,3.58,4.34,0.87,0.81,1.64,1.63,2.44,1.71,4.11,2.49,4.29,3.28,5.12,3.31,2.50,3.46,0.84,2.46,1.62,1.70,2.50,1.71,3.30,0.84,3.31,7.45,4.19,4.26,6.00,2.51,1.74,3.35,0.87,2.49,1.65,3.43,4.14,1.64,3.41,2.46,2.52,6.86,10.28,1.67,1.69,2.55,2.62,0.85,0.85,6.85,5.04,3.27,0.82,3.36,3.35,0.83,0.84,4.27,2.51,3.15,2.44,0.85,4.14,0.83,1.70,3.39
4	663025	663955	AATAGCATGGGGTAGCGGG	3.44	HG03100:6.85	2.45,2.44,3.33,2.50,2.49,1.67,1.67,3.19,0.84,2.51,1.66,3.40,1.64,1.63,0.80,1.64,1.71,0.85,1.64,1.60,0.81,2.52,2.90,1.69,4.25,0.82,0.84,1.65,1.63,5.52,2.44,2.58,1.68,1.68,2.55,0.87,0.86,0.83,1.61,0.83,3.31,2.34,2.56,0.84,0.82,0.94,1.66,1.68,3.41,2.46,1.68,0.86,2.50,1.63,1.67,2.59,2.52,0.84,1.61,2.43,0.81,2.46,0.81,0.81,0.85,2.46,2.49,0.86,1.64,0.85,1.65,3.33,0.84,2.46,3.24,1.70,0.86,0.84,2.56,1.71,1.74,1.71,1.65,0.86,4.14,1.64,1.68,2.57,6.85,0.87,0.86,0.84,3.39,0.82,0.84,0.84,1.58,1.63,0.85,0.83,0.83,7.64
11	1681383	1683226	ACACTCCCCACGGCCCTGTC	3.43	HG03100:17.14	7.35,10.61,9.77,9.98,8.35,7.49,2.49,7.49,12.52,9.19,3.99,11.69,10.05,2.50,5.96,4.21,13.16,2.47,7.33,4.83,3.28,10.24,9.40,8.65,5.75,10.42,11.68,10.55,11.28,1.68,4.84,5.06,2.55,3.46,6.54,14.26,4.13,7.33,4.73,13.55,1.63,3.43,5.88,3.36,3.36,7.65,11.27,0.86,7.46,6.62,12.05,6.60,11.01,4.96,10.16,5.67,1.71,4.19,1.68,10.71,10.38,2.59,7.57,6.65,4.18,7.55,7.66,8.21,5.02,6.74,7.74,0.83,4.90,1.67,10.35,5.88,4.90,0.84,4.84,8.07,5.21,3.48,13.75,8.86,7.39,4.07,8.96,2.56,6.57,1.66,1.72,7.39,9.39,2.48,1.67,4.32,2.51,4.11,3.24,5.11,6.66,12.00,5.77,4.20,4.97,4.14,5.02,6.82,18.86,1.71,8.36,4.35,12.55,12.22,5.81,3.42,14.07,6.00,14.07,1.64,10.24,4.10,5.88,1.72,17.14,8.35,8.44,6.79,9.60,4.23,10.99,5.13,11.76,9.32,20.44,11.54,12.60,10.87,16.75,8.32,12.64,4.27,5.01,12.61,9.76,13.59,2.48,9.15,3.39,8.47
2	173102366	173102877	AAAGAAGAAG	3.43	HG03100:3.43	3.43
17	63071213	63072049	AAAAT	3.36	HG03100:4.28	15.71,4.96,4.28,2.57,8.95
21	10855474	10856841	AATGGAATGGAATGGAGTGG	3.26	HG03100:5.14	0.82,1.66,1.66,0.83,1.67,0.83,0.84,0.84,0.85,0.82,0.82,0.82,0.81,0.84,0.84,0.82,0.86,2.52,0.85,1.73,0.80,1.65,0.85,0.82,1.67,1.64,0.84,1.63,1.68,0.81,1.61,0.81,0.81,1.72,0.85,1.65,0.86,0.85,0.86,0.82,2.52,1.66,4.72,0.84,0.87,2.62,1.71,0.83,2.57,0.83,0.85,5.14,1.70,0.85,1.71,1.64,0.82,0.84,1.55,1.69,0.85,0.85,0.83
13	30271642	30272103	ACGGGAGAGGGAGAGGGAG	3.14	HG03100:3.43	3.31,1.71,3.43,0.85,1.65,9.76
7	102800289	102801811	AAATGGTGAAGGGCACTGGG	3.08	HG03100:7.71	1.63,0.83,1.60,0.81,0.84,0.83,0.79,0.85,0.83,2.41,5.03,0.84,0.85,0.84,0.90,1.74,0.82,5.00,1.71,0.82,0.83,6.86,5.86,2.48,1.71,4.96,0.84,7.71,2.51,5.91,3.40,5.07,0.86,0.85,5.88,0.83,3.25,4.14,4.99,3.39
19	56362651	56363693	AAATTACACCGCAGCCTCGG	2.93	HG03100:11.14	0.81,0.83,0.83,1.66,2.51,1.68,0.85,2.52,1.64,0.80,3.28,0.85,4.93,4.01,3.34,1.61,0.97,0.84,0.84,0.83,0.81,2.54,2.44,2.52,1.68,0.86,1.66,0.83,0.80,0.83,5.93,0.81,0.85,1.89,0.86,0.84,0.83,0.84,0.84,2.58,2.50,2.50,1.73,1.68,0.84,1.61,1.79,1.74,2.43,0.81,0.81,1.63,0.85,0.82,1.66,1.72,0.82,1.71,4.14,1.67,0.86,2.51,0.82,3.24,1.70,5.00,0.86,1.65,1.68,0.83,6.70,0.85,4.18,3.48,6.98,0.83,9.41,0.83,7.71,1.64,3.41,3.28,4.20,2.57,11.14,13.36,3.38,8.49,10.47,3.42,4.20,6.78,2.45,24.74,1.68,0.78,0.84,7.69,2.51,2.44,9.34,2.48,6.65,0.85
9	8947996	8948928	AAATATATATAT	2.78	HG03100:4.28	0.81,0.80,1.65,0.82,0.82,2.42,0.84,0.84,1.58,0.84,4.34,0.80,0.83,0.78,0.81,0.85,0.84,0.84,0.84,1.63,0.84,0.90,0.81,0.82,0.86,0.83,2.59,2.46,0.85,1.68,0.86,0.84,1.72,4.28,0.84,0.87,0.84,0.85
6	167807346	167808276	AAAGG	2.77	HG03100:8.57	7.45,12.80,10.91,8.57,9.10
12	19013618	19013619	AAAT	2.57	HG03100:2.57	2.57
13	28572640	28572708	AAATATATATATTTATATAT	2.57	HG03100:2.57	2.57
1	58808915	58808916	ATCC	2.57	HG03100:2.57	2.57
15	98454684	98454685	AAAT	2.57	HG03100:2.57	2.57
7	137631416	137631988	AACTATATATATAT	2.57	HG03100:2.57	2.57
X	133317096	133317647	ACACATATATAT	2.57	HG03100:2.57	2.57
13	87406276	87406450	AATATATATATATATAGCGG	2.57	HG03100:2.57	0.87,2.57,0.85,0.82
17	77438458	77438672	AGAGAGGG	2.56	HG03100:2.57	0.82,0.84,2.57
16	52991568	52992590	AAAG	2.55	HG03100:6.00	1.63,0.82,0.81,2.50,1.66,5.01,1.67,0.80,0.84,0.83,1.70,0.84,2.41,1.71,1.73,0.80,1.67,0.81,5.05,2.90,0.84,1.70,2.59,0.82,0.81,0.81,0.84,0.85,2.60,0.86,1.66,0.83,0.83,3.31,0.81,1.68,0.84,1.65,1.68,1.66,2.51,0.86,2.50,0.83,1.73,0.84,0.82,0.84,2.42,2.69,0.87,1.74,2.43,2.44,1.63,2.56,0.82,2.49,6.56,2.56,1.73,2.46,2.43,2.57,0.82,0.84,0.83,2.51,1.70,0.84,0.87,1.66,2.57,1.65,3.43,1.64,6.00,0.85,5.93,4.09,0.82,2.52,0.83,0.84,3.42,0.84,1.63,0.83,2.49,1.70,3.39
1	235130912	235132134	ACATATATATCTATATAT	2.52	HG03100:8.57	3.27,2.45,4.89,5.82,2.50,1.66,3.33,3.34,5.85,1.60,1.67,2.51,2.50,0.85,3.37,0.82,3.29,1.63,2.41,0.82,0.85,6.83,3.46,4.11,4.01,4.17,3.25,0.81,3.36,4.22,2.55,0.86,0.82,1.68,2.48,1.63,3.15,4.23,1.63,0.86,3.36,1.68,0.84,7.65,6.07,1.71,4.97,4.14,3.21,3.30,1.69,6.25,2.52,0.84,0.82,1.89,0.86,3.36,1.66,2.51,1.68,5.11,1.64,1.67,0.84,2.58,5.82,0.82,5.00,2.59,1.68,3.27,2.53,3.23,4.48,5.21,6.09,3.23,5.64,2.46,4.07,4.89,0.85,4.11,1.66,3.43,7.39,1.71,6.62,1.67,4.32,4.19,1.64,3.24,1.70,0.83,5.03,2.48,0.83,4.19,1.70,2.36,1.71,1.67,1.74,1.67,6.11,3.32,3.31,0.86,3.31,0.82,4.27,1.64,1.68,1.72,8.57,1.67,2.53,0.85,0.85,5.13,2.54,0.82,4.66,0.84,0.84,5.98,5.01,0.79,2.55,4.14
8	698255	698550	ACCGCAGGCCCGCCCATCCC	2.52	HG03100:2.57	0.84,2.57,0.85,0.84
4	181165506	181166763	AAAG	2.51	HG03100:6.00	4.07,1.67,0.83,0.83,1.65,0.97,2.53,1.73,0.81,1.68,4.20,0.84,2.55,0.87,5.14,1.66,4.14,1.65,2.54,1.62,0.84,0.84,0.82,2.55,1.68,0.86,1.66,4.09,1.67,0.87,0.87,1.61,1.63,1.64,0.83,1.72,0.82,3.35,1.62,0.83,0.86,1.57,0.84,1.74,1.75,0.83,2.57,1.64,4.93,6.00,6.00,2.54,1.71,2.45,0.84,2.51,0.83,1.69,1.71,0.84,0.81,1.70
1	18599443	18600208	AAAGG	2.51	HG03100:2.57	0.79,0.90,0.86,0.86,2.57
9	134295075	134296307	AAAG	2.50	HG03100:24.85	23.30,17.47,24.41,17.93,15.36,16.44,18.36,2.41,11.72,12.58,14.23,17.03,8.17,16.33,17.38,26.69,18.74,34.05,10.30,18.05,3.42,14.99,20.94,20.27,19.57,24.85,16.88,7.62
20	21100629	21101418	AAATATATATATAT	2.43	HG03100:2.57	0.85,3.45,1.64,2.57,0.86,0.85
9	4734961	4735665	AAATATATATATATATATAT	2.41	HG03100:2.57	0.83,0.79,0.81,2.57,0.84,0.79
1	2055545	2056310	AACTACCACCATGACCCT	2.39	HG03100:7.71	0.82,3.26,0.81,2.49,2.50,0.83,1.60,0.84,6.70,1.66,0.85,2.52,3.29,3.26,1.61,0.82,0.85,0.82,4.81,1.67,2.52,0.97,1.69,0.85,0.86,2.45,0.84,0.83,3.26,1.58,2.44,1.72,0.84,2.60,1.71,0.83,0.85,1.65,2.34,5.67,2.56,2.52,2.51,0.82,1.89,1.73,4.99,1.67,1.68,0.85,1.64,0.84,3.37,0.83,0.82,3.45,0.82,1.61,0.87,2.61,1.62,5.70,1.64,0.82,1.65,2.46,5.68,1.70,0.83,3.43,2.47,0.84,10.77,1.66,0.84,3.93,0.86,0.87,1.67,5.14,0.83,1.71,3.31,5.97,2.46,1.68,0.86,7.71,0.84,0.85,0.85,0.85,1.68,3.39,2.45,1.55,1.67,0.83,0.84,0.85,4.73,8.14,3.33,1.69
3	160662620	160662994	AACATGTTATAGTTATATAT	2.39	HG03100:3.43	3.43,0.84,3.43,4.23,0.84,3.39,2.52,2.53,1.67
20	36822290	36823822	ATCC	2.32	HG03100:55.69	44.08,46.51,49.67,39.91,37.56,28.29,41.56,39.97,39.24,39.28,38.29,31.74,41.88,53.25,40.84,29.45,37.84,38.63,43.19,40.25,33.65,43.52,37.59,35.47,39.46,39.26,42.57,46.26,41.90,49.62,40.66,45.54,38.28,44.06,28.60,35.22,36.30,39.90,48.11,49.96,40.75,49.80,31.92,36.99,33.63,51.87,39.02,43.72,43.08,42.18,53.84,44.58,44.04,48.76,39.85,48.64,40.15,36.91,40.21,33.79,46.25,39.73,37.83,46.58,46.86,35.22,30.66,41.88,46.89,29.47,44.75,49.91,37.60,29.14,41.40,39.49,37.56,33.70,50.83,40.33,35.62,46.12,33.96,45.11,39.41,52.16,40.71,43.58,36.97,38.20,36.89,47.59,43.56,47.98,34.14,45.81,35.17,45.17,42.97,66.37,48.32,38.56,42.85,41.12,34.79,40.59,36.84,50.29,36.94,30.00,36.78,37.43,39.32,44.52,43.16,35.09,38.89,35.12,32.27,45.22,50.36,41.04,31.90,30.02,55.69,45.93,43.04,32.26,39.26,39.76,32.98,29.95,35.29,44.07,48.25,37.93,37.81,43.47,54.42,54.90,37.92,52.97,42.63,26.81,40.68,42.46,57.08,29.93,53.47,41.49
8	70363517	70365086	AAGAG	2.32	HG03100:8.57	5.70,5.01,3.33,0.83,10.87,0.84,5.96,4.94,1.71,3.29,4.81,1.62,4.84,3.37,9.36,2.45,4.07,0.81,2.58,2.60,0.86,0.83,3.31,2.41,1.65,2.50,3.35,0.85,0.82,2.58,4.99,1.63,1.69,2.42,4.48,1.74,1.61,7.33,1.71,3.29,4.29,5.19,3.35,2.43,0.85,4.17,0.86,0.82,2.52,2.48,5.86,0.85,2.36,6.00,1.74,4.18,6.11,9.96,1.71,4.14,0.86,1.65,5.75,8.53,4.10,8.57,3.34,5.92,2.54,3.42,0.84,2.54,3.30,0.84,4.66,5.02,5.90,1.71,4.18,0.79,1.70,4.14,4.16,0.85,3.39
16	17675013	17675190	AGATATATATATAGG	2.30	HG03100:2.57	0.83,2.57,0.85,0.86,0.78,0.79,0.83
4	41161407	41162536	AAGGAG	2.27	HG03100:7.71	17.66,12.86,10.76,7.71,9.24,6.51,6.79
9	7213860	7214703	AATGAATGTACATAATGTAC	2.24	HG03100:4.28	0.82,0.86,0.84,0.82,4.17,2.47,2.52,1.71,4.28,5.23,0.86,5.93,2.50,3.34,0.79,1.66
11	122152203	122153531	AAAG	2.18	HG03100:4.28	0.82,0.83,2.50,0.84,0.84,0.85,1.73,2.47,2.40,1.67,0.81,0.84,0.97,0.84,1.73,0.84,0.85,0.83,0.86,0.84,3.37,0.86,0.84,1.74,0.85,1.64,1.67,0.83,3.35,1.74,0.84,0.86,0.83,0.83,1.72,4.28,0.84,0.85,1.71,3.39,2.50,0.84,1.63,1.69
20	31809732	31811141	ATCC	2.14	HG03100:4.28	1.63,0.83,1.66,1.68,1.66,0.85,0.81,0.82,1.71,4.27,1.64,1.67,3.36,0.97,0.84,1.72,0.84,0.84,4.29,0.83,2.48,0.80,0.83,0.85,0.78,1.68,0.94,0.84,1.70,0.84,1.68,2.58,4.16,1.73,0.84,0.82,1.69,0.81,1.74,0.81,1.63,0.81,0.82,0.83,1.64,0.83,0.83,0.86,0.84,0.82,0.81,0.83,1.71,1.71,0.86,4.28,0.84,1.70,0.85,1.65,0.83,0.85
8	86440579	86441621	AAAG	2.12	HG03100:4.28	0.82,0.83,1.67,0.84,1.68,1.66,1.70,0.84,0.85,0.80,0.83,0.81,0.84,1.94,1.69,4.90,0.83,0.79,1.63,0.86,0.83,0.83,1.61,1.69,0.83,0.85,1.68,0.83,0.85,0.84,0.84,0.83,2.52,0.81,0.87,2.42,0.82,1.66,2.57,4.10,0.85,1.65,0.84,1.64,0.85,0.86,1.65,2.52,0.83,0.84,0.86,1.66,0.83,0.82,0.85,0.82,4.28,0.85,4.23,0.86,0.85,0.78,0.81
1	213536304	213537601	AAAG	2.09	HG03100:5.14	1.63,0.83,0.83,0.83,0.83,0.84,3.34,0.84,0.83,0.85,0.82,1.63,0.80,0.82,1.71,0.87,0.80,0.81,0.97,0.84,5.95,1.63,0.84,3.30,3.94,1.72,2.52,0.84,1.70,0.83,1.65,0.80,1.69,0.78,0.81,1.73,0.83,1.68,0.85,0.82,1.72,1.67,1.73,1.68,0.81,0.87,0.87,6.47,1.61,0.82,3.26,2.44,3.42,0.82,0.86,4.27,2.50,0.82,1.62,0.83,0.83,0.83,0.83,5.14,2.62,1.69,1.64,0.82,1.69,0.84,0.83,2.54
5	43062767	43063761	AAAG	2.09	HG03100:2.57	0.83,2.58,0.85,0.90,0.82,0.83,3.28,2.57
X	122393696	122394579	AAAG	2.02	HG03100:3.43	0.82,0.82,0.84,1.68,0.86,1.64,3.43,5.01,0.85,1.68,0.82,2.50,1.71,2.55,5.93
19	11536081	11536389	ACACATATGTACATAT	2.02	HG03100:2.57	0.82,1.67,1.67,0.85,1.71,2.57,3.33,3.37
3	186017098	186018003	AAAG	2.01	HG03100:2.57	0.82,0.84,0.85,0.86,0.84,2.57,2.52,1.55,1.58
6	6045583	6045909	AATATATATATATGG	1.96	HG03100:2.57	0.83,0.94,0.86,0.84,0.83,0.86,2.57,5.07,0.85,4.16
5	159325537	159326880	AAGG	1.92	HG03100:13.71	9.98,4.16,9.18,6.58,20.12,0.85,8.65,9.61,6.68,10.09,9.22,12.61,2.41,1.65,12.50,10.89,12.48,8.17,15.38,0.82,7.47,6.66,4.94,1.75,0.83,0.86,9.10,8.22,13.13,7.55,12.01,13.71,9.19,5.06,9.34,5.08,6.77,3.42,6.78,7.36,11.54,12.60,2.51,10.11,7.10,0.81,1.65,0.85,7.62
18	41278739	41279804	ACATATATATATAT	1.90	HG03100:4.28	2.49,2.50,1.70,4.21,1.65,1.61,2.42,2.52,0.83,5.88,1.67,0.84,0.84,0.86,0.87,0.81,1.64,0.86,0.85,2.50,1.67,2.57,1.67,0.87,0.86,0.83,3.43,4.28,1.67,4.23,1.65
15	73952792	73953991	AAAG	1.85	HG03100:6.85	9.79,0.83,2.49,2.50,0.84,1.70,1.71,4.33,0.80,2.50,0.84,1.94,1.70,4.90,7.89,1.69,1.72,11.76,1.68,0.84,2.49,0.85,0.83,1.62,0.84,3.30,2.51,1.72,2.50,4.21,4.84,4.48,5.21,4.35,2.43,2.44,1.71,3.31,0.83,3.35,0.82,0.84,1.66,4.19,1.57,2.57,0.83,9.10,0.86,6.85,5.08,0.86,1.69,0.82,0.78,4.21,0.85,2.51,2.44,1.70,4.99
6	167708307	167709760	ACGAGGCAGGCGAGGAGC	1.83	HG03100:6.85	4.90,0.81,2.49,0.83,2.50,2.50,0.84,0.83,3.29,2.47,1.71,2.56,4.17,2.52,9.68,0.84,0.82,0.84,0.83,2.54,0.84,0.85,1.65,4.13,1.71,0.84,0.85,0.83,4.16,4.31,5.04,1.61,2.57,2.50,0.85,3.33,1.71,4.12,3.36,0.83,6.70,2.56,1.71,1.67,0.87,3.32,5.79,0.86,4.11,5.97,4.10,0.84,4.29,6.85,7.59,3.40,1.74,2.54,0.84,2.45,2.52,9.32,3.33,0.84,2.51,1.58,2.55,4.14,1.70
2	1520522	1522061	AAGGTGAGAGGCAGCAGC	1.81	HG03100:15.42	8.16,7.34,7.33,8.35,4.16,9.14,5.83,3.34,9.19,2.39,8.35,12.56,6.66,6.73,1.65,13.97,13.04,4.02,8.21,9.39,7.69,3.46,5.75,3.20,10.02,8.93,8.41,4.25,7.78,10.62,1.65,9.46,9.32,8.15,0.84,0.87,2.57,6.63,9.10,5.63,4.95,5.79,16.41,7.30,13.67,1.68,1.68,5.66,6.91,8.41,4.99,15.06,6.71,5.75,2.51,6.74,5.16,4.99,7.76,6.53,9.27,0.90,10.44,2.43,14.50,1.64,0.81,6.51,6.84,14.95,6.86,3.28,4.27,4.96,2.59,5.02,1.64,3.24,3.43,9.89,5.03,7.45,4.97,2.51,0.86,3.34,0.87,12.22,1.66,1.71,0.83,2.57,2.47,7.55,3.43,15.42,4.24,3.49,5.13,0.84,1.69,0.82,14.84,5.43,3.35,13.31,0.84,2.37,5.10,1.65,1.66,7.64,8.47
14	27687853	27688818	AAAG	1.77	HG03100:14.56	13.40,8.41,13.78,0.83,16.78,2.49,14.56,21.94,10.15,8.56,3.36,4.19,12.82
10	578048	579124	ACACACCCATACTCTCTC	1.75	HG03100:2.57	1.61,0.85,0.84,0.82,0.85,1.73,0.87,0.82,0.85,0.84,0.82,2.57,0.85,0.84,0.83
19	15890238	15890749	ACTCACTCCCTCCCCTCCTC	1.72	HG03100:2.57	0.81,0.83,0.83,0.87,0.81,0.79,0.84,0.84,0.80,0.82,0.82,0.83,0.82,0.81,0.83,0.84,0.86,0.86,0.82,2.57,0.85,0.85,0.86,1.67,1.63
13	20459667	20460689	ACACATATATATGTGTAT	1.71	HG03100:1.71	2.37,1.71,1.64
3	140146204	140146302	AT	1.71	HG03100:1.71	1.71,0.85
11	16309015	16309016	AC	1.71	HG03100:1.71	1.71
13	87152625	87152626	AC	1.71	HG03100:1.71	1.71
17	68259849	68259857	AAAG	1.71	HG03100:1.71	1.71
1	88268705	88268706	AC	1.71	HG03100:1.71	1.71
21	30261774	30261775	AC	1.71	HG03100:1.71	1.71
3	148714841	148714842	AC	1.71	HG03100:1.71	1.71
4	118761601	118761602	AGAT	1.71	HG03100:1.71	1.71
6	118355804	118355805	AAAT	1.71	HG03100:1.71	1.71
6	169239737	169240017	ACCCCGTCCTCATCGGC	1.71	HG03100:1.71	1.71
8	15959813	15959921	ACATATATACATATGT	1.71	HG03100:1.71	1.71
X	46175975	46176343	AAGGTGGTGAGCATGAGG	1.71	HG03100:1.71	1.71
Y	21078342	21078343	AAAT	1.71	HG03100:1.71	1.71
GL000216.1	52828	53058	AATGGAATGGAATGGACTGG	1.71	HG03100:1.71	0.83,1.71,0.82
8	21515776	21515823	AC	1.71	HG03100:1.71	0.82,1.71
8	144486872	144487902	AACCTGATGCCAGGTGTCC	1.70	HG03100:2.57	0.80,0.87,0.81,0.85,0.86,0.84,0.84,0.87,0.81,1.64,0.86,2.47,2.57,0.84,1.69,0.87,0.85,0.85,0.82,0.84,0.83,0.84,0.85,0.83
3	39239025	39239905	AAAG	1.70	HG03100:1.71	1.66,0.86,1.68,1.71
7	15361642	15361872	AAATATATAT	1.70	HG03100:1.71	1.66,0.82,1.71,1.65
18	55379812	55380914	AAAG	1.68	HG03100:6.00	0.85,0.85,0.84,0.87,9.89,5.03,6.82,2.49,6.00,3.38,4.28,2.33,5.94,9.93
4	155299015	155300132	AAGG	1.68	HG03100:4.28	2.45,2.49,0.83,0.80,0.83,3.40,0.81,2.41,3.42,0.81,0.81,0.84,0.85,0.84,0.83,1.56,0.85,0.84,0.86,0.84,3.35,2.55,4.19,3.37,4.30,0.82,1.79,0.81,0.81,1.64,0.86,0.83,0.83,0.84,0.83,0.84,0.83,0.86,0.84,4.28,0.85,0.84
12	29243245	29244442	AAAG	1.68	HG03100:4.28	0.82,1.63,1.67,2.39,1.68,0.97,0.83,0.81,0.81,0.86,0.84,2.55,2.60,1.66,0.85,0.78,0.84,0.84,1.68,0.81,1.74,0.87,0.81,0.81,0.82,0.85,0.82,2.56,0.83,0.84,0.82,1.67,2.47,0.84,3.31,0.84,4.35,1.67,4.27,0.86,4.28,3.40,0.85,0.85,0.82,0.84,2.53,1.71,3.40,0.85,0.85
1	15374584	15375732	ACCCAGGACCGACG	1.68	HG03100:2.57	0.82,0.85,0.84,0.85,0.81,0.84,0.79,0.81,0.86,0.84,1.69,0.78,0.84,0.81,0.82,0.83,1.74,0.87,0.86,1.64,2.57,0.86,0.78,0.83,1.67
2	84060520	84060826	AT	1.68	HG03100:1.71	0.82,2.57,1.71,0.85
9	4734590	4735658	AAATATATATACACATATAT	1.66	HG03100:3.43	5.14,2.48,3.43,3.38,2.56,1.67,3.94,8.49
15	70334525	70335772	ATCC	1.66	HG03100:2.57	0.83,0.83,0.83,0.83,0.84,0.80,0.83,1.70,0.82,0.85,0.84,0.85,0.86,0.84,0.81,0.81,0.85,0.87,2.48,0.86,0.84,0.85,0.84,0.82,0.84,0.82,0.84,0.87,0.82,0.83,0.85,0.83,0.83,0.84,0.85,0.86,0.87,1.71,0.85,0.84,2.57,0.85,0.85,0.85,0.82,1.71,0.85
9	19850566	19851088	AT	1.66	HG03100:1.71	0.83,1.65,0.86,1.71,0.83
7	323411	324613	AAAG	1.65	HG03100:4.28	1.67,3.99,0.85,1.73,0.82,1.68,1.69,3.40,0.81,0.85,0.86,2.52,0.83,0.85,0.84,0.84,0.83,2.59,0.84,4.03,0.87,3.48,0.81,0.81,1.71,3.31,0.86,1.67,0.83,2.57,0.83,5.14,0.83,0.82,4.28,0.87,0.86,0.84,0.85
4	128469497	128470256	AG	1.64	HG03100:7.71	3.27,2.45,1.63,2.50,4.16,0.83,2.50,1.67,2.51,6.38,4.18,0.84,4.16,2.55,2.52,5.76,4.11,3.26,4.02,1.64,2.56,3.42,2.60,3.29,2.40,1.62,0.81,2.52,1.94,1.69,5.10,2.59,2.45,0.84,2.48,1.63,1.58,0.85,5.70,3.43,1.68,0.84,2.52,2.55,0.87,4.29,2.49,2.48,2.41,0.83,4.23,7.44,3.13,0.81,2.56,1.68,2.51,4.94,2.52,1.66,0.84,2.52,2.55,1.64,3.35,1.68,2.58,0.83,1.63,7.76,1.68,3.27,4.03,3.58,8.09,0.81,1.64,2.44,0.81,0.85,1.64,3.43,0.82,2.56,1.65,1.67,1.73,8.37,1.62,0.85,3.33,1.65,0.84,2.48,3.31,4.19,0.85,4.18,2.61,0.84,2.62,2.49,4.28,1.65,1.64,1.64,0.84,3.43,7.71,0.84,1.69,0.85,1.74,6.77,0.85,5.99,3.36,1.65,2.33,0.84,4.21,2.56,5.85,1.58,1.70,4.14,2.49,3.39
19	6865561	6865975	AG	1.64	HG03100:2.57	1.66,1.66,0.84,0.83,2.57,0.85,2.54,0.84,1.64,0.84,3.39
6	9795027	9795328	AGG	1.64	HG03100:1.71	0.86,1.71,0.85,1.55,0.84
11	42816886	42817608	AAAAAAAAATAAAATAAAAT	1.63	HG03100:1.71	0.83,0.80,0.81,1.71,0.85
Y	13139710	13140176	ACTCC	1.62	HG03100:1.71	1.94,0.84,0.82,0.83,1.71
5	143509046	143509709	AAAG	1.61	HG03100:3.43	0.81,2.51,0.83,1.71,0.85,0.81,1.70,1.72,1.65,0.85,0.84,0.84,1.65,1.67,0.83,0.82,1.68,0.81,0.82,0.82,0.85,0.84,2.43,1.71,0.83,1.66,1.70,0.79,0.84,0.87,1.66,1.71,1.65,5.12,0.84,1.72,3.43,2.53,1.70,0.86,0.84,0.82,0.78,0.84,0.85,2.48,1.66,0.85
10	110490089	110490543	AGAGGGAGGGAGGGAGGG	1.60	HG03100:3.43	0.82,0.83,0.83,1.67,3.46,0.84,0.82,1.68,0.81,0.85,0.85,2.43,1.89,3.36,0.83,0.84,1.68,0.85,0.84,0.84,0.84,0.82,0.84,0.87,0.81,0.81,1.71,0.82,1.73,0.81,0.83,0.84,1.67,1.67,0.84,1.75,1.71,0.85,1.64,3.43,0.85,1.69,2.54,0.84,0.85,0.83,1.70,1.69
3	102317340	102317593	AAAG	1.60	HG03100:1.71	0.83,0.84,1.71,0.86,1.71
2	33141284	33141627	AACCCT	1.58	HG03100:6.00	0.82,2.44,1.66,2.50,1.66,0.83,1.67,2.51,0.80,0.84,2.55,1.68,2.47,0.82,0.81,3.22,2.46,0.85,3.42,1.73,1.64,1.60,1.67,3.25,4.03,1.68,0.85,4.90,0.84,2.48,2.44,3.15,0.81,2.58,0.84,1.68,1.68,1.70,1.73,1.71,4.14,1.65,0.80,0.83,1.65,1.56,3.24,2.56,0.84,1.65,0.94,2.59,2.50,2.51,0.84,0.85,1.64,1.67,1.68,1.72,1.66,0.83,2.59,0.84,4.08,4.21,1.61,0.90,0.87,1.74,2.43,1.64,2.44,2.44,0.85,1.64,3.43,1.64,0.85,1.65,0.83,2.59,0.85,0.83,1.71,4.12,6.71,0.83,0.83,2.51,2.56,3.14,1.71,2.61,1.67,2.62,4.15,1.71,1.65,5.14,1.71,4.93,1.68,1.72,6.00,2.51,0.84,0.85,0.87,0.85,1.69,1.71,1.68,1.69,1.64,1.68,3.88,5.02,4.16,0.84,3.42,4.18,3.15,4.88,4.25,1.65,2.49,3.39
19	10080342	10081037	ACAGACCCCACTCACCC	1.58	HG03100:1.71	0.97,0.81,0.86,1.64,1.71,0.85
2	47728943	47730322	ATCC	1.56	HG03100:11.14	8.98,0.82,0.81,3.33,2.50,6.66,1.66,2.50,0.83,5.01,1.60,3.34,1.68,1.66,8.51,2.52,1.65,0.82,3.26,2.41,4.10,1.71,14.52,6.06,3.20,2.50,9.74,0.81,5.05,2.90,2.53,9.36,1.73,11.44,5.03,3.30,5.08,8.15,5.15,6.72,2.52,3.36,5.95,3.47,3.43,9.11,6.62,4.02,3.30,7.62,3.31,5.47,0.84,2.47,6.05,7.57,0.83,2.51,1.68,1.70,2.46,0.84,1.72,2.50,7.36,8.33,4.31,4.20,8.17,4.21,4.03,8.96,1.74,4.35,1.62,4.83,2.46,1.63,3.26,5.98,4.93,3.32,4.29,4.10,1.71,2.48,8.33,6.05,5.86,2.46,11.35,4.25,2.50,6.00,2.47,9.23,2.48,3.31,1.67,2.56,5.50,5.14,3.34,5.22,5.02,6.11,7.47,7.70,9.93,7.71,2.48,4.93,5.97,1.64,0.84,5.15,11.14,5.85,11.81,8.49,7.85,3.38,3.38,5.99,1.68,4.24,9.81,4.12,2.52,5.02,5.82,1.69,6.84,4.18,3.94,2.44,4.25,6.62,8.31,5.94,4.23
5	1781065	1782250	ACCCTCACCCTCAGCCTC	1.54	HG03100:4.28	2.45,0.82,0.81,1.66,1.67,0.83,1.67,0.84,1.66,0.85,3.29,1.63,1.64,2.56,0.85,0.82,2.50,0.81,1.61,1.68,1.69,1.73,0.82,0.86,0.84,0.84,0.85,0.86,1.65,2.41,0.85,0.83,2.43,1.71,1.68,1.65,2.52,1.66,3.35,0.85,4.11,1.68,1.66,1.63,1.63,0.84,0.87,1.74,0.81,1.64,1.63,1.71,1.72,0.85,0.83,1.73,2.46,0.81,0.83,1.71,1.68,1.66,1.66,3.35,3.93,0.84,1.74,0.84,1.71,1.71,1.65,3.29,2.56,0.82,1.68,1.72,4.28,1.67,0.87,1.69,0.86,0.84,0.84,1.55,1.67,1.66,2.51,2.37,0.81,0.85,0.83
19	45249005	45249740	ACCCTCACCTCCTCCCTCAG	1.53	HG03100:2.57	0.83,0.84,1.66,0.82,0.82,1.94,1.70,0.83,0.81,0.84,0.86,0.84,0.86,0.81,1.64,0.82,0.86,0.81,0.86,0.83,0.86,0.84,2.57,1.69,0.86,0.82,0.84,0.85,0.83,0.85
16	50623783	50624116	AAGAG	1.53	HG03100:1.71	1.63,0.83,0.86,1.71,0.87,0.84
17	10646739	10647879	AAAG	1.50	HG03100:2.57	0.84,0.80,0.82,0.84,0.97,0.85,0.84,0.83,0.79,4.25,0.83,0.84,0.84,0.82,0.82,0.84,2.61,0.81,1.64,1.71,0.84,2.46,0.85,0.85,0.87,0.84,0.84,2.57,0.85
16	87250651	87251148	ACCCCCAGCACGGACCTG	1.50	HG03100:2.57	0.82,2.44,0.83,0.83,0.82,0.80,0.85,0.87,0.85,0.84,1.70,0.83,0.83,0.86,1.68,0.81,0.84,0.83,0.84,2.49,0.83,2.57,0.84,0.86,0.85,0.84,0.84,0.84,2.51,0.83,0.85
2	70183029	70183674	AAG	1.47	HG03100:1.71	2.52,0.81,0.85,1.64,0.83,1.65,1.71
15	70124035	70125277	AAATGAAGGAAGGGAAGGG	1.45	HG03100:14.56	14.66,5.82,3.40,1.73,2.54,1.68,2.60,2.83,9.98,0.83,1.68,3.58,12.97,0.85,10.83,5.14,3.30,9.94,4.26,6.69,6.96,11.71,12.22,4.15,0.86,14.07,3.43,5.79,4.93,2.46,2.52,5.15,14.56,6.75,6.98,8.46,9.30,15.12,8.47,14.72,14.02,12.56,0.84,6.84,10.03,26.02,11.39,2.49,6.79,8.47
12	129916186	129917232	ATCC	1.45	HG03100:5.14	3.27,3.26,1.63,1.67,0.83,3.32,1.67,1.67,5.85,0.84,2.51,3.33,6.81,2.52,0.82,2.47,1.61,2.46,2.56,3.42,0.87,2.47,2.40,0.83,0.81,1.61,1.68,1.94,2.53,0.85,2.52,1.63,3.39,1.63,1.72,0.84,4.20,4.25,0.87,1.71,0.83,2.48,2.41,0.83,0.78,0.81,0.85,1.68,1.68,1.65,0.94,1.73,0.84,3.35,1.68,0.85,1.64,3.35,0.84,1.72,4.16,1.63,0.84,0.82,0.84,0.81,0.87,1.61,0.82,0.81,0.81,0.85,1.64,0.86,0.85,1.65,0.84,1.62,1.70,1.67,0.86,0.84,0.83,2.48,1.67,0.79,2.57,1.67,2.61,5.86,2.62,1.66,0.86,1.65,3.43,2.48,1.71,1.72,5.14,2.51,2.53,3.40,0.87,1.69,1.69,3.42,3.36,2.54,0.84,0.78,3.33,0.84,1.71,2.51,0.79,0.83,0.83,0.85
9	107254974	107255714	AGAGAGATATATATCTATAT	1.44	HG03100:2.57	1.70,0.83,5.38,3.33,0.86,1.65,1.65,2.57,3.38,1.68,0.85
8	97261832	97263331	AAG	1.43	HG03100:17.99	15.32,13.84,7.62,10.30,18.23,8.92,1.68,0.84,1.64,2.61,22.00,0.82,13.73,4.16,25.67,10.05,5.14,6.96,17.46,5.79,9.03,17.99,7.70,17.86,0.81,6.62
4	58294903	58295923	AAAG	1.43	HG03100:5.14	1.63,1.63,1.63,0.83,0.83,0.83,1.67,2.50,3.34,1.66,1.70,4.11,3.29,2.44,2.41,2.56,2.56,1.73,2.40,3.34,3.25,0.81,0.84,1.94,0.85,1.73,0.84,0.81,2.37,1.69,0.81,1.68,0.84,1.70,0.87,1.71,3.31,0.83,1.65,1.69,0.83,0.78,0.85,2.52,1.68,0.82,2.83,0.86,0.84,2.46,0.83,1.63,3.33,2.59,0.84,0.82,4.21,0.81,4.34,1.74,1.62,2.42,0.81,1.63,0.82,0.86,2.46,1.65,0.86,0.84,1.64,3.24,0.85,0.83,1.71,3.30,4.20,1.66,2.48,1.67,1.57,2.57,0.84,0.87,4.36,2.49,5.99,1.65,0.86,1.65,0.82,6.83,1.64,1.68,0.86,5.14,3.34,0.84,1.70,1.74,2.54,2.54,0.85,1.64,0.82,0.84,0.78,1.67,1.66,3.42,3.34,1.58,0.81,2.55,1.65,1.66,0.85
11	99689426	99689988	AGAGGGGAGGGGAGG	1.43	HG03100:4.28	0.82,1.63,0.81,0.83,0.83,0.83,3.34,0.84,0.84,0.83,4.25,1.65,1.64,1.71,0.80,0.83,0.81,1.61,0.97,2.53,0.83,1.68,0.84,1.69,1.56,1.62,0.84,1.66,1.67,1.68,2.55,1.67,1.72,3.27,0.83,2.53,2.42,1.79,1.74,1.62,1.64,4.27,0.86,0.84,1.62,0.86,0.84,0.85,1.57,0.84,0.83,1.64,0.85,0.84,0.86,4.28,0.85,0.85,5.04,1.69,3.36,0.78,0.84,0.79,4.07,1.70,1.66,0.85,0.85
11	36371971	36372250	AAATATATAAATATATAT	1.43	HG03100:1.71	0.79,0.84,0.84,2.57,1.71,0.85,0.84
12	83390875	83391447	ACACATATATATATAT	1.39	HG03100:1.71	1.66,1.58,0.86,1.65,1.71,0.86,1.71
2	67102901	67103829	AAGG	1.36	HG03100:4.28	3.22,3.29,1.56,1.67,1.74,5.00,2.48,5.02,2.51,3.49,17.43,2.57,4.28,21.71,11.85
7	141430954	141432103	AG	1.36	HG03100:3.43	0.82,1.67,0.84,1.64,0.87,0.81,0.81,1.68,1.70,0.83,0.81,0.86,0.84,0.84,0.85,0.87,0.83,1.61,1.65,0.84,1.89,0.83,0.84,1.66,1.67,0.82,0.84,0.81,2.44,0.86,1.67,0.82,0.81,1.70,0.79,3.34,1.66,0.86,4.27,0.82,0.86,3.43,0.84,0.85,2.54,4.23,0.85,0.85,0.84,1.58,3.25,0.83
22	24666276	24666531	AT	1.36	HG03100:1.71	1.67,0.82,0.79,0.86,0.87,0.83,1.71,0.78
1	1050681	1051451	CCCCCCCCCCCCCCCCCCGG	1.36	HG03100:1.71	0.83,0.84,1.71,0.85,0.84,0.85,0.85
X	3487465	3488481	ACATATATATATATATAT	1.35	HG03100:2.57	0.84,0.84,0.79,2.55,0.84,0.83,0.83,0.82,0.81,1.71,0.84,1.71,0.87,0.86,3.43,0.85,2.57,2.56,1.67,0.83
4	189246256	189247567	ACTCATCGCATCAGT	1.31	HG03100:6.85	0.81,12.52,0.84,0.80,2.51,4.19,3.33,0.85,1.68,1.65,0.82,0.81,11.27,1.64,0.80,0.81,1.68,1.68,1.61,2.48,3.13,0.84,2.59,0.83,1.67,0.85,0.82,0.84,1.72,0.82,1.61,0.81,0.84,0.83,0.82,0.84,0.83,2.51,0.85,0.79,0.87,0.83,1.71,0.83,2.48,8.22,4.27,10.67,0.86,6.85,3.34,2.55,1.69,4.24,6.72,3.88,2.50,0.85,5.85,0.81,2.55
20	62076428	62077618	ACAGGGTCTCCCAGCTCAG	1.31	HG03100:2.57	0.82,0.83,0.83,0.85,0.82,0.82,0.81,1.61,0.85,0.87,0.83,1.72,0.84,0.85,0.83,0.84,0.81,0.85,1.65,0.81,2.50,0.82,1.57,0.86,0.83,0.82,1.68,2.57,0.84,0.85,0.85,0.84,0.82,1.67,0.84,0.85,0.85,0.85
4	158993525	158994018	AAAG	1.30	HG03100:2.57	1.67,0.83,0.85,6.78,0.85,0.79,0.86,0.80,0.85,0.84,1.63,0.84,0.90,4.04,0.81,0.81,0.81,0.85,0.85,0.84,1.62,0.84,0.83,0.84,2.57,1.69,0.85,0.85,0.83,1.66
15	39087521	39087909	AAAG	1.30	HG03100:1.71	0.83,0.79,1.65,0.82,1.71,0.85,0.84,0.85
14	102021502	102022709	AC	1.29	HG03100:5.14	1.63,0.81,0.83,2.50,0.83,0.83,3.34,3.19,2.51,0.85,4.21,1.65,0.82,2.56,0.87,4.11,1.60,1.67,1.94,2.53,1.70,1.65,0.85,2.44,4.29,1.68,1.73,4.96,3.30,0.83,1.56,2.43,2.52,2.51,0.82,0.94,0.83,2.51,0.84,0.86,3.27,1.67,1.73,1.63,1.61,0.90,2.61,2.61,1.62,0.82,0.81,1.63,0.85,1.64,0.83,0.86,0.82,2.56,0.83,0.86,0.82,2.55,1.67,2.47,5.87,3.31,2.48,5.02,3.43,1.67,0.84,0.83,0.86,2.57,0.83,2.47,0.82,5.14,0.84,2.53,3.49,4.23,0.86,0.84,3.39,0.82,3.30,2.52,1.67,0.84,2.51,1.58,0.85,2.48,0.83,0.85,0.85
4	165539782	165540724	AAATATATATATATTTCAC	1.29	HG03100:3.43	2.50,1.68,2.48,4.19,1.71,3.32,0.85,3.43,2.55,3.42,1.68,3.30,2.33,0.79,0.85
1	175299418	175300663	AAAG	1.29	HG03100:3.43	1.66,0.83,1.67,0.81,1.68,0.86,1.70,0.86,0.84,0.86,0.82,0.86,6.71,0.83,0.86,5.81,2.48,3.41,6.57,0.86,3.43,0.84,0.85,1.68,0.85,0.82,0.82,2.53,0.85,0.83,2.55,1.69
18	61412405	61413430	AAAG	1.20	HG03100:1.71	0.84,0.86,0.81,0.87,1.71,0.85,1.55,0.79,0.81
1	235130997	235132353	ACATATATACCTATATAT	1.16	HG03100:4.28	3.27,2.44,0.83,0.83,0.83,4.18,0.80,1.68,3.33,1.70,1.68,0.82,0.81,1.61,1.71,2.60,1.64,2.50,0.84,0.97,1.69,1.63,0.84,0.81,1.58,0.85,0.81,1.72,1.68,1.68,0.84,3.47,0.83,1.65,1.61,0.83,1.56,0.84,2.83,0.86,1.68,0.85,3.29,0.84,0.86,1.73,2.45,0.81,2.69,2.61,2.43,1.61,2.46,1.63,0.81,1.71,2.46,0.83,4.29,2.46,0.83,2.50,0.86,1.67,1.64,1.62,0.83,1.71,0.82,4.20,0.83,1.71,2.51,0.87,1.66,0.83,0.86,2.47,1.71,0.86,4.28,2.51,0.84,0.87,1.69,1.68,0.82,2.52,0.78,1.67,3.37,2.56,2.51,0.79,1.70
Y	13448413	13449201	AATGGAGTGG	1.15	HG03100:1.71	0.85,0.90,1.71,0.82,0.87,0.82,0.86,1.71,0.84
16	55744674	55745659	AT	1.14	HG03100:2.57	0.82,1.58,1.71,1.61,1.56,0.83,0.82,0.86,1.67,0.84,0.87,0.86,0.83,2.47,0.82,0.86,2.57,3.42,0.85,2.45,0.84,0.84,0.79,0.85
12	80801947	80803044	AGG	1.13	HG03100:3.43	0.82,0.81,0.83,1.66,1.67,1.67,0.80,0.84,0.84,1.66,1.70,0.82,0.82,0.82,0.85,0.82,1.60,0.83,2.43,0.81,0.84,1.94,1.69,1.70,0.86,0.82,1.68,0.81,0.86,1.68,0.84,1.70,0.87,1.71,0.83,2.48,0.83,0.85,0.83,0.78,1.62,0.85,1.68,0.84,0.86,1.67,1.70,0.82,5.02,0.84,0.83,0.82,1.73,0.84,0.81,0.90,1.74,0.81,0.81,0.81,0.85,2.46,0.86,0.82,0.83,1.64,1.62,2.50,1.71,1.68,1.57,0.86,0.87,3.35,2.49,0.86,0.83,3.31,1.71,3.43,0.84,1.69,1.74,1.69,0.84,0.84,0.83,0.84,0.85,2.51,0.79,1.65,0.83
9	14860348	14860865	ACATATATACGTATATAT	1.09	HG03100:1.71	0.84,1.71,0.85,0.85,2.57,1.68,0.85,4.25,1.66
8	74913764	74914085	AAGG	1.08	HG03100:1.71	0.83,0.87,0.84,2.52,0.87,0.82,0.85,0.79,1.65,1.71
19	16044564	16045222	AATGAGTGAGTGGGGAGAGG	1.07	HG03100:3.43	1.63,0.82,0.83,0.83,3.32,1.67,3.34,0.83,0.85,1.68,0.80,2.46,1.64,0.81,0.82,1.68,0.83,0.83,1.71,0.84,0.94,1.73,0.84,0.84,0.84,0.81,0.82,0.83,0.82,5.80,1.66,3.41,2.36,0.86,0.84,1.75,3.42,0.83,0.85,0.82,3.43,0.84,0.84,0.85,1.74,1.65,0.84,1.66,0.84,1.67,2.37,0.83
5	92336215	92337217	AAG	1.07	HG03100:2.57	1.70,1.64,1.64,2.52,1.63,0.87,1.65,0.85,0.87,0.81,1.63,0.85,1.72,0.85,0.83,0.86,1.67,0.79,0.86,0.83,0.86,0.85,2.57,0.85,0.84,0.82,2.50,0.84,0.85,0.83
18	68872306	68873589	ATCC	1.06	HG03100:6.85	2.45,0.82,4.07,4.17,0.83,1.66,2.50,5.84,1.67,3.99,1.67,5.03,2.55,2.52,0.82,0.82,0.81,0.80,2.46,1.71,1.71,2.60,0.82,1.60,1.67,1.62,0.81,0.97,0.84,4.25,3.46,1.63,2.52,0.83,0.79,2.54,2.44,2.58,2.52,1.68,0.85,0.87,6.86,3.31,6.62,2.41,3.30,7.62,0.83,0.78,0.81,0.85,3.36,0.84,2.47,0.94,3.45,1.68,0.83,5.02,1.68,2.55,5.02,1.68,3.44,0.83,0.82,2.50,2.59,3.36,4.90,3.37,2.42,5.38,4.34,5.22,1.62,4.03,2.46,1.63,3.26,3.42,3.32,2.57,4.92,2.48,6.92,2.51,4.93,1.62,3.40,0.83,2.57,2.47,8.39,2.48,1.66,0.84,1.70,5.14,5.85,0.87,5.02,1.75,1.66,1.71,4.96,5.14,4.96,1.64,1.71,1.68,0.86,6.85,2.51,0.84,0.85,2.62,0.85,2.54,3.42,1.68,3.39,3.27,1.65,0.78,5.86,0.83,3.37,2.56,0.84,0.79,4.07,4.25,4.14,4.24,5.08
21	43908877	43909535	AACC	1.04	HG03100:2.57	1.70,1.60,1.67,1.63,0.84,2.55,0.85,1.71,0.94,0.84,0.84,0.86,1.63,0.81,0.87,0.83,0.83,1.64,0.83,0.79,0.86,0.84,1.66,0.86,0.83,2.57,0.85,0.86,0.84,0.82,0.84,0.81,0.85,1.69
3	182889802	182890242	AAATATATATAATATATAT	1.04	HG03100:1.71	3.36,1.57,1.71,1.64,1.71,0.84,2.62,0.79,0.85
9	140275896	140276914	ACCTCCTCCGCGCGCCCTC	1.04	HG03100:1.71	1.65,0.80,0.81,0.83,0.79,1.71,0.84,0.86,1.66,0.85,1.69
8	69671002	69671505	ACGGGAGAGGGAGAGGGAG	1.03	HG03100:2.57	0.84,1.73,0.85,1.68,1.68,1.70,0.87,0.80,1.66,1.73,0.82,0.84,0.90,1.62,0.81,2.46,0.81,1.72,1.67,0.81,2.57
1	34329952	34330367	AGGGGGGGGGGGGGGGGGGG	1.03	HG03100:1.71	0.83,0.85,0.85,0.85,0.87,0.84,0.85,0.87,0.86,1.71,0.84
17	53262010	53263174	AAGGAG	1.02	HG03100:4.28	0.80,0.85,0.97,1.63,0.79,0.85,0.81,0.84,0.85,4.29,0.83,0.84,0.85,0.84,0.84,0.83,2.50,0.90,0.87,4.85,0.81,3.28,1.63,0.86,2.56,0.83,1.68,1.66,4.14,4.11,2.52,0.86,4.28,3.42,0.82,4.16,1.69,5.85,0.83,0.85
7	70337302	70337545	AAGGGAGGGAGGGAGG	1.01	HG03100:1.71	0.83,0.82,0.83,1.64,0.82,0.85,0.82,1.71,3.34,0.79,0.85
