motif	top_case_zscore	high_case_counts	all_counts
ACACATATATATGTATACAT	4.99	HG03452:4.99	2.43,0.86,4.99
AAAGGAGAAGGAAGGG	3.57	HG03452:4.99	0.81,1.67,0.82,0.82,0.85,0.83,0.84,0.84,0.84,0.84,0.83,1.64,1.72,0.84,2.52,0.78,0.84,4.99,1.58,2.55,1.70,1.69
ACACAGTGCAGAGACAG	3.01	HG03452:17.47	8.98,4.90,1.63,7.48,5.01,4.16,9.14,4.16,5.01,1.67,1.60,4.18,5.03,2.50,4.25,4.21,0.82,0.82,4.07,0.80,3.28,4.27,2.56,1.73,3.29,0.80,5.01,0.81,2.42,4.21,1.94,5.90,2.55,2.59,3.27,0.84,4.07,2.37,2.44,6.01,2.52,0.84,0.84,1.70,5.20,3.31,2.48,3.21,4.95,11.01,0.83,2.34,3.24,2.56,1.68,2.51,1.65,1.73,2.52,4.16,0.84,10.06,0.85,4.93,2.51,3.37,5.16,4.99,4.90,4.16,2.59,1.68,2.45,2.53,1.61,2.69,1.74,1.74,2.43,4.93,2.44,1.63,2.56,0.82,5.81,2.57,4.10,5.12,3.31,4.16,0.86,2.51,1.64,0.81,1.70,10.83,6.00,8.24,0.84,4.97,8.28,5.02,2.56,8.65,0.86,6.69,7.83,7.53,8.73,4.98,11.98,2.48,6.85,2.48,8.22,0.85,9.03,17.63,17.15,8.57,4.18,8.44,16.13,6.98,7.61,9.30,9.41,20.17,8.47,0.82,12.37,11.76,10.87,9.21,17.47,3.37,10.25,10.03,7.88,2.44,5.79,6.65,5.94,5.93
AAAGGAG	2.99	HG03452:4.16	1.63,0.83,0.83,1.70,0.84,0.85,0.83,0.87,0.84,0.84,0.85,0.82,0.85,0.83,9.43,0.83,0.86,0.83,0.84,0.84,0.85,0.85,0.85,3.30,0.78,4.16,0.85,1.58,1.63
AATATATATGTATGG	2.52	HG03452:3.33	3.99,2.51,0.87,5.61,0.86,0.84,4.28,0.78,3.33
ACAGACGCTGTCCACCTCCC	1.94	HG03452:2.50	0.83,0.94,0.85,0.90,0.81,0.86,0.79,1.64,2.50
AAGACTCACACAGAGGGC	1.66	HG03452:1.66	0.84,1.66,0.85
ACACGGGACGGGGCAGAG	1.63	HG03452:2.50	0.83,1.66,0.83,0.84,0.85,0.84,0.83,0.84,0.84,0.84,1.66,1.57,0.83,0.83,0.82,0.84,0.85,0.85,0.82,2.50
AACCTGCGTGGACACAG	1.60	HG03452:4.16	0.82,0.82,0.83,0.83,1.66,1.66,0.83,1.67,3.34,0.80,0.84,2.50,0.84,0.82,0.81,2.41,0.85,0.87,1.60,0.83,1.62,2.53,0.85,2.59,1.68,0.79,0.85,0.84,0.85,1.73,1.65,0.80,2.54,0.83,1.56,0.81,1.65,0.94,1.68,0.83,0.82,0.84,0.83,1.63,0.84,0.82,1.69,0.87,0.81,0.81,0.82,2.44,2.44,1.71,0.83,1.72,1.64,3.42,1.65,0.83,1.67,0.82,0.81,0.85,0.83,0.86,1.57,0.86,0.87,1.67,0.83,1.71,0.82,1.71,4.10,0.84,0.84,1.74,1.69,1.69,0.82,2.33,0.84,4.16,0.84,0.85,2.51,6.31,1.63,0.83,0.83
AACCTCCAT	1.51	HG03452:1.66	0.82,0.83,1.69,0.78,0.84,1.66
AAGATATATATAT	1.40	HG03452:1.66	0.82,0.82,0.85,0.82,0.84,1.66,1.70
AAGCCAGCCGCTACACCAGT	1.20	HG03452:3.33	1.67,0.83,0.84,0.83,0.82,1.71,0.80,0.85,0.84,0.86,1.73,1.65,1.68,1.68,0.83,0.82,0.84,2.53,0.90,0.85,3.32,0.83,1.71,0.84,0.83,0.83,0.85,1.67,1.74,3.49,2.57,0.84,1.72,1.69,1.69,1.71,0.84,0.85,1.64,3.30,0.84,2.33,3.33,0.85,3.34,0.81,0.85,0.83,0.83,1.70
ACCCAGCCAGG	1.10	HG03452:3.33	0.82,0.81,2.49,2.50,1.67,1.67,0.84,0.83,0.85,0.84,0.82,1.64,2.46,0.85,0.82,0.97,0.82,0.81,0.79,0.86,0.84,0.84,0.84,0.87,0.83,0.80,2.34,1.62,0.85,1.68,1.68,0.94,0.86,0.84,0.82,2.45,1.61,0.81,2.46,0.81,0.86,0.84,2.43,0.83,0.79,0.86,0.87,0.86,3.41,0.82,0.84,0.85,0.86,0.85,0.82,0.82,2.51,3.33,0.85,0.84,1.58,0.81,0.85,0.85,0.85
AAGGTATGGGTGTGG	1.03	HG03452:259.52	173.89,82.42,175.05,152.16,107.67,66.56,161.25,64.96,131.93,148.77,103.70,167.88,93.81,201.34,150.60,91.73,131.60,189.05,148.32,219.75,106.70,73.38,36.74,36.33,67.41,122.59,230.36,121.75,116.04,130.37,79.38,96.13,97.82,112.31,99.69,109.86,105.61,128.65,144.34,107.55,75.79,104.74,107.53,86.59,114.33,73.98,111.00,72.87,86.98,60.38,211.35,49.53,98.23,143.80,199.26,188.89,142.65,119.13,98.86,77.46,50.97,94.13,82.39,23.29,66.94,58.71,127.75,230.77,138.17,85.90,51.63,87.35,109.52,90.76,82.80,97.46,143.72,90.15,144.43,76.17,78.20,78.32,125.34,115.99,119.06,136.92,107.47,75.19,145.41,95.50,91.81,94.37,129.81,104.22,117.41,96.82,130.64,112.52,178.37,115.72,138.29,20.57,236.52,195.52,174.76,90.28,36.84,65.64,148.54,81.42,53.50,117.51,25.93,247.05,333.64,54.78,22.34,119.07,202.71,214.57,73.40,32.01,318.13,135.50,20.56,60.13,196.61,27.16,80.26,30.45,179.29,35.94,124.36,159.33,157.82,110.50,26.88,52.79,24.28,259.52,16.86,179.43,275.81,291.71,48.00,125.69,67.01,21.62,316.57,23.71
