motif	top_case_zscore	high_case_counts	all_counts
ACTC	10.64	HG03120:14.20	0.82,0.81,0.83,2.50,1.66,0.83,1.67,2.51,0.84,0.84,2.50,2.55,0.82,2.44,0.80,1.64,0.85,1.73,0.80,0.83,2.52,1.94,0.84,1.70,2.45,0.84,0.83,0.81,0.79,0.85,3.26,1.72,2.52,0.84,0.84,3.40,2.57,0.83,3.31,2.48,0.83,0.85,0.84,2.51,0.86,1.68,2.50,2.51,3.35,0.85,0.84,0.84,1.72,3.33,0.82,1.67,1.73,3.36,4.08,1.69,0.81,2.69,0.87,2.43,0.82,0.81,0.86,5.19,1.67,0.82,1.62,1.70,3.33,2.47,0.84,0.85,4.72,0.86,0.84,1.75,3.32,2.57,0.83,4.28,2.47,1.71,3.28,0.84,0.86,14.20,1.69,2.55,2.62,0.85,1.69,0.84,1.64,1.66,1.69,5.13,0.84,1.58,3.40,1.65,2.49,1.70,1.69
AAAAG	10.10	HG03120:19.21	0.82,6.53,2.44,7.48,7.51,6.66,6.68,2.51,1.60,10.02,3.35,2.55,2.47,12.22,3.28,1.71,5.13,1.73,0.82,3.20,0.83,8.86,2.90,5.90,9.36,4.09,3.35,1.65,4.89,5.08,1.63,6.87,6.73,2.52,2.55,1.73,6.00,1.65,0.83,2.54,1.56,0.81,2.56,5.03,3.35,0.94,3.45,1.70,2.46,6.74,4.30,8.32,4.90,5.00,5.88,4.08,16.01,2.42,8.96,8.70,4.85,0.81,4.93,4.98,3.28,1.67,1.67,4.93,12.16,1.65,10.77,0.87,0.85,1.64,19.21,5.06,0.85,6.72,0.85,0.82,2.47,10.09,4.19,7.49,4.21,0.84,1.70,3.39
AAATGGTGAAGGGCACTGGG	8.55	HG03120:76.00	8.98,17.47,12.82,18.53,10.93,24.91,6.71,11.74,15.33,13.47,13.05,13.33,13.71,27.33,18.42,0.85,61.71,10.88,4.98,30.62,17.13,40.54,6.58,0.86,28.27,76.00,25.31,17.83,2.54,15.22,33.05,33.60,5.90,0.85,51.25,3.40,11.58,19.12,14.39
ACCGCGTCCTCATCGGC	4.55	HG03120:6.68	0.83,0.83,2.52,1.63,0.81,3.37,1.68,0.83,2.46,0.86,0.84,2.46,0.85,0.84,1.67,1.66,2.61,3.32,0.83,0.83,5.97,0.84,1.71,6.68,1.70,1.69
AAGGGCACTGGGGAATGGTG	3.91	HG03120:7.52	3.33,1.60,1.61,2.52,0.80,3.36,1.65,1.70,3.37,2.61,5.80,0.84,6.86,0.84,0.83,5.79,0.86,4.14,0.82,0.85,1.71,7.52,0.84,2.54,0.85,5.08,0.82,4.20,0.85,4.07,0.85,1.66
ACACTGCCC	3.54	HG03120:5.01	1.63,2.49,0.83,0.85,1.61,0.82,0.83,0.84,1.65,1.63,1.71,0.84,0.94,0.84,0.86,0.84,0.81,1.65,1.68,0.84,0.87,0.86,5.01,0.85,3.36,0.85,0.83
AATGTATATATATGG	3.34	HG03120:3.34	3.34
ACACGGGACGGAGCAGGG	3.27	HG03120:3.34	0.83,0.84,0.83,3.34,0.83
AAGAGGTGATGGTATT	3.20	HG03120:3.34	2.56,0.84,3.29,3.34,0.85
AAATGGTGAGGGGCACTGGG	2.93	HG03120:93.54	3.27,8.16,6.51,1.66,2.50,14.98,1.66,3.33,2.50,4.18,8.77,5.85,4.19,7.49,4.25,4.21,9.87,3.29,1.63,8.05,9.03,5.97,10.38,2.47,13.62,4.17,6.49,10.48,10.09,4.84,4.22,2.55,10.37,7.35,4.19,2.48,7.33,6.31,6.77,3.26,4.29,4.20,5.04,6.73,0.85,5.20,3.43,3.31,3.31,11.25,1.65,1.69,7.44,7.03,6.49,7.69,15.94,3.35,5.77,3.78,5.18,5.04,4.16,7.55,12.77,1.64,5.02,9.26,3.44,3.33,3.27,3.33,3.45,4.20,3.27,4.21,4.03,1.79,5.21,11.31,4.04,2.42,3.28,5.70,2.44,2.56,4.11,4.98,5.15,2.46,1.71,10.75,4.16,3.46,5.02,4.05,4.25,11.66,21.42,2.47,19.30,48.04,28.16,13.40,5.97,7.86,119.13,5.85,3.48,3.35,4.36,14.94,10.27,63.71,12.85,65.36,17.26,4.27,16.42,5.04,4.29,8.57,93.54,3.38,15.28,4.36,20.30,7.61,0.86,4.20,77.97,23.71,7.42,78.13,7.76,16.75,6.65,18.54,23.92,3.34,18.92,92.74,13.59,45.50,4.99,7.64,15.24
ACACGGGACGGAGCAGAG	2.48	HG03120:5.01	3.27,1.63,0.81,0.83,0.84,0.84,0.83,0.84,1.61,0.82,0.85,1.64,2.43,0.97,0.86,2.45,0.84,0.84,0.87,0.83,7.81,3.24,3.42,0.84,0.94,0.83,1.68,0.85,1.68,0.86,0.86,0.84,0.82,0.85,1.64,0.84,1.62,0.85,0.83,0.82,2.51,8.65,1.67,1.66,0.83,0.83,5.01,2.55,0.85,0.86,0.84,0.83,1.71,2.37,0.81,1.70
AACATATATATATGG	2.35	HG03120:3.34	4.03,0.86,0.82,0.81,0.81,0.81,1.71,7.67,0.86,0.86,3.34,6.54,1.69
AAGGTATGACTGTGG	2.20	HG03120:3.34	0.81,0.81,1.65,1.74,0.86,2.48,0.82,3.34,1.70,0.82,0.84,0.79,8.95,0.85,0.83,2.54
ACATCC	2.04	HG03120:66.81	56.33,48.14,40.71,40.74,55.09,59.07,58.18,31.64,51.77,51.82,49.46,55.96,24.29,54.08,51.90,35.35,74.03,51.78,48.08,61.98,52.53,41.81,40.15,30.28,25.48,40.86,30.88,38.96,58.83,44.58,45.50,43.01,52.74,34.56,48.21,50.32,50.33,66.77,39.44,44.88,39.12,56.66,35.28,62.21,63.05,34.01,65.04,30.00,29.82,45.49,46.61,24.77,49.12,56.20,42.20,39.72,61.50,36.91,57.81,84.05,43.42,52.68,52.12,50.74,46.02,39.42,40.03,47.63,31.82,43.79,30.98,49.08,54.76,39.13,25.01,56.29,38.38,58.98,39.54,50.18,53.87,29.59,39.62,50.75,70.61,45.64,49.67,23.07,49.29,63.12,49.76,49.23,57.22,63.69,47.46,15.56,42.71,45.17,45.40,54.46,34.99,33.42,28.84,31.89,57.98,36.44,29.30,43.47,59.73,25.71,47.65,60.93,36.81,28.81,40.67,47.93,29.79,42.83,38.89,32.06,54.62,58.28,63.79,37.73,27.42,66.81,40.50,42.44,42.75,54.99,43.98,36.79,40.33,30.51,45.79,42.05,54.61,35.71,31.82,56.56,28.65,54.68,35.94,48.09,37.42,56.90,35.57,48.22,48.38,51.65
AAATTACACCGCAGCCTCGG	1.84	HG03120:5.01	0.82,0.83,0.83,0.83,1.60,0.84,0.84,0.85,2.52,1.65,0.81,0.85,0.82,0.80,1.67,1.94,0.84,3.27,1.58,0.85,1.63,2.58,3.36,1.68,4.25,0.83,0.80,1.65,0.78,0.84,4.19,1.89,1.73,0.84,1.64,0.86,0.83,0.81,0.90,0.87,0.82,1.63,0.85,0.82,0.83,0.86,0.85,0.83,0.83,0.84,1.64,2.43,4.17,1.66,1.67,1.74,1.75,0.83,1.71,1.64,0.82,2.52,0.86,0.86,5.01,2.53,0.87,0.85,3.36,0.82,3.30,0.84,1.66,0.84,2.44,6.79,0.83
ACAGGGAGAGAGAGGGAG	1.67	HG03120:1.67	1.68,0.79,1.67
ACATATACGGATAT	1.67	HG03120:1.67	1.67,0.85
ATC	1.45	HG03120:3.34	0.81,0.83,0.83,3.32,0.83,0.84,0.84,0.83,1.71,0.85,1.60,1.67,0.81,0.81,0.84,0.84,2.55,0.84,0.81,0.79,0.86,0.84,0.84,0.86,0.80,3.30,1.69,0.83,0.78,0.84,0.82,0.84,0.84,1.70,0.82,1.63,0.86,2.52,1.63,0.87,1.61,0.86,0.82,0.83,0.83,0.84,1.64,1.70,1.67,1.71,0.82,0.84,0.83,0.85,0.87,0.87,0.83,0.85,2.52,3.34,0.84,0.85,0.84,2.47,1.55,0.85,1.58,0.85,0.85
ACCCAGCCCCGAGCCCAGT	1.31	HG03120:5.01	0.82,1.66,0.83,0.83,1.67,2.50,1.65,3.22,4.03,0.97,1.68,2.44,1.72,0.84,3.36,3.47,0.86,0.83,0.83,0.78,0.81,0.84,1.65,0.83,3.35,0.84,1.66,0.83,0.84,2.53,0.81,2.69,0.87,0.87,0.81,0.81,1.63,1.63,1.71,1.64,0.83,3.43,0.85,0.83,2.50,0.86,0.84,2.55,2.50,1.71,2.47,0.84,2.48,0.84,0.85,3.14,0.86,0.84,1.74,0.83,4.96,0.86,3.31,0.82,0.85,1.68,0.86,0.86,5.01,0.84,0.85,0.86,5.04,1.69,3.27,1.65,1.68,0.78,2.51,4.16,0.84,4.27,0.79,0.81,5.10,0.83,0.83,1.70,0.85
AAATAAATACAGTATTTAT	1.15	HG03120:9.19	1.63,1.66,10.02,4.79,4.19,5.89,3.29,5.63,6.41,4.17,7.25,5.81,5.06,7.66,4.32,1.63,2.52,4.95,9.46,1.69,2.44,6.87,0.84,1.70,8.67,4.29,0.83,4.14,6.60,4.23,1.71,9.03,1.67,2.53,5.72,1.67,0.86,3.36,1.69,4.48,1.74,1.62,4.83,3.26,0.85,9.04,4.29,2.46,4.27,4.16,1.73,8.92,2.55,4.19,1.67,2.62,4.98,0.86,3.31,4.28,3.31,3.29,4.93,2.52,2.57,9.19,9.41,5.43,0.84,0.79,0.85,1.65,2.49
