#contig	start	end	unit	top_case_zscore	high_case_counts	all_counts
10	34954352	34955155	AACAG	28.84	HG03577:28.95	20.94,2.54,1.71,0.85,28.95
7	131816659	131817691	AACAG	16.77	HG03577:20.68	3.28,0.85,6.87,3.21,1.69,3.33,3.26,4.27,4.92,1.65,5.86,4.36,0.85,20.68
20	48152465	48153372	AAAG	15.72	HG03577:15.72	10.92,9.32,15.72
1	15209424	15210266	AAAG	12.41	HG03577:12.41	12.41
18	74068574	74069999	ACCCAGCGGAGAGTGGCGT	12.36	HG03577:19.03	1.63,1.63,0.83,0.83,1.66,5.82,1.67,1.67,6.69,2.55,0.84,3.29,0.82,1.61,0.82,1.71,2.56,2.60,6.58,1.60,2.50,1.62,2.42,1.94,1.69,2.45,5.03,1.65,0.85,1.63,3.36,4.20,0.85,1.73,1.71,0.83,1.65,1.61,0.83,3.39,1.65,1.56,5.13,2.52,2.51,2.47,2.83,1.73,0.83,0.84,2.46,2.51,0.84,4.16,4.20,3.27,0.84,0.90,1.74,2.43,0.81,0.82,1.63,0.85,1.64,2.49,0.82,0.85,2.50,1.73,2.51,1.64,1.62,1.70,1.65,9.23,4.14,3.35,3.41,0.79,2.57,5.22,1.67,2.62,9.13,1.71,2.57,4.96,17.26,6.57,3.36,2.51,2.55,1.74,0.85,5.99,0.84,4.09,3.30,2.52,0.78,1.66,6.84,7.10,0.81,6.79,19.03,4.99,1.69
17	78716936	78719278	ACAGCCCTGGCTACTAGC	11.86	HG03577:33.09	7.35,1.63,5.70,4.16,11.68,7.49,3.32,12.49,6.68,10.87,4.79,1.67,14.24,7.49,12.76,1.68,9.87,3.29,2.44,3.22,15.59,3.41,1.71,6.06,10.69,2.40,4.17,12.99,1.61,1.68,2.90,5.90,1.70,6.05,5.72,4.19,6.60,6.51,7.10,5.93,7.33,10.30,7.56,5.89,8.41,5.10,14.74,7.72,11.60,5.79,1.61,8.26,11.01,5.79,12.50,3.24,1.71,9.23,3.35,5.77,8.50,8.64,5.04,5.82,8.37,10.06,0.82,1.67,10.11,17.21,10.81,7.36,5.00,10.35,13.44,5.72,9.27,18.56,5.38,10.43,13.05,7.28,7.25,7.39,15.48,13.03,2.56,11.50,8.30,7.72,14.77,15.37,3.31,5.83,6.05,8.37,3.29,9.73,5.11,15.83,12.85,4.94,3.36,8.28,6.63,14.23,4.26,11.79,4.29,2.51,0.87,9.20,13.97,9.96,9.41,24.00,13.71,10.76,5.75,13.66,15.60,0.84,13.72,0.86,11.69,5.91,10.19,8.72,14.38,10.99,4.28,16.81,15.25,12.27,23.09,0.84,6.99,0.84,6.65,9.27,10.25,5.01,14.98,7.32,4.25,33.09,16.63,18.67,13.55
10	32403643	32405156	AAG	9.44	HG03577:12.41	0.83,0.83,0.83,0.83,2.50,0.84,2.39,1.68,0.83,1.70,0.82,0.82,0.81,1.61,0.82,1.71,1.73,1.64,2.40,0.83,2.43,1.61,1.68,3.37,1.70,0.86,1.68,2.48,0.81,0.85,2.44,0.86,3.36,0.84,1.71,1.65,1.61,0.78,0.81,0.85,0.84,1.65,0.94,2.59,3.36,1.66,1.67,3.35,0.85,3.27,0.83,0.84,0.84,0.90,2.61,2.61,0.81,0.81,3.28,2.44,0.81,3.42,2.57,1.64,2.48,0.86,1.67,2.55,1.67,1.67,0.79,1.71,0.83,2.57,2.48,0.86,0.83,1.64,0.86,1.67,0.85,0.85,0.85,0.84,1.67,0.79,0.81,12.41,1.66,2.54
7	156922981	156924274	AG	7.25	HG03577:9.93	0.82,2.45,0.81,1.66,1.67,1.67,0.83,0.85,1.63,0.82,0.80,1.67,1.61,0.84,1.68,1.71,0.83,0.83,2.48,2.52,0.83,0.84,0.84,0.84,0.84,0.82,0.81,0.81,0.83,1.71,0.84,4.19,3.14,8.37,1.75,1.65,2.52,1.72,0.86,0.85,0.87,1.69,4.28,0.84,0.85,0.82,2.52,1.55,4.19,1.66,1.71,0.79,0.81,2.55,9.93
3	83790212	83790987	AAGG	6.95	HG03577:7.45	0.80,0.84,3.14,0.87,1.67,0.85,4.18,7.45
7	158440633	158442151	AAATGGACCACAACCACGCC	5.97	HG03577:41.36	35.10,15.47,10.81,9.98,30.75,8.33,10.85,17.55,18.37,19.97,21.27,21.73,15.62,12.82,10.55,21.76,14.30,18.39,32.32,14.03,10.59,25.24,11.86,13.85,20.61,23.52,18.50,30.26,24.85,11.58,20.09,16.51,23.71,23.14,17.84,12.81,12.58,15.10,31.95,8.39,33.21,20.53,10.05,22.37,30.81,15.53,10.62,10.95,16.14,13.44,9.57,33.96,13.69,25.45,27.71,17.10,13.97,18.27,15.44,18.87,9.39,18.20,23.34,9.03,12.97,16.17,8.33,24.85,19.78,16.78,24.85,22.61,27.28,26.72,18.00,8.36,20.89,12.55,31.43,14.11,11.98,34.27,11.58,17.92,10.67,7.55,19.72,25.05,5.06,16.13,13.96,11.84,13.69,18.49,18.81,29.69,36.96,13.97,24.28,14.33,8.54,13.37,11.83,7.32,8.49,41.36,10.81,27.16,13.55
3	140433983	140435083	ACTCATATATATAT	5.80	HG03577:6.62	0.84,1.67,0.86,5.06,1.68,2.51,0.79,0.81,0.85,6.62,3.33
2	195568783	195569005	AATATATATATATAG	5.79	HG03577:5.79	5.79
18	64842374	64843301	AAAAT	5.53	HG03577:13.24	14.41,10.87,5.94,13.24,10.81
4	138243433	138244248	AAG	5.35	HG03577:10.75	0.81,0.85,0.78,0.94,0.84,0.81,0.81,3.48,0.85,17.24,11.69,17.08,8.49,10.75
8	139648380	139649184	AAAGG	5.27	HG03577:5.79	0.84,2.49,0.86,0.84,0.83,1.67,1.71,0.81,5.79
13	114578669	114580264	ACACCCACACCTCAGCG	4.88	HG03577:9.93	4.90,0.82,2.44,3.33,1.67,0.83,3.32,5.00,1.67,0.84,2.39,2.51,0.83,0.85,1.68,2.47,3.26,3.22,1.64,2.56,3.42,2.60,0.82,2.40,0.83,2.43,3.22,1.68,1.94,0.84,1.70,2.59,4.09,2.52,2.37,0.81,2.58,1.68,1.68,1.70,0.87,0.86,2.49,3.31,4.82,0.83,0.85,0.83,7.81,1.62,3.42,0.84,3.30,2.83,4.32,2.52,0.83,5.02,3.35,2.55,2.46,2.53,4.30,0.83,2.50,1.68,1.63,1.69,1.61,0.90,1.74,0.87,1.61,3.28,3.26,0.81,3.29,0.86,1.64,2.56,0.83,1.73,5.75,4.05,0.85,3.30,2.52,0.83,3.31,0.84,2.56,0.86,2.51,0.87,1.67,2.62,0.83,2.57,5.14,0.83,1.64,3.28,0.84,1.72,5.14,4.18,5.06,0.87,0.85,1.69,1.68,0.85,5.72,2.47,0.84,1.55,1.67,4.16,5.06,0.84,1.58,1.63,9.93,0.83,5.94,1.69
16	50509002	50510125	AAAG	4.80	HG03577:11.58	0.83,0.82,0.85,2.48,1.73,0.81,2.48,10.13,6.98,8.18,10.05,11.58
2	222430708	222432297	AAG	4.73	HG03577:20.68	1.63,3.26,2.44,1.66,7.51,3.33,0.83,4.16,2.50,5.85,8.77,1.68,13.31,6.81,0.82,1.64,9.78,1.64,1.71,10.25,6.06,1.64,10.42,0.83,3.25,0.84,8.43,0.85,8.64,5.72,7.55,4.95,4.07,12.62,2.58,4.20,1.68,11.05,0.87,14.57,0.83,6.62,9.64,5.78,5.08,3.31,4.69,1.71,8.39,1.65,5.66,8.64,1.68,7.49,8.37,4.19,1.70,0.82,0.84,6.74,0.86,7.49,8.17,1.67,13.80,15.96,2.53,10.49,12.55,2.61,3.48,4.04,2.42,0.82,9.78,2.44,0.85,10.80,2.57,10.67,0.85,3.31,2.59,5.86,0.82,3.24,3.40,15.83,7.71,2.47,2.52,0.83,3.31,4.19,3.41,11.79,1.67,0.87,3.35,4.36,9.96,8.56,5.79,10.28,7.45,7.40,10.24,13.43,5.15,10.13,7.64,23.56,1.69,20.30,14.28,10.17,11.45,4.95,12.60,5.43,9.98,0.84,0.85,5.01,15.77,21.97,2.55,20.68,4.16,10.18
19	17573882	17575333	AAGGAG	4.66	HG03577:13.24	9.80,1.66,9.21,1.68,0.82,5.63,8.21,2.47,5.01,3.87,6.75,3.40,1.73,1.63,7.55,4.13,4.89,3.39,8.96,1.68,6.94,4.97,3.31,0.80,1.65,0.94,1.66,4.99,5.72,3.33,3.45,5.04,8.17,4.48,0.87,8.70,2.43,4.11,1.63,9.77,1.71,9.14,13.95,1.65,0.86,4.19,2.46,9.73,4.25,0.83,6.86,2.51,7.47,0.84,1.69,0.83,0.81,13.24
8	133685700	133686987	AGG	4.49	HG03577:9.10	1.63,0.81,3.33,1.67,1.66,0.83,1.67,2.50,0.84,3.19,0.84,1.70,4.21,0.82,0.80,1.71,2.56,1.73,0.82,1.60,0.83,0.81,0.84,1.70,1.68,0.83,3.26,0.79,1.69,0.81,0.86,0.84,0.84,1.68,2.55,0.87,4.14,0.83,4.23,4.96,0.78,0.85,1.68,2.51,0.82,1.89,0.86,5.04,0.83,0.84,0.82,3.37,0.86,2.50,4.08,0.84,0.81,2.69,0.87,1.74,1.62,0.81,0.82,1.63,0.81,0.85,1.64,0.86,0.82,1.73,0.81,3.40,0.83,0.86,3.30,0.84,1.66,4.14,4.26,1.57,0.86,1.67,3.48,7.86,3.32,0.86,1.65,3.43,3.31,3.29,0.85,4.93,0.84,1.72,1.71,3.34,3.38,5.23,6.77,3.38,2.52,2.54,4.09,2.52,2.33,0.84,4.21,1.67,2.37,3.25,4.25,9.10,5.82,1.70
18	77393307	77394053	ACCACCACCACCACCATC	4.49	HG03577:4.96	0.83,0.83,0.82,0.86,0.82,0.84,0.84,4.96
11	86018822	86019691	AAAATATATATTACATAT	4.48	HG03577:14.06	8.98,4.07,6.68,9.15,2.49,1.67,7.51,2.51,4.79,7.52,5.11,5.05,6.58,4.93,5.63,6.57,3.41,2.56,1.73,1.64,5.61,5.84,4.06,0.84,8.71,2.53,5.10,0.86,5.72,5.03,4.13,14.66,0.79,6.77,5.70,4.29,4.20,4.20,6.73,6.80,9.54,1.71,0.83,1.65,3.21,1.65,5.93,3.31,0.78,7.30,4.27,5.03,5.77,2.83,7.77,2.52,2.50,5.87,7.66,9.86,4.19,1.68,4.30,9.98,8.99,5.00,4.31,10.08,0.82,3.37,4.84,4.48,9.57,8.09,4.03,4.11,2.44,4.07,8.54,0.82,4.29,5.74,5.12,7.44,5.83,3.46,5.86,8.21,4.05,3.40,0.83,5.14,4.12,5.03,5.80,9.11,0.85,1.57,6.86,5.02,4.35,3.35,1.75,0.83,2.57,1.65,3.43,0.85,0.82,4.29,5.14,1.67,5.06,9.34,6.98,1.69,4.23,5.99,5.88,2.54,11.54,0.84,2.33,1.67,10.81,2.56,8.36,2.37,4.88,14.06,3.33,7.64,1.69
6	169239483	169240022	ACAGGGTGCTGATGAGG	4.38	HG03577:5.79	4.99,0.82,0.81,0.86,0.84,2.51,0.82,1.65,1.71,0.86,0.85,0.85,5.82,12.20,5.79
4	130592032	130593103	AAGG	4.36	HG03577:9.10	0.83,6.66,5.82,4.11,0.82,3.41,3.29,1.67,6.73,0.97,3.39,0.81,0.83,3.39,1.89,3.27,1.68,2.42,3.29,0.86,1.71,1.65,1.68,3.31,2.56,3.14,2.61,2.49,6.85,0.83,7.55,1.72,3.43,3.38,2.54,1.71,0.84,3.42,0.81,9.10
2	235297332	235298564	AAAACTTAGGCTAGAAG	4.21	HG03577:5.79	0.81,0.83,1.67,2.50,0.81,0.85,2.47,0.83,3.24,0.84,0.84,0.81,0.85,0.82,0.83,0.84,0.84,0.85,4.20,2.45,2.33,1.67,0.83,5.79
4	138244070	138244226	AAGAAGAGG	4.14	HG03577:4.14	4.14
21	43227328	43227650	ACC	4.13	HG03577:8.27	1.63,2.45,0.81,0.83,3.32,0.83,0.84,0.84,0.84,1.66,2.55,0.84,0.81,0.82,1.71,3.46,3.29,1.60,0.83,1.62,0.81,2.52,0.97,1.69,0.85,1.73,1.63,0.84,0.83,2.44,2.37,1.69,0.84,3.36,2.60,0.86,0.83,0.85,0.83,0.78,4.05,0.85,0.84,4.12,0.94,0.86,1.68,0.85,2.46,5.86,0.86,2.50,1.67,0.86,1.68,1.63,1.69,0.90,0.87,0.87,0.81,0.81,0.81,1.63,1.66,2.46,0.83,3.35,1.64,1.62,1.70,3.33,5.14,4.12,3.31,2.48,1.67,0.86,0.87,1.67,0.86,0.82,3.41,4.93,2.52,1.72,1.71,4.22,2.55,0.87,1.69,4.23,0.86,3.39,0.82,0.84,0.78,1.67,0.83,5.06,2.56,2.51,0.79,0.81,8.27,0.83,4.24
18	55379812	55380914	AAAG	4.09	HG03577:9.93	0.85,0.85,0.84,0.87,9.89,5.03,6.82,2.49,6.00,3.38,4.28,2.33,5.94,9.93
X	107290596	107291447	ACATATATATAT	4.08	HG03577:4.96	0.86,0.83,2.51,0.85,0.87,0.86,2.54,1.55,3.40,4.96,0.83
10	5411414	5413430	AC	3.91	HG03577:8.27	3.27,0.81,1.66,0.83,2.50,2.50,6.69,1.60,0.84,1.70,2.47,0.81,0.82,0.85,0.87,1.64,2.40,1.67,4.06,4.03,3.36,0.84,1.70,4.32,0.82,0.83,1.58,1.69,4.07,2.52,2.52,2.55,3.47,3.43,3.31,4.96,0.85,1.65,0.85,1.68,1.68,0.94,1.73,1.68,2.50,2.51,0.85,3.29,3.35,1.68,2.58,3.33,0.82,4.16,5.18,5.04,0.82,2.42,1.79,2.61,2.43,2.42,1.64,3.26,2.44,2.46,2.57,4.10,2.48,1.73,0.84,1.64,1.62,1.67,1.71,3.30,3.36,1.66,1.66,2.51,0.85,0.79,5.14,0.84,0.87,0.84,2.62,2.49,2.57,0.83,1.71,3.31,4.11,2.56,1.64,4.20,0.86,4.18,0.84,3.40,0.87,4.23,1.69,2.57,0.84,1.69,3.27,0.84,1.55,4.19,0.83,0.85,2.51,0.79,3.25,2.55,8.27,1.66,1.70
8	97937957	97939369	AAG	3.87	HG03577:8.27	0.83,1.67,0.80,0.84,4.19,0.82,0.82,0.80,2.46,5.97,1.71,2.60,1.60,0.83,2.43,0.84,1.94,4.22,1.70,0.86,1.63,0.84,0.83,1.72,1.68,0.85,0.83,2.41,0.83,4.23,1.65,4.69,1.71,3.36,1.65,1.70,0.84,1.68,6.88,1.67,1.68,4.48,0.87,1.64,2.44,0.85,3.29,0.83,0.82,1.65,2.51,0.82,0.83,5.80,0.84,3.14,0.87,2.51,1.75,1.71,0.83,3.43,1.65,5.12,0.84,0.86,2.57,0.84,1.69,1.69,1.69,1.64,2.51,5.98,1.58,2.55,8.27,0.85
14	104766893	104767255	ACC	3.79	HG03577:4.96	2.56,0.82,0.84,1.79,1.63,0.85,2.46,2.46,0.85,0.83,0.86,0.86,1.74,4.96,1.70
15	52523841	52524938	AAGGAAGGAAGGAGAG	3.67	HG03577:5.79	0.83,0.84,0.85,1.73,5.08,0.86,0.84,2.55,0.80,0.84,0.83,1.73,0.84,0.90,1.74,0.81,0.81,0.81,1.72,0.82,1.71,2.48,0.83,0.83,2.36,1.71,0.84,2.56,1.64,0.86,0.86,0.84,1.70,0.87,0.86,0.85,3.33,8.43,0.84,1.58,5.79
1	235130870	235132273	ACATATATATATATATAT	3.52	HG03577:4.96	0.83,0.84,1.58,1.61,0.78,0.83,0.81,1.79,0.87,0.87,0.81,0.85,0.83,3.46,0.81,2.50,0.84,0.87,0.82,1.71,2.45,0.82,0.79,3.25,4.96
20	36822290	36823822	ATCC	3.49	HG03577:57.08	44.08,46.51,49.67,39.91,37.56,28.29,41.56,39.97,39.24,39.28,38.29,31.74,41.88,53.25,40.84,29.45,37.84,38.63,43.19,40.25,33.65,43.52,37.59,35.47,39.46,39.26,42.57,46.26,41.90,49.62,40.66,45.54,38.28,44.06,28.60,35.22,36.30,39.90,48.11,49.96,40.75,49.80,31.92,36.99,33.63,51.87,39.02,43.72,43.08,42.18,53.84,44.58,44.04,48.76,39.85,48.64,40.15,36.91,40.21,33.79,46.25,39.73,37.83,46.58,46.86,35.22,30.66,41.88,46.89,29.47,44.75,49.91,37.60,29.14,41.40,39.49,37.56,33.70,50.83,40.33,35.62,46.12,33.96,45.11,39.41,52.16,40.71,43.58,36.97,38.20,36.89,47.59,43.56,47.98,34.14,45.81,35.17,45.17,42.97,66.37,48.32,38.56,42.85,41.12,34.79,40.59,36.84,50.29,36.94,30.00,36.78,37.43,39.32,44.52,43.16,35.09,38.89,35.12,32.27,45.22,50.36,41.04,31.90,30.02,55.69,45.93,43.04,32.26,39.26,39.76,32.98,29.95,35.29,44.07,48.25,37.93,37.81,43.47,54.42,54.90,37.92,52.97,42.63,26.81,40.68,42.46,57.08,29.93,53.47,41.49
9	139473918	139476857	ACTC	3.45	HG03577:23.99	13.88,9.79,13.84,18.29,13.35,20.80,17.45,9.99,18.37,22.57,11.17,17.54,12.56,10.82,9.36,10.94,13.16,12.33,14.67,10.46,13.95,11.95,11.96,10.38,10.69,8.01,10.02,17.04,8.86,15.98,11.62,12.65,22.12,10.37,6.54,14.26,19.80,13.03,11.83,17.78,17.93,10.30,10.92,8.41,16.81,17.01,13.01,18.86,10.77,14.89,20.09,10.73,23.71,14.05,14.07,9.73,9.40,10.91,17.59,12.36,12.27,26.77,17.65,9.98,12.55,15.93,11.07,18.07,14.24,13.47,17.21,11.65,11.44,15.82,7.76,15.96,13.88,16.01,16.14,18.82,12.16,14.79,11.32,8.06,18.89,9.78,13.03,9.40,9.04,12.46,12.87,11.49,12.81,9.10,9.99,1.73,11.72,18.89,20.27,13.61,18.33,13.71,12.36,16.78,12.42,13.25,12.56,5.11,17.29,18.85,12.54,16.54,11.71,13.97,19.92,17.97,6.62,14.56,6.62,10.69,11.95,14.78,7.55,16.29,10.28,20.88,10.97,10.19,20.07,11.84,21.14,19.68,8.40,18.64,11.45,18.97,13.44,8.54,7.54,9.15,7.58,12.82,12.54,11.04,8.95,10.19,23.99,18.29,13.58,10.16
X	2123974	2125103	AAAGG	3.32	HG03577:28.13	17.31,12.42,21.77,10.03,5.99,14.56,13.66,15.11,21.44,15.70,17.64,43.82,29.29,28.13
10	12776014	12776746	AGATATATATATATAT	3.31	HG03577:3.31	0.83,3.31
20	23314255	23315210	AATGGACTCCCTGACCTCAG	3.29	HG03577:4.14	0.86,0.82,0.83,0.82,0.84,0.86,0.83,0.85,0.82,1.72,0.86,0.85,0.86,0.84,0.78,1.69,0.84,4.14
5	175560673	175561792	AGAGCGGGCGGCAGAGG	3.28	HG03577:4.14	0.82,0.84,1.64,2.51,1.70,0.82,0.78,2.50,0.85,0.79,0.85,4.14,0.85
7	97768776	97769831	AAAG	3.26	HG03577:4.14	2.56,0.83,10.28,1.69,25.47,20.16,4.14
12	112761082	112762293	AAAG	3.22	HG03577:11.58	0.82,8.14,5.82,9.18,3.99,6.68,2.55,0.84,5.75,11.22,7.51,3.36,2.52,6.80,6.63,8.26,5.98,2.47,6.61,4.32,5.88,4.16,10.88,4.19,8.52,1.64,6.70,6.02,10.35,12.21,5.13,5.00,3.43,3.30,4.26,1.75,4.15,1.71,7.39,1.68,6.86,2.57,2.53,4.24,1.69,8.46,0.85,1.64,0.78,5.86,6.65,3.25,11.58,4.99,1.69
6	167807346	167808276	AAAGG	3.20	HG03577:9.10	7.45,12.80,10.91,8.57,9.10
6	31396097	31398069	AGGATATATATAT	3.20	HG03577:5.79	0.82,1.63,0.83,5.01,3.40,0.82,2.56,1.62,1.68,6.80,2.54,0.84,0.85,0.87,1.66,0.78,0.84,0.86,5.87,0.85,0.83,0.83,1.73,0.84,0.87,0.82,3.26,0.81,1.71,0.83,2.50,0.86,1.67,0.81,1.70,0.86,0.85,2.52,0.82,0.79,5.79
10	112293140	112294316	AAAG	3.10	HG03577:4.96	1.66,0.83,0.80,0.85,1.73,0.81,2.52,1.70,1.61,2.48,3.35,0.86,5.11,0.82,1.67,3.37,0.81,0.83,1.65,0.84,0.83,0.87,1.65,0.83,1.68,0.84,0.79,0.81,4.96,1.66
11	123188294	123189370	AAG	2.93	HG03577:5.79	1.63,0.83,1.66,1.67,2.39,0.81,0.82,0.85,0.87,0.82,0.81,0.81,0.79,0.84,0.86,0.83,0.83,1.69,0.81,3.42,2.51,0.86,1.66,0.82,1.67,0.84,0.86,0.84,0.84,0.90,0.87,0.81,2.56,0.86,1.64,0.85,0.83,0.86,2.46,0.85,4.14,3.14,0.84,3.32,3.28,1.71,4.23,1.69,0.86,5.06,1.70,5.79
1	76806716	76807923	AAAG	2.93	HG03577:4.96	0.81,2.50,0.83,2.39,0.83,0.84,0.85,0.82,1.68,0.87,2.48,0.83,1.68,0.86,1.70,1.67,0.83,0.83,0.86,0.84,0.90,0.87,0.81,1.71,0.82,0.84,0.82,0.85,1.67,0.85,0.79,2.57,0.84,0.87,0.83,0.82,0.84,0.86,0.84,2.54,2.54,3.37,0.84,0.79,1.70,4.96,0.83
5	77756023	77756539	AAGG	2.93	HG03577:4.14	1.68,2.57,0.86,7.45,2.51,2.57,3.36,1.67,0.85,4.14
11	31932229	31933477	AAAGG	2.89	HG03577:15.72	0.82,3.26,2.44,3.33,9.18,5.82,2.50,5.01,3.34,0.80,7.52,6.70,15.32,6.58,1.64,3.26,6.44,0.82,5.97,1.71,11.25,0.82,0.80,1.67,1.62,4.84,7.57,1.94,2.53,10.21,10.37,4.09,1.68,11.55,4.89,3.15,9.32,3.26,12.02,4.20,10.09,5.88,5.95,1.73,5.14,10.77,11.58,0.80,2.48,4.23,12.40,0.78,4.05,2.56,1.68,5.03,9.89,1.89,4.32,9.25,6.65,6.71,1.70,1.64,14.24,0.84,6.02,1.66,2.45,15.82,16.39,8.40,3.27,6.74,8.88,6.27,1.74,2.61,7.28,12.89,1.64,22.82,10.58,11.11,11.50,9.14,6.01,4.10,11.96,11.58,11.66,11.24,5.02,9.86,4.86,10.21,0.83,0.82,3.36,2.48,0.83,3.35,5.11,5.14,0.84,1.74,0.84,4.36,6.64,11.13,8.27,2.57,7.45,2.56,7.39,3.36,1.72,2.57,0.84,10.19,3.49,10.15,2.57,2.52,1.69,0.82,4.12,4.20,2.33,2.51,0.84,0.84,9.34,15.72,4.24,2.54
4	148341869	148342979	AAGG	2.89	HG03577:6.62	0.82,0.83,3.34,1.66,0.83,5.01,1.67,4.79,0.84,0.84,0.83,0.85,0.84,0.82,1.64,0.80,0.82,0.85,1.71,0.87,1.60,1.62,1.61,0.97,0.85,0.86,0.84,0.79,1.63,1.68,1.70,0.87,0.83,3.31,0.80,0.83,1.69,2.48,0.78,0.84,0.82,2.83,0.86,0.84,0.84,0.85,0.82,0.84,0.86,3.33,1.67,0.86,0.84,1.61,0.87,0.81,1.64,0.81,2.56,0.82,2.49,0.86,4.10,0.85,2.48,1.67,3.40,0.82,0.84,0.84,2.56,2.36,0.86,0.84,0.87,1.75,1.66,1.65,0.86,1.65,5.75,0.82,5.04,2.57,0.86,1.74,1.69,3.42,2.52,1.69,4.19,4.16,0.85,0.81,1.70,6.62
6	167161562	167162007	AGATGGGGGCCCGAGG	2.84	HG03577:4.14	0.81,0.83,0.83,0.80,1.65,0.81,0.85,0.84,0.84,0.86,0.84,0.80,0.83,1.89,0.84,0.82,0.84,0.82,0.90,0.82,0.81,1.72,0.86,0.84,0.79,4.18,0.86,0.85,6.00,0.84,0.84,1.69,1.67,0.84,0.85,4.14
2	2298718	2300046	AG	2.81	HG03577:17.37	4.08,9.79,8.96,16.63,6.68,9.98,6.65,2.50,11.69,8.36,8.77,10.02,11.73,9.98,16.17,5.89,15.63,9.04,12.22,8.85,13.13,6.83,5.98,10.38,11.51,10.42,12.52,12.17,4.03,4.21,13.55,10.96,11.91,5.18,8.99,7.55,9.08,5.70,3.15,4.23,4.07,8.59,5.88,2.52,4.20,5.10,8.67,4.29,8.28,8.27,8.04,5.78,8.47,12.40,10.16,6.49,9.40,8.39,7.54,5.77,4.72,10.36,11.77,8.32,11.71,9.23,5.96,12.32,11.72,3.37,6.02,14.97,5.72,5.00,7.76,11.76,11.43,13.48,12.10,7.17,13.90,5.22,10.51,9.67,6.57,14.67,4.89,3.42,11.50,3.32,8.58,12.31,9.39,5.79,5.00,6.92,5.02,3.29,11.35,11.06,5.00,9.43,6.59,4.20,5.80,14.08,3.35,11.08,3.14,2.57,7.52,0.87,2.51,10.48,9.96,6.85,9.93,12.85,1.65,10.69,8.53,8.21,14.27,4.29,9.42,15.03,10.97,10.19,13.96,1.69,10.99,7.70,8.40,5.08,6.54,5.77,10.08,7.76,15.91,2.50,4.21,8.54,4.18,3.15,12.20,7.64,17.37,12.47,14.43,6.77
9	513416	514077	AGGG	2.79	HG03577:23.99	10.81,0.83,1.67,2.50,12.88,8.21,5.01,0.81,0.84,0.82,0.84,0.85,0.86,0.84,1.70,0.87,5.79,9.38,0.85,8.39,9.89,1.73,6.73,2.52,12.91,0.83,0.90,0.81,10.83,9.07,17.39,11.60,5.02,11.08,20.43,7.71,7.83,7.53,9.96,20.54,14.07,22.27,13.24,4.93,16.22,12.31,4.20,13.72,17.14,21.71,6.75,11.34,7.61,6.85,5.04,2.54,17.32,15.96,13.20,12.56,24.12,7.58,16.23,9.19,31.73,17.83,23.99,7.48,9.34,11.01
1	113979738	113981211	AAGGAG	2.78	HG03577:8.27	2.45,4.16,3.34,0.85,0.84,1.65,0.80,2.40,0.83,0.84,2.55,0.86,2.45,5.87,5.78,0.81,7.56,4.20,0.87,0.86,7.23,0.84,1.73,1.68,0.84,1.68,0.86,3.45,3.27,0.90,6.09,2.43,0.81,4.11,0.83,1.72,3.33,3.46,0.81,2.55,0.83,2.56,6.29,6.00,0.84,0.83,0.86,2.48,4.28,0.85,1.74,5.13,3.39,3.11,3.33,1.69,7.69,0.81,8.27,1.70
6	132921492	132922683	AAGG	2.75	HG03577:9.10	1.63,0.83,0.83,0.83,1.67,5.01,7.52,1.60,4.19,3.33,2.52,0.82,2.44,0.80,3.41,2.56,2.47,2.40,0.83,2.52,1.69,3.40,2.59,4.90,3.35,2.48,3.26,1.58,0.81,1.72,2.52,1.68,3.36,1.70,2.49,1.65,2.54,0.83,0.78,2.56,1.68,3.35,0.82,1.73,2.52,1.66,1.67,2.52,0.82,5.86,6.02,2.50,1.63,2.52,3.27,3.37,2.42,0.87,8.09,0.82,3.26,0.85,3.29,1.66,5.15,3.28,2.56,1.65,0.83,0.86,1.67,4.11,2.43,3.40,3.33,2.57,4.94,3.36,2.48,5.80,3.35,4.72,3.43,3.34,6.09,2.51,0.87,4.15,4.28,0.83,6.00,2.48,0.82,3.41,3.28,2.52,1.71,5.01,4.22,0.85,4.36,2.54,3.38,2.57,1.68,4.24,4.91,4.12,2.52,6.21,10.88,1.66,6.74,2.56,1.67,12.61,8.95,4.25,9.10,0.83,3.39
18	45126913	45127308	ACC	2.71	HG03577:7.45	0.82,2.49,1.67,7.49,1.66,1.67,1.67,4.18,1.60,0.84,2.51,2.50,5.96,0.84,0.82,3.29,0.81,1.61,0.82,0.85,1.73,0.82,0.80,2.50,0.81,0.81,0.84,3.87,1.69,3.40,3.46,2.45,2.48,5.08,2.44,2.58,0.84,0.84,0.84,0.85,2.60,1.71,0.83,3.31,4.95,3.39,0.78,2.52,1.68,0.82,4.32,4.16,0.84,1.68,0.85,1.64,1.67,1.68,1.72,2.50,4.90,3.45,4.20,4.90,1.69,4.03,3.48,2.46,1.63,0.82,3.32,1.72,0.82,2.56,1.65,0.83,1.73,5.02,5.68,1.70,4.17,0.86,3.30,1.68,0.83,3.31,0.84,2.56,0.79,2.51,0.87,1.67,1.66,2.57,1.65,5.14,0.83,1.64,0.85,1.64,0.86,0.86,0.84,2.55,1.74,0.85,0.85,0.86,0.84,2.54,0.82,0.82,0.83,3.42,0.84,0.85,7.45,1.66,2.54
12	70284682	70286066	AAAG	2.69	HG03577:20.68	1.63,0.82,4.07,1.66,0.83,3.33,0.80,0.84,0.84,4.16,0.82,2.46,2.60,3.34,1.63,0.84,0.87,1.65,1.62,0.84,1.68,0.85,3.37,3.44,0.81,15.60,25.26,1.66,0.86,31.18,0.85,0.83,0.84,12.16,0.83,0.83,20.94,2.51,16.27,20.68
19	6995218	6996013	ACCACCACCATCGCC	2.64	HG03577:16.55	2.45,8.98,14.14,3.34,0.83,0.83,7.51,10.37,1.67,4.19,9.98,10.21,8.42,4.93,5.13,7.79,11.51,0.85,0.84,1.58,1.68,0.87,4.13,3.13,12.97,7.54,18.95,8.64,0.86,0.86,0.81,2.46,0.83,0.84,0.82,6.59,0.83,6.63,0.84,2.56,0.87,2.62,9.13,4.28,6.62,5.75,14.51,4.20,2.57,3.34,0.84,1.74,0.84,18.64,16.35,0.84,6.99,0.84,6.74,16.55,0.85
1	181410923	181411146	AAGGGCACAGGTGTG	2.48	HG03577:2.48	2.48
2	228463103	228463532	ACCACCGCAGCC	2.48	HG03577:2.48	2.48
2	231416176	231416425	AAAG	2.48	HG03577:2.48	2.48
6	138758101	138758140	ACACATATATATAT	2.48	HG03577:2.48	2.48
8	1747823	1747827	AGG	2.48	HG03577:2.48	2.48
10	104467169	104467422	ACGGGAGAGGGAGAGGGAG	2.48	HG03577:2.48	0.83,0.85,2.48
15	90700727	90701403	AAAG	2.47	HG03577:2.48	0.84,2.56,2.48
17	25263072	25268103	AATGG	2.46	HG03577:17.37	8.16,10.61,9.77,9.15,7.51,9.15,9.14,8.33,10.02,14.21,11.17,11.69,11.73,9.98,8.51,7.57,6.58,11.51,9.78,11.27,4.10,5.12,11.96,6.92,12.33,11.22,10.85,10.55,8.86,15.98,8.71,13.49,14.46,1.73,4.09,9.22,5.78,8.14,6.31,5.93,4.07,13.74,7.56,7.57,4.20,11.05,13.01,14.57,3.31,9.10,3.21,8.26,11.86,12.40,4.69,11.35,5.98,11.75,15.08,9.89,5.66,10.36,12.61,5.82,10.04,10.90,8.52,5.75,6.70,6.74,10.33,9.15,6.54,15.82,15.53,2.52,10.62,5.90,8.88,17.92,10.43,4.35,8.90,6.44,12.32,11.41,8.14,11.96,6.57,4.15,8.58,6.56,6.83,8.27,10.82,6.92,9.21,10.68,13.78,5.96,6.66,9.43,4.94,8.39,9.94,6.63,12.56,8.52,7.86,6.00,5.85,8.70,5.86,10.48,19.92,5.14,9.10,13.71,12.41,5.75,11.95,6.57,10.07,10.29,5.14,15.87,11.81,8.49,8.72,11.00,8.46,3.42,12.60,14.41,9.81,11.54,7.56,7.76,10.05,8.32,9.27,11.96,6.69,8.67,11.39,8.49,17.37,10.81,12.73,3.39
5	99929105	99930040	AGATATATATATATATAT	2.45	HG03577:3.31	0.82,3.33,0.85,0.80,0.84,0.85,0.81,0.83,0.81,0.85,0.84,1.65,0.86,0.87,0.85,0.85,3.31
17	61845248	61845658	ACGGGAGAGGGAGAGGGAG	2.45	HG03577:2.48	2.51,4.27,2.48
4	84441780	84442898	AAAG	2.44	HG03577:4.14	0.83,0.83,0.84,0.85,0.82,0.97,0.84,0.82,0.79,0.84,0.84,0.85,0.87,0.83,0.85,0.84,0.86,0.83,0.86,1.63,0.90,0.87,0.81,0.82,0.85,0.85,2.50,0.84,4.93,2.46,2.57,0.85,2.51,2.50,0.85,0.84,1.63,4.14
16	52058639	52059648	AAG	2.42	HG03577:3.31	0.82,0.83,0.84,0.84,0.85,0.87,0.82,0.82,0.78,0.84,0.84,0.85,0.84,0.86,1.74,0.85,0.82,1.68,0.79,0.86,0.87,0.82,0.86,0.84,1.55,0.83,0.85,0.79,0.85,3.31
GL000220.1	131773	133909	AGAGAGAGAGAGAGAGAGGG	2.34	HG03577:4.96	0.82,0.83,0.83,1.66,0.83,0.83,0.84,1.60,0.84,0.83,0.85,0.81,0.80,0.82,1.64,2.40,1.62,0.81,1.94,1.69,2.55,0.86,1.63,0.84,0.81,2.54,1.72,0.84,2.57,1.65,1.61,1.65,0.85,1.68,0.82,2.83,0.86,0.84,0.83,0.84,0.85,2.51,0.86,1.66,0.82,1.67,1.68,3.27,1.69,0.81,0.90,0.87,2.44,0.81,2.56,0.83,2.59,1.67,0.81,1.67,2.57,0.82,1.66,1.66,3.35,1.70,1.57,2.57,1.67,1.74,1.71,0.83,2.57,0.83,0.82,0.85,0.82,1.69,2.55,0.87,0.85,1.69,1.71,3.39,1.64,0.84,1.71,2.51,4.96,0.85
20	40335340	40336575	AAAG	2.30	HG03577:17.37	1.66,5.01,0.83,1.68,3.26,2.56,0.85,1.73,7.40,1.60,2.42,2.90,13.49,1.65,1.63,1.63,1.68,0.83,2.48,5.08,4.69,1.71,7.54,0.94,7.58,2.45,0.82,1.74,0.87,1.61,15.38,5.81,0.86,5.98,2.59,1.67,12.32,4.05,8.33,15.42,12.36,10.77,6.63,4.19,18.75,6.29,6.86,1.67,7.86,8.30,10.28,14.78,0.86,15.19,3.40,18.61,14.55,6.72,6.78,8.18,6.60,4.20,8.43,6.84,10.03,7.64,17.37,4.16,5.09
17	25263885	25265583	ACTCC	2.27	HG03577:9.10	2.45,0.82,2.44,4.99,2.50,2.50,0.83,4.16,3.34,4.18,6.38,0.84,5.03,2.50,3.40,4.21,2.47,4.11,0.81,3.22,4.92,1.73,1.64,3.20,4.17,1.62,0.81,5.89,2.90,0.84,6.80,1.73,4.90,2.52,0.83,2.44,3.94,2.54,1.63,1.72,7.56,6.73,1.68,0.85,6.07,5.14,0.83,5.79,0.80,6.60,5.93,2.48,1.56,1.62,0.85,1.68,2.51,4.12,3.78,4.32,7.57,4.18,1.68,2.55,0.82,6.70,0.84,2.58,1.66,4.09,5.00,2.59,1.68,4.08,0.84,2.42,1.79,0.87,2.61,3.23,2.42,4.11,4.07,2.44,4.27,1.64,3.32,3.43,1.64,1.71,3.31,2.50,3.46,4.19,7.39,3.24,6.66,3.43,4.94,4.20,2.48,2.48,3.35,1.70,3.14,2.57,1.67,0.84,3.49,4.15,3.42,0.83,6.00,1.65,2.47,1.71,1.64,2.52,3.43,4.28,1.67,5.91,0.85,0.87,4.23,5.07,3.42,2.52,8.47,2.45,0.82,2.52,2.33,3.35,0.83,0.84,9.40,0.84,0.79,6.51,9.10,2.49,0.85,5.93
4	65699705	65700603	ACATATATACATATATGTAT	2.19	HG03577:4.14	0.80,0.83,0.81,0.82,0.83,2.57,0.82,2.48,1.67,2.51,2.48,2.56,0.86,1.68,2.45,0.82,6.21,4.14,1.69
Y	13446129	13451670	AATGG	2.18	HG03577:36.40	16.33,17.14,20.35,20.79,10.85,15.81,15.79,15.82,31.73,21.73,23.13,16.70,16.75,27.46,8.51,23.56,27.14,24.66,18.74,18.51,20.52,23.89,34.17,14.71,15.62,17.63,20.03,24.35,19.34,20.19,18.39,23.61,11.06,12.96,11.44,11.74,12.38,14.66,19.72,13.55,19.56,22.32,16.80,18.50,17.65,17.01,26.02,15.43,20.71,18.20,16.88,14.03,16.09,18.18,19.54,15.40,15.38,16.78,20.11,18.13,15.10,12.95,26.06,13.31,11.71,9.23,12.77,20.53,15.91,13.47,18.93,28.28,17.98,23.31,22.43,10.92,15.51,15.17,24.21,18.82,18.25,9.57,16.98,19.33,20.53,17.93,19.54,8.54,29.57,17.44,14.59,19.69,25.62,13.23,12.49,12.97,17.59,15.60,25.13,22.97,28.32,13.71,27.20,15.10,26.50,15.74,21.77,11.08,22.01,25.71,34.28,27.85,19.24,20.95,30.71,22.25,28.96,37.69,25.65,23.84,36.70,32.01,31.90,14.58,13.71,20.88,20.25,31.41,35.77,9.31,20.30,35.94,19.33,15.25,32.71,20.61,19.32,21.74,24.28,14.97,11.80,29.05,24.24,19.71,14.64,18.68,36.40,19.95,11.88,22.86
19	57830049	57831594	ACATATATAT	2.14	HG03577:9.93	0.82,1.63,0.83,2.50,1.66,5.00,3.34,5.01,5.58,1.68,4.99,1.70,2.52,1.65,0.81,1.61,4.92,0.85,1.71,0.87,4.01,7.30,5.64,0.84,0.85,0.86,0.82,1.68,1.65,0.86,0.84,0.84,3.36,0.85,3.47,3.43,5.80,6.62,4.95,1.69,7.03,1.62,6.83,0.84,3.30,2.83,7.77,9.25,1.66,4.19,0.85,4.11,2.51,5.05,3.44,2.45,3.33,0.86,1.68,2.45,8.43,0.81,0.87,0.87,7.28,4.03,0.82,1.63,0.85,0.82,4.98,3.43,4.92,7.44,1.67,1.67,1.62,8.57,0.82,0.84,4.14,5.80,1.67,3.41,3.93,2.51,0.84,2.62,4.15,2.57,0.83,6.00,2.47,14.51,0.82,8.39,6.00,6.00,0.84,5.09,1.74,2.54,2.57,2.52,5.93,0.82,2.47,0.84,3.88,2.51,4.16,2.53,5.13,0.84,7.10,2.44,2.55,9.93,3.33,5.94,17.78
14	106168664	106169791	ACCAGGGCTGAGTGATCAGG	2.13	HG03577:5.79	1.63,1.63,1.63,3.33,1.67,0.83,3.33,0.83,0.84,0.80,0.84,2.51,3.40,1.68,1.65,0.82,1.63,0.80,3.28,3.41,0.85,3.46,2.47,0.80,0.83,1.62,0.81,2.52,1.94,2.55,1.63,1.68,2.48,4.07,1.58,2.44,1.72,5.04,0.84,0.87,0.86,0.83,0.83,0.80,4.13,1.69,0.83,0.78,3.24,4.19,1.68,1.65,1.89,0.86,2.52,0.83,1.67,1.70,1.64,1.67,1.66,1.63,2.50,0.86,2.52,0.82,3.23,0.90,1.74,0.87,0.81,1.64,1.63,0.82,0.83,0.82,0.85,4.14,0.83,1.64,0.81,2.55,3.33,0.86,2.47,0.84,0.83,1.67,1.70,2.57,3.34,2.61,3.35,2.62,0.83,0.86,0.83,2.57,2.47,0.85,3.36,2.57,2.57,1.67,0.84,0.85,0.87,2.54,0.85,2.57,1.68,1.64,2.47,1.68,1.66,2.53,3.42,2.37,3.25,5.79,2.49,5.94,3.39
10	13189609	13190428	AT	2.11	HG03577:3.31	1.63,0.83,0.82,0.79,0.83,0.83,1.56,0.84,0.82,0.81,0.81,0.81,4.07,0.83,2.59,0.86,1.71,3.28,0.86,0.86,0.85,0.84,3.31,0.85
18	40684681	40685823	AAGAGAGGAAGGGAGG	2.10	HG03577:2.48	1.65,2.56,4.20,1.72,0.87,0.82,2.48
11	113769124	113769556	AAAG	2.09	HG03577:2.48	0.84,0.85,1.69,0.84,0.86,0.85,0.82,2.48
20	61852095	61853607	AATCCCTGC	2.07	HG03577:28.95	2.45,1.66,4.16,1.67,1.67,1.67,1.60,20.10,0.83,4.21,4.94,20.55,5.70,16.90,15.38,11.25,31.24,14.42,1.61,2.52,7.35,3.36,1.70,15.74,0.83,6.43,3.30,6.61,5.13,3.36,1.65,12.27,3.36,2.50,0.84,16.77,0.85,32.03,11.79,4.30,9.16,26.05,0.84,7.82,13.96,26.49,14.12,14.59,24.77,5.00,6.70,2.57,4.12,8.39,5.80,2.48,5.86,0.85,13.36,0.86,4.18,6.96,18.41,5.24,8.30,5.14,5.79,1.65,5.75,4.93,5.04,4.29,8.57,20.88,9.28,0.85,8.72,3.38,7.61,10.17,20.44,9.07,24.84,17.58,19.96,21.07,26.49,12.54,3.94,36.61,28.95,21.62,6.79,9.31
1	220565003	220566254	AAAG	2.04	HG03577:4.96	0.82,1.63,1.67,0.83,1.67,0.80,1.67,0.84,1.61,0.82,1.71,1.71,1.64,0.83,2.90,0.85,0.82,1.68,0.81,1.58,2.54,0.81,0.86,0.84,0.87,2.57,4.23,3.31,1.68,0.84,1.72,0.83,2.45,0.83,0.86,0.84,0.87,1.74,1.61,0.81,3.29,0.83,1.64,0.81,3.33,0.84,0.83,3.35,2.51,1.71,1.65,0.83,3.29,0.84,0.85,0.85,1.71,3.39,1.55,1.67,1.69,0.81,4.96,0.85
11	1681510	1682053	ACAGGGCCGTGGGGAGTATG	1.99	HG03577:7.45	2.49,1.67,4.21,0.81,2.46,0.83,3.24,3.42,2.51,1.66,3.35,6.57,4.94,1.68,2.48,4.97,5.86,3.43,5.02,6.09,1.66,0.86,1.71,5.75,1.71,7.39,1.68,7.72,4.18,3.38,2.54,2.52,3.88,5.98,1.58,1.63,7.45,5.94,2.54
3	122870355	122871402	AAGGAAGGAAGGCAGG	1.97	HG03577:4.14	2.49,1.67,2.50,0.84,1.70,0.82,0.82,1.63,3.22,0.85,0.83,1.68,0.85,0.86,0.84,0.81,1.58,0.86,1.65,0.80,0.83,0.78,1.62,0.83,0.82,0.84,0.86,1.66,0.82,0.83,1.61,0.87,0.87,0.81,0.81,2.46,0.86,1.64,0.81,2.52,1.66,0.79,0.87,0.84,0.86,0.83,0.86,0.85,1.64,2.54,2.57,1.68,1.69,1.65,1.68,0.83,1.58,0.81,4.14,1.66,3.39
17	43294437	43294712	AAGG	1.95	HG03577:2.48	1.57,1.67,1.65,0.86,0.84,2.54,0.84,2.48
16	62353512	62354260	AAAG	1.94	HG03577:3.31	0.84,0.82,0.81,0.84,2.90,0.85,1.73,0.85,0.81,1.68,0.85,0.86,0.84,1.89,1.68,2.51,1.67,0.83,0.81,0.87,0.81,0.81,0.81,1.70,0.86,0.86,0.86,0.78,0.85,3.31,0.85
12	129358102	129359039	AAAG	1.87	HG03577:2.48	0.83,1.68,0.84,0.87,0.82,0.85,1.67,2.48,2.49,0.85
5	17883281	17884632	AAAG	1.86	HG03577:9.10	5.71,1.63,0.83,2.50,0.83,1.66,2.50,3.34,3.34,3.19,0.84,3.35,2.55,5.05,6.58,8.22,6.52,5.98,4.33,6.58,1.60,2.50,3.22,2.52,0.97,1.73,3.27,6.71,4.13,8.96,4.73,0.85,0.86,3.36,3.36,0.87,7.72,2.48,1.61,4.13,1.69,0.83,5.47,6.49,9.40,6.70,5.66,4.20,4.16,5.02,2.52,5.96,5.75,3.35,3.37,8.61,3.33,2.52,8.98,3.37,2.42,2.69,0.87,1.61,7.39,4.07,6.84,1.64,1.66,1.64,1.71,3.31,5.83,6.92,3.29,3.35,2.56,0.87,0.85,9.10
15	100793717	100794272	AAGGTAGAGGGGGAGGGG	1.83	HG03577:5.79	1.66,0.83,0.84,2.50,1.70,4.11,2.47,2.44,0.80,0.82,2.56,0.85,1.73,4.11,3.20,4.17,1.62,0.81,2.52,0.84,0.85,0.86,2.52,1.65,1.63,0.79,3.39,6.52,3.36,0.84,1.68,3.40,2.57,0.83,1.65,0.85,1.65,1.68,0.94,0.86,0.83,0.84,2.46,1.67,0.86,0.82,2.50,0.86,3.36,0.84,1.61,1.79,1.74,0.87,0.81,0.81,3.28,1.63,2.56,3.29,0.83,0.86,3.31,3.46,2.51,1.64,1.62,2.55,1.67,3.43,3.30,0.84,2.48,1.66,0.79,0.86,2.51,0.87,0.83,1.65,3.43,0.82,1.64,5.88,0.86,3.43,0.84,0.85,0.85,5.13,2.52,1.69,0.82,2.47,2.52,3.88,4.19,1.66,3.37,1.71,3.34,3.15,1.63,5.79,1.66,4.24,0.85
2	229628656	229629769	AAG	1.81	HG03577:14.06	0.82,0.81,0.83,4.18,6.70,6.66,15.38,0.80,0.84,2.90,4.25,0.86,4.09,3.35,3.26,2.37,5.08,1.72,0.84,0.84,13.01,1.61,0.85,4.13,1.56,5.67,1.71,1.68,0.82,0.84,0.85,2.53,0.86,8.99,1.73,5.04,0.81,5.38,0.87,0.87,0.81,4.83,1.63,2.56,3.29,3.33,7.78,3.29,4.86,5.11,1.67,4.94,3.36,1.66,7.54,11.00,0.86,9.20,15.71,6.64,3.42,1.71,12.41,0.82,6.57,9.19,4.24,1.69,0.86,0.85,1.64,2.52,3.11,3.33,5.90,18.13,0.81,14.06,0.85,7.62
4	111514552	111515887	AAG	1.80	HG03577:5.79	4.08,0.82,1.66,2.49,0.83,3.34,0.84,2.39,0.84,1.68,0.83,0.85,0.84,0.82,0.80,1.64,0.85,1.71,1.64,1.60,0.81,0.84,0.97,2.55,0.86,4.19,0.81,2.37,0.81,0.86,3.36,0.85,3.31,1.61,6.60,0.83,1.56,0.84,1.89,0.84,3.33,0.84,0.85,2.53,2.58,2.50,2.45,1.73,1.68,1.63,1.79,0.87,3.23,0.82,0.81,0.81,5.13,0.83,3.43,2.56,0.83,0.83,2.59,0.83,0.86,1.65,0.84,4.14,1.66,3.35,2.56,2.36,2.57,4.18,1.74,2.51,1.75,3.32,4.96,1.71,1.64,3.41,0.82,0.86,2.51,0.84,0.87,0.85,1.69,1.71,0.84,7.56,0.84,1.66,1.69,2.56,2.51,2.37,0.81,0.85,5.79
7	2666573	2667621	AAAAGATGGAGGGAGGGAGG	1.80	HG03577:3.31	2.51,0.84,2.50,1.71,4.19,1.70,1.71,0.87,1.66,3.28,0.86,0.84,0.83,1.67,3.31
2	7722665	7724367	AAAGAAGGAAGGAAGGAAGG	1.79	HG03577:25.65	7.35,9.79,6.51,11.64,5.01,14.98,6.65,17.49,15.86,3.34,4.79,17.54,11.73,5.82,8.51,8.42,8.23,9.04,4.89,15.29,8.21,14.51,8.54,12.11,14.80,8.81,12.52,7.30,8.86,10.09,15.49,10.96,21.27,1.73,5.72,9.22,19.80,14.66,3.94,17.78,8.15,12.88,4.20,8.41,11.77,9.35,17.34,11.14,14.91,14.89,12.86,8.26,12.70,13.22,17.97,4.05,5.98,5.03,12.57,6.59,14.16,12.09,14.29,4.16,5.02,7.55,7.66,7.39,7.54,5.89,14.63,18.30,15.53,6.66,12.08,9.24,9.80,14.32,11.30,9.86,19.12,8.70,13.75,16.92,21.35,13.85,23.61,14.53,12.32,14.95,13.73,12.31,15.37,9.93,4.16,6.92,17.59,8.21,13.78,12.76,10.00,15.42,14.01,14.27,5.80,15.74,10.05,27.28,13.36,6.00,18.39,18.28,15.90,27.93,18.26,10.27,15.72,17.13,18.20,12.33,23.90,7.39,5.04,5.15,8.57,16.70,4.22,18.68,15.70,16.92,13.53,10.27,12.60,16.10,25.35,12.37,8.40,17.86,28.47,17.47,7.58,7.69,14.21,12.61,15.46,9.34,25.65,20.79,14.43,17.78
6	134553167	134554044	AAAG	1.78	HG03577:5.79	0.81,6.86,4.96,4.93,8.49,21.19,17.55,5.79
4	5707584	5708467	ACATAGATAGATAGAT	1.78	HG03577:4.96	0.83,0.83,3.29,1.63,0.97,0.86,3.35,3.30,0.85,0.81,0.86,1.68,1.66,0.78,0.82,0.86,1.67,0.90,0.81,0.82,0.83,3.29,0.81,2.50,0.86,4.12,4.14,0.84,0.79,0.86,1.74,2.51,0.87,2.48,0.82,3.41,0.84,0.86,0.84,0.86,1.68,3.27,0.82,1.68,0.78,3.35,1.69,8.54,0.84,3.15,1.70,4.96,1.66
10	110950993	110951928	AAGG	1.73	HG03577:2.48	1.66,0.83,0.79,0.87,0.86,1.65,0.82,0.85,0.85,1.71,0.84,2.48
2	13502482	13503293	ATATATATC	1.69	HG03577:3.31	1.69,0.84,4.14,0.78,1.73,0.81,1.64,1.66,1.65,2.51,1.70,3.36,12.42,3.31
X	118038633	118039976	AAG	1.67	HG03577:8.27	3.26,3.34,0.83,5.84,0.84,0.82,1.61,3.28,1.64,4.81,2.43,3.36,6.75,4.25,1.73,0.82,0.84,5.70,0.85,0.81,0.86,7.65,0.87,2.48,0.83,4.23,1.65,7.03,6.83,4.19,3.78,6.05,2.52,0.83,6.69,5.11,3.29,5.02,5.05,2.58,1.66,0.83,0.86,2.53,3.23,5.38,0.87,5.22,2.43,4.11,2.56,0.82,4.10,2.50,5.19,1.67,4.93,5.68,1.67,0.86,6.71,8.28,1.70,4.35,1.67,5.99,4.14,6.00,4.14,0.82,0.85,4.20,3.43,3.34,9.28,1.69,3.38,3.36,5.93,7.42,3.36,5.43,5.02,1.66,2.56,2.51,3.15,8.27,1.66,3.39
19	55820213	55820715	ACCCACGCCCCCCGCC	1.66	HG03577:3.31	1.70,0.86,2.61,1.67,1.75,1.71,0.86,0.84,1.74,5.07,2.45,1.65,1.68,1.66,0.79,1.63,3.31,1.66
7	15361642	15361872	AAATATATAT	1.65	HG03577:1.65	1.66,0.82,1.71,1.65
10	109121678	109121679	AGAT	1.65	HG03577:1.65	1.65
1	181411683	181411684	AAGGGCACAGGTGTG	1.65	HG03577:1.65	1.65
14	91569019	91569020	AC	1.65	HG03577:1.65	1.65
16	20578103	20578177	ACTATATATAGTATATAT	1.65	HG03577:1.65	1.65
17	18072256	18072257	AAT	1.65	HG03577:1.65	1.65
19	29529636	29529798	AAAGG	1.65	HG03577:1.65	1.65
19	50943580	50943581	AAAT	1.65	HG03577:1.65	1.65
21	24630196	24630197	AC	1.65	HG03577:1.65	1.65
2	27155102	27155103	AAAG	1.65	HG03577:1.65	1.65
3	131977037	131977038	AAAT	1.65	HG03577:1.65	1.65
4	14153862	14153863	AC	1.65	HG03577:1.65	1.65
8	134553133	134553228	AT	1.65	HG03577:1.65	1.65
9	74187659	74187949	AATATATATAATATATATAT	1.65	HG03577:1.65	1.65
X	67298826	67298827	AAAT	1.65	HG03577:1.65	1.65
6	95420746	95420826	AAATATATGATATAT	1.65	HG03577:1.65	0.87,0.79,1.65
6	86582598	86582823	AT	1.65	HG03577:1.65	0.86,0.78,1.65
8	50434002	50434424	AAGG	1.65	HG03577:1.65	0.85,1.65,0.85,0.85
15	91197760	91198053	AGATGGGAGCCCAGGAGCCC	1.65	HG03577:1.65	0.85,0.81,1.65
5	1116192	1116309	AAGGGAGGAGAGGG	1.65	HG03577:1.65	0.84,1.65
4	26528570	26528713	ACATATATATATAT	1.65	HG03577:1.65	0.84,0.82,1.65
6	68719052	68719753	AT	1.65	HG03577:1.65	0.84,0.79,1.65
2	104727298	104727804	AATAG	1.65	HG03577:1.65	0.83,0.83,1.65
8	39852258	39852408	AAG	1.65	HG03577:1.65	0.81,2.53,1.65
5	45903567	45904131	AAG	1.65	HG03577:1.65	0.80,1.69,1.65
8	125614509	125614751	AT	1.65	HG03577:1.65	0.79,1.65
10	105668602	105669689	ACATATATATATATATAT	1.64	HG03577:2.48	2.49,0.83,0.85,0.85,0.80,0.83,0.85,0.83,0.84,0.86,0.84,0.84,0.84,0.84,0.83,0.81,0.81,0.86,0.82,0.84,0.84,0.82,0.79,2.48
16	19454720	19454970	ATCC	1.64	HG03577:1.65	0.86,0.86,0.85,1.65
16	80983502	80984063	AATATATATTATATAT	1.64	HG03577:1.65	0.84,0.81,1.65
7	154949557	154950434	AAAG	1.63	HG03577:2.48	0.83,0.84,0.83,0.82,0.83,0.84,0.85,3.33,0.84,0.83,1.67,1.64,0.81,0.86,0.84,2.48
4	675711	675853	CCCCCCCCCGCGCCGCCCCG	1.63	HG03577:1.65	0.86,0.85,1.65
2	104728307	104728538	AATAG	1.63	HG03577:1.65	0.83,0.84,1.65,0.83
16	819381	819498	CCCCCCCCCCCCCCCCCG	1.62	HG03577:1.65	0.85,0.84,0.82,1.65
10	110489695	110489773	AGAGGGAGGGAGGGGGGGGG	1.62	HG03577:1.65	0.79,0.87,0.84,1.65
6	112947688	112948030	AAAAG	1.62	HG03577:1.65	0.79,0.84,1.71,1.65
17	12925404	12925656	AG	1.61	HG03577:1.65	6.62,4.12,1.65
9	74035433	74036236	AAGAGGGAGAG	1.60	HG03577:2.48	3.31,0.84,4.18,3.38,3.42,3.34,2.48
12	7780809	7781514	CCCCCGCCGCCGCCGCCG	1.60	HG03577:2.48	0.81,0.80,0.81,1.69,0.83,0.84,0.84,0.86,0.82,0.83,0.87,2.46,0.86,0.85,0.85,3.88,2.48,2.49
10	134788952	134790597	AATATATTCCACGTGTATC	1.58	HG03577:16.55	5.71,1.63,13.03,4.99,5.84,9.98,10.81,8.33,17.53,14.21,5.01,5.03,14.14,14.46,15.15,9.87,10.69,1.63,13.13,7.79,4.93,11.22,3.34,7.30,5.64,11.77,3.87,6.75,15.55,4.90,12.38,7.33,5.08,9.78,20.61,6.73,5.10,10.41,13.72,14.08,14.06,8.04,8.26,11.01,8.26,7.03,4.86,11.10,5.87,5.03,3.30,5.66,14.29,9.15,5.86,14.26,6.81,9.03,15.07,15.16,9.15,4.90,0.83,8.40,6.53,4.21,11.30,7.17,6.95,9.57,12.94,8.86,6.57,12.22,7.33,7.69,5.75,8.30,7.72,6.56,8.27,3.33,4.32,5.02,12.32,17.02,5.00,9.43,12.36,3.36,10.77,6.63,5.02,9.38,14.15,0.86,7.52,5.22,16.73,6.98,10.79,8.56,4.96,4.28,4.96,9.87,8.53,4.10,6.72,6.00,9.42,7.52,2.53,3.40,6.11,9.31,7.61,11.12,10.92,6.78,6.54,6.60,10.08,3.11,11.72,7.58,11.11,13.37,1.58,5.69,7.64,16.55,10.81,11.88,1.69
21	46760316	46761037	ACCCACCCATCCATCCATCC	1.58	HG03577:4.14	0.82,3.26,0.83,1.66,0.83,3.34,1.67,1.68,0.85,1.65,1.64,1.63,0.82,0.85,1.64,1.60,1.67,0.84,0.97,1.69,0.85,1.68,1.65,1.58,2.58,0.84,0.85,1.66,2.48,2.41,1.65,0.85,0.83,1.56,0.81,0.84,2.51,0.82,1.73,1.68,1.64,1.67,0.84,0.86,1.66,0.86,2.52,4.03,0.87,2.43,0.81,2.44,1.71,0.83,0.82,0.83,0.83,2.51,1.71,0.82,1.66,0.79,1.71,0.84,0.87,0.84,2.62,1.66,0.86,1.65,1.65,0.82,2.52,0.86,0.84,2.53,1.74,0.85,2.54,1.71,0.82,2.47,1.55,1.66,1.71,1.67,1.63,4.14,0.83,0.85,0.85
2	2007632	2008786	AAAGAAGGCATGCAGG	1.57	HG03577:2.48	0.82,0.83,1.66,1.67,0.80,0.84,0.81,0.87,0.80,0.81,0.82,0.83,0.79,0.83,0.83,0.78,0.85,0.86,0.84,0.85,0.84,0.82,0.83,1.64,0.83,0.84,1.66,0.84,0.85,0.86,0.85,0.82,0.86,0.84,0.85,0.86,0.85,0.79,0.81,2.48
Y	13812782	13829999	AATGG	1.56	HG03577:9.10	4.90,2.45,6.51,2.49,6.68,1.66,4.99,6.66,5.01,3.34,1.60,4.18,6.70,2.50,2.55,2.52,3.29,2.47,4.02,2.46,3.41,5.13,4.33,3.29,1.60,10.02,6.49,5.64,4.21,4.84,0.84,8.51,2.45,0.83,3.15,6.52,5.04,0.84,0.85,8.67,1.66,5.79,2.41,3.30,4.69,4.05,5.86,1.65,0.86,3.36,6.69,2.52,4.93,6.88,4.09,5.18,1.63,4.84,6.08,2.61,6.47,2.42,6.52,6.51,2.56,0.82,1.66,10.30,3.28,1.71,3.31,0.83,1.73,1.67,7.30,2.50,4.94,4.14,0.83,5.02,0.85,1.57,3.34,6.69,9.13,2.48,0.86,2.48,5.97,3.28,0.84,2.57,7.52,6.11,7.61,3.42,0.84,2.45,4.20,1.55,2.51,6.74,0.85,0.84,1.58,1.63,9.10,2.55
3	178991361	178991795	ACGGGAGAGGGAGAGGGAG	1.56	HG03577:1.65	1.66,0.83,0.85,1.71,1.65
1	242357584	242358234	AGAT	1.55	HG03577:1.65	3.19,0.83,0.85,1.65,0.85
8	2480032	2481570	AGAGCGCGGAGGCGCCAGG	1.51	HG03577:3.31	0.83,0.83,1.67,0.80,0.83,0.84,3.22,0.83,0.97,0.84,0.86,0.83,0.87,0.86,1.65,0.83,0.94,0.86,0.84,0.84,0.84,3.33,0.83,0.86,1.63,1.61,3.58,1.66,2.46,0.85,0.86,0.85,0.82,1.68,1.70,0.79,0.84,0.86,0.82,1.68,0.84,1.71,0.85,0.82,0.82,1.55,0.84,0.79,0.85,3.31
7	88483090	88484090	AAAG	1.50	HG03577:2.48	0.83,0.85,0.85,0.85,1.65,0.84,1.66,0.87,0.81,1.63,0.86,0.84,4.24,1.65,2.48,0.83
12	68810650	68811267	AAAG	1.50	HG03577:1.65	0.82,0.86,0.85,0.84,0.83,1.65
17	4092197	4093552	ACAGTAGGCCCACGCCAG	1.49	HG03577:13.24	1.63,2.45,3.26,1.66,1.66,3.34,3.34,1.60,0.84,2.51,2.50,0.84,3.29,1.63,2.41,1.64,0.85,3.42,0.87,0.80,2.43,3.22,1.68,0.84,0.86,0.82,1.68,0.83,7.89,0.85,2.44,1.72,0.84,4.25,1.73,1.66,0.83,1.65,2.54,0.83,0.78,3.24,1.68,2.59,1.68,0.83,1.67,0.82,2.51,1.72,1.66,2.45,3.33,0.84,1.61,2.69,0.87,1.74,0.82,1.63,2.56,1.64,0.83,2.57,2.46,3.35,2.46,4.05,2.55,4.17,5.14,0.84,0.83,2.48,2.51,5.11,1.57,8.57,2.61,12.55,5.24,3.32,4.28,9.93,11.99,4.14,6.58,22.19,0.84,11.15,1.71,3.34,0.84,0.87,5.92,5.92,1.71,12.60,5.72,0.82,11.76,3.35,4.16,1.69,0.85,0.84,13.40,13.83,4.25,13.24,4.99,4.24
6	166701388	166702264	AAATATATATATATATAT	1.49	HG03577:4.14	0.82,0.81,0.83,0.83,1.67,0.83,0.81,1.64,0.85,1.73,0.80,0.84,3.37,0.85,0.83,3.26,0.79,2.58,1.68,0.87,0.83,0.85,3.36,0.84,3.44,2.50,0.82,1.73,2.52,0.82,0.87,0.82,0.85,0.83,2.50,2.59,0.83,3.30,2.51,1.71,0.87,1.75,2.49,0.86,0.84,2.57,1.67,0.85,1.64,1.68,0.84,0.83,1.71,0.81,4.14,0.85
3	27673950	27674789	AGCGGCGGCGCGGAGGC	1.49	HG03577:1.65	0.85,1.65,0.90,1.62,1.65
4	138816158	138816562	AAAGGAAAGGAAGGGAAGGG	1.48	HG03577:1.65	0.83,0.82,1.66,0.84,0.85,1.65
13	21864051	21864993	AATACTGATATGACACCCAC	1.47	HG03577:2.48	0.82,2.44,0.83,1.67,0.84,2.51,0.85,0.82,0.81,0.81,0.86,0.79,0.81,0.83,0.83,0.78,1.68,0.86,1.67,0.84,0.83,0.83,0.84,0.87,0.82,0.86,0.84,0.82,0.85,0.83,0.86,0.83,0.82,0.86,0.82,0.78,0.83,2.48,0.85
20	62324322	62324809	ACCTCC	1.47	HG03577:1.65	0.81,0.83,0.84,0.85,0.83,1.65
6	40176382	40177846	ACATATATACATATATGT	1.45	HG03577:3.31	0.83,0.85,0.85,0.85,0.84,0.81,0.85,0.80,0.85,0.84,1.68,0.82,0.86,2.50,0.82,0.84,1.72,0.82,0.81,0.87,0.85,0.86,0.86,0.84,4.14,3.35,1.70,2.57,0.86,0.85,1.68,2.33,3.42,3.31
1	100791596	100792566	AAGG	1.44	HG03577:3.31	2.55,0.84,0.81,0.82,0.86,1.65,1.66,0.85,5.14,0.84,3.49,0.83,1.71,0.86,1.65,0.85,1.68,2.55,0.87,0.85,0.86,1.68,1.64,1.65,2.52,0.85,3.31
18	60865046	60866404	AC	1.41	HG03577:5.79	0.82,1.63,0.83,3.34,1.66,0.83,0.83,1.67,4.19,1.68,2.47,0.82,1.63,0.80,3.28,2.56,0.85,3.46,0.82,2.40,2.50,2.43,0.81,2.52,1.94,1.69,0.86,3.27,0.84,2.44,5.08,1.63,1.72,0.84,0.85,2.60,1.71,2.49,4.14,3.21,1.65,3.39,1.65,0.81,3.42,2.52,4.19,2.83,0.86,2.52,0.83,2.51,0.84,0.85,0.84,0.84,3.44,1.66,0.82,0.83,1.73,2.52,5.72,1.69,3.23,2.69,1.74,4.35,0.81,0.82,0.81,0.81,1.71,0.82,0.83,1.72,1.64,0.85,2.48,1.73,3.35,3.29,1.62,4.25,2.50,1.71,2.47,4.20,3.31,1.66,1.67,1.57,0.84,1.74,0.84,2.62,4.98,0.86,4.14,2.57,1.65,1.64,2.56,3.28,1.68,1.71,4.18,4.22,1.70,0.87,1.69,3.38,0.86,1.68,5.08,5.72,1.68,0.78,2.51,4.16,2.56,0.84,2.37,0.81,0.85,5.79,0.83,1.70
2	4307805	4308867	AAGATATACATATATAT	1.41	HG03577:1.65	0.83,3.41,1.68,0.84,1.65,4.24,0.85
21	46293356	46294446	ACCGAGGGGCGAGGCGTG	1.38	HG03577:2.48	1.66,0.82,0.83,1.63,0.84,3.31,0.83,0.84,0.81,1.61,0.81,0.83,0.83,3.33,0.85,1.66,0.82,0.78,0.83,2.48
14	93385742	93386625	AAAGTGTGCGCTATCAAT	1.38	HG03577:1.65	0.82,0.85,0.83,0.81,0.85,0.85,1.65
8	73473421	73474275	AT	1.37	HG03577:1.65	1.63,0.81,0.86,0.84,0.85,0.82,1.65
8	41187421	41188072	ACCCATCCATCCATCCATCC	1.37	HG03577:1.65	0.81,0.84,0.78,1.73,0.83,0.82,1.65
7	107939097	107940045	AAAG	1.36	HG03577:17.37	8.98,0.82,10.58,1.70,6.73,4.01,24.51,20.13,23.10,20.18,4.69,3.42,10.07,1.89,3.29,10.05,5.89,6.88,11.21,17.15,17.09,10.89,10.68,4.94,0.86,4.24,0.82,2.51,17.37
14	42561442	42562400	AATATATATTACATATAT	1.36	HG03577:2.48	0.86,1.63,0.81,3.36,0.86,1.66,0.82,2.53,0.81,0.82,0.85,0.86,0.83,0.84,0.87,0.82,2.57,0.84,0.85,0.86,0.78,1.58,2.48
9	21183853	21184946	AAAG	1.35	HG03577:5.79	0.81,4.99,2.50,2.50,0.84,0.83,3.40,2.47,0.82,0.85,0.87,2.40,0.81,3.40,5.03,2.48,6.51,0.79,4.23,3.36,2.52,9.35,2.60,0.86,4.14,1.69,2.48,0.78,2.51,0.86,0.84,2.52,3.33,2.59,2.52,2.45,1.74,4.35,2.43,0.81,0.81,1.63,1.71,1.64,0.86,4.14,1.67,3.46,5.75,1.70,3.33,1.71,2.52,4.14,1.67,1.67,3.35,0.83,3.42,4.27,4.10,1.68,0.86,1.69,0.87,1.69,1.69,0.86,4.24,0.82,1.68,1.55,0.84,0.84,3.94,5.79,1.66
9	71954938	71956056	AC	1.35	HG03577:3.31	0.82,0.83,0.83,0.83,2.50,3.29,0.81,0.80,1.64,1.71,1.73,0.82,0.80,0.83,0.81,1.61,0.84,0.84,1.63,0.84,0.85,1.65,0.85,0.83,0.78,0.84,1.89,0.86,0.84,0.84,1.70,0.82,0.86,1.63,0.81,0.90,1.62,1.64,2.46,0.86,0.84,1.62,0.85,0.86,0.82,1.67,0.79,1.71,0.84,0.87,0.84,0.83,3.42,1.71,1.65,0.82,0.85,0.82,0.84,0.86,2.57,0.87,0.85,0.85,1.71,2.54,0.82,0.83,1.71,3.31
15	73668537	73670094	ACAGCCTCTATC	1.32	HG03577:8.27	7.35,1.63,5.70,4.16,5.84,2.50,1.66,2.50,1.67,3.34,2.39,4.18,1.68,1.70,3.37,2.47,2.47,4.07,6.44,2.46,0.85,3.42,2.60,1.60,5.84,3.25,4.03,3.36,3.87,4.22,1.70,1.73,4.09,5.03,3.30,1.63,1.58,3.39,2.44,3.43,4.20,3.36,5.88,2.55,6.94,3.43,3.31,4.14,4.82,1.65,5.08,3.31,2.43,0.85,0.84,6.70,5.77,7.55,2.59,5.04,5.86,5.03,4.26,4.93,2.51,5.89,1.72,2.50,9.81,3.33,3.45,2.52,3.27,2.53,0.81,5.38,3.48,3.48,4.85,4.03,1.64,2.44,4.07,1.71,0.82,3.32,1.72,4.10,0.85,3.31,0.83,0.86,1.67,3.29,4.05,5.11,7.50,6.00,4.12,5.03,3.31,3.31,4.19,2.56,3.14,4.29,4.18,2.61,2.51,6.11,2.49,4.28,0.83,6.85,8.27,4.11,6.83,3.28,4.20,2.57,1.71,3.34,3.38,4.24,2.62,3.38,5.13,5.04,2.54,4.91,1.65,5.04,1.55,4.19,1.66,4.21,5.13,0.84,8.67,6.51,5.94,8.27,3.33,1.70,2.54
3	66044241	66045437	AAAG	1.31	HG03577:6.62	1.63,4.16,3.34,1.66,0.83,5.01,5.01,0.82,0.97,3.37,17.86,1.68,0.78,0.81,5.66,0.84,2.50,0.84,1.67,5.82,7.76,2.42,1.64,1.72,2.46,1.71,0.83,1.73,1.62,0.83,5.14,2.47,4.14,0.84,6.96,0.84,5.24,3.32,0.84,4.28,12.21,3.38,1.68,0.84,3.94,6.62,3.39
14	70305799	70306759	AC	1.31	HG03577:4.14	0.82,0.83,0.83,1.67,2.51,2.51,0.83,0.84,1.64,1.63,0.80,0.82,1.71,2.56,0.82,1.60,4.17,0.81,3.22,0.97,1.69,2.55,1.68,0.81,1.69,0.81,0.86,0.84,3.40,2.57,1.66,2.48,0.83,0.83,0.78,0.81,0.84,1.68,0.82,1.89,1.73,1.68,0.83,1.67,1.68,1.64,0.84,0.84,2.58,0.83,1.63,3.45,0.84,0.84,2.42,0.90,0.82,4.15,0.82,1.67,0.85,2.50,0.82,1.68,0.83,0.84,0.85,0.79,1.71,0.84,0.84,0.83,2.57,1.71,1.64,0.85,1.71,0.84,0.85,0.85,0.86,1.68,1.64,2.52,0.84,1.66,0.84,3.42,1.67,4.14,1.70,1.69
X	52609258	52610168	AATATATATAGATATATAT	1.31	HG03577:2.48	0.84,1.60,0.84,0.85,0.81,2.54,0.84,0.87,0.86,0.83,0.83,0.84,0.94,0.85,0.82,0.83,0.81,0.81,0.81,0.84,0.81,0.83,2.51,0.83,0.85,0.84,2.45,1.65,2.33,0.84,2.48
13	90370448	90371605	AAAAT	1.29	HG03577:14.89	5.83,11.54,24.28,12.57,11.62,19.03,12.41,7.39,9.19,23.56,13.69,10.08,14.02,3.33,7.88,16.14,14.89,7.64
GL000220.1	135766	136721	ACAGAGAGAGAGAGAGAG	1.27	HG03577:2.48	0.83,1.66,0.84,0.82,0.85,0.87,0.82,0.85,0.83,0.81,0.84,0.85,0.80,0.83,1.71,0.82,0.94,0.86,0.85,0.82,2.51,1.63,0.86,0.81,0.81,0.85,0.83,0.83,0.83,0.84,1.67,0.86,0.82,0.83,0.79,0.86,0.82,0.85,0.84,1.70,1.64,0.84,0.83,2.48,0.83
X	578599	579785	ATCC	1.27	HG03577:2.48	0.81,0.83,0.84,0.85,2.52,0.82,0.82,0.85,0.87,0.80,0.97,1.70,0.82,0.83,0.81,1.72,1.68,0.84,0.86,2.48,0.81,0.84,0.83,0.82,0.86,0.84,0.81,0.87,0.85,0.82,0.84,0.83,0.86,0.82,0.83,0.83,0.85,0.86,0.83,0.83,0.83,0.85,0.86,0.86,0.84,0.85,0.86,0.84,4.24,0.84,0.84,0.85,0.84,0.81,2.48,0.83
16	88559014	88560286	ACAGCTCTCCCCACCCCGGG	1.26	HG03577:4.14	1.63,1.63,1.63,1.66,0.83,4.16,1.67,0.84,1.64,2.44,2.41,0.82,1.71,0.87,1.64,2.43,0.81,0.84,2.90,1.65,1.63,0.79,2.54,0.81,1.72,0.84,0.85,0.87,1.71,0.83,1.61,0.83,4.96,3.13,1.68,0.82,0.94,1.68,3.33,0.84,0.84,1.70,1.64,1.67,0.84,0.83,0.83,1.63,2.42,0.87,0.81,0.81,1.64,0.81,4.11,1.66,0.86,2.46,2.48,1.67,1.73,0.81,1.70,0.83,1.65,1.68,1.67,0.85,1.57,0.86,1.67,0.87,0.83,0.86,0.83,1.71,0.83,2.56,0.82,0.84,0.86,0.86,1.69,0.85,1.74,0.85,4.23,1.71,1.69,2.45,0.82,0.84,2.33,0.84,2.56,0.79,1.63,4.14,0.83,1.69
4	40297096	40297568	ACCTCCATCTCCATCTCC	1.24	HG03577:2.48	0.81,0.83,0.83,0.80,0.84,0.83,0.80,0.82,0.80,0.81,0.84,1.70,0.81,0.84,0.87,0.83,0.83,0.78,0.81,0.84,0.84,0.86,1.66,0.83,1.63,0.81,0.81,0.81,0.85,0.82,0.82,0.82,1.62,0.84,0.83,0.83,0.84,0.84,0.85,0.85,1.68,0.85,0.82,0.84,1.71,0.84,0.81,0.85,2.48,1.69
21	34417334	34417576	AAAG	1.24	HG03577:1.65	0.85,0.82,0.84,0.82,0.82,0.84,0.85,1.65
12	22585378	22586220	AGATATATAT	1.23	HG03577:1.65	2.61,0.83,0.84,0.85,0.82,0.83,1.65,2.55
2	178440439	178441346	ACATATATATATAT	1.22	HG03577:1.65	0.80,2.34,1.66,3.43,1.71,0.85,1.65
19	56509552	56510386	ACACACATATATATATAT	1.21	HG03577:1.65	3.36,1.71,3.36,2.57,1.65,2.49
4	7457465	7457758	AACACGGCGCCTGACCCC	1.20	HG03577:1.65	0.81,0.84,0.84,0.83,0.83,0.82,0.84,1.65
2	240515100	240515576	ACACAGGGCCATGGATGAGC	1.19	HG03577:1.65	0.84,0.82,0.86,0.85,0.82,0.86,0.84,0.85,1.65
2	12606893	12607838	AAGG	1.18	HG03577:4.96	2.45,0.82,4.07,4.16,4.17,5.01,2.39,1.66,5.96,2.52,2.47,0.82,0.80,0.82,1.71,1.73,1.64,0.83,0.85,1.63,2.52,2.57,0.83,2.41,2.54,0.78,3.24,2.51,0.94,0.83,1.68,1.72,2.50,0.86,1.68,4.21,1.79,1.61,1.63,0.81,0.85,0.85,1.67,0.86,3.35,1.71,2.51,6.82,0.79,2.51,0.84,0.83,2.52,2.57,4.24,0.84,1.68,3.35,0.84,1.63,4.96
10	130446403	130447537	AAG	1.18	HG03577:4.14	2.44,3.33,0.83,0.82,2.40,0.81,1.70,1.69,0.81,0.84,1.66,3.35,1.70,0.84,0.86,1.67,3.43,3.31,2.48,1.70,0.86,0.83,1.65,1.71,0.82,1.71,1.74,0.85,5.92,0.85,0.82,2.51,2.56,2.37,4.88,5.10,4.14
8	49041132	49041963	AAAG	1.18	HG03577:1.65	0.81,0.84,0.82,1.67,0.81,0.85,1.64,0.83,1.65
7	34831587	34832636	AAATATATATAT	1.17	HG03577:1.65	1.61,1.66,3.37,0.81,0.87,1.63,1.65,0.85
10	34374848	34375900	AAAG	1.16	HG03577:1.65	0.82,0.85,0.82,0.82,0.87,0.87,0.85,6.00,1.65
2	8565463	8566619	AACACCTGTCCCGCCACCCC	1.15	HG03577:2.48	0.83,0.83,0.85,1.60,0.81,0.84,0.85,1.71,0.83,0.85,0.78,0.81,1.65,0.83,0.84,0.84,0.90,0.87,2.61,1.63,0.83,1.73,0.84,0.82,0.83,0.79,0.86,0.83,0.85,1.64,0.84,0.78,0.85,2.48,2.55
14	99694555	99696017	ATCC	1.13	HG03577:9.10	4.90,2.45,0.81,5.82,2.50,4.99,1.66,6.66,1.67,7.52,2.39,2.51,2.50,2.55,0.84,2.47,1.64,1.63,4.02,1.64,0.85,5.13,5.19,1.64,3.20,5.01,1.62,1.68,3.87,4.22,3.40,4.32,4.90,0.84,1.65,0.81,2.37,2.54,2.44,6.87,5.04,1.68,0.84,7.65,8.67,10.29,2.49,8.27,0.80,5.78,7.62,5.79,3.13,1.71,0.84,3.35,0.82,7.55,6.05,2.52,3.33,4.18,2.52,3.41,2.51,5.89,0.86,0.83,2.45,6.66,6.04,3.36,0.82,1.69,0.81,11.65,6.95,4.35,2.43,8.06,1.64,1.63,0.81,3.42,0.82,0.83,1.72,8.21,5.98,5.79,0.83,6.05,5.02,4.11,6.49,5.96,0.83,0.86,3.30,5.03,4.14,2.48,1.67,5.11,3.93,4.29,3.34,0.87,1.67,2.62,3.32,5.14,2.48,3.43,2.48,1.64,6.83,4.10,2.52,2.57,4.28,4.18,7.64,0.87,3.38,3.38,4.28,2.52,4.24,7.42,0.84,0.78,2.51,4.16,2.53,2.56,5.85,3.94,2.44,0.85,9.10,5.82,8.49,8.47
21	42847305	42847860	ACCCCCTCACCTCCTCACTC	1.13	HG03577:1.65	0.80,0.85,1.56,0.86,0.85,0.79,0.85,1.65,0.85
17	43029326	43029767	AT	1.11	HG03577:1.65	0.87,0.82,0.84,0.82,1.65,0.87,0.86,0.82,1.65
9	71198250	71199104	AAAG	1.10	HG03577:1.65	0.84,0.84,5.72,0.86,6.66,0.83,1.71,0.85,1.65
1	192574469	192575042	AAAG	1.10	HG03577:1.65	0.80,0.85,0.87,1.72,1.65,0.83,0.82,0.84,1.65
1	70183017	70184042	AAAG	1.09	HG03577:1.65	4.01,0.86,0.83,0.81,1.66,0.82,2.46,0.84,0.81,1.65
6	18565413	18566419	AAGG	1.07	HG03577:1.65	0.84,0.83,1.57,2.46,0.87,0.84,3.35,1.65,0.85
8	132743420	132744172	AAAG	1.07	HG03577:1.65	0.80,0.84,0.82,0.85,0.84,0.87,0.86,0.82,0.83,1.65
2	118789717	118791189	AAAG	1.06	HG03577:3.31	2.45,0.82,0.83,0.83,4.17,0.84,0.85,2.44,0.80,0.82,0.81,2.59,1.63,1.58,0.86,1.68,0.84,1.71,1.66,2.48,0.80,2.48,0.82,1.68,0.84,0.85,1.67,0.84,0.83,1.73,1.68,1.69,0.81,1.64,4.89,0.82,0.86,0.85,0.83,0.85,1.67,1.71,0.84,0.83,0.83,1.71,1.68,0.86,0.87,0.85,1.69,0.78,4.99,0.85,3.31,1.66,0.85
13	90901512	90902630	AAGG	1.03	HG03577:3.31	0.83,1.67,0.83,0.83,0.83,0.84,0.82,2.42,0.84,0.87,0.86,0.80,0.85,0.78,0.81,3.35,1.68,0.83,1.62,0.83,2.57,0.84,0.85,0.86,2.51,2.62,1.71,3.31,3.29,0.85,0.84,0.85,0.85,0.85,2.57,1.68,0.82,1.67,2.53,3.31,1.69
7	146922401	146923333	AAGG	1.03	HG03577:2.48	0.83,1.66,0.84,0.83,1.71,0.85,0.87,0.81,0.82,1.68,0.86,0.84,0.83,0.85,0.78,0.84,1.68,0.83,1.67,0.84,1.66,0.83,0.84,0.87,1.63,0.82,0.82,1.65,0.85,0.84,3.43,0.84,0.84,0.85,0.85,0.86,0.85,2.48,0.85
17	41000107	41000960	AT	1.03	HG03577:1.65	1.65,2.57,1.71,1.69,1.68,4.66,0.81,1.65
X	2437578	2438901	ATC	1.02	HG03577:2.48	0.83,0.83,0.83,0.80,0.84,0.83,0.84,0.81,0.82,0.80,2.43,0.84,1.63,0.84,0.85,0.81,1.72,0.84,0.87,0.83,0.81,0.84,0.84,0.84,0.83,0.84,0.85,0.82,0.84,1.66,0.82,0.84,0.81,0.87,0.81,0.85,0.86,0.85,0.83,1.67,0.82,0.82,0.86,0.84,0.87,0.87,0.83,1.71,0.84,0.86,0.84,0.85,0.87,0.85,1.68,0.83,1.71,2.48,0.83,1.69
15	90551223	90551900	AT	1.02	HG03577:1.65	0.84,1.74,0.84,0.87,1.66,1.71,0.82,2.37,1.65,0.83
10	5539219	5540378	AC	1.00	HG03577:2.48	0.82,0.83,0.83,0.83,0.84,0.85,0.85,0.82,0.81,1.70,0.81,0.79,1.63,1.71,1.61,0.83,0.78,0.86,0.84,0.82,0.84,0.84,1.66,1.63,2.59,0.84,0.81,2.61,0.87,0.81,0.82,0.83,0.82,0.84,0.84,0.86,0.84,0.83,1.71,0.85,0.82,0.85,0.86,1.67,0.79,0.81,2.48,0.83,0.85
