motif	top_case_zscore	high_case_counts	all_counts
AAAAGATCTATTCTG	8.48	HG03129:10.19	0.85,0.80,0.83,0.90,0.82,3.26,2.56,0.83,4.97,1.66,2.51,0.87,0.86,1.69,10.19,2.62,0.85,5.43,0.84,1.65
AATAGATCTATTCAG	5.22	HG03129:6.79	0.81,0.83,1.65,0.86,1.74,0.82,0.85,4.14,0.83,0.84,0.79,1.71,2.61,4.20,0.86,6.79,0.78,3.37,2.48
ACAGAGTCAGCGCCAGGGCC	4.09	HG03129:6.79	0.82,1.63,0.83,3.34,2.39,2.51,2.50,0.82,0.82,1.63,2.46,0.85,0.87,0.82,2.40,0.83,0.81,0.85,0.86,2.45,2.52,0.81,0.86,1.68,1.68,0.84,1.70,2.48,1.61,0.83,0.83,0.78,1.62,1.71,0.84,1.68,1.65,2.52,1.70,0.84,0.84,1.72,0.83,0.82,0.83,0.84,2.45,2.53,0.87,1.62,3.28,0.81,1.63,2.46,1.72,0.85,2.48,1.67,0.82,1.70,0.83,0.83,0.83,0.84,1.70,1.57,3.43,4.18,0.87,2.49,1.65,1.71,6.79,2.54,2.57,1.68,0.85,5.43,0.83,0.84,2.37,0.85,1.66,1.69
ACACAGTGCAGAGACAG	2.67	HG03129:16.13	8.98,4.90,1.63,7.48,5.01,4.16,9.14,4.16,5.01,1.67,1.60,4.18,5.03,2.50,4.25,4.21,0.82,0.82,4.07,0.80,3.28,4.27,2.56,1.73,3.29,0.80,5.01,0.81,2.42,4.21,1.94,5.90,2.55,2.59,3.27,0.84,4.07,2.37,2.44,6.01,2.52,0.84,0.84,1.70,5.20,3.31,2.48,3.21,4.95,11.01,0.83,2.34,3.24,2.56,1.68,2.51,1.65,1.73,2.52,4.16,0.84,10.06,0.85,4.93,2.51,3.37,5.16,4.99,4.90,4.16,2.59,1.68,2.45,2.53,1.61,2.69,1.74,1.74,2.43,4.93,2.44,1.63,2.56,0.82,5.81,2.57,4.10,5.12,3.31,4.16,0.86,2.51,1.64,0.81,1.70,10.83,6.00,8.24,0.84,4.97,8.28,5.02,2.56,8.65,0.86,6.69,7.83,7.53,8.73,4.98,11.98,2.48,6.85,2.48,8.22,0.85,9.03,17.63,17.15,8.57,4.18,8.44,16.13,6.98,7.61,9.30,9.41,20.17,8.47,0.82,12.37,11.76,10.87,9.21,17.47,3.37,10.25,10.03,7.88,2.44,5.79,6.65,5.94,5.93
AATCGAATGGAATGC	2.55	HG03129:2.55	0.84,2.55
AATACTCCTGGACCTGAGGG	2.46	HG03129:13.58	3.26,0.81,3.33,2.50,3.33,0.83,4.16,5.01,2.51,3.99,5.01,0.84,19.14,5.11,6.73,2.47,0.82,4.07,3.22,2.46,5.13,2.60,0.82,4.01,5.84,4.06,8.06,1.68,1.94,9.28,9.50,1.63,10.06,4.95,4.07,3.94,6.77,6.87,0.84,7.57,3.36,2.55,4.34,2.57,1.66,4.14,0.80,11.56,4.23,4.96,10.16,0.81,7.69,2.52,4.19,1.65,7.55,3.45,4.20,1.66,1.67,8.39,1.70,0.82,5.02,1.68,2.50,4.90,0.83,2.59,0.84,4.90,9.68,0.90,0.87,0.81,3.22,3.28,0.81,4.07,3.42,4.11,4.29,3.28,1.71,1.65,4.16,3.46,0.82,6.49,0.85,1.67,4.28,2.47,1.66,1.57,9.20,2.62,19.09,2.48,2.47,9.85,4.20,11.99,0.84,13.58,1.74,0.85,4.09,0.82,2.51,0.83,0.84,26.02,0.81,0.85
ACAGAGGCTGTG	2.35	HG03129:11.04	12.25,0.81,4.99,7.51,6.66,3.32,1.67,1.67,4.18,0.80,3.34,5.03,5.82,3.40,2.52,3.29,1.64,0.81,4.83,5.75,1.71,1.71,4.33,9.86,1.60,2.50,4.06,2.42,5.05,2.90,4.22,6.80,1.73,1.63,3.35,0.83,1.63,2.37,3.39,4.07,3.43,2.52,0.84,4.25,4.34,2.57,3.31,0.83,3.21,4.95,0.85,8.26,0.78,1.62,0.85,5.03,2.51,3.30,8.50,3.45,6.73,2.50,9.20,2.52,10.22,9.03,1.67,0.84,3.44,4.99,3.27,4.16,6.04,3.36,3.27,2.53,0.81,5.38,6.08,3.48,0.81,4.03,3.28,6.52,1.63,1.71,5.81,0.86,4.10,2.56,3.31,2.50,4.32,7.54,3.29,4.05,5.11,5.00,3.43,7.42,6.71,4.97,0.83,1.67,5.97,0.79,4.29,0.84,8.70,5.02,4.36,4.98,5.14,6.62,6.00,10.76,1.64,7.68,8.21,7.55,5.15,2.57,5.01,7.59,11.04,6.11,1.69,5.92,5.13,2.52,8.47,0.82,0.82,3.36,3.88,5.86,2.50,1.69,7.69,5.85,2.37,3.25,4.25,4.96,5.82,1.70,7.62
AATGAGTGAGCGGGGAGAGG	2.18	HG03129:83.19	9.80,43.25,8.14,17.46,25.87,7.49,55.69,9.16,10.02,31.76,20.74,6.68,19.27,24.96,12.76,21.04,63.33,27.12,19.56,10.46,1.64,46.08,8.54,19.90,25.48,16.83,24.20,18.67,33.04,30.28,13.55,4.22,40.83,18.14,13.07,19.29,18.15,21.17,35.49,2.54,42.38,12.02,44.52,15.97,9.25,19.56,19.94,3.43,19.88,18.20,4.02,4.95,38.11,27.27,6.25,47.02,0.85,79.70,4.19,18.95,88.73,8.64,27.74,66.54,18.41,25.16,6.81,23.82,3.35,24.42,55.93,43.26,14.71,14.99,1.73,10.92,5.72,7.58,19.36,8.96,13.90,26.11,5.66,31.42,9.85,29.34,22.80,42.72,87.90,36.54,36.89,27.90,29.04,31.43,1.67,0.86,71.18,21.35,46.21,28.93,19.99,46.27,3.30,3.36,1.66,1.66,38.51,4.72,0.86,4.18,3.48,10.04,1.75,2.57,2.48,58.74,15.62,17.07,22.16,1.68,4.29,0.86,1.67,3.38,83.19,85.50,3.38,32.14,1.71,0.84,38.98,42.52,75.04,7.56,38.82,30.14,4.16,0.84,12.82,15.04,38.63,21.97,22.08,13.24,28.27,6.79,22.02
AAATCACACCGCAGTCTCGG	1.33	HG03129:2.55	1.64,2.52,0.84,1.75,1.66,0.86,1.71,1.71,2.55,0.87,2.54,0.82,0.84,0.83,0.83
AAATGCACAGGAAT	1.12	HG03129:1.70	0.81,1.67,0.86,1.65,3.43,1.70,1.69,2.49
AAATGGACTATAACCACGGC	1.10	HG03129:1.70	0.81,0.82,0.87,0.85,1.65,0.86,1.70,0.87,0.85,0.86
