motif	top_case_zscore	high_case_counts	all_counts
ACCCTCTCC	16.18	TNRC6A_22-500-500_Het_EHDN086_MAPQ40.str_profile:30.01	0.82,3.26,14.66,0.83,2.50,0.83,1.66,1.67,5.84,3.34,0.80,1.67,2.51,1.66,2.55,1.68,4.11,13.85,3.22,0.82,3.41,5.98,4.01,10.02,0.81,2.42,9.25,3.40,3.46,2.48,13.03,1.69,7.33,1.68,1.68,3.36,0.85,5.20,4.97,4.02,9.09,45.32,0.81,12.81,3.36,11.73,14.01,8.50,3.45,4.16,1.67,0.84,0.85,10.05,8.42,1.72,12.48,2.45,3.33,1.73,0.84,0.82,1.69,9.68,0.90,7.82,4.35,2.44,2.56,14.79,0.86,3.28,0.85,0.83,5.83,8.64,1.67,1.64,3.40,0.84,22.01,1.71,0.83,3.43,3.31,0.82,0.82,0.86,1.69,0.87,4.23,4.28,13.90,4.16,12.54,1.70,4.96,30.01
AAATG	14.38	TNRC6A_22-500-500_Het_EHDN086_MAPQ40.str_profile:15.01	2.56,6.45,47.05,10.11,15.01
ACCAG	10.72	TNRC6A_22-500-500_Het_EHDN086_MAPQ40.str_profile:10.72	0.82,6.61,10.72
AACACCAGGGACATG	9.34	TNRC6A_22-500-500_Het_EHDN086_MAPQ40.str_profile:31.08	0.82,0.81,0.83,1.67,1.66,0.83,0.84,0.80,1.67,1.66,0.82,0.80,0.82,0.85,0.85,1.73,0.82,1.60,2.50,0.81,2.42,0.84,1.94,1.70,0.86,3.35,0.83,0.79,0.81,0.84,0.84,0.85,2.60,0.86,0.83,0.83,1.61,0.83,0.85,2.34,1.62,0.85,2.52,0.84,23.07,1.73,3.33,2.51,1.70,0.82,17.68,0.83,0.82,0.84,2.45,0.84,0.87,2.61,1.62,1.61,0.81,2.44,0.85,0.82,0.83,3.43,3.31,1.67,1.67,1.64,2.43,3.40,1.71,1.65,0.84,2.48,0.79,1.71,2.51,143.51,1.67,1.75,0.83,1.64,1.71,1.64,4.22,0.85,0.85,2.52,0.82,2.33,0.84,1.69,1.71,0.83,3.39,1.69,31.08
AAAAT	8.72	TNRC6A_22-500-500_Het_EHDN086_MAPQ40.str_profile:122.19	119.14,47.22,24.11,21.70,1.66,4.16,21.71,56.83,29.78,2.52,14.81,8.22,10.59,25.76,7.39,2.56,6.83,6.06,20.55,21.63,22.54,8.12,0.81,32.80,0.97,5.06,0.82,18.45,4.13,22.80,12.70,0.81,36.06,14.28,0.84,22.70,6.94,3.43,27.30,2.41,28.79,9.92,21.10,1.62,5.98,17.62,9.89,3.78,0.84,28.28,14.48,6.70,1.68,1.72,21.63,0.82,0.86,14.70,8.43,3.23,2.61,16.53,4.85,0.81,2.46,1.63,18.73,17.94,2.46,7.47,7.72,5.98,1.65,4.16,0.84,45.99,12.97,5.83,9.43,4.12,4.97,5.80,12.56,20.46,13.36,33.42,3.34,143.51,4.36,0.83,5.99,3.31,3.43,4.14,8.21,7.55,2.57,11.99,43.88,5.94,35.77,3.38,8.46,4.28,2.52,5.08,35.16,6.60,3.36,45.80,9.21,4.16,26.49,30.09,28.38,0.81,8.49,14.13,44.13,45.72,122.19
AACACCAGCGACATG	7.34	TNRC6A_22-500-500_Het_EHDN086_MAPQ40.str_profile:56.81	3.27,1.63,0.83,2.50,0.83,0.83,0.83,2.51,0.80,0.84,1.70,0.84,2.47,0.82,1.63,0.80,1.64,1.71,1.73,0.82,1.60,2.50,2.43,2.52,1.69,1.70,0.82,1.68,4.13,3.26,2.37,1.69,4.07,1.72,0.84,2.52,5.04,2.55,2.60,0.86,0.83,1.65,0.80,1.65,1.69,0.83,0.78,0.81,2.56,1.68,0.84,46.15,1.89,0.86,0.84,0.83,1.67,0.84,1.64,0.84,32.84,0.86,0.86,0.84,1.63,1.69,2.42,1.79,0.87,2.43,0.81,1.63,0.85,1.64,1.66,3.43,2.46,1.71,1.67,0.86,1.67,1.64,0.83,0.86,0.82,0.84,2.48,1.66,0.84,0.85,2.36,0.86,3.34,215.26,5.86,6.64,2.57,1.71,6.62,5.75,3.28,1.68,3.43,5.14,2.51,5.06,0.85,4.23,4.23,4.28,6.72,0.85,0.82,5.77,6.99,1.66,0.84,0.85,7.52,0.79,4.07,0.85,0.83,8.49,2.54,56.81
ACAGGGTGG	4.89	TNRC6A_22-500-500_Het_EHDN086_MAPQ40.str_profile:45.02	4.90,8.98,17.91,24.11,9.18,22.46,7.48,5.00,4.17,11.70,31.11,14.20,5.03,29.95,14.46,17.27,4.93,2.41,1.64,5.12,19.90,15.62,4.01,0.83,2.43,11.28,0.84,0.97,0.84,0.85,15.55,0.82,0.84,7.43,4.89,4.73,10.16,0.81,1.68,5.04,7.57,0.86,16.57,3.31,17.78,3.31,2.43,1.68,4.19,32.14,13.21,11.23,5.04,4.16,0.84,40.26,11.07,10.68,2.51,23.58,10.33,11.65,10.62,17.49,3.45,2.52,17.96,33.89,4.48,6.95,1.74,6.44,14.78,8.96,2.56,10.68,9.97,4.29,9.03,6.83,9.16,0.86,0.84,4.93,2.43,1.70,0.83,6.00,0.83,1.66,14.23,4.26,4.72,5.14,4.18,1.75,5.81,0.86,14.07,3.43,0.83,10.69,3.41,2.46,1.68,5.14,0.84,3.38,3.40,5.23,9.31,1.69,0.86,1.69,1.64,1.68,1.55,26.79,1.66,1.69,4.27,9.19,0.79,1.63,0.85,2.48,6.65,0.85,3.39,45.02
AAAGGTGTGTGTGGGTGG	4.29	TNRC6A_22-500-500_Het_EHDN086_MAPQ40.str_profile:18.22	5.71,6.53,8.96,3.33,8.35,7.49,6.65,3.33,9.18,8.36,4.79,12.53,4.19,2.50,4.25,7.57,6.58,4.93,9.78,2.41,15.59,10.25,9.52,7.40,6.41,6.68,1.62,17.73,5.05,9.68,15.18,12.76,9.50,13.07,5.87,4.95,12.21,15.77,8.47,8.15,7.73,10.08,5.04,7.57,9.35,6.94,6.00,7.46,5.79,12.05,2.48,3.39,0.83,12.50,9.73,4.27,9.23,11.73,13.18,9.44,2.59,2.52,9.98,6.69,2.52,3.41,14.78,7.54,8.42,10.33,5.82,8.99,4.16,1.73,10.92,6.53,5.90,13.72,8.07,9.56,9.57,12.13,9.67,9.03,10.59,11.40,5.98,11.50,4.15,6.86,9.85,11.96,8.27,14.16,8.64,5.86,6.57,12.97,10.21,9.16,1.71,2.47,4.14,10.77,4.19,8.57,9.20,5.02,10.48,1.66,4.14,2.57,6.62,2.47,8.53,6.57,3.36,0.86,3.43,2.51,10.13,4.24,7.85,6.77,5.07,6.85,6.72,9.00,9.90,13.20,5.02,5.82,0.84,10.25,4.18,22.08,12.20,6.79,0.83,8.31,8.49,5.08,18.22
AAATGGACTACAACCACGCC	4.21	TNRC6A_22-500-500_Het_EHDN086_MAPQ40.str_profile:46.09	28.56,13.84,9.98,28.38,19.97,11.66,22.54,38.45,15.16,19.21,27.64,19.97,19.57,45.44,36.19,25.48,35.04,8.05,36.11,39.25,29.90,34.60,15.62,13.62,40.06,23.54,15.31,16.82,13.55,26.98,42.33,41.67,33.54,8.25,12.21,26.03,16.94,13.85,17.17,0.84,14.29,27.21,12.86,18.20,23.30,4.95,28.91,20.27,18.79,26.01,36.86,30.49,14.16,1.73,39.51,23.29,29.29,13.42,11.50,10.89,16.84,18.93,33.28,35.14,16.39,41.17,13.07,16.14,0.90,41.71,19.14,20.14,0.82,20.35,31.62,0.83,13.13,21.35,19.03,31.82,10.68,19.46,14.99,25.71,45.56,0.85,25.71,25.08,1076.32,11.71,1.75,19.92,7.70,40.55,21.51,27.13,26.46,27.09,13.43,36.84,19.41,12.73,15.70,25.38,11.84,14.55,17.65,31.36,0.84,11.64,39.93,13.48,18.80,10.87,26.02,17.90,22.93,21.62,26.25,46.09
AAAGAAGGAAGAGAGGG	3.10	TNRC6A_22-500-500_Het_EHDN086_MAPQ40.str_profile:3.22	5.77,1.65,0.84,0.84,3.22
ACACTGCCCACCTCCCACAG	3.08	TNRC6A_22-500-500_Het_EHDN086_MAPQ40.str_profile:137.19	101.23,114.24,84.68,70.68,48.41,91.52,132.99,69.12,71.81,65.19,113.27,78.51,56.96,91.52,99.55,99.31,105.28,55.07,58.68,86.93,49.24,72.53,44.43,69.21,40.28,88.94,72.61,88.47,99.93,47.94,37.76,32.89,22.97,48.38,40.86,63.73,80.03,52.11,80.45,81.30,35.86,81.56,48.72,63.05,68.09,37.42,63.30,89.15,70.42,41.36,121.35,78.43,55.05,42.97,136.75,82.69,107.63,76.34,84.61,74.16,67.96,69.95,68.94,90.66,151.46,78.00,45.99,103.48,60.29,70.74,72.28,62.39,89.09,72.44,63.83,42.01,57.98,80.88,51.64,90.51,79.94,104.43,39.62,77.33,72.26,98.61,37.45,44.43,80.51,95.50,51.48,59.08,85.40,94.30,57.45,34.58,72.02,68.17,22.70,104.66,18.33,35.13,57.69,62.94,24.85,78.69,52.75,77.57,63.66,58.28,27.59,1148.07,44.34,44.52,33.20,95.01,61.23,11.14,60.40,26.31,32.43,36.94,48.68,23.16,39.41,96.88,31.22,28.01,32.28,50.76,52.43,52.20,92.43,18.64,62.15,32.98,21.00,97.81,3.35,31.61,38.77,10.25,34.27,35.48,97.62,74.74,62.05,30.76,33.95,45.72,137.19
AATGAGTGAGCGGGGAGAGG	2.05	TNRC6A_22-500-500_Het_EHDN086_MAPQ40.str_profile:99.68	10.61,57.12,9.77,17.46,29.21,8.32,58.18,10.83,10.85,36.77,23.93,8.35,23.45,29.95,12.76,21.04,72.38,29.59,22.00,12.07,1.64,55.46,11.11,23.36,29.59,17.63,29.21,22.73,38.68,32.80,15.49,4.22,44.23,20.73,13.07,20.13,23.10,22.80,42.59,3.39,44.82,12.02,49.56,18.50,10.09,20.41,27.75,3.43,24.02,20.68,4.02,7.43,46.58,36.36,6.25,49.45,0.85,92.28,4.19,23.07,101.00,11.23,33.63,81.51,20.92,31.03,9.37,30.39,5.02,25.26,63.68,48.25,16.35,18.32,1.73,14.28,6.53,8.43,23.40,9.86,17.38,26.98,5.66,35.44,11.50,34.23,25.24,45.29,96.12,38.20,47.19,34.46,30.75,33.91,2.50,0.86,75.37,24.64,55.94,32.33,20.83,48.85,3.30,5.87,1.66,1.66,41.86,5.50,1.71,5.02,10.88,1.75,0.83,2.57,2.48,67.84,16.44,20.48,26.27,1.68,6.00,0.86,2.51,3.38,94.23,94.22,4.23,35.52,1.71,1.68,42.37,50.70,79.99,7.56,44.25,31.82,5.82,0.84,13.67,15.04,44.94,22.78,28.03,14.89,30.76,7.64,26.25,99.68
ACACCCTCCATCCATCCC	1.63	TNRC6A_22-500-500_Het_EHDN086_MAPQ40.str_profile:30.01	8.98,9.79,21.17,4.16,8.35,4.16,12.47,5.00,4.17,9.19,12.76,1.67,4.19,9.98,10.21,7.57,11.52,14.80,4.89,13.68,6.57,6.83,5.13,0.87,10.69,16.02,16.69,23.54,18.53,15.14,9.68,14.34,12.76,6.05,16.34,15.09,16.50,23.61,32.34,12.70,13.04,11.16,10.08,18.50,7.57,11.91,22.55,6.00,0.83,7.44,24.91,6.60,9.32,10.74,34.38,21.89,4.27,3.36,5.86,10.71,9.44,4.32,2.52,13.31,7.53,7.55,5.11,13.14,5.86,16.00,16.35,24.96,2.45,5.00,9.49,12.60,11.43,18.54,28.24,8.07,9.56,10.44,24.26,19.33,13.14,29.34,17.91,9.40,1.64,4.98,11.15,9.85,14.89,7.49,9.51,19.26,7.39,18.65,0.85,3.33,15.42,8.24,9.23,0.83,15.07,7.67,38.51,10.28,9.20,12.55,6.98,14.11,12.84,6.85,13.24,4.11,15.36,5.75,10.07,19.72,12.53,1.69,14.43,5.23,12.69,3.38,1.71,1.68,7.63,22.08,13.19,16.80,20.18,18.42,4.99,10.11,8.54,17.55,25.23,39.86,15.29,12.41,9.98,5.09,11.01,30.01
AAGAGGGAGAAGGAG	1.60	TNRC6A_22-500-500_Het_EHDN086_MAPQ40.str_profile:2.14	5.77,3.35,20.43,0.86,0.82,25.20,2.14
AATGAGTGAGCGGGCAGAGG	1.49	TNRC6A_22-500-500_Het_EHDN086_MAPQ40.str_profile:10.72	8.16,1.66,5.82,1.67,5.85,3.19,0.84,0.85,4.94,9.86,1.63,7.68,9.04,3.34,1.62,2.42,1.68,1.70,2.59,5.87,1.58,2.58,6.72,1.70,1.73,11.01,5.79,8.92,20.13,0.82,16.05,7.57,19.96,0.84,4.11,0.84,6.02,1.66,0.87,2.46,6.52,0.82,6.64,4.29,1.64,11.72,0.82,5.68,4.28,0.82,0.85,0.87,0.85,0.85,0.83,1.70,5.93,10.72
ACCACCACCATCGCC	1.47	TNRC6A_22-500-500_Het_EHDN086_MAPQ40.str_profile:3.22	0.82,1.63,0.83,0.83,1.60,0.84,4.93,0.85,1.73,0.82,6.49,0.81,1.70,3.13,2.51,1.73,1.71,0.82,0.84,0.86,1.69,1.64,1.55,1.65,3.22
AACGCACAGCCACCAGAC	1.44	TNRC6A_22-500-500_Het_EHDN086_MAPQ40.str_profile:4.29	3.26,1.63,0.83,0.83,0.83,2.50,0.84,1.67,3.33,0.84,2.47,2.44,3.22,0.82,0.87,3.25,0.81,0.84,0.84,0.83,2.60,0.83,0.83,3.31,0.78,2.52,0.84,3.30,0.86,0.84,2.51,0.85,0.82,0.84,0.86,1.67,1.71,1.65,0.83,71.75,0.86,2.46,0.86,0.85,0.82,0.83,1.71,0.83,0.85,4.29
ACACTGTCCACCTCCCACAG	1.41	TNRC6A_22-500-500_Het_EHDN086_MAPQ40.str_profile:70.74	63.68,39.98,51.29,50.72,32.55,34.94,33.25,32.48,65.96,30.09,49.46,44.27,14.24,56.57,22.97,78.27,83.90,30.41,36.67,64.40,21.34,22.18,14.52,44.12,15.62,55.28,46.74,21.10,47.55,12.62,17.43,14.34,0.85,47.51,9.81,48.64,27.23,14.66,29.18,77.91,33.41,30.91,42.00,30.27,23.54,11.05,3.47,18.86,4.14,13.23,25.72,56.14,41.50,23.14,49.23,31.62,35.88,28.52,36.02,54.39,54.75,37.13,41.19,39.92,55.23,29.35,14.48,41.88,21.77,21.05,58.51,7.49,44.95,12.49,41.40,10.08,21.23,20.22,33.89,28.68,16.51,23.50,8.90,43.50,31.20,45.64,6.51,16.24,43.54,37.37,7.72,66.47,58.07,33.91,29.14,6.05,50.25,56.67,0.81,48.50,0.83,12.85,7.42,18.46,8.28,27.33,6.70,13.64,27.51,24.00,1.67,215.26,17.57,15.71,15.77,15.41,15.72,5.79,16.44,17.07,14.78,4.20,5.15,11.14,20.04,0.84,10.19,15.70,5.92,6.77,17.97,20.17,1.69,14.72,9.90,34.44,15.53,0.83,8.43,1.67,19.71,24.41,31.42,9.10,2.49,14.43,4.23,70.74
AACCCTCACCCTCACCCT	1.30	TNRC6A_22-500-500_Het_EHDN086_MAPQ40.str_profile:6.43	1.63,7.33,0.83,5.84,1.66,0.83,1.60,0.84,0.84,0.82,1.64,0.81,0.82,0.83,3.25,1.61,0.84,0.84,2.55,0.86,1.63,1.68,4.13,3.26,6.31,2.54,2.58,0.84,5.04,1.70,5.20,1.71,3.31,0.83,0.80,5.79,3.91,0.81,0.84,2.47,0.94,0.86,4.20,1.66,0.84,1.64,1.67,1.72,0.83,0.83,1.73,3.36,4.90,1.69,4.03,1.79,0.87,5.22,4.04,2.42,0.82,1.63,3.26,1.71,4.93,0.83,3.43,1.64,0.85,0.83,1.67,1.67,2.46,0.81,2.55,5.00,1.71,2.47,0.83,2.48,1.67,1.70,8.65,0.86,4.18,1.67,2.62,1.66,2.57,1.65,0.86,1.65,2.47,0.85,3.28,1.68,1.67,2.53,0.85,3.38,0.85,1.71,2.52,4.09,4.20,0.78,0.84,3.33,0.84,1.71,4.88,3.33,0.85,1.69,6.43
ACCACCACCACCACCTCC	1.23	TNRC6A_22-500-500_Het_EHDN086_MAPQ40.str_profile:3.22	2.45,2.51,0.84,0.84,0.82,0.81,0.80,1.64,0.83,0.81,1.72,1.68,0.84,1.66,0.80,0.84,0.94,0.82,0.84,1.61,0.87,0.82,0.81,0.85,0.82,1.66,0.86,1.67,0.83,0.86,0.82,1.68,2.48,143.51,2.49,0.86,2.46,0.84,0.86,0.84,0.85,1.69,1.71,1.69,1.64,1.65,0.78,1.67,0.85,1.67,0.79,0.85,3.22
ACAGGGTGGATAGGGTGG	1.16	TNRC6A_22-500-500_Het_EHDN086_MAPQ40.str_profile:3.22	1.63,1.66,0.84,1.60,0.83,3.29,0.80,0.85,0.82,0.83,0.81,0.97,0.82,0.81,0.85,1.66,0.83,0.83,0.81,3.30,1.73,1.70,0.84,1.72,0.83,0.86,4.83,0.81,0.85,2.56,0.82,0.85,2.57,0.84,0.83,1.74,17.58,1.67,1.63,1.66,3.22
AAGGAGGGAAGGGG	1.15	TNRC6A_22-500-500_Het_EHDN086_MAPQ40.str_profile:2.14	1.66,0.80,0.85,0.84,0.80,0.82,0.87,1.62,0.82,0.79,0.81,0.84,1.70,0.83,0.83,0.83,0.84,0.86,1.69,0.81,0.81,0.83,0.84,0.81,0.85,0.86,0.85,2.44,0.83,0.85,2.14
ACATATATCTCTATATAT	1.07	TNRC6A_22-500-500_Het_EHDN086_MAPQ40.str_profile:1.07	1.07
ACACGGAGAGAGAGAGAGAG	1.07	TNRC6A_22-500-500_Het_EHDN086_MAPQ40.str_profile:1.07	0.83,1.07
AAAGAAGGGAGGGAGGAAGG	1.07	TNRC6A_22-500-500_Het_EHDN086_MAPQ40.str_profile:1.07	0.82,0.83,1.07
AAGGAGAGGGAGAGGGAG	1.06	TNRC6A_22-500-500_Het_EHDN086_MAPQ40.str_profile:4.29	0.82,0.81,0.83,0.83,0.83,0.84,1.66,1.70,2.52,1.65,0.82,0.85,0.85,0.87,1.64,0.80,2.43,1.61,3.36,1.69,0.86,1.68,1.65,0.81,3.15,0.85,0.81,0.84,0.84,2.52,2.55,0.86,1.66,3.21,0.83,5.47,2.43,0.84,0.84,1.73,2.50,1.67,0.84,0.82,1.67,1.72,0.83,2.45,0.86,0.84,0.84,4.84,0.90,4.04,0.81,0.82,2.44,0.81,1.71,3.29,1.72,0.82,0.85,0.83,2.50,1.73,0.84,0.82,1.62,1.70,1.67,1.68,1.66,2.57,0.83,3.28,0.87,0.85,0.84,0.82,1.68,5.43,0.84,1.69,2.56,2.37,2.44,2.48,0.85,0.85,4.29
AAGGCAGGGAGGCAGGGG	1.05	TNRC6A_22-500-500_Het_EHDN086_MAPQ40.str_profile:1.07	0.81,0.85,0.79,1.07
ACACACGTCACCCTCCT	1.01	TNRC6A_22-500-500_Het_EHDN086_MAPQ40.str_profile:1.07	0.80,0.82,0.94,0.84,1.07
